R_tot = 1561.0 R_core =  1400.0  Tsurf =   100.00  g =  1.310
   zbot    P(MPa) Hint     conv melt pCLA   Tbot     Tm     etam        k   Fcond_bot Fcond_top   Fbot     Ftop    dlid z_topTBL z_botTBL
    0.00   -0.00 0.11024D-05  0  0  0.01105  273.24  261.57 0.57327D+15  2.167    0.000    0.000    0.000    0.000    0.00    0.00    0.00
    0.32    0.39 0.11026D-06  0  0  0.01108  273.21  265.86 0.36650D+15  2.167 1398.882 1398.305 1382.549 1414.636    0.32    0.32    0.32
    0.64    0.77 0.55143D-07  0  0  0.01110  273.18  266.55 0.34076D+15  2.167  699.459  698.882  683.121  715.215    0.64    0.64    0.64
    0.97    1.16 0.36770D-07  0  0  0.01113  273.15  266.98 0.32505D+15  2.168  466.317  465.740  449.975  482.076    0.97    0.97    0.97
    1.29    1.55 0.27583D-07  0  0  0.01115  273.12  267.31 0.31366D+15  2.168  349.747  349.170  333.400  365.507    1.29    1.29    1.29
    1.61    1.94 0.22071D-07  0  0  0.01118  273.08  267.57 0.30470D+15  2.168  279.804  279.227  263.453  295.567    1.61    1.61    1.61
    1.93    2.33 0.18396D-07  0  0  0.01120  273.05  267.78 0.29731D+15  2.168  233.176  232.599  216.820  248.941    1.93    1.93    1.93
    2.25    2.71 0.15771D-07  0  0  0.01123  273.02  267.96 0.29102D+15  2.169  199.870  199.293  183.509  215.637    2.25    2.25    2.25
    2.58    3.10 0.13803D-07  0  0  0.01125  272.99  268.13 0.28554D+15  2.169  174.890  174.313  158.525  190.660    2.58    2.58    2.58
    2.90    3.49 0.12272D-07  0  0  0.01128  272.96  268.27 0.28069D+15  2.169  155.462  154.885  139.092  171.234    2.90    2.90    2.90
    3.22    3.88 0.11047D-07  0  0  0.01131  272.93  268.39 0.27634D+15  2.170  139.919  139.342  123.545  155.693    3.22    3.22    3.22
    3.54    4.27 0.10045D-07  0  0  0.01133  272.89  268.51 0.27239D+15  2.170  127.202  126.625  110.823  142.979    3.54    3.54    3.54
    3.86    4.65 0.92095D-08  0  0  0.01136  272.86  268.61 0.26877D+15  2.170  116.604  116.028  100.221  132.383    3.86    3.86    3.86
    4.19    5.04 0.85028D-08  0  0  0.01138  272.83  268.71 0.26544D+15  2.170  107.637  107.061   91.250  123.419    4.19    4.19    4.19
    4.51    5.43 0.78971D-08  0  0  0.01141  272.80  268.80 0.26235D+15  2.171   99.951   99.374   83.559  115.735    4.51    4.51    4.51
    4.83    5.82 0.73721D-08  0  0  0.01144  272.77  268.88 0.25947D+15  2.171   93.290   92.713   76.893  109.076    4.83    4.83    4.83
    5.15    6.21 0.69128D-08  0  0  0.01146  272.74  268.95 0.25677D+15  2.171   87.461   86.884   71.060  103.249    5.15    5.15    5.15
    5.47    6.59 0.65075D-08  0  0  0.01149  272.70  269.02 0.25424D+15  2.171   82.318   81.742   65.912   98.109    5.47    5.47    5.47
    5.80    6.98 0.61473D-08  0  0  0.01151  272.67  269.09 0.25185D+15  2.172   77.746   77.170   61.336   93.539    5.80    5.80    5.80
    6.12    7.37 0.58249D-08  0  0  0.01154  272.64  269.15 0.24958D+15  2.172   73.656   73.080   57.241   89.451    6.12    6.12    6.12
    6.44    7.76 0.55348D-08  0  0  0.01157  272.61  269.21 0.24743D+15  2.172   69.975   69.398   53.556   85.772    6.44    6.44    6.44
    6.76    8.15 0.52723D-08  0  0  0.01159  272.57  269.26 0.24538D+15  2.173   66.644   66.068   50.220   82.444    6.76    6.76    6.76
    7.08    8.54 0.50337D-08  0  0  0.01162  272.54  269.31 0.24343D+15  2.173   63.616   63.040   47.188   79.418    7.08    7.08    7.08
    7.41    8.92 0.48159D-08  0  0  0.01165  272.51  269.36 0.24157D+15  2.173   60.851   60.275   44.419   76.656    7.41    7.41    7.41
    7.73    9.31 0.46162D-08  0  0  0.01168  272.48  269.40 0.23978D+15  2.173   58.317   57.741   41.880   74.124    7.73    7.73    7.73
    8.05    9.70 0.44324D-08  0  0  0.01170  272.45  269.45 0.23806D+15  2.174   55.985   55.409   39.544   71.794    8.05    8.05    8.05
    8.37   10.09 0.42628D-08  0  0  0.01173  272.41  269.49 0.23642D+15  2.174   53.833   53.257   37.387   69.644    8.37    8.37    8.37
    8.69   10.48 0.41058D-08  0  0  0.01176  272.38  269.53 0.23483D+15  2.174   51.840   51.264   35.389   67.654    8.69    8.69    8.69
    9.02   10.86 0.39600D-08  0  0  0.01179  272.35  269.56 0.23330D+15  2.174   49.990   49.414   33.534   65.806    9.02    9.02    9.02
    9.34   11.25 0.38242D-08  0  0  0.01181  272.31  269.60 0.23183D+15  2.175   48.267   47.691   31.807   64.085    9.34    9.34    9.34
    9.66   11.64 0.36975D-08  0  0  0.01184  272.28  269.63 0.23040D+15  2.175   46.659   46.083   30.194   62.479    9.66    9.66    9.66
    9.98   12.03 0.35790D-08  0  0  0.01187  272.25  269.66 0.22902D+15  2.175   45.154   44.579   28.685   60.977    9.98    9.98    9.98
   10.30   12.42 0.34679D-08  0  0  0.01190  272.22  269.69 0.22769D+15  2.176   43.744   43.168   27.271   59.569   10.30   10.30   10.30
   10.63   12.80 0.33635D-08  0  0  0.01193  272.18  269.71 0.22639D+15  2.176   42.419   41.844   25.941   58.247   10.63   10.63   10.63
   10.95   13.19 0.32652D-08  0  0  0.01195  272.15  269.74 0.22513D+15  2.176   41.172   40.597   24.690   57.002   10.95   10.95   10.95
   11.27   13.58 0.31726D-08  0  0  0.01198  272.12  269.76 0.22391D+15  2.176   39.997   39.421   23.510   55.829   11.27   11.27   11.27
   11.59   13.97 0.30851D-08  0  0  0.01201  272.09  269.79 0.22273D+15  2.177   38.886   38.311   22.395   54.721   11.59   11.59   11.59
   11.91   14.36 0.30023D-08  0  0  0.01204  272.05  269.81 0.22158D+15  2.177   37.836   37.261   21.340   53.673   11.91   11.91   11.91
   12.24   14.74 0.29239D-08  0  0  0.01207  272.02  269.83 0.22045D+15  2.177   36.841   36.266   20.340   52.680   12.24   12.24   12.24
   12.56   15.13 0.28495D-08  0  0  0.01210  271.99  269.85 0.21936D+15  2.178   35.897   35.321   19.391   51.738   12.56   12.56   12.56
   12.88   15.52 0.27789D-08  0  0  0.01213  271.95  269.87 0.21829D+15  2.178   35.000   34.425   18.490   50.844   12.88   12.88   12.88
   13.20   15.91 0.27117D-08  0  0  0.01216  271.92  269.89 0.21726D+15  2.178   34.147   33.572   17.632   49.993   13.20   13.20   13.20
   13.52   16.30 0.26476D-08  0  0  0.01219  271.89  269.90 0.21624D+15  2.178   33.334   32.759   16.815   49.183   13.52   13.52   13.52
   13.85   16.68 0.25866D-08  0  0  0.01222  271.85  269.92 0.21525D+15  2.179   32.559   31.984   16.036   48.410   13.85   13.85   13.85
   14.17   17.07 0.25283D-08  0  0  0.01224  271.82  269.94 0.21428D+15  2.179   31.820   31.245   15.292   47.673   14.17   14.17   14.17
   14.49   17.46 0.24727D-08  0  0  0.01227  271.79  269.95 0.21334D+15  2.179   31.113   30.538   14.580   46.969   14.49   14.49   14.49
   14.81   17.85 0.24194D-08  0  0  0.01230  271.75  269.96 0.21241D+15  2.180   30.437   29.862   13.900   46.295   14.81   14.81   14.81
   15.13   18.24 0.23684D-08  0  0  0.01233  271.72  269.98 0.21151D+15  2.180   29.790   29.215   13.248   45.650   15.13   15.13   15.13
   15.46   18.63 0.23196D-08  0  0  0.01236  271.69  269.99 0.21062D+15  2.180   29.170   28.595   12.623   45.032   15.46   15.46   15.46
   15.78   19.01 0.22727D-08  0  0  0.01239  271.65  270.00 0.20975D+15  2.180   28.575   28.000   12.024   44.440   15.78   15.78   15.78
   16.10   19.40 0.22277D-08  0  0  0.01243  271.62  270.01 0.20890D+15  2.181   28.004   27.429   11.448   43.871   16.10   16.10   16.10
   16.42   19.79 0.21845D-08  0  0  0.01246  271.59  270.02 0.20807D+15  2.181   27.455   26.880   10.895   43.324   16.42   16.42   16.42
   16.74   20.18 0.21429D-08  0  0  0.01249  271.55  270.03 0.20725D+15  2.181   26.927   26.353   10.362   42.799   16.74   16.74   16.74
   17.07   20.57 0.21029D-08  0  0  0.01252  271.52  270.03 0.20645D+15  2.182   26.420   25.845    9.850   42.294   17.07   17.07   17.07
   17.39   20.95 0.20644D-08  0  0  0.01255  271.48  270.04 0.20566D+15  2.182   25.931   25.356    9.357   41.807   17.39   17.39   17.39
   17.71   21.34 0.20273D-08  0  0  0.01258  271.45  270.05 0.20489D+15  2.182   25.459   24.885    8.881   41.338   17.71   17.71   17.71
   18.03   21.73 0.19915D-08  0  0  0.01261  271.42  270.06 0.20413D+15  2.182   25.005   24.431    8.422   40.886   18.03   18.03   18.03
   18.35   22.12 0.19570D-08  0  0  0.01264  271.38  270.06 0.20339D+15  2.183   24.567   23.992    7.979   40.450   18.35   18.35   18.35
   18.68   22.51 0.19236D-08  0  0  0.01267  271.35  270.07 0.20266D+15  2.183   24.143   23.569    7.551   40.029   18.68   18.68   18.68
   19.00   22.89 0.18914D-08  0  0  0.01271  271.31  270.07 0.20194D+15  2.183   23.734   23.160    7.137   39.622   19.00   19.00   19.00
   19.32   23.28 0.18603D-08  0  0  0.01274  271.28  270.08 0.20123D+15  2.184   23.339   22.765    6.737   39.229   19.32   19.32   19.32
   19.64   23.67 0.18302D-08  0  0  0.01277  271.25  270.08 0.20054D+15  2.184   22.957   22.383    6.350   38.849   19.64   19.64   19.64
   19.96   24.06 0.18010D-08  0  0  0.01280  271.21  270.08 0.19985D+15  2.184   22.587   22.013    5.976   38.481   19.96   19.96   19.96
   20.29   24.45 0.17728D-08  0  0  0.01283  271.18  270.09 0.19918D+15  2.184   22.228   21.654    5.613   38.125   20.29   20.29   20.29
   20.61   24.83 0.17454D-08  0  0  0.01287  271.14  270.09 0.19852D+15  2.185   21.881   21.307    5.261   37.781   20.61   20.61   20.61
   20.93   25.22 0.17190D-08  0  0  0.01290  271.11  270.09 0.19787D+15  2.185   21.545   20.971    4.920   37.446   20.93   20.93   20.93
   21.25   25.28 0.16933D-08  1  0  0.01293  271.07  270.09 0.19722D+15  2.185   21.218   20.645    4.628   37.160   11.55   17.36   20.70
   21.57   25.68 0.16683D-08  1  0  0.01296  271.04  270.09 0.19659D+15  2.186   20.902   20.328    4.554   37.087   11.57   17.28   21.03
   21.90   26.07 0.16441D-08  1  0  0.01300  271.01  270.09 0.19597D+15  2.186   20.595   20.021    4.481   37.014   11.59   17.20   21.37
   22.22   26.47 0.16206D-08  1  0  0.01303  270.97  270.09 0.19536D+15  2.186   20.296   19.723    4.409   36.942   11.60   17.13   21.70
   22.54   26.86 0.15978D-08  1  0  0.01306  270.94  270.09 0.19475D+15  2.187   20.006   19.433    4.338   36.872   11.62   17.06   22.04
   22.86   27.26 0.15756D-08  1  0  0.01310  270.90  270.09 0.19416D+15  2.187   19.725   19.151    4.269   36.802   11.64   16.99   22.37
   23.18   27.65 0.15541D-08  1  0  0.01313  270.87  270.09 0.19357D+15  2.187   19.451   18.877    4.200   36.734   11.65   16.93   22.70
   23.51   28.05 0.15331D-08  1  0  0.01317  270.83  270.09 0.19299D+15  2.187   19.185   18.611    4.132   36.666   11.67   16.87   23.04
   23.83   28.44 0.15127D-08  1  0  0.01320  270.80  270.09 0.19242D+15  2.188   18.925   18.352    4.065   36.600   11.69   16.81   23.38
   24.15   28.84 0.14928D-08  1  0  0.01323  270.76  270.09 0.19186D+15  2.188   18.673   18.100    3.999   36.534   11.70   16.76   23.71
   24.47   29.24 0.14735D-08  1  0  0.01327  270.73  270.09 0.19130D+15  2.188   18.428   17.854    3.934   36.469   11.72   16.71   24.05
   24.79   29.64 0.14547D-08  1  0  0.01330  270.69  270.08 0.19075D+15  2.189   18.188   17.615    3.870   36.406   11.74   16.66   24.38
   25.12   30.03 0.14363D-08  1  0  0.01334  270.66  270.08 0.19021D+15  2.189   17.955   17.382    3.807   36.343   11.75   16.61   24.72
   25.44   30.43 0.14184D-08  1  0  0.01337  270.62  270.08 0.18968D+15  2.189   17.728   17.155    3.744   36.281   11.77   16.57   25.06
   25.76   30.83 0.14010D-08  1  0  0.01341  270.59  270.07 0.18915D+15  2.190   17.506   16.933    3.682   36.219   11.78   16.52   25.40
   26.08   31.23 0.13840D-08  1  0  0.01344  270.55  270.07 0.18863D+15  2.190   17.290   16.717    3.621   36.159   11.80   16.48   25.74
   26.40   31.62 0.13674D-08  1  0  0.01348  270.52  270.06 0.18811D+15  2.190   17.080   16.507    3.561   36.099   11.81   16.44   26.07
   26.73   32.02 0.13512D-08  1  0  0.01351  270.48  270.06 0.18761D+15  2.190   16.874   16.301    3.501   36.040   11.82   16.41   26.41
   27.05   32.42 0.13354D-08  1  0  0.01355  270.44  270.05 0.18710D+15  2.191   16.673   16.100    3.442   35.982   11.84   16.37   26.75
   27.37   32.82 0.13200D-08  1  0  0.01358  270.41  270.05 0.18661D+15  2.191   16.477   15.904    3.384   35.924   11.85   16.34   27.09
   27.69   33.22 0.13049D-08  1  0  0.01362  270.37  270.04 0.18612D+15  2.191   16.285   15.713    3.326   35.867   11.87   16.30   27.43
   28.01   33.62 0.12901D-08  1  0  0.01366  270.34  270.04 0.18564D+15  2.192   16.098   15.525    3.269   35.811   11.88   16.27   27.78
   28.34   34.02 0.12757D-08  1  0  0.01369  270.30  270.03 0.18516D+15  2.192   15.915   15.343    3.213   35.755   11.89   16.24   28.12
   28.66   34.42 0.12617D-08  1  0  0.01373  270.27  270.03 0.18468D+15  2.192   15.736   15.164    3.157   35.700   11.91   16.21   28.46
   28.98   34.82 0.12479D-08  1  0  0.01377  270.23  270.02 0.18422D+15  2.193   15.561   14.989    3.102   35.646   11.92   16.19   28.80
   29.30   35.22 0.12345D-08  1  0  0.01380  270.19  270.01 0.18376D+15  2.193   15.390   14.818    3.048   35.592   11.93   16.16   29.15
   29.62   35.62 0.12213D-08  1  0  0.01384  270.16  270.00 0.18330D+15  2.193   15.223   14.651    2.994   35.539   11.95   16.14   29.49
   29.95   36.02 0.12084D-08  1  0  0.01388  270.12  270.00 0.18285D+15  2.194   15.059   14.487    2.940   35.486   11.96   16.11   29.84
   30.27   36.43 0.11958D-08  1  0  0.01391  270.09  269.99 0.18240D+15  2.194   14.899   14.327    2.887   35.434   11.97   16.09   30.18
   30.59   36.83 0.11835D-08  1  0  0.01395  270.05  269.98 0.18196D+15  2.194   14.742   14.170    2.835   35.382   11.98   16.07   30.53
   30.91   37.23 0.11714D-08  1  0  0.01399  270.01  269.97 0.18152D+15  2.194   14.589   14.017    2.783   35.331   12.00   16.04   30.87
   31.23   37.64 0.11595D-08  1  0  0.01403  269.98  269.96 0.18109D+15  2.195   14.438   13.866    2.732   35.281   12.01   16.02   31.22
   31.56   38.03 0.11480D-08  1  0  0.01407  269.94  269.96 0.18066D+15  2.195   14.291   13.719    2.681   35.231   12.02   16.00   31.56
   31.88   38.42 0.11366D-08  1  0  0.01411  269.90  269.95 0.18024D+15  2.195   14.147   13.575    2.630   35.181   12.03   15.99   31.88
   32.20   38.81 0.11255D-08  1  0  0.01414  269.87  269.94 0.17982D+15  2.196   14.005   13.433    2.580   35.132   12.04   15.97   32.20
   32.52   39.20 0.11145D-08  1  0  0.01418  269.83  269.93 0.17941D+15  2.196   13.866   13.294    2.531   35.084   12.06   15.95   32.52
   32.84   39.58 0.11039D-08  1  0  0.01422  269.80  269.92 0.17900D+15  2.196   13.730   13.159    2.481   35.036   12.07   15.93   32.84
   33.17   39.97 0.10934D-08  1  0  0.01426  269.76  269.91 0.17859D+15  2.197   13.597   13.025    2.433   34.988   12.08   15.92   33.17
   33.49   40.36 0.10831D-08  1  0  0.01430  269.72  269.90 0.17819D+15  2.197   13.466   12.894    2.384   34.941   12.09   15.90   33.49
   33.81   40.75 0.10730D-08  1  0  0.01434  269.69  269.89 0.17779D+15  2.197   13.338   12.766    2.337   34.894   12.10   15.89   33.81
   34.13   41.14 0.10631D-08  1  0  0.01438  269.65  269.88 0.17740D+15  2.198   13.212   12.640    2.289   34.848   12.11   15.87   34.13
   34.45   41.52 0.10534D-08  1  0  0.01442  269.61  269.87 0.17701D+15  2.198   13.088   12.517    2.242   34.802   12.12   15.86   34.45
   34.78   41.91 0.10438D-08  1  0  0.01446  269.57  269.86 0.17662D+15  2.198   12.967   12.396    2.195   34.756   12.13   15.85   34.78
   35.10   42.30 0.10345D-08  1  0  0.01450  269.54  269.85 0.17624D+15  2.199   12.848   12.277    2.149   34.711   12.14   15.83   35.10
   35.42   42.69 0.10253D-08  1  0  0.01454  269.50  269.83 0.17586D+15  2.199   12.731   12.160    2.103   34.666   12.15   15.82   35.42
   35.74   43.08 0.10162D-08  1  0  0.01458  269.46  269.82 0.17549D+15  2.199   12.616   12.045    2.057   34.622   12.16   15.81   35.74
   36.06   43.46 0.10074D-08  1  0  0.01462  269.43  269.81 0.17511D+15  2.199   12.503   11.932    2.012   34.578   12.17   15.80   36.06
   36.39   43.85 0.99868D-09  1  0  0.01466  269.39  269.80 0.17475D+15  2.200   12.393   11.822    1.967   34.534   12.18   15.79   36.39
   36.71   44.24 0.99012D-09  1  0  0.01471  269.35  269.79 0.17438D+15  2.200   12.284   11.713    1.922   34.491   12.19   15.78   36.71
   37.03   44.63 0.98172D-09  1  0  0.01475  269.31  269.78 0.17402D+15  2.200   12.177   11.606    1.878   34.448   12.20   15.77   37.03
   37.35   45.02 0.97346D-09  1  0  0.01479  269.28  269.76 0.17366D+15  2.201   12.072   11.501    1.834   34.405   12.21   15.76   37.35
   37.67   45.40 0.96534D-09  1  0  0.01483  269.24  269.75 0.17331D+15  2.201   11.969   11.398    1.790   34.363   12.22   15.75   37.67
   38.00   45.79 0.95735D-09  1  0  0.01487  269.20  269.74 0.17296D+15  2.201   11.867   11.296    1.747   34.321   12.23   15.74   38.00
   38.32   46.18 0.94951D-09  1  0  0.01492  269.16  269.72 0.17261D+15  2.202   11.767   11.197    1.704   34.279   12.24   15.73   38.32
   38.64   46.57 0.94179D-09  1  0  0.01496  269.13  269.71 0.17226D+15  2.202   11.669   11.098    1.661   34.237   12.25   15.73   38.64
   38.96   46.96 0.93420D-09  1  0  0.01500  269.09  269.70 0.17192D+15  2.202   11.572   11.002    1.619   34.196   12.26   15.72   38.96
   39.28   47.35 0.92674D-09  1  0  0.01505  269.05  269.68 0.17158D+15  2.203   11.477   10.907    1.576   34.156   12.27   15.71   39.28
   39.61   47.73 0.91939D-09  1  0  0.01509  269.01  269.67 0.17125D+15  2.203   11.384   10.814    1.534   34.115   12.28   15.70   39.61
   39.93   48.12 0.91217D-09  1  0  0.01513  268.97  269.66 0.17092D+15  2.203   11.292   10.722    1.493   34.075   12.29   15.70   39.93
   40.25   48.51 0.90506D-09  1  0  0.01518  268.94  269.64 0.17059D+15  2.204   11.201   10.631    1.451   34.035   12.30   15.69   40.25
   40.57   48.90 0.89806D-09  1  0  0.01522  268.90  269.63 0.17026D+15  2.204   11.112   10.542    1.410   33.995   12.31   15.69   40.57
   40.89   49.29 0.89118D-09  1  0  0.01527  268.86  269.61 0.16994D+15  2.204   11.025   10.455    1.369   33.956   12.32   15.68   40.89
   41.22   49.67 0.88440D-09  1  0  0.01531  268.82  269.60 0.16961D+15  2.205   10.938   10.368    1.328   33.917   12.33   15.67   41.22
   41.54   50.06 0.87773D-09  1  0  0.01536  268.78  269.58 0.16930D+15  2.205   10.853   10.283    1.288   33.878   12.33   15.67   41.54
   41.86   50.45 0.87115D-09  1  0  0.01540  268.74  269.57 0.16898D+15  2.205   10.770   10.200    1.248   33.839   12.34   15.66   41.86
   42.18   50.84 0.86468D-09  1  0  0.01545  268.70  269.55 0.16867D+15  2.206   10.687   10.118    1.207   33.801   12.35   15.66   42.18
   42.50   51.23 0.85831D-09  1  0  0.01549  268.67  269.54 0.16836D+15  2.206   10.606   10.036    1.168   33.763   12.36   15.66   42.50
   42.83   51.61 0.85204D-09  1  0  0.01554  268.63  269.52 0.16805D+15  2.206   10.526    9.957    1.128   33.725   12.37   15.65   42.83
   43.15   52.00 0.84585D-09  1  0  0.01558  268.59  269.51 0.16774D+15  2.207   10.448    9.878    1.089   33.687   12.38   15.65   43.15
   43.47   52.39 0.83976D-09  1  0  0.01563  268.55  269.49 0.16744D+15  2.207   10.370    9.800    1.050   33.650   12.38   15.64   43.47
   43.79   52.78 0.83376D-09  1  0  0.01568  268.51  269.48 0.16714D+15  2.207   10.294    9.724    1.011   33.612   12.39   15.64   43.79
   44.11   53.17 0.82785D-09  1  0  0.01572  268.47  269.46 0.16684D+15  2.208   10.218    9.649    0.972   33.575   12.40   15.64   44.11
   44.44   53.55 0.82202D-09  1  0  0.01577  268.43  269.44 0.16655D+15  2.208   10.144    9.575    0.933   33.539   12.41   15.63   44.44
   44.76   53.94 0.81628D-09  1  0  0.01582  268.39  269.43 0.16626D+15  2.208   10.071    9.502    0.895   33.502   12.42   15.63   44.76
   45.08   54.33 0.81062D-09  1  0  0.01587  268.35  269.41 0.16597D+15  2.209    9.999    9.429    0.857   33.466   12.43   15.63   45.08
   45.40   54.72 0.80503D-09  1  0  0.01591  268.31  269.39 0.16568D+15  2.209    9.927    9.358    0.819   33.429   12.43   15.63   45.40
   45.72   55.11 0.79953D-09  1  0  0.01596  268.28  269.38 0.16539D+15  2.209    9.857    9.288    0.781   33.393   12.44   15.62   45.72
   46.05   55.49 0.79411D-09  1  0  0.01601  268.24  269.36 0.16511D+15  2.210    9.788    9.219    0.743   33.358   12.45   15.62   46.05
   46.37   55.88 0.78876D-09  1  0  0.01606  268.20  269.34 0.16483D+15  2.210    9.720    9.151    0.706   33.322   12.46   15.62   46.37
   46.69   56.27 0.78348D-09  1  0  0.01611  268.16  269.33 0.16455D+15  2.210    9.653    9.084    0.668   33.287   12.46   15.62   46.69
   47.01   56.66 0.77827D-09  1  0  0.01616  268.12  269.31 0.16427D+15  2.211    9.586    9.018    0.631   33.251   12.47   15.62   47.01
   47.33   57.05 0.77314D-09  1  0  0.01621  268.08  269.29 0.16400D+15  2.211    9.521    8.952    0.594   33.216   12.48   15.62   47.33
   47.66   57.44 0.76808D-09  1  0  0.01626  268.04  269.27 0.16373D+15  2.211    9.456    8.888    0.557   33.182   12.49   15.62   47.66
   47.98   57.82 0.76308D-09  1  0  0.01631  268.00  269.25 0.16346D+15  2.212    9.393    8.824    0.521   33.147   12.49   15.61   47.98
   48.30   58.21 0.75815D-09  1  0  0.01636  267.96  269.24 0.16319D+15  2.212    9.330    8.761    0.484   33.112   12.50   15.61   48.30
   48.62   58.60 0.75329D-09  1  0  0.01641  267.92  269.22 0.16292D+15  2.213    9.268    8.699    0.448   33.078   12.51   15.61   48.62
   48.94   58.99 0.74849D-09  1  0  0.01646  267.88  269.20 0.16266D+15  2.213    9.207    8.638    0.412   33.044   12.52   15.61   48.94
   49.27   59.38 0.74375D-09  1  0  0.01651  267.84  269.18 0.16240D+15  2.213    9.146    8.578    0.376   33.010   12.52   15.61   49.27
   49.59   59.76 0.73908D-09  1  0  0.01656  267.80  269.16 0.16214D+15  2.214    9.086    8.518    0.340   32.976   12.53   15.61   49.59
   49.91   60.15 0.73446D-09  1  0  0.01662  267.75  269.14 0.16188D+15  2.214    9.028    8.460    0.304   32.942   12.54   15.61   49.91
   50.23   60.54 0.72990D-09  1  0  0.01667  267.71  269.13 0.16163D+15  2.214    8.969    8.402    0.268   32.909   12.54   15.61   50.23
   50.55   60.93 0.72541D-09  1  0  0.01672  267.67  269.11 0.16138D+15  2.215    8.912    8.344    0.233   32.875   12.55   15.61   50.55
   50.88   61.32 0.72097D-09  1  0  0.01677  267.63  269.09 0.16112D+15  2.215    8.855    8.288    0.197   32.842   12.56   15.61   50.88
   51.20   61.70 0.71658D-09  1  0  0.01683  267.59  269.07 0.16088D+15  2.215    8.799    8.232    0.162   32.809   12.57   15.61   51.20
   51.52   62.09 0.71225D-09  1  0  0.01688  267.55  269.05 0.16063D+15  2.216    8.744    8.177    0.127   32.776   12.57   15.61   51.52
   51.84   62.48 0.70797D-09  1  0  0.01693  267.51  269.03 0.16038D+15  2.216    8.690    8.122    0.092   32.743   12.58   15.61   51.84
   52.16   62.87 0.70375D-09  1  0  0.01699  267.47  269.01 0.16014D+15  2.216    8.636    8.068    0.057   32.711   12.59   15.61   52.16
   52.49   63.26 0.69958D-09  1  0  0.01704  267.43  268.99 0.15990D+15  2.217    8.582    8.015    0.022   32.678   12.59   15.61   52.49
   52.81   63.64 0.69546D-09  1  0  0.01710  267.39  266.91 0.19635D+15  2.217    8.530    7.962    0.000   32.658   13.63   15.46   52.81
   53.13   64.03 0.69139D-09  1  0  0.01715  267.34  266.91 0.19563D+15  2.217    8.478    7.911    0.000   32.658   13.63   15.44   53.13
   53.45   64.42 0.68737D-09  1  0  0.01721  267.30  266.91 0.19491D+15  2.218    8.426    7.859    0.000   32.658   13.62   15.42   53.45
   53.77   64.81 0.68339D-09  1  0  0.01727  267.26  266.91 0.19420D+15  2.218    8.376    7.809    0.000   32.658   13.62   15.40   53.77
   54.10   65.20 0.67947D-09  1  0  0.01732  267.22  266.92 0.19350D+15  2.219    8.326    7.759    0.000   32.658   13.61   15.39   54.10
   54.42   65.58 0.67559D-09  1  0  0.01738  267.18  266.92 0.19280D+15  2.219    8.276    7.709    0.000   32.658   13.61   15.37   54.42
   54.74   65.97 0.67175D-09  1  0  0.01743  267.14  266.92 0.19210D+15  2.219    8.227    7.660    0.000   32.658   13.60   15.35   54.74
   55.06   66.36 0.66796D-09  1  0  0.01749  267.09  266.92 0.19141D+15  2.220    8.179    7.612    0.000   32.658   13.60   15.34   55.06
   55.38   66.75 0.66422D-09  1  0  0.01755  267.05  266.92 0.19072D+15  2.220    8.131    7.564    0.000   32.658   13.60   15.32   55.38
   55.71   67.14 0.66052D-09  1  0  0.01761  267.01  266.92 0.19004D+15  2.220    8.083    7.517    0.000   32.658   13.59   15.30   55.71
   56.03   67.52 0.65686D-09  1  0  0.01767  266.97  266.92 0.18936D+15  2.221    8.037    7.470    0.000   32.658   13.59   15.29   56.03
   56.35   67.91 0.65324D-09  1  0  0.01772  266.93  266.92 0.18869D+15  2.221    7.990    7.424    0.000   32.658   13.58   15.27   56.35
   56.67   68.30 0.64967D-09  1  0  0.01778  266.88  266.92 0.18802D+15  2.221    7.945    7.378    0.000   32.658   13.58   15.26   56.67
   56.99   68.69 0.64613D-09  1  0  0.01784  266.84  266.92 0.18736D+15  2.222    7.899    7.333    0.000   32.658   13.57   15.24   56.99
   57.32   69.08 0.64264D-09  1  0  0.01790  266.80  266.92 0.18670D+15  2.222    7.855    7.289    0.000   32.658   13.57   15.23   57.32
   57.64   69.47 0.63918D-09  1  0  0.01796  266.75  266.92 0.18605D+15  2.223    7.811    7.244    0.000   32.658   13.56   15.21   57.64
   57.96   69.85 0.63576D-09  1  0  0.01802  266.71  266.92 0.18540D+15  2.223    7.767    7.201    0.000   32.658   13.56   15.20   57.96
   58.28   70.24 0.63238D-09  1  0  0.01808  266.67  266.92 0.18475D+15  2.223    7.724    7.158    0.000   32.658   13.56   15.18   58.28
   58.60   70.63 0.62904D-09  1  0  0.01815  266.63  266.92 0.18411D+15  2.224    7.681    7.115    0.000   32.658   13.55   15.17   58.60
   58.93   71.02 0.62573D-09  1  0  0.01821  266.58  266.91 0.18347D+15  2.224    7.638    7.073    0.000   32.658   13.55   15.15   58.93
   59.25   71.41 0.62246D-09  1  0  0.01827  266.54  266.91 0.18284D+15  2.224    7.597    7.031    0.000   32.658   13.54   15.14   59.25
   59.57   71.79 0.61922D-09  1  0  0.01833  266.50  266.91 0.18221D+15  2.225    7.555    6.990    0.000   32.658   13.54   15.13   59.57
   59.89   72.18 0.61602D-09  1  0  0.01840  266.45  266.91 0.18158D+15  2.225    7.514    6.949    0.000   32.658   13.53   15.11   59.89
   60.21   72.57 0.61286D-09  1  0  0.01846  266.41  266.91 0.18096D+15  2.226    7.474    6.908    0.000   32.658   13.53   15.10   60.21
   60.54   72.96 0.60972D-09  1  0  0.01852  266.36  266.91 0.18035D+15  2.226    7.434    6.868    0.000   32.658   13.52   15.09   60.54
   60.86   73.35 0.60663D-09  1  0  0.01859  266.32  266.90 0.17973D+15  2.226    7.394    6.829    0.000   32.658   13.52   15.07   60.86
   61.18   73.73 0.60356D-09  1  0  0.01865  266.28  266.90 0.17913D+15  2.227    7.355    6.789    0.000   32.658   13.51   15.06   61.18
   61.50   74.12 0.60052D-09  1  0  0.01872  266.23  266.90 0.17852D+15  2.227    7.316    6.751    0.000   32.658   13.51   15.05   61.50
   61.82   74.51 0.59752D-09  1  0  0.01878  266.19  266.90 0.17792D+15  2.228    7.277    6.712    0.000   32.658   13.50   15.04   61.82
   62.15   74.90 0.59455D-09  1  0  0.01885  266.14  266.89 0.17732D+15  2.228    7.239    6.674    0.000   32.658   13.50   15.02   62.15
   62.47   75.29 0.59161D-09  1  0  0.01891  266.10  266.89 0.17673D+15  2.228    7.202    6.637    0.000   32.658   13.49   15.01   62.47
   62.79   75.67 0.58870D-09  1  0  0.01898  266.06  266.89 0.17614D+15  2.229    7.164    6.599    0.000   32.658   13.49   15.00   62.79
   63.11   76.06 0.58582D-09  1  0  0.01905  266.01  266.88 0.17555D+15  2.229    7.127    6.563    0.000   32.658   13.48   14.99   63.11
   63.43   76.45 0.58296D-09  1  0  0.01912  265.97  266.88 0.17497D+15  2.229    7.091    6.526    0.000   32.658   13.48   14.98   63.43
   63.76   76.84 0.58014D-09  1  0  0.01918  265.92  266.88 0.17440D+15  2.230    7.054    6.490    0.000   32.658   13.47   14.96   63.76
   64.08   77.23 0.57735D-09  1  0  0.01925  265.88  266.87 0.17382D+15  2.230    7.019    6.454    0.000   32.658   13.47   14.95   64.08
   64.40   77.61 0.57458D-09  1  0  0.01932  265.83  266.87 0.17325D+15  2.231    6.983    6.419    0.000   32.658   13.47   14.94   64.40
   64.72   78.00 0.57184D-09  1  0  0.01939  265.79  266.87 0.17268D+15  2.231    6.948    6.384    0.000   32.658   13.46   14.93   64.72
   65.04 -128.39 0.56913D-09  1  0  0.01946  265.74  266.86 0.17216D+15  2.231    6.913    6.349   -0.010   32.648   13.31   14.92 -278.10
   65.37  -14.43 0.56644D-09  1  0  0.01953  265.70  266.86 0.17160D+15  2.232    6.879    6.315   -0.022   32.638   13.30   14.91  -89.31
   65.69   17.50 0.56379D-09  1  0  0.01960  265.65  266.85 0.17104D+15  2.232    6.845    6.281   -0.033   32.628   13.30   14.91  -36.65
   66.01   32.69 0.56115D-09  1  0  0.01967  265.60  266.85 0.17049D+15  2.233    6.811    6.247   -0.044   32.618   13.30   14.90  -11.76
   66.33   41.68 0.55855D-09  1  0  0.01975  265.56  266.84 0.16994D+15  2.233    6.777    6.214   -0.055   32.607   13.30   14.90    2.83
   66.65   47.68 0.55596D-09  1  0  0.01982  265.51  266.84 0.16940D+15  2.233    6.744    6.181   -0.066   32.597   13.29   14.90   12.47
   66.98   52.03 0.55341D-09  1  0  0.01989  265.47  266.83 0.16885D+15  2.234    6.711    6.148   -0.077   32.587   13.29   14.89   19.36
   67.30   55.36 0.55087D-09  1  0  0.01996  265.42  266.83 0.16831D+15  2.234    6.679    6.115   -0.088   32.577   13.29   14.89   24.57
   67.62   58.02 0.54837D-09  1  0  0.02004  265.37  266.82 0.16778D+15  2.235    6.647    6.083   -0.099   32.567   13.29   14.88   28.66
   67.94   60.21 0.54588D-09  1  0  0.02011  265.33  266.82 0.16725D+15  2.235    6.615    6.051   -0.110   32.557   13.28   14.88   31.98
   68.26   62.08 0.54342D-09  1  0  0.02019  265.28  266.81 0.16672D+15  2.235    6.583    6.020   -0.121   32.547   13.28   14.87   34.75
   68.59   63.69 0.54098D-09  1  0  0.02026  265.23  266.81 0.16619D+15  2.236    6.552    5.989   -0.132   32.537   13.28   14.87   37.10
   68.91   65.11 0.53857D-09  1  0  0.02034  265.19  266.80 0.16567D+15  2.236    6.521    5.958   -0.144   32.526   13.28   14.86   39.14
   69.23   66.38 0.53617D-09  1  0  0.02041  265.14  266.79 0.16515D+15  2.237    6.490    5.927   -0.155   32.516   13.27   14.86   40.93
   69.55   67.54 0.53380D-09  1  0  0.02049  265.09  266.79 0.16464D+15  2.237    6.459    5.897   -0.166   32.506   13.27   14.86   42.52
   69.87   68.59 0.53145D-09  1  0  0.02057  265.05  266.78 0.16412D+15  2.237    6.429    5.866   -0.177   32.496   13.27   14.85   43.96
   70.20   69.57 0.52913D-09  1  0  0.02065  265.00  266.77 0.16361D+15  2.238    6.399    5.837   -0.188   32.486   13.27   14.85   45.26
   70.52   70.49 0.52682D-09  1  0  0.02073  264.95  266.77 0.16311D+15  2.238    6.370    5.807   -0.199   32.476   13.26   14.85   46.45
   70.84   71.34 0.52454D-09  1  0  0.02081  264.90  266.76 0.16261D+15  2.239    6.340    5.778   -0.211   32.466   13.26   14.84   47.55
   71.16   72.16 0.52227D-09  1  0  0.02089  264.86  266.75 0.16211D+15  2.239    6.311    5.749   -0.222   32.456   13.26   14.84   48.58
   71.48   72.93 0.52003D-09  1  0  0.02097  264.81  266.75 0.16161D+15  2.240    6.282    5.720   -0.233   32.445   13.26   14.83   49.54
   71.81   73.66 0.51781D-09  1  0  0.02105  264.76  266.74 0.16112D+15  2.240    6.253    5.691   -0.244   32.435   13.25   14.83   50.44
   72.13   74.37 0.51560D-09  1  0  0.02113  264.71  266.73 0.16063D+15  2.240    6.225    5.663   -0.256   32.425   13.25   14.83   51.29
   72.45   75.05 0.51342D-09  1  0  0.02121  264.66  266.73 0.16014D+15  2.241    6.197    5.635   -0.267   32.415   13.25   14.82   52.10
   72.77   75.71 0.51125D-09  1  0  0.02129  264.62  266.72 0.15965D+15  2.241    6.169    5.607   -0.278   32.405   13.25   14.82   52.87
   73.09   76.35 0.50911D-09  1  0  0.02138  264.57  266.71 0.15917D+15  2.242    6.141    5.580   -0.290   32.394   13.24   14.82   53.61
   73.42   76.97 0.50698D-09  1  0  0.02146  264.52  266.70 0.15869D+15  2.242    6.114    5.552   -0.301   32.384   13.24   14.81   54.32
   73.74   77.58 0.50487D-09  1  0  0.02155  264.47  266.69 0.15822D+15  2.243    6.087    5.525   -0.312   32.374   13.24   14.81   55.00
   74.06   78.17 0.50278D-09  1  0  0.02163  264.42  266.69 0.15775D+15  2.243    6.060    5.498   -0.324   32.364   13.24   14.81   55.65
   74.38   78.74 0.50071D-09  1  0  0.02172  264.37  266.68 0.15728D+15  2.243    6.033    5.472   -0.335   32.353   13.23   14.81   56.29
   74.70   79.31 0.49866D-09  1  0  0.02180  264.32  266.67 0.15681D+15  2.244    6.007    5.445   -0.347   32.343   13.23   14.80   56.91
   75.03   79.86 0.49662D-09  1  0  0.02189  264.27  266.66 0.15635D+15  2.244    5.980    5.419   -0.359   32.333   13.23   14.80   57.51
   75.35   80.41 0.49460D-09  1  0  0.02198  264.22  266.65 0.15589D+15  2.245    5.954    5.393   -0.370   32.322   13.22   14.80   58.09
   75.67   80.95 0.49260D-09  1  0  0.02207  264.17  266.64 0.15543D+15  2.245    5.928    5.367   -0.382   32.312   13.22   14.79   58.66
   75.99   81.48 0.49062D-09  1  0  0.02216  264.12  266.63 0.15497D+15  2.246    5.903    5.342   -0.393   32.302   13.22   14.79   59.22
   76.31   82.00 0.48865D-09  1  0  0.02225  264.07  266.62 0.15452D+15  2.246    5.877    5.317   -0.405   32.291   13.22   14.79   59.76
   76.64   82.51 0.48670D-09  1  0  0.02234  264.02  266.61 0.15407D+15  2.246    5.852    5.292   -0.417   32.281   13.21   14.79   60.29
   76.96   83.02 0.48476D-09  1  0  0.02243  263.97  266.60 0.15363D+15  2.247    5.827    5.267   -0.429   32.270   13.21   14.78   60.82
   77.28   83.53 0.48284D-09  1  0  0.02252  263.92  266.59 0.15318D+15  2.247    5.802    5.242   -0.441   32.260   13.21   14.78   61.33
   77.60   84.03 0.48094D-09  1  0  0.02261  263.87  266.59 0.15274D+15  2.248    5.778    5.217   -0.452   32.249   13.21   14.78   61.84
   77.92   84.52 0.47905D-09  1  0  0.02271  263.82  266.58 0.15231D+15  2.248    5.753    5.193   -0.464   32.238   13.20   14.78   62.34
   78.25   85.01 0.47718D-09  1  0  0.02280  263.77  266.56 0.15187D+15  2.249    5.729    5.169   -0.476   32.228   13.20   14.78   62.83
   78.57   85.50 0.47533D-09  1  0  0.02290  263.72  266.55 0.15144D+15  2.249    5.705    5.145   -0.488   32.217   13.20   14.77   63.31
   78.89   85.98 0.47349D-09  1  0  0.02299  263.67  266.54 0.15101D+15  2.250    5.681    5.121   -0.501   32.206   13.20   14.77   63.79
   79.21   86.46 0.47166D-09  1  0  0.02309  263.61  266.53 0.15058D+15  2.250    5.657    5.098   -0.513   32.196   13.19   14.77   64.26
   79.53   86.93 0.46985D-09  1  0  0.02319  263.56  266.52 0.15016D+15  2.250    5.634    5.074   -0.525   32.185   13.19   14.77   64.72
   79.86   87.40 0.46805D-09  1  0  0.02328  263.51  266.51 0.14974D+15  2.251    5.611    5.051   -0.537   32.174   13.19   14.77   65.19
   80.18   87.87 0.46627D-09  1  0  0.02338  263.46  266.50 0.14932D+15  2.251    5.588    5.028   -0.549   32.163   13.19   14.76   65.64
   80.50   88.34 0.46450D-09  1  0  0.02348  263.41  266.49 0.14890D+15  2.252    5.565    5.006   -0.562   32.152   13.18   14.76   66.09
   80.82   88.80 0.46275D-09  1  0  0.02358  263.35  266.48 0.14849D+15  2.252    5.542    4.983   -0.574   32.141   13.18   14.76   66.54
   81.14   89.26 0.46101D-09  1  0  0.02368  263.30  266.47 0.14808D+15  2.253    5.519    4.960   -0.587   32.130   13.18   14.76   66.98
   81.47   89.72 0.45929D-09  1  0  0.02379  263.25  266.45 0.14767D+15  2.253    5.497    4.938   -0.599   32.119   13.18   14.76   67.42
   81.79   90.18 0.45757D-09  1  0  0.02389  263.19  266.44 0.14727D+15  2.254    5.475    4.916   -0.612   32.108   13.17   14.76   67.86
   82.11   90.63 0.45587D-09  1  0  0.02399  263.14  266.43 0.14686D+15  2.254    5.453    4.894   -0.625   32.097   13.17   14.76   68.29
   82.43   91.09 0.45419D-09  1  0  0.02410  263.09  266.42 0.14646D+15  2.255    5.431    4.872   -0.638   32.086   13.17   14.75   68.72
   82.75   91.54 0.45252D-09  1  0  0.02420  263.03  266.41 0.14607D+15  2.255    5.409    4.851   -0.650   32.074   13.16   14.75   69.15
   83.08   91.99 0.45086D-09  1  0  0.02431  262.98  266.39 0.14567D+15  2.256    5.387    4.829   -0.663   32.063   13.16   14.75   69.58
   83.40   92.44 0.44921D-09  1  0  0.02442  262.93  266.38 0.14528D+15  2.256    5.366    4.808   -0.676   32.052   13.16   14.75   70.00
   83.72   92.88 0.44758D-09  1  0  0.02453  262.87  266.37 0.14489D+15  2.257    5.345    4.787   -0.689   32.040   13.16   14.75   70.42
   84.04   93.33 0.44596D-09  1  0  0.02464  262.82  266.35 0.14450D+15  2.257    5.324    4.766   -0.703   32.029   13.15   14.75   70.83
   84.36   93.77 0.44435D-09  1  0  0.02475  262.76  266.34 0.14412D+15  2.257    5.303    4.745   -0.716   32.017   13.15   14.75   71.25
   84.69   94.22 0.44275D-09  1  0  0.02486  262.71  266.33 0.14374D+15  2.258    5.282    4.724   -0.729   32.005   13.15   14.75   71.66
   85.01   94.66 0.44117D-09  1  0  0.02497  262.65  266.31 0.14336D+15  2.258    5.261    4.704   -0.743   31.994   13.15   14.75   72.07
   85.33   95.10 0.43959D-09  1  0  0.02508  262.60  266.30 0.14298D+15  2.259    5.241    4.683   -0.756   31.982   13.14   14.75   72.48
   85.65   95.54 0.43803D-09  1  0  0.02519  262.54  266.29 0.14261D+15  2.259    5.220    4.663   -0.770   31.970   13.14   14.75   72.89
   85.97   95.98 0.43648D-09  1  0  0.02531  262.49  266.27 0.14223D+15  2.260    5.200    4.643   -0.783   31.958   13.14   14.75   73.29
   86.30   96.41 0.43495D-09  1  0  0.02543  262.43  266.26 0.14187D+15  2.260    5.180    4.623   -0.797   31.946   13.14   14.74   73.70
   86.62   96.85 0.43342D-09  1  0  0.02554  262.37  266.24 0.14150D+15  2.261    5.160    4.603   -0.811   31.934   13.13   14.74   74.10
   86.94   97.29 0.43191D-09  1  0  0.02566  262.32  266.23 0.14113D+15  2.261    5.141    4.584   -0.825   31.922   13.13   14.74   74.50
   87.26   97.72 0.43040D-09  1  0  0.02578  262.26  266.21 0.14077D+15  2.262    5.121    4.564   -0.839   31.910   13.13   14.74   74.90
   87.58   98.15 0.42891D-09  1  0  0.02590  262.20  266.20 0.14041D+15  2.262    5.101    4.545   -0.853   31.898   13.13   14.74   75.30
   87.91   98.59 0.42743D-09  1  0  0.02602  262.15  266.19 0.14006D+15  2.263    5.082    4.526   -0.867   31.885   13.12   14.74   75.70
   88.23   99.02 0.42596D-09  1  0  0.02614  262.09  266.17 0.13970D+15  2.263    5.063    4.507   -0.882   31.873   13.12   14.74   76.09
   88.55   99.45 0.42450D-09  1  0  0.02627  262.03  266.15 0.13935D+15  2.264    5.044    4.488   -0.896   31.860   13.12   14.74   76.49
   88.87   99.88 0.42305D-09  1  0  0.02639  261.97  266.14 0.13900D+15  2.264    5.025    4.469   -0.911   31.848   13.12   14.74   76.88
   89.19  100.31 0.42161D-09  1  0  0.02652  261.92  266.12 0.13866D+15  2.265    5.006    4.450   -0.925   31.835   13.12   14.74   77.27
   89.52  100.74 0.42018D-09  1  0  0.02664  261.86  266.11 0.13831D+15  2.265    4.987    4.432   -0.940   31.822   13.11   14.74   77.67
   89.84  101.17 0.41876D-09  1  0  0.02677  261.80  266.09 0.13797D+15  2.266    4.969    4.413   -0.955   31.809   13.11   14.74   78.06
   90.16  101.60 0.41736D-09  1  0  0.02690  261.74  266.08 0.13763D+15  2.266    4.950    4.395   -0.970   31.797   13.11   14.74   78.45
   90.48  102.03 0.41596D-09  1  0  0.02703  261.68  266.06 0.13730D+15  2.267    4.932    4.377   -0.985   31.783   13.11   14.74   78.83
   90.80  102.46 0.41457D-09  1  0  0.02716  261.62  266.04 0.13696D+15  2.268    4.914    4.359   -1.000   31.770   13.10   14.74   79.22
   91.13  102.88 0.41319D-09  1  0  0.02729  261.56  266.03 0.13663D+15  2.268    4.895    4.341   -1.016   31.757   13.10   14.75   79.61
   91.45  103.31 0.41183D-09  1  0  0.02743  261.50  266.01 0.13630D+15  2.269    4.877    4.323   -1.031   31.744   13.10   14.75   80.00
   91.77  103.74 0.41047D-09  1  0  0.02756  261.44  265.99 0.13597D+15  2.269    4.860    4.305   -1.047   31.730   13.10   14.75   80.38
   92.09  104.16 0.40912D-09  1  0  0.02770  261.38  265.97 0.13565D+15  2.270    4.842    4.287   -1.062   31.717   13.09   14.75   80.77
   92.41  104.59 0.40778D-09  1  0  0.02784  261.32  265.96 0.13533D+15  2.270    4.824    4.270   -1.078   31.703   13.09   14.75   81.15
   92.74  105.01 0.40645D-09  1  0  0.02798  261.26  265.94 0.13501D+15  2.271    4.807    4.253   -1.094   31.689   13.09   14.75   81.53
   93.06  105.44 0.40513D-09  1  0  0.02812  261.20  265.92 0.13469D+15  2.271    4.789    4.235   -1.110   31.676   13.09   14.75   81.92
   93.38  105.86 0.40381D-09  1  0  0.02826  261.14  265.90 0.13438D+15  2.272    4.772    4.218   -1.127   31.662   13.09   14.75   82.30
   93.70  106.29 0.40251D-09  1  0  0.02840  261.07  265.88 0.13407D+15  2.272    4.755    4.201   -1.143   31.648   13.08   14.75   82.68
   94.02  106.71 0.40122D-09  1  0  0.02855  261.01  265.87 0.13376D+15  2.273    4.738    4.184   -1.160   31.633   13.08   14.75   83.06
   94.35  107.13 0.39993D-09  1  0  0.02869  260.95  265.85 0.13345D+15  2.273    4.721    4.167   -1.176   31.619   13.08   14.76   83.44
   94.67  107.56 0.39866D-09  1  0  0.02884  260.89  265.83 0.13315D+15  2.274    4.704    4.151   -1.193   31.605   13.08   14.76   83.82
   94.99  107.98 0.39739D-09  1  0  0.02899  260.82  265.81 0.13285D+15  2.275    4.687    4.134   -1.210   31.590   13.08   14.76   84.20
   95.31  108.40 0.39613D-09  1  0  0.02914  260.76  265.79 0.13255D+15  2.275    4.671    4.118   -1.227   31.576   13.07   14.76   84.58
   95.63  108.83 0.39488D-09  1  0  0.02929  260.70  265.77 0.13225D+15  2.276    4.654    4.101   -1.245   31.561   13.07   14.76   84.96
   95.96  109.25 0.39364D-09  1  0  0.02944  260.63  265.75 0.13196D+15  2.276    4.638    4.085   -1.262   31.546   13.07   14.76   85.34
   96.28  109.67 0.39240D-09  1  0  0.02960  260.57  265.73 0.13166D+15  2.277    4.621    4.069   -1.280   31.531   13.07   14.76   85.71
   96.60  110.09 0.39118D-09  1  0  0.02975  260.50  265.71 0.13137D+15  2.277    4.605    4.053   -1.298   31.516   13.07   14.77   86.09
   96.92  110.51 0.38996D-09  1  0  0.02991  260.44  265.69 0.13109D+15  2.278    4.589    4.037   -1.316   31.500   13.06   14.77   86.47
   97.24  110.93 0.38875D-09  1  0  0.03007  260.37  265.67 0.13080D+15  2.279    4.573    4.021   -1.334   31.485   13.06   14.77   86.84
   97.57  111.35 0.38755D-09  1  0  0.03023  260.31  265.65 0.13052D+15  2.279    4.557    4.005   -1.352   31.469   13.06   14.77   87.22
   97.89  111.77 0.38635D-09  1  0  0.03040  260.24  265.63 0.13024D+15  2.280    4.541    3.989   -1.371   31.454   13.06   14.77   87.60
   98.21  112.19 0.38517D-09  1  0  0.03056  260.18  265.61 0.12997D+15  2.280    4.525    3.974   -1.389   31.438   13.06   14.78   87.97
   98.53  112.61 0.38399D-09  1  0  0.03073  260.11  265.59 0.12969D+15  2.281    4.510    3.958   -1.408   31.422   13.06   14.78   88.35
   98.85  113.03 0.38282D-09  1  0  0.03090  260.04  265.57 0.12942D+15  2.282    4.494    3.943   -1.427   31.406   13.05   14.78   88.72
   99.18  113.45 0.38166D-09  1  0  0.03106  259.97  265.54 0.12915D+15  2.282    4.478    3.927   -1.446   31.389   13.05   14.78   89.10
   99.50  113.87 0.38050D-09  1  0  0.03124  259.91  265.52 0.12889D+15  2.283    4.463    3.912   -1.466   31.373   13.05   14.79   89.47
   99.82  114.29 0.37936D-09  1  0  0.03141  259.84  265.50 0.12862D+15  2.283    4.448    3.897   -1.485   31.356   13.05   14.79   89.84
  100.14  114.71 0.37822D-09  1  0  0.03159  259.77  265.48 0.12836D+15  2.284    4.432    3.882   -1.505   31.339   13.05   14.79   90.22
  100.46  115.13 0.37708D-09  1  0  0.03176  259.70  265.46 0.12810D+15  2.285    4.417    3.867   -1.525   31.322   13.05   14.80   90.59
  100.79  115.55 0.37596D-09  1  0  0.03194  259.63  265.43 0.12785D+15  2.285    4.402    3.852   -1.546   31.305   13.05   14.80   90.96
  101.11  115.97 0.37484D-09  1  0  0.03212  259.56  265.41 0.12760D+15  2.286    4.387    3.837   -1.566   31.288   13.04   14.80   91.33
  101.43  116.38 0.37373D-09  1  0  0.03231  259.49  265.39 0.12735D+15  2.286    4.372    3.823   -1.587   31.270   13.04   14.80   91.71
  101.75  116.80 0.37262D-09  1  0  0.03249  259.42  265.36 0.12710D+15  2.287    4.358    3.808   -1.608   31.253   13.04   14.81   92.08
  102.07  117.22 0.37153D-09  1  0  0.03268  259.35  265.34 0.12685D+15  2.288    4.343    3.794   -1.629   31.235   13.04   14.81   92.45
  102.40  117.64 0.37044D-09  1  0  0.03287  259.28  265.32 0.12661D+15  2.288    4.328    3.779   -1.650   31.217   13.04   14.82   92.82
  102.72  118.06 0.36935D-09  1  0  0.03306  259.21  265.29 0.12637D+15  2.289    4.314    3.765   -1.672   31.199   13.04   14.82   93.19
  103.04  118.47 0.36828D-09  1  0  0.03325  259.13  265.27 0.12613D+15  2.290    4.299    3.750   -1.693   31.180   13.04   14.82   93.56
  103.36  118.89 0.36721D-09  1  0  0.03345  259.06  265.24 0.12590D+15  2.290    4.285    3.736   -1.715   31.162   13.04   14.83   93.94
  103.68  119.31 0.36614D-09  1  0  0.03365  258.99  265.22 0.12567D+15  2.291    4.270    3.722   -1.738   31.143   13.03   14.83   94.31
  104.01  119.73 0.36509D-09  1  0  0.03385  258.92  265.19 0.12544D+15  2.292    4.256    3.708   -1.760   31.124   13.03   14.83   94.68
  104.33  120.14 0.36404D-09  1  0  0.03405  258.84  265.17 0.12522D+15  2.292    4.242    3.694   -1.783   31.105   13.03   14.84   95.05
  104.65  120.56 0.36299D-09  1  0  0.03425  258.77  265.14 0.12499D+15  2.293    4.228    3.680   -1.806   31.086   13.03   14.84   95.42
  104.97  120.98 0.36196D-09  1  0  0.03446  258.69  265.11 0.12477D+15  2.294    4.214    3.666   -1.829   31.066   13.03   14.85   95.79
  105.29  121.39 0.36092D-09  1  0  0.03467  258.62  265.09 0.12456D+15  2.294    4.200    3.652   -1.853   31.046   13.03   14.85   96.16
  105.62  121.81 0.35990D-09  1  0  0.03488  258.54  265.06 0.12434D+15  2.295    4.186    3.639   -1.877   31.026   13.03   14.86   96.52
  105.94  122.23 0.35888D-09  1  0  0.03510  258.46  265.04 0.12413D+15  2.296    4.172    3.625   -1.901   31.006   13.03   14.86   96.89
  106.26  122.64 0.35787D-09  1  0  0.03531  258.39  265.01 0.12392D+15  2.296    4.159    3.612   -1.926   30.985   13.03   14.87   97.26
  106.58  123.06 0.35686D-09  1  0  0.03553  258.31  264.98 0.12372D+15  2.297    4.145    3.598   -1.950   30.965   13.03   14.87   97.63
  106.90  123.47 0.35586D-09  1  0  0.03576  258.23  264.95 0.12352D+15  2.298    4.131    3.585   -1.975   30.944   13.03   14.88   98.00
  107.23  123.89 0.35487D-09  1  0  0.03598  258.15  264.93 0.12332D+15  2.298    4.118    3.571   -2.001   30.922   13.03   14.88   98.37
  107.55  124.31 0.35388D-09  1  0  0.03621  258.07  264.90 0.12312D+15  2.299    4.104    3.558   -2.026   30.901   13.03   14.89   98.74
  107.87  124.72 0.35290D-09  1  0  0.03644  257.99  264.87 0.12293D+15  2.300    4.091    3.545   -2.052   30.879   13.03   14.89   99.10
  108.19  125.14 0.35192D-09  1  0  0.03667  257.91  264.84 0.12274D+15  2.301    4.077    3.532   -2.078   30.857   13.03   14.90   99.47
  108.51  125.55 0.35095D-09  1  0  0.03691  257.83  264.81 0.12255D+15  2.301    4.064    3.519   -2.105   30.835   13.03   14.91   99.84
  108.84  125.97 0.34999D-09  1  0  0.03715  257.75  264.78 0.12237D+15  2.302    4.051    3.506   -2.132   30.813   13.03   14.91  100.21
  109.16  126.38 0.34903D-09  1  0  0.03739  257.67  264.75 0.12219D+15  2.303    4.038    3.493   -2.159   30.790   13.03   14.92  100.57
  109.48  126.80 0.34808D-09  1  0  0.03764  257.58  264.72 0.12201D+15  2.303    4.025    3.480   -2.187   30.767   13.03   14.92  100.94
  109.80  127.22 0.34713D-09  1  0  0.03789  257.50  264.69 0.12184D+15  2.304    4.012    3.467   -2.215   30.744   13.03   14.93  101.31
  110.12  127.63 0.34619D-09  1  0  0.03814  257.42  264.66 0.12167D+15  2.305    3.999    3.454   -2.243   30.720   13.03   14.94  101.68
  110.45  128.05 0.34525D-09  1  0  0.03839  257.33  264.63 0.12150D+15  2.306    3.986    3.442   -2.272   30.696   13.03   14.94  102.04
  110.77  128.46 0.34432D-09  1  0  0.03865  257.25  264.60 0.12134D+15  2.306    3.973    3.429   -2.301   30.672   13.03   14.95  102.41
  111.09  128.87 0.34340D-09  1  0  0.03891  257.16  264.57 0.12118D+15  2.307    3.960    3.416   -2.330   30.647   13.03   14.96  102.77
  111.41  129.29 0.34248D-09  1  0  0.03918  257.07  264.54 0.12102D+15  2.308    3.947    3.404   -2.360   30.623   13.03   14.97  103.14
  111.73  129.70 0.34156D-09  1  0  0.03945  256.99  264.51 0.12087D+15  2.309    3.935    3.391   -2.390   30.597   13.03   14.97  103.51
  112.06  130.12 0.34065D-09  1  0  0.03972  256.90  264.47 0.12072D+15  2.310    3.922    3.379   -2.421   30.572   13.03   14.98  103.87
  112.38  130.53 0.33975D-09  1  0  0.04000  256.81  264.44 0.12057D+15  2.310    3.909    3.367   -2.452   30.546   13.03   14.99  104.24
  112.70  130.95 0.33885D-09  1  0  0.04028  256.72  264.41 0.12043D+15  2.311    3.897    3.354   -2.483   30.520   13.03   15.00  104.60
  113.02  131.36 0.33795D-09  1  0  0.04056  256.63  264.37 0.12029D+15  2.312    3.884    3.342   -2.515   30.494   13.03   15.00  104.97
  113.34  131.78 0.33706D-09  1  0  0.04085  256.54  264.34 0.12016D+15  2.313    3.872    3.330   -2.547   30.467   13.03   15.01  105.33
  113.67  132.19 0.33618D-09  1  0  0.04114  256.44  264.31 0.12003D+15  2.314    3.860    3.318   -2.580   30.440   13.03   15.02  105.70
  113.99  132.60 0.33530D-09  1  0  0.04143  256.35  264.27 0.11990D+15  2.315    3.847    3.306   -2.613   30.412   13.03   15.03  106.07
  114.31  133.02 0.33443D-09  1  0  0.04173  256.26  264.24 0.11978D+15  2.315    3.835    3.294   -2.647   30.384   13.04   15.04  106.43
  114.63  133.43 0.33356D-09  1  0  0.04204  256.16  264.20 0.11966D+15  2.316    3.823    3.282   -2.681   30.356   13.04   15.05  106.79
  114.95  133.85 0.33270D-09  1  0  0.04235  256.07  264.16 0.11955D+15  2.317    3.810    3.270   -2.716   30.327   13.04   15.06  107.16
  115.28  134.26 0.33184D-09  1  0  0.04266  255.97  264.13 0.11944D+15  2.318    3.798    3.258   -2.751   30.298   13.04   15.07  107.52
  115.60  134.67 0.33098D-09  1  0  0.04298  255.87  264.09 0.11933D+15  2.319    3.786    3.246   -2.786   30.269   13.04   15.08  107.89
  115.92  135.09 0.33013D-09  1  0  0.04330  255.77  264.05 0.11923D+15  2.320    3.774    3.234   -2.822   30.239   13.04   15.09  108.25
  116.24  135.50 0.32929D-09  1  0  0.04362  255.68  264.02 0.11913D+15  2.321    3.762    3.223   -2.859   30.208   13.04   15.10  108.62
  116.56  135.91 0.32845D-09  1  0  0.04396  255.58  263.98 0.11904D+15  2.321    3.750    3.211   -2.896   30.178   13.05   15.11  108.98
  116.89  136.33 0.32761D-09  1  0  0.04429  255.47  263.94 0.11896D+15  2.322    3.738    3.199   -2.934   30.146   13.05   15.12  109.34
  117.21  136.74 0.32678D-09  1  0  0.04463  255.37  263.90 0.11887D+15  2.323    3.726    3.188   -2.972   30.115   13.05   15.13  109.71
  117.53  137.15 0.32595D-09  1  0  0.04498  255.27  263.86 0.11879D+15  2.324    3.715    3.176   -3.011   30.083   13.05   15.14  110.07
  117.85  137.56 0.32513D-09  1  0  0.04533  255.16  263.82 0.11872D+15  2.325    3.703    3.165   -3.051   30.050   13.06   15.15  110.43
  118.17  137.98 0.32431D-09  1  0  0.04569  255.06  263.78 0.11865D+15  2.326    3.691    3.153   -3.091   30.017   13.06   15.17  110.80
  118.50  138.39 0.32350D-09  1  0  0.04605  254.95  263.74 0.11859D+15  2.327    3.679    3.142   -3.131   29.984   13.06   15.18  111.16
  118.82  138.80 0.32269D-09  1  0  0.04642  254.84  263.70 0.11853D+15  2.328    3.667    3.130   -3.173   29.949   13.06   15.19  111.52
  119.14  139.22 0.32189D-09  1  0  0.04679  254.74  263.66 0.11848D+15  2.329    3.656    3.119   -3.215   29.915   13.07   15.20  111.89
  119.46  139.63 0.32109D-09  1  0  0.04717  254.63  263.62 0.11843D+15  2.330    3.644    3.108   -3.257   29.880   13.07   15.22  112.25
  119.78  140.04 0.32029D-09  1  0  0.04756  254.51  263.58 0.11839D+15  2.331    3.633    3.096   -3.301   29.844   13.07   15.23  112.61
  120.11  140.45 0.31950D-09  1  0  0.04795  254.40  263.53 0.11835D+15  2.332    3.621    3.085   -3.345   29.808   13.08   15.24  112.97
  120.43  140.87 0.31872D-09  1  0  0.04835  254.29  263.49 0.11832D+15  2.333    3.609    3.074   -3.389   29.771   13.08   15.26  113.33
  120.75  141.28 0.31793D-09  1  0  0.04875  254.17  263.45 0.11830D+15  2.334    3.598    3.063   -3.435   29.734   13.08   15.27  113.70
  121.07  141.69 0.31716D-09  1  0  0.04917  254.06  263.40 0.11828D+15  2.335    3.586    3.052   -3.481   29.696   13.09   15.29  114.06
  121.39  142.10 0.31638D-09  1  0  0.04958  253.94  263.36 0.11827D+15  2.336    3.575    3.041   -3.528   29.657   13.09   15.30  114.42
  121.72  142.51 0.31561D-09  1  0  0.05001  253.82  263.31 0.11826D+15  2.337    3.564    3.030   -3.575   29.618   13.10   15.32  114.78
  122.04  142.92 0.31484D-09  1  0  0.05044  253.70  263.26 0.11826D+15  2.339    3.552    3.019   -3.624   29.578   13.10   15.33  115.14
  122.36  143.34 0.31408D-09  1  0  0.05088  253.58  263.22 0.11827D+15  2.340    3.541    3.007   -3.673   29.538   13.11   15.35  115.50
  122.68  143.75 0.31332D-09  1  0  0.05133  253.45  263.17 0.11828D+15  2.341    3.529    2.997   -3.723   29.497   13.11   15.37  115.86
  123.00  144.16 0.31257D-09  1  0  0.05179  253.33  263.12 0.11831D+15  2.342    3.518    2.986   -3.774   29.455   13.11   15.38  116.22
  123.33  144.57 0.31182D-09  1  0  0.05225  253.20  263.07 0.11833D+15  2.343    3.507    2.975   -3.826   29.413   13.12   15.40  116.59
  123.65  144.98 0.31107D-09  1  0  0.05272  253.07  263.02 0.11837D+15  2.344    3.496    2.964   -3.878   29.369   13.13   15.42  116.95
  123.97  145.39 0.31033D-09  1  0  0.05320  252.94  262.97 0.11841D+15  2.345    3.484    2.953   -3.932   29.326   13.13   15.44  117.31
  124.29  145.80 0.30959D-09  1  0  0.05369  252.81  262.92 0.11846D+15  2.347    3.473    2.942   -3.986   29.281   13.14   15.46  117.67
  124.61  146.21 0.30886D-09  1  0  0.05418  252.67  262.87 0.11852D+15  2.348    3.462    2.931   -4.042   29.235   13.14   15.47  118.03
  124.94  146.63 0.30813D-09  1  0  0.05469  252.54  262.82 0.11859D+15  2.349    3.451    2.920   -4.098   29.189   13.15   15.49  118.39
  125.26  147.04 0.30740D-09  1  0  0.05521  252.40  262.76 0.11867D+15  2.350    3.439    2.910   -4.156   29.142   13.15   15.51  118.75
  125.58  147.45 0.30668D-09  1  0  0.05573  252.26  262.71 0.11875D+15  2.352    3.428    2.899   -4.214   29.094   13.16   15.54  119.10
  125.90  147.86 0.30596D-09  1  0  0.05627  252.12  262.65 0.11884D+15  2.353    3.417    2.888   -4.274   29.045   13.17   15.56  119.46
  126.22  148.27 0.30524D-09  1  0  0.05681  251.97  262.60 0.11895D+15  2.354    3.406    2.877   -4.335   28.996   13.18   15.58  119.82
  126.55  148.68 0.30453D-09  1  0  0.05737  251.83  262.54 0.11906D+15  2.356    3.395    2.867   -4.396   28.945   13.18   15.60  120.18
  126.87  149.09 0.30382D-09  1  0  0.05793  251.68  262.49 0.11918D+15  2.357    3.383    2.856   -4.459   28.894   13.19   15.62  120.54
  127.19  149.50 0.30312D-09  1  0  0.05851  251.53  262.43 0.11931D+15  2.358    3.372    2.845   -4.523   28.841   13.20   15.65  120.90
  127.51  149.91 0.30242D-09  1  0  0.05910  251.38  262.37 0.11945D+15  2.360    3.361    2.834   -4.589   28.788   13.21   15.67  121.26
  127.83  150.32 0.30172D-09  1  0  0.05970  251.22  262.31 0.11961D+15  2.361    3.350    2.824   -4.655   28.733   13.21   15.70  121.61
  128.16  150.73 0.30102D-09  1  0  0.06031  251.06  262.25 0.11977D+15  2.363    3.339    2.813   -4.723   28.678   13.22   15.72  121.97
  128.48  151.14 0.30033D-09  1  0  0.06093  250.90  262.19 0.11995D+15  2.364    3.328    2.802   -4.792   28.622   13.23   15.75  122.33
  128.80  151.55 0.29964D-09  1  0  0.06157  250.74  262.12 0.12013D+15  2.366    3.316    2.792   -4.863   28.564   13.24   15.77  122.69
  129.12  151.95 0.29896D-09  1  0  0.06222  250.57  262.06 0.12033D+15  2.367    3.305    2.781   -4.935   28.505   13.25   15.80  123.04
  129.44  152.36 0.29828D-09  1  0  0.06289  250.40  262.00 0.12055D+15  2.369    3.294    2.770   -5.008   28.445   13.26   15.83  123.40
  129.77  152.77 0.29760D-09  1  0  0.06356  250.23  261.93 0.12077D+15  2.370    3.283    2.760   -5.083   28.384   13.27   15.86  123.76
  130.09  153.18 0.29693D-09  1  0  0.06426  250.05  261.86 0.12101D+15  2.372    3.272    2.749   -5.160   28.322   13.28   15.89  124.11
  130.41  153.59 0.29626D-09  1  0  0.06496  249.88  261.79 0.12127D+15  2.374    3.260    2.738   -5.238   28.259   13.29   15.92  124.47
  130.73  154.00 0.29559D-09  1  0  0.06569  249.69  261.73 0.12153D+15  2.375    3.249    2.728   -5.317   28.194   13.31   15.95  124.82
  131.05  154.41 0.29493D-09  1  0  0.06643  249.51  261.66 0.12182D+15  2.377    3.238    2.717   -5.398   28.128   13.32   15.98  125.18
  131.38  154.81 0.29427D-09  1  0  0.06718  249.32  261.58 0.12212D+15  2.379    3.227    2.706   -5.481   28.060   13.33   16.02  125.54
  131.70  155.22 0.29361D-09  1  0  0.06795  249.13  261.51 0.12243D+15  2.381    3.215    2.696   -5.566   27.991   13.34   16.05  125.89
  132.02  155.63 0.29296D-09  1  0  0.06874  248.93  261.44 0.12277D+15  2.382    3.204    2.685   -5.653   27.921   13.35   16.09  126.24
  132.34  156.04 0.29231D-09  1  0  0.06955  248.73  261.36 0.12312D+15  2.384    3.193    2.674   -5.741   27.849   13.37   16.12  126.60
  132.66  156.45 0.29166D-09  1  0  0.07038  248.53  261.28 0.12349D+15  2.386    3.181    2.664   -5.831   27.775   13.38   16.16  126.95
  132.99  156.85 0.29101D-09  1  0  0.07123  248.32  261.21 0.12387D+15  2.388    3.170    2.653   -5.924   27.700   13.40   16.20  127.31
  133.31  157.26 0.29037D-09  1  0  0.07209  248.11  261.13 0.12428D+15  2.390    3.158    2.642   -6.018   27.624   13.41   16.24  127.66
  133.63  157.67 0.28973D-09  1  0  0.07298  247.89  261.05 0.12471D+15  2.392    3.147    2.631   -6.114   27.545   13.43   16.28  128.01
  133.95  158.07 0.28910D-09  1  0  0.07389  247.67  260.96 0.12516D+15  2.394    3.135    2.620   -6.213   27.465   13.44   16.32  128.37
  134.27  158.48 0.28847D-09  1  0  0.07482  247.44  260.88 0.12564D+15  2.396    3.124    2.609   -6.314   27.383   13.46   16.37  128.72
  134.60  158.89 0.28784D-09  1  0  0.07578  247.21  260.79 0.12613D+15  2.399    3.112    2.598   -6.417   27.299   13.48   16.41  129.07
  134.92  159.29 0.28721D-09  1  0  0.07676  246.97  260.70 0.12666D+15  2.401    3.100    2.587   -6.523   27.214   13.49   16.46  129.42
  135.24  159.70 0.28659D-09  1  0  0.07776  246.72  260.61 0.12721D+15  2.403    3.088    2.576   -6.631   27.126   13.51   16.51  129.77
  135.56  160.10 0.28597D-09  1  0  0.07879  246.47  260.52 0.12778D+15  2.406    3.076    2.565   -6.742   27.036   13.53   16.56  130.12
  135.88  160.51 0.28535D-09  1  0  0.07985  246.22  260.43 0.12839D+15  2.408    3.064    2.554   -6.855   26.944   13.55   16.61  130.47
  136.21  160.91 0.28474D-09  1  0  0.08094  245.96  260.33 0.12902D+15  2.410    3.052    2.543   -6.971   26.850   13.57   16.66  130.82
  136.53  161.32 0.28413D-09  1  0  0.08205  245.69  260.24 0.12969D+15  2.413    3.040    2.532   -7.090   26.753   13.59   16.72  131.17
  136.85  161.72 0.28352D-09  1  0  0.08320  245.41  260.14 0.13038D+15  2.416    3.028    2.520   -7.212   26.655   13.61   16.78  131.52
  137.17  162.12 0.28291D-09  1  0  0.08438  245.13  260.04 0.13112D+15  2.418    3.016    2.509   -7.337   26.553   13.63   16.84  131.87
  137.49  162.53 0.28231D-09  1  0  0.08559  244.84  259.93 0.13189D+15  2.421    3.003    2.498   -7.465   26.450   13.66   16.90  132.22
  137.82  162.93 0.28171D-09  1  0  0.08684  244.54  259.82 0.13269D+15  2.424    2.991    2.486   -7.596   26.343   13.68   16.96  132.56
  138.14  163.33 0.28111D-09  1  0  0.08812  244.23  259.72 0.13354D+15  2.427    2.978    2.474   -7.731   26.234   13.71   17.03  132.91
  138.46  163.74 0.28052D-09  1  0  0.08944  243.91  259.60 0.13443D+15  2.430    2.965    2.463   -7.870   26.122   13.73   17.09  133.26
  138.78  164.14 0.27993D-09  1  0  0.09080  243.59  259.49 0.13537D+15  2.433    2.953    2.451   -8.011   26.007   13.76   17.17  133.60
  139.10  164.54 0.27934D-09  1  0  0.09220  243.25  259.37 0.13635D+15  2.436    2.939    2.439   -8.157   25.889   13.78   17.24  133.95
  139.43  164.94 0.27875D-09  1  0  0.09365  242.91  259.25 0.13739D+15  2.440    2.926    2.427   -8.307   25.768   13.81   17.32  134.29
  139.75  165.34 0.27817D-09  1  0  0.09514  242.55  259.13 0.13847D+15  2.443    2.913    2.415   -8.460   25.644   13.84   17.40  134.63
  140.07  165.74 0.27759D-09  1  0  0.09667  242.18  259.00 0.13961D+15  2.447    2.899    2.402   -8.618   25.517   13.87   17.48  134.98
  140.39  166.14 0.27701D-09  1  0  0.09826  241.80  258.87 0.14082D+15  2.451    2.886    2.390   -8.781   25.385   13.90   17.57  135.32
  140.71  166.54 0.27644D-09  1  0  0.09990  241.41  258.74 0.14208D+15  2.454    2.872    2.377   -8.947   25.251   13.94   17.66  135.66
  141.04  166.94 0.27586D-09  1  0  0.10160  241.00  258.60 0.14341D+15  2.458    2.858    2.364   -9.119   25.112   13.97   17.75  136.00
  141.36  167.34 0.27529D-09  1  0  0.10335  240.58  258.46 0.14481D+15  2.463    2.843    2.352   -9.295   24.969   14.00   17.85  136.34
  141.68  167.74 0.27473D-09  1  0  0.10516  240.14  258.32 0.14629D+15  2.467    2.829    2.338   -9.477   24.823   14.04   17.95  136.68
  142.00  168.13 0.27416D-09  1  0  0.10704  239.69  258.17 0.14785D+15  2.471    2.814    2.325   -9.664   24.672   14.08   18.06  137.01
  142.32  168.53 0.27360D-09  1  0  0.10898  239.22  258.02 0.14949D+15  2.476    2.799    2.311   -9.856   24.517   14.11   18.17  137.35
  142.65  168.93 0.27304D-09  1  0  0.11100  238.74  257.86 0.15123D+15  2.481    2.783    2.298  -10.054   24.357   14.15   18.28  137.68
  142.97  169.32 0.27248D-09  1  0  0.11309  238.23  257.70 0.15307D+15  2.486    2.767    2.284  -10.258   24.192   14.20   18.41  138.02
  143.29  169.71 0.27193D-09  1  0  0.11526  237.70  257.54 0.15500D+15  2.491    2.751    2.269  -10.468   24.023   14.24   18.53  138.35
  143.61  170.11 0.27138D-09  1  0  0.11751  237.15  257.37 0.15705D+15  2.497    2.735    2.255  -10.685   23.848   14.28   18.67  138.68
  143.93  170.50 0.27083D-09  1  0  0.11985  236.58  257.19 0.15923D+15  2.503    2.718    2.240  -10.908   23.668   14.33   18.81  139.01
  144.26  170.89 0.27028D-09  1  0  0.12229  235.99  257.01 0.16153D+15  2.509    2.701    2.224  -11.139   23.483   14.37   18.96  139.33
  144.58  171.28 0.26974D-09  1  0  0.12483  235.36  256.82 0.16396D+15  2.515    2.683    2.209  -11.376   23.291   14.42   19.11  139.66
  144.90  171.67 0.26919D-09  1  0  0.12747  234.71  256.63 0.16655D+15  2.522    2.665    2.193  -11.621   23.094   14.47   19.28  139.98
  145.22  172.06 0.26865D-09  1  0  0.13022  234.03  256.43 0.16930D+15  2.529    2.646    2.176  -11.874   22.890   14.52   19.45  140.30
  145.54  172.44 0.26812D-09  1  0  0.13310  233.31  256.22 0.17222D+15  2.537    2.626    2.159  -12.135   22.680   14.58   19.63  140.62
  145.87  172.83 0.26758D-09  1  0  0.13610  232.56  256.01 0.17532D+15  2.544    2.606    2.142  -12.404   22.463   14.63   19.83  140.93
  146.19  173.21 0.26705D-09  1  0  0.13925  231.77  255.79 0.17862D+15  2.553    2.586    2.124  -12.683   22.239   14.69   20.03  141.25
  146.51  173.59 0.26652D-09  1  0  0.14253  230.94  255.56 0.18215D+15  2.562    2.564    2.106  -12.970   22.008   14.74   20.25  141.56
  146.83  173.97 0.26599D-09  1  0  0.14598  230.07  255.33 0.18590D+15  2.571    2.542    2.086  -13.266   21.770   14.80   20.47  141.86
  147.15  174.34 0.26546D-09  1  0  0.14960  229.14  255.08 0.18990D+15  2.581    2.519    2.067  -13.573   21.523   14.86   20.72  142.17
  147.48  174.72 0.26494D-09  1  0  0.15339  228.16  254.83 0.19418D+15  2.592    2.495    2.046  -13.889   21.269   14.92   20.98  142.47
  147.80  175.09 0.26442D-09  1  0  0.15738  227.13  254.57 0.19875D+15  2.603    2.470    2.025  -14.216   21.006   14.98   21.25  142.76
  148.12  175.46 0.26390D-09  1  0  0.16159  226.03  254.30 0.20364D+15  2.615    2.444    2.002  -14.554   20.735   15.05   21.54  143.05
  148.44  175.82 0.26339D-09  1  0  0.16602  224.86  254.03 0.20886D+15  2.628    2.417    1.979  -14.902   20.455   15.11   21.85  143.33
  148.76  176.19 0.26287D-09  1  0  0.17070  223.61  253.74 0.21445D+15  2.643    2.388    1.954  -15.261   20.166   15.17   22.18  143.61
  149.09  176.54 0.26236D-09  1  0  0.17565  222.28  253.44 0.22043D+15  2.658    2.358    1.929  -15.632   19.869   15.22   22.54  143.88
  149.41  176.90 0.26185D-09  1  0  0.18090  220.85  253.14 0.22683D+15  2.674    2.326    1.902  -16.014   19.562   15.28   22.92  144.15
  149.73  180.45 0.26134D-09  0  0  0.18646  219.33  252.83 0.23366D+15  2.692    2.292    1.873  -16.345   19.298  149.73  149.73  149.73
  150.05  180.84 0.26084D-09  0  0  0.19237  217.68  252.50 0.24095D+15  2.712    2.256    1.843  -16.386   19.270  150.05  150.05  150.05
  150.37  181.23 0.26033D-09  0  0  0.19867  215.91  252.17 0.24871D+15  2.733    2.218    1.811  -16.430   19.241  150.37  150.37  150.37
  150.70  181.62 0.25983D-09  0  0  0.20539  214.00  251.84 0.25694D+15  2.757    2.177    1.777  -16.476   19.209  150.70  150.70  150.70
  151.02  182.00 0.25933D-09  0  0  0.21258  211.92  251.49 0.26563D+15  2.783    2.133    1.740  -16.525   19.175  151.02  151.02  151.02
  151.34  182.39 0.25884D-09  0  0  0.22029  209.66  251.15 0.27472D+15  2.812    2.086    1.701  -16.578   19.138  151.34  151.34  151.34
  151.66  182.78 0.25834D-09  0  0  0.22857  207.19  250.80 0.28415D+15  2.844    2.035    1.659  -16.634   19.099  151.66  151.66  151.66
  151.98  183.17 0.25785D-09  0  0  0.23749  204.48  250.47 0.29375D+15  2.880    1.980    1.613  -16.695   19.055  151.98  151.98  151.98
  152.31  183.56 0.25736D-09  0  0  0.24714  201.50  250.14 0.30330D+15  2.921    1.920    1.564  -16.761   19.008  152.31  152.31  152.31
  152.63  183.94 0.25687D-09  0  0  0.25760  198.21  249.83 0.31243D+15  2.968    1.854    1.509  -16.832   18.956  152.63  152.63  152.63
  152.95  184.33 0.25639D-09  0  0  0.26897  194.55  249.56 0.32059D+15  3.022    1.782    1.450  -16.910   18.899  152.95  152.95  152.95
  153.27  184.72 0.25590D-09  0  0  0.28139  190.46  249.34 0.32695D+15  3.085    1.702    1.384  -16.996   18.836  153.27  153.27  153.27
  153.59  185.11 0.25542D-09  0  0  0.29501  185.87  249.20 0.33030D+15  3.158    1.612    1.311  -17.090   18.765  153.59  153.59  153.59
  153.92  185.50 0.25494D-09  0  0  0.31000  180.68  249.19 0.32892D+15  3.246    1.512    1.229  -17.196   18.685  153.92  153.92  153.92
  154.24  185.89 0.25446D-09  0  0  0.32100  176.79  249.28 0.32356D+15  3.315    1.436    1.167  -17.277   18.626  154.24  154.24  154.24
  154.56  186.27 0.25399D-09  0  0  0.32100  176.79  249.27 0.32177D+15  3.315    1.434    1.164  -17.285   18.626  154.56  154.56  154.56
  154.88  186.66 0.25351D-09  0  0  0.32100  176.80  249.27 0.31998D+15  3.315    1.431    1.161  -17.294   18.626  154.88  154.88  154.88
  155.20  187.05 0.25304D-09  0  0  0.32100  176.81  249.27 0.31821D+15  3.315    1.429    1.159  -17.302   18.625  155.20  155.20  155.20
  155.53  187.44 0.25257D-09  0  0  0.32100  176.81  249.27 0.31645D+15  3.315    1.426    1.156  -17.310   18.625  155.53  155.53  155.53
  155.85  187.83 0.25210D-09  0  0  0.32100  176.82  249.26 0.31470D+15  3.315    1.424    1.154  -17.318   18.625  155.85  155.85  155.85
  156.17  188.21 0.25163D-09  0  0  0.32100  176.82  249.26 0.31295D+15  3.315    1.421    1.151  -17.326   18.625  156.17  156.17  156.17
  156.49  188.60 0.25117D-09  0  0  0.32100  176.83  249.26 0.31122D+15  3.315    1.419    1.148  -17.334   18.625  156.49  156.49  156.49
  156.81  188.99 0.25071D-09  0  0  0.32100  176.83  249.25 0.30950D+15  3.315    1.416    1.146  -17.342   18.625  156.81  156.81  156.81
  157.14  189.38 0.25025D-09  0  0  0.32100  176.84  249.25 0.30779D+15  3.315    1.414    1.143  -17.350   18.625  157.14  157.14  157.14
  157.46  189.77 0.24979D-09  0  0  0.32100  176.85  249.25 0.30610D+15  3.315    1.411    1.141  -17.358   18.625  157.46  157.46  157.46
  157.78  190.15 0.24933D-09  0  0  0.32100  176.85  249.24 0.30441D+15  3.315    1.409    1.138  -17.366   18.625  157.78  157.78  157.78
  158.10  190.54 0.24888D-09  0  0  0.32100  176.86  249.24 0.30273D+15  3.315    1.406    1.136  -17.374   18.625  158.10  158.10  158.10
  158.42  190.93 0.24843D-09  0  0  0.32100  176.86  249.24 0.30106D+15  3.314    1.404    1.133  -17.382   18.625  158.42  158.42  158.42
  158.75  191.32 0.24797D-09  0  0  0.32100  176.87  249.23 0.29940D+15  3.314    1.402    1.131  -17.390   18.625  158.75  158.75  158.75
  159.07  191.71 0.24753D-09  0  0  0.32100  176.88  249.23 0.29776D+15  3.314    1.399    1.129  -17.398   18.625  159.07  159.07  159.07
  159.39  192.09 0.24708D-09  0  0  0.32100  176.88  249.22 0.29612D+15  3.314    1.397    1.126  -17.406   18.625  159.39  159.39  159.39
  159.71  192.48 0.24663D-09  0  0  0.32100  176.89  249.22 0.29449D+15  3.314    1.394    1.124  -17.414   18.625  159.71  159.71  159.71
  160.03  192.87 0.24619D-09  0  0  0.32100  176.89  249.21 0.29287D+15  3.314    1.392    1.121  -17.421   18.625  160.03  160.03  160.03
  160.36  193.26 0.24575D-09  0  0  0.32100  176.90  249.21 0.29126D+15  3.314    1.390    1.119  -17.429   18.625  160.36  160.36  160.36
  160.68  193.65 0.24531D-09  0  0  0.32100  176.90  249.20 0.28966D+15  3.314    1.387    1.116  -17.437   18.625  160.68  160.68  160.68
  161.00  194.03 0.24487D-09  0  0  0.32100  176.91  249.20 0.28807D+15  3.314    1.385    1.114  -17.445   18.625  161.00  161.00  161.00
