R_tot = 1561.0 R_core =  1400.0  Tsurf =   100.00  g =  1.310
     Pint       etaref      pCLA conv P(MPa)   zbot     %vol    Tbot     Tm      TH2O      Fbot     Ftop     dlid   T_core
 0.00000D+00 0.10000D+15   0.0300  1  129.31  108.304  0.07450  252.70  241.61  261.26   14.329   12.410   26.87  1501.08
 0.12500D+11 0.10000D+15   0.0300  1  130.19  108.999  0.07557  252.39  241.68  261.17   14.342   12.817   28.13  1501.07
 0.25000D+11 0.10000D+15   0.0300  1  129.08  108.045  0.07412  252.81  242.41  261.29   14.323   13.225   27.35  1501.14
 0.37500D+11 0.10000D+15   0.0300  1  127.92  107.063  0.07268  253.22  243.12  261.42   14.304   13.634   26.62  1501.20
 0.50000D+11 0.10000D+15   0.0300  1  126.74  106.054  0.07126  253.63  243.81  261.56   14.285   14.042   25.94  1501.27
 0.62500D+11 0.10000D+15   0.0300  1  125.52  105.016  0.06985  254.04  244.50  261.69   14.265   14.451   25.29  1501.34
 0.75000D+11 0.10000D+15   0.0300  1  124.26  103.950  0.06846  254.45  245.16  261.83   14.244   14.859   24.68  1501.40
 0.87500D+11 0.10000D+15   0.0300  1  122.96  102.856  0.06709  254.86  245.82  261.97   14.223   15.268   24.10  1501.47
 0.10000D+12 0.10000D+15   0.0300  1  121.64  101.733  0.06573  255.26  246.46  262.12   14.201   15.676   23.55  1501.53
 0.11250D+12 0.10000D+15   0.0300  1  120.27  100.582  0.06440  255.66  247.08  262.26   14.179   16.085   23.03  1501.60
 0.12500D+12 0.10000D+15   0.0300  1  118.87   99.402  0.06308  256.06  247.70  262.42   14.157   16.493   22.53  1501.66
 0.13750D+12 0.10000D+15   0.0300  1  117.44   98.193  0.06179  256.46  248.30  262.57   14.134   16.902   22.06  1501.72
 0.15000D+12 0.10000D+15   0.0300  1  115.97   96.955  0.06051  256.85  248.90  262.73   14.110   17.310   21.61  1501.78
 0.16250D+12 0.10000D+15   0.0300  1  114.46   95.689  0.05926  257.24  249.48  262.89   14.086   17.719   21.19  1501.84
 0.17500D+12 0.10000D+15   0.0300  1  112.92   94.394  0.05803  257.63  250.05  263.05   14.061   18.127   20.78  1501.90
 0.18750D+12 0.10000D+15   0.0300  1  111.34   93.070  0.05682  258.02  250.61  263.21   14.036   18.536   20.39  1501.96
 0.20000D+12 0.10000D+15   0.0300  1  109.73   91.719  0.05564  258.40  251.16  263.38   14.011   18.944   20.02  1502.02
 0.21250D+12 0.10000D+15   0.0300  1  108.08   90.339  0.05448  258.78  251.71  263.55   13.985   19.353   19.66  1502.08
 0.22500D+12 0.10000D+15   0.0300  1  106.40   88.932  0.05334  259.15  252.24  263.72   13.958   19.761   19.32  1502.14
 0.23750D+12 0.10000D+15   0.0300  1  104.69   87.497  0.05222  259.53  252.76  263.90   13.932   20.170   18.99  1502.19
 0.25000D+12 0.10000D+15   0.0300  1  102.95   86.037  0.05113  259.89  253.28  264.08   13.904   20.578   18.67  1502.25
 0.26250D+12 0.10000D+15   0.0300  1  101.17   84.551  0.05007  260.26  253.78  264.26   13.877   20.987   18.37  1502.31
 0.27500D+12 0.10000D+15   0.0300  1   99.36   83.040  0.04903  260.62  254.28  264.44   13.849   21.395   18.08  1502.36
 0.28750D+12 0.10000D+15   0.0300  1   97.53   81.505  0.04801  260.98  254.77  264.62   13.820   21.804   17.80  1502.42
 0.30000D+12 0.10000D+15   0.0300  1   95.66   79.948  0.04702  261.33  255.25  264.81   13.791   22.212   17.53  1502.47
 0.31250D+12 0.10000D+15   0.0300  1   93.77   78.370  0.04606  261.68  255.72  265.00   13.762   22.620   17.27  1502.52
 0.32500D+12 0.10000D+15   0.0300  1   91.86   76.772  0.04512  262.02  256.18  265.18   13.733   23.029   17.01  1502.58
 0.33750D+12 0.10000D+15   0.0300  1   89.92   75.156  0.04420  262.36  256.63  265.37   13.703   23.437   16.77  1502.63
 0.35000D+12 0.10000D+15   0.0300  1   87.97   73.523  0.04332  262.69  257.08  265.56   13.673   23.846   16.54  1502.68
 0.36250D+12 0.10000D+15   0.0300  1   85.99   71.876  0.04245  263.02  257.51  265.75   13.643   24.254   16.31  1502.73
 0.37500D+12 0.10000D+15   0.0300  1   84.00   70.216  0.04162  263.35  257.94  265.94   13.613   24.662   16.09  1502.78
 0.38750D+12 0.10000D+15   0.0300  1   82.00   68.546  0.04081  263.67  258.36  266.13   13.582   25.070   15.87  1502.83
 0.40000D+12 0.10000D+15   0.0300  1   79.99   66.868  0.04002  263.98  258.76  266.33   13.552   25.479   15.67  1502.88
 0.41250D+12 0.10000D+15   0.0300  1   77.96   65.183  0.03926  264.29  259.16  266.52   13.521   25.887   15.47  1502.93
 0.42500D+12 0.10000D+15   0.0300  1   75.94   63.495  0.03852  264.59  259.55  266.71   13.491   26.295   15.27  1502.97
 0.43750D+12 0.10000D+15   0.0300  1   73.91   61.806  0.03781  264.89  259.93  266.89   13.460   26.703   15.08  1503.02
 0.45000D+12 0.10000D+15   0.0300  1   71.89   60.119  0.03713  265.18  260.31  267.08   13.430   27.112   14.90  1503.07
 0.46250D+12 0.10000D+15   0.0300  1   69.87   58.435  0.03647  265.46  260.67  267.27   13.400   27.520   14.72  1503.11
 0.47500D+12 0.10000D+15   0.0300  1   67.85   56.758  0.03583  265.74  261.02  267.45   13.370   27.928   14.54  1503.16
 0.48750D+12 0.10000D+15   0.0300  1   65.85   55.090  0.03522  266.01  261.37  267.63   13.340   28.336   14.37  1503.20
 0.50000D+12 0.10000D+15   0.0300  1   63.86   53.434  0.03463  266.27  261.70  267.81   13.311   28.744   14.21  1503.24
 0.51250D+12 0.10000D+15   0.0300  1   61.89   51.792  0.03406  266.53  262.02  267.99   13.282   29.152   14.05  1503.29
 0.52500D+12 0.10000D+15   0.0300  1   59.94   50.167  0.03352  266.78  262.34  268.17   13.253   29.560   13.89  1503.33
 0.53750D+12 0.10000D+15   0.0300  1   58.01   48.561  0.03300  267.03  262.65  268.34   13.224   29.968   13.73  1503.37
 0.55000D+12 0.10000D+15   0.0300  1   56.10   46.976  0.03250  267.26  262.94  268.51   13.196   30.376   13.58  1503.41
 0.56250D+12 0.10000D+15   0.0300  1   54.23   45.414  0.03202  267.49  263.23  268.67   13.169   30.784   13.44  1503.45
 0.57500D+12 0.10000D+15   0.0300  1   52.38   43.877  0.03156  267.72  263.51  268.83   13.142   31.192   13.29  1503.49
 0.58750D+12 0.10000D+15   0.0300  1   50.57   42.368  0.03112  267.93  263.77  268.99   13.116   31.600   13.15  1503.52
 0.60000D+12 0.10000D+15   0.0300  1   48.79   40.888  0.03070  268.14  264.03  269.15   13.090   32.008   13.01  1503.56
 0.61250D+12 0.10000D+15   0.0300  1   47.04   39.438  0.03030  268.34  264.28  269.30   13.064   32.415   12.87  1503.60
 0.62500D+12 0.10000D+15   0.0300  1   45.34   38.020  0.02991  268.54  264.52  269.45   13.040   32.823   12.74  1503.63
 0.63750D+12 0.10000D+15   0.0300  1   43.67   36.634  0.02955  268.73  264.76  269.59   13.016   33.231   12.61  1503.66
 0.65000D+12 0.10000D+15   0.0300  1   42.05   35.283  0.02920  268.91  264.98  269.73   12.992   33.639   12.48  1503.70
 0.66250D+12 0.10000D+15   0.0300  1   40.47   33.967  0.02887  269.08  265.20  269.86   12.969   34.047   12.36  1503.73
 0.67500D+12 0.10000D+15   0.0300  1   38.93   32.686  0.02855  269.25  265.40  269.99   12.947   34.455   12.23  1503.76
 0.68750D+12 0.10000D+15   0.0300  1   37.43   31.441  0.02825  269.42  265.60  270.12   12.926   34.862   12.11  1503.79
 0.70000D+12 0.10000D+15   0.0300  1   35.98   30.232  0.02796  269.57  265.79  270.24   12.905   35.270   11.99  1503.82
 0.71250D+12 0.10000D+15   0.0300  1   34.57   29.060  0.02769  269.72  265.98  270.36   12.885   35.678   11.87  1503.85
 0.72500D+12 0.10000D+15   0.0300  1   33.20   27.925  0.02743  269.87  266.15  270.47   12.865   36.086   11.76  1503.88
 0.73750D+12 0.10000D+15   0.0300  1   31.88   26.827  0.02718  270.00  266.32  270.58   12.847   36.494   11.64  1503.91
 0.75000D+12 0.10000D+15   0.0300  1   30.60   25.764  0.02695  270.14  266.48  270.69   12.828   36.902   11.53  1503.93
 0.76250D+12 0.10000D+15   0.0300  1   29.37   24.738  0.02672  270.26  266.63  270.79   12.811   37.310   11.42  1503.96
 0.77500D+12 0.10000D+15   0.0300  1   28.18   23.748  0.02651  270.38  266.78  270.89   12.794   37.717   11.31  1503.98
 0.78750D+12 0.10000D+15   0.0300  1   27.03   22.793  0.02631  270.50  266.92  270.98   12.778   38.125   11.21  1504.01
 0.80000D+12 0.10000D+15   0.0300  1   25.92   21.873  0.02611  270.61  267.06  271.07   12.762   38.533   11.10  1504.03
 0.81250D+12 0.10000D+15   0.0300  1   24.86   20.986  0.02593  270.72  267.19  271.16   12.747   38.941   11.00  1504.05
 0.82500D+12 0.10000D+15   0.0300  1   23.83   20.133  0.02576  270.82  267.31  271.24   12.733   39.349   10.90  1504.08
 0.83750D+12 0.10000D+15   0.0300  1   22.85   19.313  0.02559  270.92  267.43  271.32   12.719   39.757   10.80  1504.10
 0.85000D+12 0.10000D+15   0.0300  1   21.90   18.524  0.02543  271.01  267.54  271.40   12.705   40.165   10.70  1504.12
 0.86250D+12 0.10000D+15   0.0300  1   20.99   17.767  0.02529  271.10  267.64  271.47   12.693   40.573   10.60  1504.14
 0.87500D+12 0.10000D+15   0.0300  1   20.11   17.039  0.02514  271.19  267.75  271.55   12.680   40.981   10.51  1504.15
 0.88750D+12 0.10000D+15   0.0300  0   19.82   16.447  0.02503  271.26  267.84  271.60   12.663   41.382   16.45  1504.17
 0.90000D+12 0.10000D+15   0.0300  0   19.67   16.326  0.02501  271.27  267.94  271.61   12.661   41.790   16.33  1504.19
 0.91250D+12 0.10000D+15   0.0300  0   19.53   16.206  0.02498  271.28  268.03  271.63   12.659   42.198   16.21  1504.20
 0.92500D+12 0.10000D+15   0.0300  0   19.39   16.088  0.02496  271.30  268.13  271.64   12.657   42.606   16.09  1504.21
 0.93750D+12 0.10000D+15   0.0300  0   19.25   15.972  0.02494  271.31  268.22  271.65   12.656   43.014   15.97  1504.22
 0.95000D+12 0.10000D+15   0.0300  0   19.11   15.858  0.02492  271.32  268.31  271.66   12.654   43.423   15.86  1504.24
 0.96250D+12 0.10000D+15   0.0300  0   18.97   15.745  0.02490  271.34  268.40  271.67   12.652   43.831   15.74  1504.25
 0.97500D+12 0.10000D+15   0.0300  0   18.84   15.634  0.02487  271.35  268.49  271.68   12.650   44.239   15.63  1504.26
 0.98750D+12 0.10000D+15   0.0300  0   18.71   15.524  0.02485  271.36  268.58  271.69   12.648   44.647   15.52  1504.27
 0.10000D+13 0.10000D+15   0.0300  0   18.58   15.416  0.02483  271.38  268.67  271.70   12.646   45.055   15.42  1504.27
 0.10125D+13 0.10000D+15   0.0300  0   18.45   15.309  0.02481  271.39  268.76  271.71   12.645   45.464   15.31  1504.28
 0.10250D+13 0.10000D+15   0.0300  0   18.32   15.204  0.02479  271.40  268.85  271.72   12.643   45.872   15.20  1504.29
 0.10375D+13 0.10000D+15   0.0300  0   18.20   15.100  0.02477  271.41  268.93  271.73   12.641   46.280   15.10  1504.30
 0.10500D+13 0.10000D+15   0.0300  0   18.07   14.998  0.02475  271.42  269.02  271.74   12.639   46.688   15.00  1504.30
 0.10625D+13 0.10000D+15   0.0300  0   17.95   14.897  0.02473  271.44  269.10  271.75   12.638   47.096   14.90  1504.31
 0.10750D+13 0.10000D+15   0.0300  0   17.83   14.797  0.02472  271.45  269.19  271.76   12.636   47.505   14.80  1504.32
 0.10875D+13 0.10000D+15   0.0300  0   17.71   14.699  0.02470  271.46  269.27  271.77   12.634   47.913   14.70  1504.32
 0.11000D+13 0.10000D+15   0.0300  0   17.60   14.602  0.02468  271.47  269.36  271.78   12.633   48.321   14.60  1504.33
 0.11125D+13 0.10000D+15   0.0300  0   17.48   14.506  0.02466  271.48  269.44  271.79   12.631   48.729   14.51  1504.33
 0.11250D+13 0.10000D+15   0.0300  0   17.37   14.411  0.02464  271.49  269.52  271.80   12.630   49.137   14.41  1504.33
 0.11375D+13 0.10000D+15   0.0300  0   17.25   14.318  0.02463  271.50  269.61  271.81   12.628   49.546   14.32  1504.34
 0.11500D+13 0.10000D+15   0.0300  0   17.14   14.226  0.02461  271.51  269.69  271.82   12.627   49.954   14.23  1504.34
 0.11625D+13 0.10000D+15   0.0300  0   17.03   14.135  0.02459  271.52  269.77  271.83   12.625   50.362   14.13  1504.35
 0.11750D+13 0.10000D+15   0.0300  0   16.92   14.045  0.02458  271.53  269.85  271.83   12.624   50.770   14.05  1504.35
 0.11875D+13 0.10000D+15   0.0300  0   16.82   13.956  0.02456  271.54  269.93  271.84   12.622   51.178   13.96  1504.35
 0.12000D+13 0.10000D+15   0.0300  0   16.71   13.869  0.02454  271.55  270.01  271.85   12.621   51.587   13.87  1504.35
 0.12125D+13 0.10000D+15   0.0300  0   16.61   13.782  0.02453  271.56  270.09  271.86   12.619   51.995   13.78  1504.36
 0.12250D+13 0.10000D+15   0.0300  0   16.51   13.697  0.02451  271.57  270.17  271.87   12.618   52.403   13.70  1504.36
 0.12375D+13 0.10000D+15   0.0300  0   16.40   13.613  0.02450  271.58  270.24  271.88   12.617   52.811   13.61  1504.36
 0.12500D+13 0.10000D+15   0.0300  0   16.30   13.529  0.02448  271.59  270.32  271.88   12.615   53.219   13.53  1504.36
 0.12625D+13 0.10000D+15   0.0300  0   16.20   13.447  0.02447  271.60  270.40  271.89   12.614   53.628   13.45  1504.37
 0.12750D+13 0.10000D+15   0.0300  0   16.11   13.366  0.02445  271.61  270.47  271.90   12.613   54.036   13.37  1504.37
 0.12875D+13 0.10000D+15   0.0300  0   16.01   13.285  0.02444  271.62  270.55  271.91   12.611   54.444   13.29  1504.37
 0.13000D+13 0.10000D+15   0.0300  0   15.91   13.206  0.02442  271.63  270.63  271.92   12.610   54.852   13.21  1504.37
 0.13125D+13 0.10000D+15   0.0300  0   15.82   13.127  0.02441  271.64  270.70  271.92   12.609   55.261   13.13  1504.37
 0.13250D+13 0.10000D+15   0.0300  0   15.73   13.050  0.02439  271.65  270.78  271.93   12.607   55.669   13.05  1504.38
 0.13375D+13 0.10000D+15   0.0300  0   15.63   12.973  0.02438  271.66  270.85  271.94   12.606   56.077   12.97  1504.38
 0.13500D+13 0.10000D+15   0.0300  0   15.54   12.898  0.02436  271.66  270.92  271.94   12.605   56.485   12.90  1504.38
 0.13625D+13 0.10000D+15   0.0300  0   15.45   12.823  0.02435  271.67  271.00  271.95   12.604   56.893   12.82  1504.38
 0.13750D+13 0.10000D+15   0.0300  0   15.36   12.749  0.02434  271.68  271.07  271.96   12.602   57.302   12.75  1504.38
 0.13875D+13 0.10000D+15   0.0300  0   15.27   12.676  0.02432  271.69  271.14  271.97   12.601   57.710   12.68  1504.38
 0.14000D+13 0.10000D+15   0.0300  0   15.19   12.603  0.02431  271.70  271.21  271.97   12.600   58.118   12.60  1504.38
 0.14125D+13 0.10000D+15   0.0300  0   15.10   12.532  0.02430  271.71  271.29  271.98   12.599   58.526   12.53  1504.38
 0.14250D+13 0.10000D+15   0.0300  0   15.02   12.461  0.02428  271.71  271.36  271.99   12.598   58.934   12.46  1504.39
 0.14375D+13 0.10000D+15   0.0300  0   14.93   12.391  0.02427  271.72  271.43  271.99   12.597   59.343   12.39  1504.39
 0.14500D+13 0.10000D+15   0.0300  0   14.85   12.322  0.02426  271.73  271.50  272.00   12.595   59.751   12.32  1504.39
 0.14625D+13 0.10000D+15   0.0300  0   14.77   12.254  0.02425  271.74  271.57  272.01   12.594   60.159   12.25  1504.39
 0.14750D+13 0.10000D+15   0.0300  0   14.68   12.186  0.02423  271.74  271.64  272.01   12.593   60.567   12.19  1504.39
 0.14875D+13 0.10000D+15   0.0300  0   14.60   12.119  0.02422  271.75  271.71  272.02   12.592   60.975   12.12  1504.39
 0.15000D+13 0.10000D+15   0.0300  0   14.52   12.053  0.02421  271.76  271.78  272.03   12.591   61.384   12.05  1504.39
 0.15125D+13 0.10000D+15   0.0300  0   14.45   11.988  0.02420  271.77  271.84  272.03   12.590   61.792   11.99  1504.39
 0.15250D+13 0.10000D+15   0.0300  0   14.37   11.923  0.02419  271.77  271.91  272.04   12.589   62.200   11.92  1504.40
 0.15375D+13 0.10000D+15   0.0300  0   14.29   11.859  0.02418  271.78  271.98  272.04   12.588   62.608   11.86  1504.40
 0.15500D+13 0.10000D+15   0.0300  0   14.21   11.796  0.02416  271.79  272.05  272.05   12.587   63.017   11.80  1504.40
 0.15625D+13 0.10000D+15   0.0300  0   14.14   11.733  0.02415  271.80  272.11  272.06   12.586   63.425   11.73  1504.40
 0.15750D+13 0.10000D+15   0.0300  0   14.06   11.671  0.02414  271.80  267.27  272.06   12.585   63.833   11.67  1504.40
 0.15875D+13 0.10000D+15   0.0300  0   13.99   11.610  0.02413  271.81  267.34  272.07   12.584   64.241   11.61  1504.40
 0.16000D+13 0.10000D+15   0.0300  0   13.92   11.549  0.02412  271.82  267.40  272.07   12.583   64.649   11.55  1504.40
 0.16125D+13 0.10000D+15   0.0300  0   13.84   11.489  0.02411  271.82  267.46  272.08   12.582   65.058   11.49  1504.40
 0.16250D+13 0.10000D+15   0.0300  0   13.77   11.430  0.02410  271.83  267.52  272.09   12.581   65.466   11.43  1504.40
 0.16375D+13 0.10000D+15   0.0300  0   13.70   11.371  0.02409  271.84  267.58  272.09   12.580   65.874   11.37  1504.41
 0.16500D+13 0.10000D+15   0.0300  0   13.63   11.313  0.02408  271.84  267.64  272.10   12.579   66.282   11.31  1504.41
 0.16625D+13 0.10000D+15   0.0300  0   13.56   11.255  0.02407  271.85  267.70  272.10   12.578   66.690   11.25  1504.41
 0.16750D+13 0.10000D+15   0.0300  0   13.49   11.198  0.02406  271.86  267.76  272.11   12.577   67.099   11.20  1504.41
 0.16875D+13 0.10000D+15   0.0300  0   13.43   11.141  0.02405  271.86  267.82  272.11   12.576   67.507   11.14  1504.41
 0.17000D+13 0.10000D+15   0.0300  0   13.36   11.085  0.02404  271.87  267.88  272.12   12.575   67.915   11.09  1504.41
 0.17125D+13 0.10000D+15   0.0300  0   13.29   11.030  0.02403  271.87  267.94  272.12   12.574   68.323   11.03  1504.41
 0.17250D+13 0.10000D+15   0.0300  0   13.22   10.975  0.02402  271.88  268.00  272.13   12.573   68.732   10.98  1504.41
 0.17375D+13 0.10000D+15   0.0300  0   13.16   10.921  0.02401  271.89  268.06  272.13   12.572   69.140   10.92  1504.41
 0.17500D+13 0.10000D+15   0.0300  0   13.09   10.867  0.02400  271.89  268.12  272.14   12.572   69.548   10.87  1504.41
 0.17625D+13 0.10000D+15   0.0300  0   13.03   10.814  0.02399  271.90  268.18  272.14   12.571   69.956   10.81  1504.42
 0.17750D+13 0.10000D+15   0.0300  0   12.97   10.761  0.02398  271.90  268.23  272.15   12.570   70.364   10.76  1504.42
 0.17875D+13 0.10000D+15   0.0300  0   12.90   10.709  0.02397  271.91  268.29  272.15   12.569   70.773   10.71  1504.42
 0.18000D+13 0.10000D+15   0.0300  0   12.84   10.657  0.02396  271.92  268.35  272.16   12.568   71.181   10.66  1504.42
 0.18125D+13 0.10000D+15   0.0300  0   12.78   10.606  0.02395  271.92  268.41  272.16   12.567   71.589   10.61  1504.42
 0.18250D+13 0.10000D+15   0.0300  0   12.72   10.556  0.02394  271.93  268.47  272.17   12.567   71.997   10.56  1504.42
 0.18375D+13 0.10000D+15   0.0300  0   12.66   10.505  0.02393  271.93  268.52  272.17   12.566   72.405   10.51  1504.42
 0.18500D+13 0.10000D+15   0.0300  0   12.60   10.456  0.02392  271.94  268.58  272.18   12.565   72.814   10.46  1504.42
 0.18625D+13 0.10000D+15   0.0300  0   12.54   10.406  0.02392  271.94  268.64  272.18   12.564   73.222   10.41  1504.42
 0.18750D+13 0.10000D+15   0.0300  0   12.48   10.357  0.02391  271.95  268.70  272.19   12.563   73.630   10.36  1504.42
 0.18875D+13 0.10000D+15   0.0300  0   12.42   10.309  0.02390  271.96  268.75  272.19   12.562   74.038   10.31  1504.42
 0.19000D+13 0.10000D+15   0.0300  0   12.36   10.261  0.02389  271.96  268.81  272.20   12.562   74.447   10.26  1504.42
 0.19125D+13 0.10000D+15   0.0300  0   12.31   10.214  0.02388  271.97  268.86  272.20   12.561   74.855   10.21  1504.43
 0.19250D+13 0.10000D+15   0.0300  0   12.25   10.167  0.02387  271.97  268.92  272.21   12.560   75.263   10.17  1504.43
 0.19375D+13 0.10000D+15   0.0300  0   12.19   10.120  0.02387  271.98  268.98  272.21   12.559   75.671   10.12  1504.43
 0.19500D+13 0.10000D+15   0.0300  0   12.14   10.074  0.02386  271.98  269.03  272.21   12.559   76.079   10.07  1504.43
 0.19625D+13 0.10000D+15   0.0300  0   12.08   10.028  0.02385  271.99  269.09  272.22   12.558   76.488   10.03  1504.43
 0.19750D+13 0.10000D+15   0.0300  0   12.03    9.983  0.02384  271.99  269.14  272.22   12.557   76.896    9.98  1504.43
 0.19875D+13 0.10000D+15   0.0300  0   11.97    9.938  0.02383  272.00  269.20  272.23   12.556   77.304    9.94  1504.43
 0.20000D+13 0.10000D+15   0.0300  0   11.92    9.893  0.02383  272.00  269.25  272.23   12.556   77.712    9.89  1504.43
 0.20125D+13 0.10000D+15   0.0300  0   11.87    9.849  0.02382  272.01  269.31  272.24   12.555   78.120    9.85  1504.43
 0.20250D+13 0.10000D+15   0.0300  0   11.82    9.805  0.02381  272.01  269.36  272.24   12.554   78.529    9.81  1504.43
 0.20375D+13 0.10000D+15   0.0300  0   11.76    9.762  0.02380  272.02  269.42  272.24   12.554   78.937    9.76  1504.43
 0.20500D+13 0.10000D+15   0.0300  0   11.71    9.719  0.02380  272.02  269.47  272.25   12.553   79.345    9.72  1504.43
 0.20625D+13 0.10000D+15   0.0300  0   11.66    9.676  0.02379  272.03  269.53  272.25   12.552   79.753    9.68  1504.44
 0.20750D+13 0.10000D+15   0.0300  0   11.61    9.634  0.02378  272.03  269.58  272.26   12.551   80.162    9.63  1504.44
 0.20875D+13 0.10000D+15   0.0300  0   11.56    9.592  0.02377  272.04  269.63  272.26   12.551   80.570    9.59  1504.44
 0.21000D+13 0.10000D+15   0.0300  0   11.51    9.551  0.02377  272.04  269.69  272.26   12.550   80.978    9.55  1504.44
 0.21125D+13 0.10000D+15   0.0300  0   11.46    9.510  0.02376  272.04  269.74  272.27   12.549   81.386    9.51  1504.44
 0.21250D+13 0.10000D+15   0.0300  0   11.41    9.469  0.02375  272.05  269.80  272.27   12.549   81.794    9.47  1504.44
 0.21375D+13 0.10000D+15   0.0300  0   11.36    9.429  0.02374  272.05  269.85  272.28   12.548   82.203    9.43  1504.44
 0.21500D+13 0.10000D+15   0.0300  0   11.31    9.388  0.02374  272.06  269.90  272.28   12.547   82.611    9.39  1504.44
 0.21625D+13 0.10000D+15   0.0300  0   11.26    9.349  0.02373  272.06  269.95  272.28   12.547   83.019    9.35  1504.44
 0.21750D+13 0.10000D+15   0.0300  0   11.22    9.309  0.02372  272.07  270.01  272.29   12.546   83.427    9.31  1504.44
 0.21875D+13 0.10000D+15   0.0300  0   11.17    9.270  0.02372  272.07  270.06  272.29   12.546   83.835    9.27  1504.44
 0.22000D+13 0.10000D+15   0.0300  0   11.12    9.231  0.02371  272.08  270.11  272.29   12.545   84.244    9.23  1504.44
 0.22125D+13 0.10000D+15   0.0300  0   11.08    9.193  0.02370  272.08  270.16  272.30   12.544   84.652    9.19  1504.44
 0.22250D+13 0.10000D+15   0.0300  0   11.03    9.155  0.02370  272.08  270.22  272.30   12.544   85.060    9.15  1504.44
 0.22375D+13 0.10000D+15   0.0300  0   10.99    9.117  0.02369  272.09  270.27  272.31   12.543   85.468    9.12  1504.44
 0.22500D+13 0.10000D+15   0.0300  0   10.94    9.079  0.02368  272.09  270.32  272.31   12.542   85.877    9.08  1504.45
 0.22625D+13 0.10000D+15   0.0300  0   10.90    9.042  0.02368  272.10  270.37  272.31   12.542   86.285    9.04  1504.45
 0.22750D+13 0.10000D+15   0.0300  0   10.85    9.005  0.02367  272.10  270.42  272.32   12.541   86.693    9.01  1504.45
 0.22875D+13 0.10000D+15   0.0300  0   10.81    8.969  0.02366  272.10  270.47  272.32   12.541   87.101    8.97  1504.45
 0.23000D+13 0.10000D+15   0.0300  0   10.76    8.932  0.02366  272.11  270.52  272.32   12.540   87.509    8.93  1504.45
 0.23125D+13 0.10000D+15   0.0300  0   10.72    8.896  0.02365  272.11  270.58  272.33   12.539   87.918    8.90  1504.45
 0.23250D+13 0.10000D+15   0.0300  0   10.68    8.861  0.02365  272.12  270.63  272.33   12.539   88.326    8.86  1504.45
 0.23375D+13 0.10000D+15   0.0300  0   10.63    8.825  0.02364  272.12  270.68  272.33   12.538   88.734    8.83  1504.45
 0.23500D+13 0.10000D+15   0.0300  0   10.59    8.790  0.02363  272.12  270.73  272.34   12.538   89.142    8.79  1504.45
 0.23625D+13 0.10000D+15   0.0300  0   10.55    8.755  0.02363  272.13  270.78  272.34   12.537   89.550    8.76  1504.45
 0.23750D+13 0.10000D+15   0.0300  0   10.51    8.721  0.02362  272.13  270.83  272.34   12.537   89.959    8.72  1504.45
 0.23875D+13 0.10000D+15   0.0300  0   10.47    8.686  0.02362  272.14  270.88  272.35   12.536   90.367    8.69  1504.45
 0.24000D+13 0.10000D+15   0.0300  0   10.43    8.652  0.02361  272.14  270.93  272.35   12.535   90.775    8.65  1504.45
 0.24125D+13 0.10000D+15   0.0300  0   10.38    8.619  0.02360  272.14  270.98  272.35   12.535   91.183    8.62  1504.45
 0.24250D+13 0.10000D+15   0.0300  0   10.34    8.585  0.02360  272.15  271.03  272.36   12.534   91.592    8.59  1504.45
 0.24375D+13 0.10000D+15   0.0300  0   10.30    8.552  0.02359  272.15  271.08  272.36   12.534   92.000    8.55  1504.45
 0.24500D+13 0.10000D+15   0.0300  0   10.26    8.519  0.02359  272.15  271.13  272.36   12.533   92.408    8.52  1504.45
 0.24625D+13 0.10000D+15   0.0300  0   10.22    8.486  0.02358  272.16  271.18  272.37   12.533   92.816    8.49  1504.46
 0.24750D+13 0.10000D+15   0.0300  0   10.19    8.453  0.02358  272.16  271.23  272.37   12.532   93.224    8.45  1504.46
 0.24875D+13 0.10000D+15   0.0300  0   10.15    8.421  0.02357  272.17  271.27  272.37   12.532   93.633    8.42  1504.46
 0.25000D+13 0.10000D+15   0.0300  0   10.11    8.389  0.02356  272.17  271.32  272.37   12.531   94.041    8.39  1504.46
 0.25125D+13 0.10000D+15   0.0300  0   10.07    8.357  0.02356  272.17  271.37  272.38   12.531   94.449    8.36  1504.46
 0.25250D+13 0.10000D+15   0.0300  0   10.03    8.326  0.02355  272.18  271.42  272.38   12.530   94.857    8.33  1504.46
 0.25375D+13 0.10000D+15   0.0300  0    9.99    8.295  0.02355  272.18  271.47  272.38   12.530   95.265    8.29  1504.46
 0.25500D+13 0.10000D+15   0.0300  0    9.96    8.264  0.02354  272.18  271.52  272.39   12.529   95.674    8.26  1504.46
 0.25625D+13 0.10000D+15   0.0300  0    9.92    8.233  0.02354  272.19  271.56  272.39   12.529   96.082    8.23  1504.46
 0.25750D+13 0.10000D+15   0.0300  0    9.88    8.202  0.02353  272.19  271.61  272.39   12.528   96.490    8.20  1504.46
 0.25875D+13 0.10000D+15   0.0300  0    9.85    8.172  0.02353  272.19  271.66  272.40   12.528   96.898    8.17  1504.46
 0.26000D+13 0.10000D+15   0.0300  0    9.81    8.142  0.02352  272.20  271.71  272.40   12.527   97.307    8.14  1504.46
 0.26125D+13 0.10000D+15   0.0300  0    9.77    8.112  0.02352  272.20  271.76  272.40   12.527   97.715    8.11  1504.46
 0.26250D+13 0.10000D+15   0.0300  0    9.74    8.082  0.02351  272.20  271.80  272.40   12.526   98.123    8.08  1504.46
 0.26375D+13 0.10000D+15   0.0300  0    9.70    8.052  0.02351  272.21  271.85  272.41   12.526   98.531    8.05  1504.46
 0.26500D+13 0.10000D+15   0.0300  0    9.67    8.023  0.02350  272.21  271.90  272.41   12.525   98.939    8.02  1504.46
 0.26625D+13 0.10000D+15   0.0300  0    9.63    7.994  0.02350  272.21  271.95  272.41   12.525   99.348    7.99  1504.46
 0.26750D+13 0.10000D+15   0.0300  0    9.60    7.965  0.02349  272.22  271.99  272.41   12.524   99.756    7.97  1504.46
 0.26875D+13 0.10000D+15   0.0300  0    9.56    7.937  0.02349  272.22  272.04  272.42   12.524  100.164    7.94  1504.46
 0.27000D+13 0.10000D+15   0.0300  0    9.53    7.908  0.02348  272.22  272.09  272.42   12.523  100.572    7.91  1504.46
 0.27125D+13 0.10000D+15   0.0300  0    9.49    7.880  0.02348  272.22  272.13  272.42   12.523  100.981    7.88  1504.47
 0.27250D+13 0.10000D+15   0.0300  0    9.46    7.852  0.02347  272.23  272.18  272.43   12.522  101.389    7.85  1504.47
 0.27375D+13 0.10000D+15   0.0300  0    9.43    7.824  0.02347  272.23  272.23  272.43   12.522  101.797    7.82  1504.47
 0.27500D+13 0.10000D+15   0.0300  0    9.39    7.796  0.02346  272.23  272.27  272.43   12.522  102.205    7.80  1504.47
 0.27625D+13 0.10000D+15   0.0300  0    9.36    7.769  0.02346  272.24  272.32  272.43   12.521  102.613    7.77  1504.47
 0.27750D+13 0.10000D+15   0.0300  0    9.33    7.742  0.02345  272.24  272.36  272.44   12.521  103.022    7.74  1504.47
 0.27875D+13 0.10000D+15   0.0300  0    9.30    7.715  0.02345  272.24  272.41  272.44   12.520  103.430    7.71  1504.47
 0.28000D+13 0.10000D+15   0.0300  0    9.26    7.688  0.02344  272.25  272.46  272.44   12.520  103.838    7.69  1504.47
 0.28125D+13 0.10000D+15   0.0300  0    9.23    7.661  0.02344  272.25  272.50  272.44   12.519  104.246    7.66  1504.47
 0.28250D+13 0.10000D+15   0.0300  0    9.20    7.635  0.02344  272.25  272.55  272.45   12.519  104.654    7.63  1504.47
 0.28375D+13 0.10000D+15   0.0300  0    9.17    7.608  0.02343  272.25  272.59  272.45   12.518  105.063    7.61  1504.47
 0.28500D+13 0.10000D+15   0.0300  0    9.14    7.582  0.02343  272.26  272.64  272.45   12.518  105.471    7.58  1504.47
 0.28625D+13 0.10000D+15   0.0300  0    9.10    7.556  0.02342  272.26  272.68  272.45   12.518  105.879    7.56  1504.47
 0.28750D+13 0.10000D+15   0.0300  0    9.07    7.530  0.02342  272.26  272.73  272.46   12.517  106.287    7.53  1504.47
 0.28875D+13 0.10000D+15   0.0300  0    9.04    7.505  0.02341  272.27  272.77  272.46   12.517  106.696    7.50  1504.47
 0.29000D+13 0.10000D+15   0.0300  0    9.01    7.479  0.02341  272.27  272.82  272.46   12.516  107.104    7.48  1504.47
 0.29125D+13 0.10000D+15   0.0300  0    8.98    7.454  0.02340  272.27  272.86  272.46   12.516  107.512    7.45  1504.47
 0.29250D+13 0.10000D+15   0.0300  0    8.95    7.429  0.02340  272.27  272.91  272.47   12.516  107.920    7.43  1504.47
 0.29375D+13 0.10000D+15   0.0300  0    8.92    7.404  0.02340  272.28  272.95  272.47   12.515  108.328    7.40  1504.47
 0.29500D+13 0.10000D+15   0.0300  0    8.89    7.379  0.02339  272.28  273.00  272.47   12.515  108.737    7.38  1504.47
 0.29625D+13 0.10000D+15   0.0300  0    8.86    7.355  0.02339  272.28  273.04  272.47   12.514  109.145    7.35  1504.47
 0.29750D+13 0.10000D+15   0.0300  0    8.83    7.330  0.02338  272.29  273.08  272.47   12.514  109.553    7.33  1504.47
 0.29875D+13 0.10000D+15   0.0300  0    8.80    7.306  0.02338  272.29  273.13  272.48   12.514  109.961    7.31  1504.47
 0.30000D+13 0.10000D+15   0.0300  0    8.77    7.282  0.02338  272.29  273.17  272.48   12.513  110.370    7.28  1504.48
