R_tot = 1561.0 R_core =  1400.0  Tsurf =   100.00  g =  1.310
     Pint       etaref      pCLA conv P(MPa)   zbot     %vol    Tbot     Tm      TH2O      Fbot     Ftop     dlid   T_core
 0.00000D+00 0.32000D+14   0.0000  1  193.29  161.000  0.00000  253.41  241.68  253.41   24.606   19.792   16.89  1502.13
 0.12500D+11 0.32000D+14   0.0000  1  193.32  161.000  0.00000  253.41  241.93  253.41   25.082   20.583   17.00  1502.13
 0.25000D+11 0.32000D+14   0.0000  1  193.33  161.000  0.00000  253.41  242.18  253.41   24.860   20.813   16.81  1502.13
 0.37500D+11 0.32000D+14   0.0000  1  193.34  161.000  0.00000  253.41  242.42  253.41   24.637   21.042   16.63  1502.13
 0.50000D+11 0.32000D+14   0.0000  1  193.35  161.000  0.00000  253.41  242.66  253.41   24.412   21.269   16.45  1502.13
 0.62500D+11 0.32000D+14   0.0000  1  193.35  161.000  0.00000  253.41  242.89  253.41   24.185   21.495   16.28  1502.13
 0.75000D+11 0.32000D+14   0.0000  1  193.36  161.000  0.00000  253.41  243.12  253.41   23.956   21.719   16.11  1502.13
 0.87500D+11 0.32000D+14   0.0000  1  193.37  161.000  0.00000  253.41  243.35  253.41   23.726   21.942   15.95  1502.13
 0.10000D+12 0.32000D+14   0.0000  1  193.38  161.000  0.00000  253.41  243.57  253.41   23.495   22.164   15.79  1502.13
 0.11250D+12 0.32000D+14   0.0000  1  193.39  161.000  0.00000  253.41  243.79  253.41   23.261   22.384   15.63  1502.13
 0.12500D+12 0.32000D+14   0.0000  1  193.40  161.000  0.00000  253.41  244.01  253.41   23.027   22.604   15.48  1502.13
 0.13750D+12 0.32000D+14   0.0000  1  193.40  161.000  0.00000  253.41  244.22  253.41   22.790   22.822   15.33  1502.13
 0.15000D+12 0.32000D+14   0.0000  1  193.41  161.000  0.00000  253.41  244.43  253.41   22.553   23.039   15.19  1502.13
 0.16250D+12 0.32000D+14   0.0000  1  193.42  161.000  0.00000  253.41  244.64  253.41   22.314   23.255   15.05  1502.13
 0.17500D+12 0.32000D+14   0.0000  1  193.43  161.000  0.00000  253.41  244.85  253.41   22.074   23.470   14.91  1502.13
 0.18750D+12 0.32000D+14   0.0000  1  193.44  161.000  0.00000  253.41  245.05  253.41   21.832   23.684   14.78  1502.13
 0.20000D+12 0.32000D+14   0.0000  1  193.44  161.000  0.00000  253.41  245.25  253.41   21.589   23.897   14.64  1502.14
 0.21250D+12 0.32000D+14   0.0000  1  193.45  161.000  0.00000  253.41  245.45  253.41   21.345   24.109   14.51  1502.14
 0.22500D+12 0.32000D+14   0.0000  1  193.46  161.000  0.00000  253.41  245.65  253.41   21.100   24.320   14.39  1502.14
 0.23750D+12 0.32000D+14   0.0000  1  193.47  161.000  0.00000  253.41  245.84  253.41   20.854   24.530   14.27  1502.14
 0.25000D+12 0.32000D+14   0.0000  1  193.48  161.000  0.00000  253.41  246.04  253.41   20.607   24.740   14.14  1502.14
 0.26250D+12 0.32000D+14   0.0000  1  193.48  161.000  0.00000  253.41  246.23  253.41   20.358   24.948   14.03  1502.14
 0.27500D+12 0.32000D+14   0.0000  1  193.49  161.000  0.00000  253.41  246.41  253.41   20.109   25.155   13.91  1502.14
 0.28750D+12 0.32000D+14   0.0000  1  193.50  161.000  0.00000  253.41  246.60  253.41   19.858   25.362   13.80  1502.14
 0.30000D+12 0.32000D+14   0.0000  1  193.51  161.000  0.00000  253.41  246.78  253.41   19.606   25.568   13.69  1502.14
 0.31250D+12 0.32000D+14   0.0000  1  193.51  161.000  0.00000  253.41  246.96  253.41   19.354   25.773   13.58  1502.14
 0.32500D+12 0.32000D+14   0.0000  1  193.52  161.000  0.00000  253.41  247.14  253.41   19.100   25.977   13.47  1502.14
 0.33750D+12 0.32000D+14   0.0000  1  193.53  161.000  0.00000  253.41  247.32  253.41   18.846   26.181   13.37  1502.14
 0.35000D+12 0.32000D+14   0.0000  1  193.54  161.000  0.00000  253.41  247.50  253.41   18.590   26.383   13.26  1502.14
 0.36250D+12 0.32000D+14   0.0000  1  193.55  161.000  0.00000  253.41  247.67  253.41   18.334   26.585   13.16  1502.14
 0.37500D+12 0.32000D+14   0.0000  1  193.55  161.000  0.00000  253.41  247.85  253.41   18.077   26.787   13.06  1502.14
 0.38750D+12 0.32000D+14   0.0000  1  193.56  161.000  0.00000  253.41  248.02  253.41   17.819   26.987   12.97  1502.14
 0.40000D+12 0.32000D+14   0.0000  1  193.57  161.000  0.00000  253.41  248.19  253.41   17.560   27.187   12.87  1502.14
 0.41250D+12 0.32000D+14   0.0000  1  193.58  161.000  0.00000  253.41  248.35  253.41   17.300   27.387   12.78  1502.14
 0.42500D+12 0.32000D+14   0.0000  1  193.59  161.000  0.00000  253.41  248.52  253.41   17.040   27.585   12.69  1502.14
 0.43750D+12 0.32000D+14   0.0000  1  193.60  161.000  0.00000  253.41  248.69  253.41   16.778   27.783   12.60  1502.14
 0.45000D+12 0.32000D+14   0.0000  1  193.60  161.000  0.00000  253.41  248.85  253.41   16.516   27.981   12.51  1502.15
 0.46250D+12 0.32000D+14   0.0000  1  193.61  161.000  0.00000  253.41  249.01  253.41   16.253   28.178   12.42  1502.15
 0.47500D+12 0.32000D+14   0.0000  1  193.62  161.000  0.00000  253.41  249.17  253.41   15.990   28.374   12.33  1502.15
 0.48750D+12 0.32000D+14   0.0000  1  193.63  161.000  0.00000  253.41  249.33  253.41   15.725   28.569   12.25  1502.15
 0.50000D+12 0.32000D+14   0.0000  1  193.64  161.000  0.00000  253.41  249.49  253.41   15.460   28.764   12.17  1502.15
 0.51250D+12 0.32000D+14   0.0000  1  193.65  161.000  0.00000  253.41  249.64  253.41   15.195   28.959   12.08  1502.15
 0.52500D+12 0.32000D+14   0.0000  1  193.66  161.000  0.00000  253.41  249.80  253.41   14.928   29.153   12.00  1502.15
 0.53750D+12 0.32000D+14   0.0000  1  193.67  161.000  0.00000  253.41  249.95  253.41   14.661   29.346   11.92  1502.15
 0.55000D+12 0.32000D+14   0.0000  1  193.68  161.000  0.00000  253.41  250.10  253.41   14.393   29.539   11.85  1502.15
 0.56250D+12 0.32000D+14   0.0000  1  193.69  161.000  0.00000  253.41  250.26  253.41   14.125   29.731   11.77  1502.15
 0.57500D+12 0.32000D+14   0.0000  1  193.70  161.000  0.00000  253.41  250.41  253.41   13.856   29.923   11.69  1502.15
 0.58750D+12 0.32000D+14   0.0000  1  193.71  161.000  0.00000  253.41  250.55  253.41   13.586   30.114   11.62  1502.15
 0.60000D+12 0.32000D+14   0.0000  1  193.72  161.000  0.00000  253.41  250.70  253.41   13.316   30.305   11.55  1502.16
 0.61250D+12 0.32000D+14   0.0000  1  193.73  161.000  0.00000  253.41  250.85  253.41   13.045   30.496   11.48  1502.16
 0.62500D+12 0.32000D+14   0.0000  1  193.74  161.000  0.00000  253.41  250.99  253.41   12.773   30.685   11.40  1502.16
 0.63750D+12 0.32000D+14   0.0000  1  193.75  161.000  0.00000  253.41  251.14  253.41   12.501   30.875   11.33  1502.16
 0.65000D+12 0.32000D+14   0.0000  1  193.76  161.000  0.00000  253.41  251.28  253.41   12.229   31.064   11.27  1502.16
 0.66250D+12 0.32000D+14   0.0000  1  193.78  161.000  0.00000  253.41  251.42  253.41   11.955   31.252   11.20  1502.16
 0.67500D+12 0.32000D+14   0.0000  1  193.79  161.000  0.00000  253.41  251.56  253.41   11.682   31.440   11.13  1502.16
 0.68750D+12 0.32000D+14   0.0000  1  193.80  161.000  0.00000  253.41  251.70  253.41   11.407   31.628   11.06  1502.17
 0.70000D+12 0.32000D+14   0.0000  1  193.82  161.000  0.00000  253.41  251.84  253.41   11.132   31.815   11.00  1502.20
 0.71250D+12 0.32000D+14   0.0000  1  193.83  161.000  0.00000  253.41  251.98  253.41   10.857   32.001   10.94  1502.23
 0.72500D+12 0.32000D+14   0.0000  1  193.85  161.000  0.00000  253.41  252.12  253.41   10.581   32.188   10.87  1502.27
 0.73750D+12 0.32000D+14   0.0000  1  193.86  161.000  0.00000  253.41  252.25  253.41   10.305   32.374   10.81  1502.32
 0.75000D+12 0.32000D+14   0.0000  1  193.88  161.000  0.00000  253.41  252.39  253.41   10.028   32.559   10.75  1502.36
 0.76250D+12 0.32000D+14   0.0000  1  193.89  161.000  0.00000  253.41  252.52  253.41    9.750   32.744   10.69  1502.41
 0.77500D+12 0.32000D+14   0.0000  1  193.91  161.000  0.00000  253.41  252.66  253.41    9.472   32.929   10.63  1502.46
 0.78750D+12 0.32000D+14   0.0000  1  193.93  161.000  0.00000  253.41  252.79  253.41    9.194   33.113   10.57  1502.50
 0.80000D+12 0.32000D+14   0.0000  1  193.95  161.000  0.00000  253.41  252.92  253.41    8.915   33.297   10.51  1502.55
 0.81250D+12 0.32000D+14   0.0000  1  193.97  161.000  0.00000  253.41  253.05  253.41    8.636   33.480   10.45  1502.61
 0.82500D+12 0.32000D+14   0.0000  1  193.99  161.000  0.00000  253.41  253.18  253.41    8.356   33.663   10.40  1502.66
 0.83750D+12 0.32000D+14   0.0000  1  194.02  161.000  0.00000  253.41  253.31  253.41    8.075   33.846   10.34  1502.71
 0.85000D+12 0.32000D+14   0.0000  1  192.30  159.561  0.00000  253.66  253.63  253.66    7.899   34.125   10.28  1502.77
 0.86250D+12 0.32000D+14   0.0000  1  188.31  156.250  0.00000  254.21  254.21  254.21    7.857   34.530   10.22  1502.83
 0.87500D+12 0.32000D+14   0.0000  1  184.33  152.946  0.00000  254.74  254.78  254.74    7.816   34.935   10.16  1502.88
 0.88750D+12 0.32000D+14   0.0000  1  180.36  149.651  0.00000  255.27  255.33  255.27    7.776   35.340   10.10  1502.94
 0.90000D+12 0.32000D+14   0.0000  1  176.40  146.368  0.00000  255.79  255.87  255.79    7.736   35.745   10.05  1502.99
 0.91250D+12 0.32000D+14   0.0000  1  172.46  143.098  0.00000  256.30  256.40  256.30    7.696   36.150    9.99  1503.04
 0.92500D+12 0.32000D+14   0.0000  1  168.54  139.845  0.00000  256.80  256.92  256.80    7.657   36.555    9.93  1503.10
 0.93750D+12 0.32000D+14   0.0000  1  164.64  136.610  0.00000  257.28  257.43  257.28    7.619   36.960    9.88  1503.15
 0.95000D+12 0.32000D+14   0.0000  1  160.77  133.395  0.00000  257.76  257.92  257.76    7.580   37.365    9.82  1503.20
 0.96250D+12 0.32000D+14   0.0000  1  156.92  130.203  0.00000  258.23  258.41  258.23    7.543   37.770    9.77  1503.24
 0.97500D+12 0.32000D+14   0.0000  1  153.10  127.036  0.00000  258.68  258.88  258.68    7.506   38.175    9.71  1503.29
 0.98750D+12 0.32000D+14   0.0000  1  149.32  123.897  0.00000  259.13  259.34  259.13    7.469   38.580    9.66  1503.34
 0.10000D+13 0.32000D+14   0.0000  1  145.57  120.787  0.00000  259.57  259.79  259.57    7.433   38.985    9.60  1503.38
 0.10125D+13 0.32000D+14   0.0000  1  141.86  117.708  0.00000  259.99  260.22  259.99    7.398   39.390    9.55  1503.43
 0.10250D+13 0.32000D+14   0.0000  1  138.19  114.662  0.00000  260.41  260.65  260.41    7.363   39.795    9.50  1503.47
 0.10375D+13 0.32000D+14   0.0000  1  134.56  111.652  0.00000  260.81  261.06  260.81    7.328   40.200    9.45  1503.51
 0.10500D+13 0.32000D+14   0.0000  1  130.98  108.679  0.00000  261.21  261.47  261.21    7.295   40.605    9.39  1503.55
 0.10625D+13 0.32000D+14   0.0000  1  127.44  105.745  0.00000  261.60  261.86  261.60    7.262   41.010    9.34  1503.59
 0.10750D+13 0.32000D+14   0.0000  1  123.96  102.852  0.00000  261.97  262.24  261.97    7.229   41.415    9.29  1503.63
 0.10875D+13 0.32000D+14   0.0000  1  120.52  100.002  0.00000  262.34  262.61  262.34    7.198   41.820    9.24  1503.67
 0.11000D+13 0.32000D+14   0.0000  1  117.14   97.195  0.00000  262.70  262.97  262.70    7.166   42.225    9.19  1503.70
 0.11125D+13 0.32000D+14   0.0000  1  113.81   94.434  0.00000  263.04  263.32  263.04    7.136   42.630    9.14  1503.74
 0.11250D+13 0.32000D+14   0.0000  1  110.54   91.719  0.00000  263.38  263.66  263.38    7.106   43.035    9.09  1503.77
 0.11375D+13 0.32000D+14   0.0000  1  107.33   89.053  0.00000  263.71  263.99  263.71    7.077   43.441    9.04  1503.81
 0.11500D+13 0.32000D+14   0.0000  1  104.17   86.435  0.00000  264.03  264.30  264.03    7.049   43.846    8.99  1503.84
 0.11625D+13 0.32000D+14   0.0000  1  101.08   83.868  0.00000  264.34  264.61  264.34    7.021   44.251    8.94  1503.87
 0.11750D+13 0.32000D+14   0.0000  1   98.04   81.351  0.00000  264.64  264.91  264.64    6.994   44.656    8.89  1503.90
 0.11875D+13 0.32000D+14   0.0000  1   95.07   78.886  0.00000  264.93  265.20  264.93    6.967   45.062    8.84  1503.93
 0.12000D+13 0.32000D+14   0.0000  1   92.17   76.474  0.00000  265.22  265.48  265.22    6.941   45.467    8.79  1503.96
 0.12125D+13 0.32000D+14   0.0000  1   89.32   74.114  0.00000  265.49  265.75  265.49    6.916   45.873    8.74  1503.99
 0.12250D+13 0.32000D+14   0.0000  1   86.54   71.808  0.00000  265.76  266.01  265.76    6.892   46.278    8.69  1504.02
 0.12375D+13 0.32000D+14   0.0000  1   83.83   69.556  0.00000  266.02  266.26  266.02    6.868   46.683    8.64  1504.04
 0.12500D+13 0.32000D+14   0.0000  1   81.18   67.357  0.00000  266.27  266.50  266.27    6.845   47.089    8.59  1504.07
 0.12625D+13 0.32000D+14   0.0000  1   78.59   65.212  0.00000  266.51  266.73  266.51    6.823   47.495    8.54  1504.09
 0.12750D+13 0.32000D+14   0.0000  1   76.07   63.122  0.00000  266.75  266.96  266.75    6.801   47.900    8.50  1504.12
 0.12875D+13 0.32000D+14   0.0000  1   73.62   61.085  0.00000  266.97  267.18  266.97    6.779   48.306    8.45  1504.14
 0.13000D+13 0.32000D+14   0.0000  1   71.23   59.101  0.00000  267.19  267.38  267.19    6.759   48.712    8.40  1504.16
 0.13125D+13 0.32000D+14   0.0000  1   68.90   57.172  0.00000  267.41  267.59  267.41    6.739   49.118    8.35  1504.19
 0.13250D+13 0.32000D+14   0.0000  1   66.64   55.295  0.00000  267.61  267.78  267.61    6.720   49.523    8.30  1504.21
 0.13375D+13 0.32000D+14   0.0000  1   64.44   53.470  0.00000  267.81  267.97  267.81    6.701   49.929    8.26  1504.23
 0.13500D+13 0.32000D+14   0.0000  1   62.31   51.698  0.00000  268.00  268.14  268.00    6.683   50.335    8.21  1504.25
 0.13625D+13 0.32000D+14   0.0000  1   60.23   49.976  0.00000  268.19  268.32  268.19    6.665   50.741    8.16  1504.27
 0.13750D+13 0.32000D+14   0.0000  1   58.22   48.306  0.00000  268.37  268.48  268.37    6.648   51.147    8.11  1504.28
 0.13875D+13 0.32000D+14   0.0000  1   56.27   46.685  0.00000  268.54  268.64  268.54    6.632   51.554    8.07  1504.30
 0.14000D+13 0.32000D+14   0.0000  1   54.37   45.114  0.00000  268.70  268.79  268.70    6.616   51.960    8.02  1504.32
 0.14125D+13 0.32000D+14   0.0000  1   52.54   43.591  0.00000  268.86  268.94  268.86    6.601   52.366    7.97  1504.34
 0.14250D+13 0.32000D+14   0.0000  1   50.76   42.115  0.00000  269.02  269.08  269.02    6.586   52.772    7.93  1504.35
 0.14375D+13 0.32000D+14   0.0000  1   49.04   40.686  0.00000  269.17  269.21  269.17    6.571   53.179    7.88  1504.37
 0.14500D+13 0.32000D+14   0.0000  1   47.37   39.303  0.00000  269.31  269.34  269.31    6.558   53.585    7.83  1504.38
 0.14625D+13 0.32000D+14   0.0000  1   45.75   37.964  0.00000  269.45  269.46  269.45    6.544   53.992    7.79  1504.40
 0.14750D+13 0.32000D+14   0.0000  1   44.19   36.669  0.00000  269.58  269.58  269.58    6.531   54.398    7.74  1504.41
 0.14875D+13 0.32000D+14   0.0000  1   42.68   35.416  0.00000  269.71  269.69  269.71    6.519   54.805    7.70  1504.42
 0.15000D+13 0.32000D+14   0.0000  1   41.21   34.205  0.00000  269.84  269.80  269.84    6.507   55.211    7.65  1504.44
 0.15125D+13 0.32000D+14   0.0000  1   39.80   33.034  0.00000  269.96  269.90  269.96    6.495   55.618    7.61  1504.45
 0.15250D+13 0.32000D+14   0.0000  1   38.43   31.902  0.00000  270.07  270.00  270.07    6.484   56.025    7.56  1504.46
 0.15375D+13 0.32000D+14   0.0000  1   37.11   30.810  0.00000  270.18  270.09  270.18    6.473   56.432    7.52  1504.47
 0.15500D+13 0.32000D+14   0.0000  1   35.83   29.754  0.00000  270.29  270.18  270.29    6.463   56.838    7.47  1504.48
 0.15625D+13 0.32000D+14   0.0000  1   34.60   28.735  0.00000  270.39  270.27  270.39    6.453   57.245    7.43  1504.50
 0.15750D+13 0.32000D+14   0.0000  1   33.41   27.750  0.00000  270.49  270.35  270.49    6.444   57.652    7.39  1504.51
 0.15875D+13 0.32000D+14   0.0000  1   32.26   26.801  0.00000  270.58  270.43  270.58    6.434   58.059    7.34  1504.52
 0.16000D+13 0.32000D+14   0.0000  1   31.15   25.884  0.00000  270.68  270.50  270.68    6.425   58.466    7.30  1504.53
 0.16125D+13 0.32000D+14   0.0000  1   30.08   24.999  0.00000  270.76  270.57  270.76    6.417   58.873    7.26  1504.53
 0.16250D+13 0.32000D+14   0.0000  1   29.05   24.146  0.00000  270.85  270.64  270.85    6.409   59.280    7.22  1504.54
 0.16375D+13 0.32000D+14   0.0000  1   28.05   23.322  0.00000  270.93  270.70  270.93    6.401   59.688    7.17  1504.55
 0.16500D+13 0.32000D+14   0.0000  1   27.09   22.528  0.00000  271.01  270.76  271.01    6.393   60.095    7.13  1504.56
 0.16625D+13 0.32000D+14   0.0000  1   26.16   21.762  0.00000  271.08  270.82  271.08    6.386   60.502    7.09  1504.57
 0.16750D+13 0.32000D+14   0.0000  1   25.27   21.023  0.00000  271.16  270.87  271.16    6.379   60.909    7.05  1504.58
 0.16875D+13 0.32000D+14   0.0000  1   24.40   20.311  0.00000  271.23  270.92  271.23    6.372   61.317    7.01  1504.58
 0.17000D+13 0.32000D+14   0.0000  1   23.57   19.624  0.00000  271.29  270.97  271.29    6.365   61.724    6.97  1504.59
 0.17125D+13 0.32000D+14   0.0000  1   22.77   18.962  0.00000  271.36  271.02  271.36    6.359   62.131    6.93  1504.60
 0.17250D+13 0.32000D+14   0.0000  1   22.00   18.323  0.00000  271.42  271.06  271.42    6.353   62.539    6.89  1504.60
 0.17375D+13 0.32000D+14   0.0000  1   21.25   17.707  0.00000  271.48  271.11  271.48    6.347   62.946    6.85  1504.61
 0.17500D+13 0.32000D+14   0.0000  1   20.53   17.114  0.00000  271.54  271.15  271.54    6.341   63.354    6.81  1504.62
 0.17625D+13 0.32000D+14   0.0000  1   19.83   16.542  0.00000  271.59  271.18  271.59    6.336   63.761    6.77  1504.62
 0.17750D+13 0.32000D+14   0.0000  1   19.17   15.990  0.00000  271.65  271.22  271.65    6.331   64.169    6.73  1504.62
 0.17875D+13 0.32000D+14   0.0000  1   18.52   15.459  0.00000  271.70  271.25  271.70    6.326   64.576    6.70  1504.63
 0.18000D+13 0.32000D+14   0.0000  1   17.90   14.946  0.00000  271.75  271.28  271.75    6.321   64.984    6.66  1504.63
 0.18125D+13 0.32000D+14   0.0000  1   17.30   14.452  0.00000  271.80  271.31  271.80    6.316   65.391    6.62  1504.63
 0.18250D+13 0.32000D+14   0.0000  1   16.72   13.976  0.00000  271.84  271.34  271.84    6.311   65.799    6.58  1504.64
 0.18375D+13 0.32000D+14   0.0000  1   16.16   13.517  0.00000  271.89  271.37  271.89    6.307   66.207    6.55  1504.64
 0.18500D+13 0.32000D+14   0.0000  1   15.62   13.075  0.00000  271.93  271.39  271.93    6.303   66.614    6.51  1504.64
 0.18625D+13 0.32000D+14   0.0000  1   15.11   12.648  0.00000  271.97  271.41  271.97    6.298   67.022    6.47  1504.64
 0.18750D+13 0.32000D+14   0.0000  1   14.61   12.237  0.00000  272.01  271.44  272.01    6.294   67.429    6.44  1504.64
 0.18875D+13 0.32000D+14   0.0000  0   14.52   12.046  0.00000  272.03  271.48  272.03    6.280   67.824   12.05  1504.65
 0.19000D+13 0.32000D+14   0.0000  0   14.44   11.980  0.00000  272.03  271.53  272.03    6.279   68.232   11.98  1504.65
 0.19125D+13 0.32000D+14   0.0000  0   14.36   11.916  0.00000  272.04  271.58  272.04    6.279   68.641   11.92  1504.65
 0.19250D+13 0.32000D+14   0.0000  0   14.28   11.852  0.00000  272.04  271.63  272.04    6.278   69.049   11.85  1504.65
 0.19375D+13 0.32000D+14   0.0000  0   14.21   11.788  0.00000  272.05  271.68  272.05    6.277   69.457   11.79  1504.65
 0.19500D+13 0.32000D+14   0.0000  0   14.13   11.726  0.00000  272.06  271.73  272.06    6.277   69.865   11.73  1504.65
 0.19625D+13 0.32000D+14   0.0000  0   14.05   11.664  0.00000  272.06  271.78  272.06    6.276   70.273   11.66  1504.65
 0.19750D+13 0.32000D+14   0.0000  0   13.98   11.603  0.00000  272.07  271.83  272.07    6.276   70.682   11.60  1504.65
 0.19875D+13 0.32000D+14   0.0000  0   13.91   11.542  0.00000  272.07  271.88  272.07    6.275   71.090   11.54  1504.66
 0.20000D+13 0.32000D+14   0.0000  0   13.84   11.482  0.00000  272.08  271.92  272.08    6.275   71.498   11.48  1504.66
 0.20125D+13 0.32000D+14   0.0000  0   13.76   11.423  0.00000  272.09  271.97  272.09    6.274   71.906   11.42  1504.66
 0.20250D+13 0.32000D+14   0.0000  0   13.69   11.364  0.00000  272.09  272.02  272.09    6.274   72.314   11.36  1504.66
 0.20375D+13 0.32000D+14   0.0000  0   13.62   11.306  0.00000  272.10  272.07  272.10    6.273   72.723   11.31  1504.66
 0.20500D+13 0.32000D+14   0.0000  0   13.55   11.248  0.00000  272.10  272.12  272.10    6.273   73.131   11.25  1504.66
 0.20625D+13 0.32000D+14   0.0000  0   13.48   11.191  0.00000  272.11  272.17  272.11    6.272   73.539   11.19  1504.66
 0.20750D+13 0.32000D+14   0.0000  0   13.42   11.135  0.00000  272.11  272.21  272.11    6.272   73.947   11.13  1504.66
 0.20875D+13 0.32000D+14   0.0000  0   13.35   11.079  0.00000  272.12  272.26  272.12    6.271   74.355   11.08  1504.66
 0.21000D+13 0.32000D+14   0.0000  0   13.28   11.023  0.00000  272.12  272.31  272.12    6.271   74.764   11.02  1504.66
 0.21125D+13 0.32000D+14   0.0000  0   13.22   10.969  0.00000  272.13  272.36  272.13    6.270   75.172   10.97  1504.66
 0.21250D+13 0.32000D+14   0.0000  0   13.15   10.914  0.00000  272.13  272.40  272.13    6.270   75.580   10.91  1504.66
 0.21375D+13 0.32000D+14   0.0000  0   13.09   10.861  0.00000  272.14  272.45  272.14    6.269   75.988   10.86  1504.66
 0.21500D+13 0.32000D+14   0.0000  0   13.02   10.808  0.00000  272.14  272.50  272.14    6.269   76.396   10.81  1504.67
 0.21625D+13 0.32000D+14   0.0000  0   12.96   10.755  0.00000  272.15  272.54  272.15    6.268   76.804   10.75  1504.67
 0.21750D+13 0.32000D+14   0.0000  0   12.90   10.703  0.00000  272.15  272.59  272.15    6.268   77.213   10.70  1504.67
 0.21875D+13 0.32000D+14   0.0000  0   12.83   10.651  0.00000  272.16  272.63  272.16    6.268   77.621   10.65  1504.67
 0.22000D+13 0.32000D+14   0.0000  0   12.77   10.600  0.00000  272.16  272.68  272.16    6.267   78.029   10.60  1504.67
 0.22125D+13 0.32000D+14   0.0000  0   12.71   10.549  0.00000  272.17  272.73  272.17    6.267   78.437   10.55  1504.67
 0.22250D+13 0.32000D+14   0.0000  0   12.65   10.499  0.00000  272.17  268.37  272.17    6.266   78.845   10.50  1504.67
 0.22375D+13 0.32000D+14   0.0000  0   12.59   10.449  0.00000  272.18  268.41  272.18    6.266   79.254   10.45  1504.67
 0.22500D+13 0.32000D+14   0.0000  0   12.53   10.400  0.00000  272.18  268.45  272.18    6.265   79.662   10.40  1504.67
 0.22625D+13 0.32000D+14   0.0000  0   12.47   10.351  0.00000  272.19  268.50  272.19    6.265   80.070   10.35  1504.67
 0.22750D+13 0.32000D+14   0.0000  0   12.41   10.303  0.00000  272.19  268.54  272.19    6.265   80.478   10.30  1504.67
 0.22875D+13 0.32000D+14   0.0000  0   12.36   10.255  0.00000  272.20  268.58  272.20    6.264   80.886   10.26  1504.67
 0.23000D+13 0.32000D+14   0.0000  0   12.30   10.208  0.00000  272.20  268.62  272.20    6.264   81.295   10.21  1504.67
 0.23125D+13 0.32000D+14   0.0000  0   12.24   10.161  0.00000  272.21  268.66  272.21    6.263   81.703   10.16  1504.67
 0.23250D+13 0.32000D+14   0.0000  0   12.19   10.114  0.00000  272.21  268.70  272.21    6.263   82.111   10.11  1504.67
 0.23375D+13 0.32000D+14   0.0000  0   12.13   10.068  0.00000  272.22  268.75  272.22    6.262   82.519   10.07  1504.67
 0.23500D+13 0.32000D+14   0.0000  0   12.08   10.022  0.00000  272.22  268.79  272.22    6.262   82.927   10.02  1504.67
 0.23625D+13 0.32000D+14   0.0000  0   12.02    9.977  0.00000  272.22  268.83  272.22    6.262   83.335    9.98  1504.68
 0.23750D+13 0.32000D+14   0.0000  0   11.97    9.932  0.00000  272.23  268.87  272.23    6.261   83.744    9.93  1504.68
 0.23875D+13 0.32000D+14   0.0000  0   11.91    9.888  0.00000  272.23  268.91  272.23    6.261   84.152    9.89  1504.68
 0.24000D+13 0.32000D+14   0.0000  0   11.86    9.844  0.00000  272.24  268.95  272.24    6.261   84.560    9.84  1504.68
 0.24125D+13 0.32000D+14   0.0000  0   11.81    9.800  0.00000  272.24  268.99  272.24    6.260   84.968    9.80  1504.68
 0.24250D+13 0.32000D+14   0.0000  0   11.76    9.757  0.00000  272.24  269.03  272.24    6.260   85.376    9.76  1504.68
 0.24375D+13 0.32000D+14   0.0000  0   11.70    9.714  0.00000  272.25  269.07  272.25    6.259   85.785    9.71  1504.68
 0.24500D+13 0.32000D+14   0.0000  0   11.65    9.671  0.00000  272.25  269.11  272.25    6.259   86.193    9.67  1504.68
 0.24625D+13 0.32000D+14   0.0000  0   11.60    9.629  0.00000  272.26  269.15  272.26    6.259   86.601    9.63  1504.68
 0.24750D+13 0.32000D+14   0.0000  0   11.55    9.587  0.00000  272.26  269.19  272.26    6.258   87.009    9.59  1504.68
 0.24875D+13 0.32000D+14   0.0000  0   11.50    9.546  0.00000  272.26  269.23  272.26    6.258   87.417    9.55  1504.68
 0.25000D+13 0.32000D+14   0.0000  0   11.45    9.505  0.00000  272.27  269.27  272.27    6.258   87.826    9.50  1504.68
 0.25125D+13 0.32000D+14   0.0000  0   11.40    9.464  0.00000  272.27  269.31  272.27    6.257   88.234    9.46  1504.68
 0.25250D+13 0.32000D+14   0.0000  0   11.35    9.423  0.00000  272.28  269.35  272.28    6.257   88.642    9.42  1504.68
 0.25375D+13 0.32000D+14   0.0000  0   11.31    9.383  0.00000  272.28  269.39  272.28    6.256   89.050    9.38  1504.68
 0.25500D+13 0.32000D+14   0.0000  0   11.26    9.344  0.00000  272.28  269.43  272.28    6.256   89.458    9.34  1504.68
 0.25625D+13 0.32000D+14   0.0000  0   11.21    9.304  0.00000  272.29  269.47  272.29    6.256   89.867    9.30  1504.68
 0.25750D+13 0.32000D+14   0.0000  0   11.16    9.265  0.00000  272.29  269.51  272.29    6.255   90.275    9.27  1504.68
 0.25875D+13 0.32000D+14   0.0000  0   11.12    9.227  0.00000  272.30  269.55  272.30    6.255   90.683    9.23  1504.68
 0.26000D+13 0.32000D+14   0.0000  0   11.07    9.188  0.00000  272.30  269.59  272.30    6.255   91.091    9.19  1504.68
 0.26125D+13 0.32000D+14   0.0000  0   11.03    9.150  0.00000  272.30  269.63  272.30    6.254   91.499    9.15  1504.69
 0.26250D+13 0.32000D+14   0.0000  0   10.98    9.112  0.00000  272.31  269.67  272.31    6.254   91.907    9.11  1504.69
 0.26375D+13 0.32000D+14   0.0000  0   10.93    9.075  0.00000  272.31  269.70  272.31    6.254   92.316    9.07  1504.69
 0.26500D+13 0.32000D+14   0.0000  0   10.89    9.038  0.00000  272.31  269.74  272.31    6.253   92.724    9.04  1504.69
 0.26625D+13 0.32000D+14   0.0000  0   10.85    9.001  0.00000  272.32  269.78  272.32    6.253   93.132    9.00  1504.69
 0.26750D+13 0.32000D+14   0.0000  0   10.80    8.964  0.00000  272.32  269.82  272.32    6.253   93.540    8.96  1504.69
 0.26875D+13 0.32000D+14   0.0000  0   10.76    8.928  0.00000  272.32  269.86  272.32    6.252   93.948    8.93  1504.69
 0.27000D+13 0.32000D+14   0.0000  0   10.71    8.892  0.00000  272.33  269.90  272.33    6.252   94.357    8.89  1504.69
 0.27125D+13 0.32000D+14   0.0000  0   10.67    8.856  0.00000  272.33  269.93  272.33    6.252   94.765    8.86  1504.69
 0.27250D+13 0.32000D+14   0.0000  0   10.63    8.821  0.00000  272.33  269.97  272.33    6.251   95.173    8.82  1504.69
 0.27375D+13 0.32000D+14   0.0000  0   10.59    8.786  0.00000  272.34  270.01  272.34    6.251   95.581    8.79  1504.69
 0.27500D+13 0.32000D+14   0.0000  0   10.54    8.751  0.00000  272.34  270.05  272.34    6.251   95.989    8.75  1504.69
 0.27625D+13 0.32000D+14   0.0000  0   10.50    8.716  0.00000  272.34  270.09  272.34    6.250   96.397    8.72  1504.69
 0.27750D+13 0.32000D+14   0.0000  0   10.46    8.682  0.00000  272.35  270.12  272.35    6.250   96.806    8.68  1504.69
 0.27875D+13 0.32000D+14   0.0000  0   10.42    8.648  0.00000  272.35  270.16  272.35    6.250   97.214    8.65  1504.69
 0.28000D+13 0.32000D+14   0.0000  0   10.38    8.614  0.00000  272.35  270.20  272.35    6.250   97.622    8.61  1504.69
 0.28125D+13 0.32000D+14   0.0000  0   10.34    8.581  0.00000  272.36  270.23  272.36    6.249   98.030    8.58  1504.69
 0.28250D+13 0.32000D+14   0.0000  0   10.30    8.548  0.00000  272.36  270.27  272.36    6.249   98.438    8.55  1504.69
 0.28375D+13 0.32000D+14   0.0000  0   10.26    8.515  0.00000  272.36  270.31  272.36    6.249   98.847    8.51  1504.69
 0.28500D+13 0.32000D+14   0.0000  0   10.22    8.482  0.00000  272.37  270.35  272.37    6.248   99.255    8.48  1504.69
 0.28625D+13 0.32000D+14   0.0000  0   10.18    8.449  0.00000  272.37  270.38  272.37    6.248   99.663    8.45  1504.69
 0.28750D+13 0.32000D+14   0.0000  0   10.14    8.417  0.00000  272.37  270.42  272.37    6.248  100.071    8.42  1504.69
 0.28875D+13 0.32000D+14   0.0000  0   10.10    8.385  0.00000  272.37  270.46  272.37    6.247  100.479    8.39  1504.69
 0.29000D+13 0.32000D+14   0.0000  0   10.07    8.354  0.00000  272.38  270.49  272.38    6.247  100.888    8.35  1504.69
 0.29125D+13 0.32000D+14   0.0000  0   10.03    8.322  0.00000  272.38  270.53  272.38    6.247  101.296    8.32  1504.70
 0.29250D+13 0.32000D+14   0.0000  0    9.99    8.291  0.00000  272.38  270.57  272.38    6.247  101.704    8.29  1504.70
 0.29375D+13 0.32000D+14   0.0000  0    9.95    8.260  0.00000  272.39  270.60  272.39    6.246  102.112    8.26  1504.70
 0.29500D+13 0.32000D+14   0.0000  0    9.92    8.229  0.00000  272.39  270.64  272.39    6.246  102.520    8.23  1504.70
 0.29625D+13 0.32000D+14   0.0000  0    9.88    8.198  0.00000  272.39  270.68  272.39    6.246  102.929    8.20  1504.70
 0.29750D+13 0.32000D+14   0.0000  0    9.84    8.168  0.00000  272.40  270.71  272.40    6.246  103.337    8.17  1504.70
 0.29875D+13 0.32000D+14   0.0000  0    9.81    8.138  0.00000  272.40  270.75  272.40    6.245  103.745    8.14  1504.70
 0.30000D+13 0.32000D+14   0.0000  0    9.77    8.108  0.00000  272.40  270.78  272.40    6.245  104.153    8.11  1504.70
