R_tot = 1561.0 R_core =  1400.0  Tsurf =   100.00  g =  1.310
   zbot    P(MPa) Hint     conv melt pCLA   Tbot     Tm     etam        k   Fcond_bot Fcond_top   Fbot     Ftop    dlid z_topTBL z_botTBL
    0.00   -0.00 0.11024D-05  0  0  0.00736  273.24  261.57 0.32205D+15  2.167    0.000    0.000    0.000    0.000    0.00    0.00    0.00
    0.32    0.39 0.11026D-06  0  0  0.00738  273.21  265.33 0.21724D+15  2.167 1398.890 1398.313 1382.557 1414.644    0.32    0.32    0.32
    0.64    0.77 0.55143D-07  0  0  0.00739  273.18  265.94 0.20353D+15  2.167  699.465  698.888  683.127  715.222    0.64    0.64    0.64
    0.97    1.16 0.36770D-07  0  0  0.00741  273.15  266.33 0.19508D+15  2.168  466.323  465.746  449.981  482.082    0.97    0.97    0.97
    1.29    1.55 0.27583D-07  0  0  0.00743  273.12  266.62 0.18892D+15  2.168  349.752  349.176  333.406  365.513    1.29    1.29    1.29
    1.61    1.94 0.22071D-07  0  0  0.00744  273.09  266.85 0.18405D+15  2.168  279.810  279.233  263.459  295.573    1.61    1.61    1.61
    1.93    2.33 0.18396D-07  0  0  0.00746  273.06  267.04 0.18002D+15  2.168  233.181  232.605  216.826  248.947    1.93    1.93    1.93
    2.25    2.71 0.15771D-07  0  0  0.00748  273.03  267.20 0.17657D+15  2.169  199.875  199.298  183.515  215.643    2.25    2.25    2.25
    2.58    3.10 0.13803D-07  0  0  0.00749  273.00  267.34 0.17356D+15  2.169  174.896  174.319  158.531  190.666    2.58    2.58    2.58
    2.90    3.49 0.12272D-07  0  0  0.00751  272.96  267.47 0.17088D+15  2.169  155.467  154.890  139.098  171.239    2.90    2.90    2.90
    3.22    3.88 0.11047D-07  0  0  0.00753  272.93  267.58 0.16848D+15  2.170  139.924  139.347  123.550  155.699    3.22    3.22    3.22
    3.54    4.27 0.10045D-07  0  0  0.00754  272.90  267.68 0.16629D+15  2.170  127.207  126.631  110.829  142.984    3.54    3.54    3.54
    3.86    4.65 0.92095D-08  0  0  0.00756  272.87  267.77 0.16429D+15  2.170  116.610  116.033  100.227  132.389    3.86    3.86    3.86
    4.19    5.04 0.85028D-08  0  0  0.00758  272.84  267.86 0.16244D+15  2.170  107.643  107.066   91.255  123.424    4.19    4.19    4.19
    4.51    5.43 0.78971D-08  0  0  0.00760  272.81  267.93 0.16072D+15  2.171   99.956   99.380   83.565  115.740    4.51    4.51    4.51
    4.83    5.82 0.73721D-08  0  0  0.00761  272.78  268.00 0.15911D+15  2.171   93.295   92.719   76.899  109.081    4.83    4.83    4.83
    5.15    6.21 0.69128D-08  0  0  0.00763  272.75  268.07 0.15761D+15  2.171   87.466   86.890   71.066  103.255    5.15    5.15    5.15
    5.47    6.59 0.65075D-08  0  1  0.00765  272.71  268.13 0.15619D+15  2.171   82.323   81.747   65.918   98.114    5.47    5.47    5.47
    5.80    6.98 0.61473D-08  0  1  0.00767  272.68  268.19 0.15485D+15  2.172   77.752   77.176   61.342   93.545    5.80    5.80    5.80
    6.12    7.37 0.58249D-08  0  1  0.00768  272.65  268.24 0.15358D+15  2.172   73.662   73.085   57.247   89.457    6.12    6.12    6.12
    6.44    7.76 0.55348D-08  0  1  0.00770  272.62  268.29 0.15237D+15  2.172   69.980   69.404   53.561   85.778    6.44    6.44    6.44
    6.76    8.15 0.52723D-08  0  1  0.00772  272.59  268.33 0.15122D+15  2.172   66.649   66.073   50.226   82.449    6.76    6.76    6.76
    7.08    8.54 0.50337D-08  0  1  0.00774  272.56  268.38 0.15012D+15  2.173   63.622   63.045   47.193   79.424    7.08    7.08    7.08
    7.41    8.92 0.48159D-08  0  1  0.00775  272.53  268.42 0.14907D+15  2.173   60.857   60.281   44.424   76.661    7.41    7.41    7.41
    7.73    9.31 0.46162D-08  0  1  0.00777  272.49  268.46 0.14806D+15  2.173   58.323   57.746   41.885   74.129    7.73    7.73    7.73
    8.05    9.70 0.44324D-08  0  1  0.00779  272.46  268.49 0.14710D+15  2.174   55.991   55.415   39.549   71.800    8.05    8.05    8.05
    8.37   10.09 0.42628D-08  0  1  0.00781  272.43  268.53 0.14616D+15  2.174   53.839   53.263   37.393   69.650    8.37    8.37    8.37
    8.69   10.48 0.41058D-08  0  1  0.00783  272.40  268.56 0.14527D+15  2.174   51.846   51.270   35.395   67.660    8.69    8.69    8.69
    9.02   10.86 0.39600D-08  0  1  0.00785  272.37  268.59 0.14440D+15  2.174   49.995   49.420   33.540   65.811    9.02    9.02    9.02
    9.34   11.25 0.38242D-08  0  1  0.00786  272.34  268.62 0.14357D+15  2.175   48.273   47.697   31.813   64.091    9.34    9.34    9.34
    9.66   11.64 0.36975D-08  0  1  0.00788  272.30  268.64 0.14276D+15  2.175   46.665   46.089   30.200   62.485    9.66    9.66    9.66
    9.98   12.03 0.35790D-08  0  1  0.00790  272.27  268.67 0.14197D+15  2.175   45.160   44.585   28.691   60.983    9.98    9.98    9.98
   10.30   12.42 0.34679D-08  0  1  0.00792  272.24  268.69 0.14121D+15  2.175   43.750   43.174   27.277   59.575   10.30   10.30   10.30
   10.63   12.80 0.33635D-08  0  1  0.00794  272.21  268.72 0.14048D+15  2.176   42.425   41.850   25.947   58.253   10.63   10.63   10.63
   10.95   13.19 0.32652D-08  0  1  0.00796  272.18  268.74 0.13976D+15  2.176   41.178   40.603   24.696   57.008   10.95   10.95   10.95
   11.27   13.58 0.31726D-08  0  1  0.00798  272.14  268.76 0.13907D+15  2.176   40.003   39.427   23.515   55.835   11.27   11.27   11.27
   11.59   13.97 0.30851D-08  0  1  0.00800  272.11  268.78 0.13839D+15  2.177   38.892   38.317   22.401   54.727   11.59   11.59   11.59
   11.91   14.36 0.30023D-08  0  1  0.00802  272.08  268.79 0.13773D+15  2.177   37.842   37.266   21.346   53.679   11.91   11.91   11.91
   12.24   14.74 0.29239D-08  0  1  0.00803  272.05  268.81 0.13709D+15  2.177   36.847   36.271   20.346   52.686   12.24   12.24   12.24
   12.56   15.13 0.28495D-08  0  1  0.00805  272.02  268.83 0.13647D+15  2.177   35.903   35.327   19.397   51.744   12.56   12.56   12.56
   12.88   15.52 0.27789D-08  0  1  0.00807  271.98  268.84 0.13586D+15  2.178   35.006   34.431   18.496   50.850   12.88   12.88   12.88
   13.20   15.91 0.27117D-08  0  1  0.00809  271.95  268.85 0.13526D+15  2.178   34.153   33.578   17.638   49.999   13.20   13.20   13.20
   13.52   16.30 0.26476D-08  0  1  0.00811  271.92  268.87 0.13468D+15  2.178   33.340   32.765   16.821   49.189   13.52   13.52   13.52
   13.85   16.68 0.25866D-08  0  1  0.00813  271.89  268.88 0.13411D+15  2.178   32.566   31.991   16.042   48.416   13.85   13.85   13.85
   14.17   17.07 0.25283D-08  0  1  0.00815  271.85  268.89 0.13356D+15  2.179   31.826   31.251   15.298   47.679   14.17   14.17   14.17
   14.49   17.46 0.24727D-08  0  1  0.00817  271.82  268.90 0.13301D+15  2.179   31.120   30.544   14.587   46.975   14.49   14.49   14.49
   14.81   17.85 0.24194D-08  0  1  0.00819  271.79  268.91 0.13248D+15  2.179   30.444   29.869   13.906   46.301   14.81   14.81   14.81
   15.13   18.24 0.23684D-08  0  1  0.00821  271.76  268.92 0.13196D+15  2.180   29.796   29.221   13.254   45.656   15.13   15.13   15.13
   15.46   18.63 0.23196D-08  0  1  0.00823  271.72  268.93 0.13145D+15  2.180   29.176   28.601   12.630   45.038   15.46   15.46   15.46
   15.78   19.01 0.22727D-08  0  1  0.00825  271.69  268.94 0.13095D+15  2.180   28.581   28.006   12.030   44.446   15.78   15.78   15.78
   16.10   19.40 0.22277D-08  0  1  0.00827  271.66  268.94 0.13046D+15  2.180   28.010   27.435   11.454   43.877   16.10   16.10   16.10
   16.42   19.79 0.21845D-08  0  0  0.00829  271.63  268.95 0.12998D+15  2.181   27.461   26.887   10.901   43.331   16.42   16.42   16.42
   16.74   19.79 0.21429D-08  1  0  0.00831  271.59  268.95 0.12951D+15  2.181   26.934   26.359   10.594   43.025   10.03   14.43   16.10
   17.07   20.18 0.21029D-08  1  0  0.00833  271.56  268.96 0.12905D+15  2.181   26.426   25.851   10.484   42.913   10.06   14.36   16.42
   17.39   20.57 0.20644D-08  1  0  0.00835  271.53  268.96 0.12859D+15  2.182   25.937   25.363   10.376   42.803   10.08   14.30   16.75
   17.71   20.96 0.20273D-08  1  0  0.00837  271.49  268.97 0.12815D+15  2.182   25.466   24.891   10.270   42.696   10.10   14.24   17.07
   18.03   21.35 0.19915D-08  1  0  0.00839  271.46  268.97 0.12771D+15  2.182   25.012   24.437   10.167   42.591   10.12   14.18   17.40
   18.35   21.74 0.19570D-08  1  0  0.00842  271.43  268.98 0.12728D+15  2.182   24.573   23.999   10.065   42.487   10.14   14.13   17.72
   18.68   22.13 0.19236D-08  1  0  0.00844  271.40  268.98 0.12686D+15  2.183   24.150   23.576    9.966   42.386   10.16   14.08   18.04
   19.00   22.52 0.18914D-08  1  0  0.00846  271.36  268.98 0.12644D+15  2.183   23.741   23.167    9.868   42.287   10.18   14.03   18.37
   19.32   22.91 0.18603D-08  1  0  0.00848  271.33  268.98 0.12603D+15  2.183   23.346   22.771    9.772   42.189   10.20   13.99   18.70
   19.64   23.30 0.18302D-08  1  0  0.00850  271.30  268.98 0.12563D+15  2.184   22.963   22.389    9.678   42.093   10.22   13.95   19.02
   19.96   23.69 0.18010D-08  1  0  0.00852  271.26  268.98 0.12523D+15  2.184   22.593   22.019    9.585   41.999   10.24   13.91   19.35
   20.29   24.08 0.17728D-08  1  0  0.00854  271.23  268.98 0.12484D+15  2.184   22.235   21.661    9.494   41.907   10.26   13.87   19.67
   20.61   24.47 0.17454D-08  1  0  0.00856  271.20  268.98 0.12445D+15  2.184   21.888   21.314    9.405   41.816   10.28   13.84   20.00
   20.93   24.86 0.17190D-08  1  0  0.00859  271.16  268.98 0.12407D+15  2.185   21.552   20.977    9.317   41.727   10.29   13.81   20.32
   21.25   25.25 0.16933D-08  1  0  0.00861  271.13  268.98 0.12370D+15  2.185   21.225   20.651    9.231   41.639   10.31   13.77   20.65
   21.57   25.64 0.16683D-08  1  0  0.00863  271.10  268.98 0.12333D+15  2.185   20.909   20.335    9.146   41.552   10.33   13.75   20.97
   21.90   26.03 0.16441D-08  1  0  0.00865  271.06  268.98 0.12297D+15  2.186   20.602   20.028    9.062   41.467   10.34   13.72   21.30
   22.22   26.42 0.16206D-08  1  0  0.00867  271.03  268.98 0.12261D+15  2.186   20.303   19.729    8.980   41.384   10.36   13.69   21.62
   22.54   26.81 0.15978D-08  1  0  0.00870  271.00  268.98 0.12226D+15  2.186   20.013   19.440    8.899   41.301   10.38   13.67   21.95
   22.86   27.20 0.15756D-08  1  0  0.00872  270.96  268.97 0.12191D+15  2.186   19.732   19.158    8.819   41.220   10.39   13.64   22.28
   23.18   27.59 0.15541D-08  1  0  0.00874  270.93  268.97 0.12157D+15  2.187   19.458   18.884    8.740   41.140   10.41   13.62   22.60
   23.51   27.98 0.15331D-08  1  0  0.00876  270.90  268.97 0.12123D+15  2.187   19.192   18.618    8.663   41.061   10.43   13.60   22.93
   23.83   28.37 0.15127D-08  1  0  0.00879  270.86  268.96 0.12090D+15  2.187   18.933   18.359    8.586   40.984   10.44   13.58   23.25
   24.15   28.76 0.14928D-08  1  0  0.00881  270.83  268.96 0.12057D+15  2.188   18.680   18.107    8.511   40.907   10.46   13.56   23.58
   24.47   29.15 0.14735D-08  1  0  0.00883  270.79  268.95 0.12024D+15  2.188   18.435   17.861    8.436   40.832   10.47   13.55   23.90
   24.79   29.54 0.14547D-08  1  0  0.00885  270.76  268.95 0.11992D+15  2.188   18.196   17.622    8.363   40.757   10.49   13.53   24.23
   25.12   29.93 0.14363D-08  1  0  0.00888  270.73  268.94 0.11960D+15  2.188   17.963   17.389    8.291   40.684   10.50   13.51   24.56
   25.44   30.32 0.14184D-08  1  0  0.00890  270.69  268.94 0.11929D+15  2.189   17.735   17.162    8.219   40.611   10.52   13.50   24.88
   25.76   30.71 0.14010D-08  1  0  0.00892  270.66  268.93 0.11898D+15  2.189   17.514   16.941    8.149   40.540   10.53   13.49   25.21
   26.08   31.11 0.13840D-08  1  0  0.00895  270.62  268.93 0.11867D+15  2.189   17.298   16.725    8.079   40.469   10.54   13.47   25.54
   26.40   31.50 0.13674D-08  1  0  0.00897  270.59  268.92 0.11837D+15  2.190   17.087   16.514    8.011   40.400   10.56   13.46   25.86
   26.73   31.89 0.13512D-08  1  0  0.00899  270.56  268.92 0.11807D+15  2.190   16.881   16.308    7.943   40.331   10.57   13.45   26.19
   27.05   32.28 0.13354D-08  1  0  0.00902  270.52  268.91 0.11778D+15  2.190   16.680   16.107    7.876   40.263   10.58   13.44   26.52
   27.37   32.67 0.13200D-08  1  0  0.00904  270.49  268.90 0.11748D+15  2.190   16.484   15.911    7.810   40.196   10.60   13.43   26.84
   27.69   33.06 0.13049D-08  1  0  0.00907  270.45  268.89 0.11720D+15  2.191   16.293   15.720    7.744   40.130   10.61   13.42   27.17
   28.01   33.45 0.12901D-08  1  0  0.00909  270.42  268.89 0.11691D+15  2.191   16.106   15.533    7.680   40.064   10.62   13.41   27.50
   28.34   33.84 0.12757D-08  1  0  0.00911  270.38  268.88 0.11663D+15  2.191   15.923   15.350    7.616   40.000   10.64   13.40   27.82
   28.66   34.23 0.12617D-08  1  0  0.00914  270.35  268.87 0.11635D+15  2.192   15.744   15.171    7.553   39.936   10.65   13.39   28.15
   28.98   34.62 0.12479D-08  1  0  0.00916  270.32  268.86 0.11607D+15  2.192   15.569   14.997    7.490   39.872   10.66   13.38   28.48
   29.30   35.01 0.12345D-08  1  0  0.00919  270.28  268.86 0.11580D+15  2.192   15.398   14.826    7.429   39.810   10.67   13.37   28.80
   29.62   35.41 0.12213D-08  1  0  0.00921  270.25  268.85 0.11553D+15  2.193   15.231   14.658    7.367   39.748   10.69   13.37   29.13
   29.95   35.80 0.12084D-08  1  0  0.00924  270.21  268.84 0.11526D+15  2.193   15.067   14.495    7.307   39.687   10.70   13.36   29.46
   30.27   36.19 0.11958D-08  1  0  0.00926  270.18  268.83 0.11500D+15  2.193   14.907   14.335    7.247   39.627   10.71   13.35   29.78
   30.59   36.58 0.11835D-08  1  0  0.00929  270.14  268.82 0.11474D+15  2.193   14.750   14.178    7.188   39.567   10.72   13.35   30.11
   30.91   36.97 0.11714D-08  1  0  0.00931  270.11  268.81 0.11448D+15  2.194   14.597   14.024    7.129   39.508   10.73   13.34   30.44
   31.23   37.36 0.11595D-08  1  0  0.00934  270.07  268.80 0.11422D+15  2.194   14.446   13.874    7.072   39.449   10.75   13.34   30.77
   31.56   37.75 0.11480D-08  1  0  0.00936  270.04  268.79 0.11397D+15  2.194   14.299   13.727    7.014   39.391   10.76   13.33   31.09
   31.88   38.14 0.11366D-08  1  0  0.00939  270.00  268.78 0.11372D+15  2.195   14.155   13.582    6.957   39.334   10.77   13.33   31.42
   32.20   38.54 0.11255D-08  1  0  0.00941  269.97  268.77 0.11347D+15  2.195   14.013   13.441    6.901   39.277   10.78   13.33   31.75
   32.52   38.93 0.11145D-08  1  0  0.00944  269.93  268.76 0.11322D+15  2.195   13.874   13.302    6.845   39.221   10.79   13.32   32.08
   32.84   39.32 0.11039D-08  1  0  0.00946  269.90  268.75 0.11298D+15  2.196   13.738   13.166    6.790   39.165   10.80   13.32   32.40
   33.17   39.71 0.10934D-08  1  0  0.00949  269.86  268.74 0.11274D+15  2.196   13.605   13.033    6.735   39.110   10.81   13.32   32.73
   33.49   40.10 0.10831D-08  1  0  0.00952  269.83  268.73 0.11250D+15  2.196   13.474   12.902    6.681   39.055   10.82   13.31   33.06
   33.81   40.49 0.10730D-08  1  0  0.00954  269.79  268.71 0.11226D+15  2.196   13.346   12.774    6.627   39.001   10.83   13.31   33.39
   34.13   40.88 0.10631D-08  1  0  0.00957  269.76  268.70 0.11202D+15  2.197   13.220   12.648    6.574   38.947   10.84   13.31   33.72
   34.45   41.28 0.10534D-08  1  0  0.00960  269.72  268.69 0.11179D+15  2.197   13.097   12.525    6.521   38.894   10.85   13.31   34.04
   34.78   41.67 0.10438D-08  1  0  0.00962  269.69  268.68 0.11156D+15  2.197   12.975   12.404    6.469   38.842   10.86   13.30   34.37
   35.10   42.06 0.10345D-08  1  0  0.00965  269.65  268.67 0.11133D+15  2.198   12.856   12.285    6.417   38.790   10.87   13.30   34.70
   35.42   42.45 0.10253D-08  1  0  0.00968  269.61  268.65 0.11110D+15  2.198   12.740   12.168    6.366   38.738   10.88   13.30   35.03
   35.74   42.84 0.10162D-08  1  0  0.00970  269.58  268.64 0.11088D+15  2.198   12.625   12.053    6.315   38.687   10.89   13.30   35.36
   36.06   43.24 0.10074D-08  1  0  0.00973  269.54  268.63 0.11066D+15  2.199   12.512   11.941    6.264   38.636   10.90   13.30   35.68
   36.39   43.63 0.99868D-09  1  0  0.00976  269.51  268.62 0.11044D+15  2.199   12.401   11.830    6.214   38.586   10.91   13.30   36.01
   36.71   44.02 0.99012D-09  1  0  0.00979  269.47  268.60 0.11022D+15  2.199   12.293   11.721    6.164   38.536   10.92   13.30   36.34
   37.03   44.41 0.98172D-09  1  0  0.00981  269.44  268.59 0.11000D+15  2.200   12.186   11.614    6.115   38.486   10.93   13.30   36.67
   37.35   44.80 0.97346D-09  1  0  0.00984  269.40  268.58 0.10979D+15  2.200   12.081   11.509    6.066   38.437   10.94   13.30   37.00
   37.67   45.20 0.96534D-09  1  0  0.00987  269.36  268.56 0.10957D+15  2.200   11.977   11.406    6.018   38.388   10.95   13.30   37.33
   38.00   45.59 0.95735D-09  1  0  0.00990  269.33  268.55 0.10936D+15  2.200   11.876   11.305    5.969   38.340   10.96   13.30   37.66
   38.32   45.98 0.94951D-09  1  0  0.00993  269.29  268.54 0.10915D+15  2.201   11.776   11.205    5.921   38.292   10.97   13.30   37.99
   38.64   46.37 0.94179D-09  1  0  0.00995  269.26  268.52 0.10894D+15  2.201   11.678   11.107    5.874   38.244   10.98   13.30   38.31
   38.96   46.77 0.93420D-09  1  0  0.00998  269.22  268.51 0.10874D+15  2.201   11.581   11.010    5.827   38.197   10.99   13.30   38.64
   39.28   47.16 0.92674D-09  1  0  0.01001  269.18  268.49 0.10853D+15  2.202   11.486   10.916    5.780   38.150   10.99   13.30   38.97
   39.61   47.55 0.91939D-09  1  0  0.01004  269.15  268.48 0.10833D+15  2.202   11.393   10.822    5.733   38.104   11.00   13.30   39.30
   39.93   47.94 0.91217D-09  1  0  0.01007  269.11  268.46 0.10813D+15  2.202   11.301   10.730    5.687   38.058   11.01   13.30   39.63
   40.25   48.34 0.90506D-09  1  0  0.01010  269.07  268.45 0.10793D+15  2.203   11.211   10.640    5.641   38.012   11.02   13.30   39.96
   40.57   48.73 0.89806D-09  1  0  0.01013  269.04  268.43 0.10773D+15  2.203   11.122   10.551    5.596   37.966   11.03   13.30   40.29
   40.89   49.12 0.89118D-09  1  0  0.01016  269.00  268.42 0.10754D+15  2.203   11.034   10.463    5.551   37.921   11.04   13.30   40.62
   41.22   49.51 0.88440D-09  1  0  0.01019  268.97  268.40 0.10734D+15  2.204   10.948   10.377    5.506   37.876   11.05   13.30   40.95
   41.54   49.91 0.87773D-09  1  0  0.01022  268.93  268.39 0.10715D+15  2.204   10.863   10.292    5.461   37.832   11.05   13.30   41.28
   41.86   50.30 0.87115D-09  1  0  0.01025  268.89  268.37 0.10696D+15  2.204   10.779   10.209    5.417   37.788   11.06   13.31   41.61
   42.18   50.69 0.86468D-09  1  0  0.01028  268.86  268.36 0.10677D+15  2.205   10.697   10.127    5.373   37.744   11.07   13.31   41.94
   42.50   51.09 0.85831D-09  1  0  0.01031  268.82  268.34 0.10658D+15  2.205   10.616   10.046    5.329   37.700   11.08   13.31   42.27
   42.83   51.48 0.85204D-09  1  0  0.01034  268.78  268.33 0.10639D+15  2.205   10.536    9.966    5.285   37.657   11.09   13.31   42.60
   43.15   51.87 0.84585D-09  1  0  0.01037  268.74  268.31 0.10621D+15  2.205   10.457    9.887    5.242   37.614   11.09   13.31   42.93
   43.47   52.26 0.83976D-09  1  0  0.01040  268.71  268.29 0.10602D+15  2.206   10.380    9.810    5.199   37.571   11.10   13.31   43.26
   43.79   52.66 0.83376D-09  1  0  0.01043  268.67  268.28 0.10584D+15  2.206   10.303    9.733    5.157   37.529   11.11   13.32   43.59
   44.11   53.05 0.82785D-09  1  0  0.01046  268.63  268.26 0.10566D+15  2.206   10.228    9.658    5.114   37.487   11.12   13.32   43.92
   44.44   53.45 0.82202D-09  1  0  0.01049  268.60  268.24 0.10548D+15  2.207   10.154    9.584    5.072   37.445   11.13   13.32   44.25
   44.76   53.84 0.81628D-09  1  0  0.01053  268.56  268.23 0.10530D+15  2.207   10.081    9.511    5.030   37.403   11.13   13.32   44.59
   45.08   54.23 0.81062D-09  1  0  0.01056  268.52  268.21 0.10512D+15  2.207   10.009    9.439    4.988   37.362   11.14   13.33   44.92
   45.40   54.63 0.80503D-09  1  0  0.01059  268.48  268.19 0.10494D+15  2.208    9.938    9.368    4.947   37.321   11.15   13.33   45.25
   45.72   55.02 0.79953D-09  1  0  0.01062  268.45  268.17 0.10477D+15  2.208    9.867    9.298    4.905   37.280   11.16   13.33   45.58
   46.05   55.41 0.79411D-09  1  0  0.01065  268.41  268.16 0.10459D+15  2.208    9.798    9.229    4.864   37.239   11.16   13.33   45.91
   46.37   55.81 0.78876D-09  1  0  0.01069  268.37  268.14 0.10442D+15  2.209    9.730    9.161    4.823   37.199   11.17   13.34   46.24
   46.69   56.20 0.78348D-09  1  0  0.01072  268.33  268.12 0.10425D+15  2.209    9.663    9.094    4.783   37.159   11.18   13.34   46.57
   47.01   56.60 0.77827D-09  1  0  0.01075  268.30  268.10 0.10408D+15  2.209    9.597    9.027    4.742   37.119   11.18   13.34   46.91
   47.33   56.99 0.77314D-09  1  0  0.01078  268.26  268.09 0.10391D+15  2.210    9.531    8.962    4.702   37.079   11.19   13.34   47.24
   47.66   57.38 0.76808D-09  1  0  0.01082  268.22  268.07 0.10374D+15  2.210    9.467    8.898    4.662   37.040   11.20   13.35   47.57
   47.98   57.78 0.76308D-09  1  0  0.01085  268.18  268.05 0.10358D+15  2.210    9.403    8.834    4.622   37.000   11.21   13.35   47.90
   48.30   58.17 0.75815D-09  1  0  0.01088  268.15  268.03 0.10341D+15  2.211    9.340    8.771    4.583   36.961   11.21   13.35   48.24
   48.62   58.57 0.75329D-09  1  0  0.01092  268.11  268.01 0.10325D+15  2.211    9.278    8.709    4.543   36.922   11.22   13.36   48.57
   48.94   58.96 0.74849D-09  1  0  0.01095  268.07  267.99 0.10309D+15  2.211    9.217    8.648    4.504   36.884   11.23   13.36   48.90
   49.27   59.36 0.74375D-09  1  0  0.01099  268.03  267.98 0.10292D+15  2.212    9.157    8.588    4.465   36.845   11.23   13.36   49.23
   49.59   59.75 0.73908D-09  1  0  0.01102  267.99  267.96 0.10276D+15  2.212    9.097    8.528    4.426   36.807   11.24   13.37   49.57
   49.91   60.15 0.73446D-09  1  0  0.01106  267.96  267.94 0.10260D+15  2.212    9.038    8.470    4.388   36.769   11.25   13.37   49.90
   50.23   60.54 0.72990D-09  1  0  0.01109  267.92  267.92 0.10244D+15  2.213    8.980    8.412    4.349   36.731   11.25   13.37   50.23
   50.55   60.93 0.72541D-09  1  0  0.01112  267.88  267.90 0.10229D+15  2.213    8.923    8.354    4.311   36.694   11.26   13.38   50.55
   50.88   61.32 0.72097D-09  1  0  0.01116  267.84  267.88 0.10213D+15  2.213    8.866    8.298    4.273   36.656   11.27   13.38   50.88
   51.20   61.70 0.71658D-09  1  0  0.01120  267.80  267.86 0.10198D+15  2.214    8.810    8.242    4.235   36.619   11.27   13.38   51.20
   51.52   62.09 0.71225D-09  1  0  0.01123  267.76  267.84 0.10182D+15  2.214    8.755    8.187    4.197   36.582   11.28   13.39   51.52
   51.84   62.48 0.70797D-09  1  0  0.01127  267.72  267.82 0.10167D+15  2.214    8.701    8.132    4.159   36.545   11.28   13.39   51.84
   52.16   62.87 0.70375D-09  1  0  0.01130  267.69  267.80 0.10152D+15  2.215    8.647    8.079    4.122   36.508   11.29   13.40   52.16
   52.49   63.26 0.69958D-09  1  0  0.01134  267.65  267.78 0.10136D+15  2.215    8.594    8.025    4.084   36.472   11.30   13.40   52.49
   52.81   63.64 0.69546D-09  1  0  0.01138  267.61  267.76 0.10121D+15  2.215    8.541    7.973    4.047   36.436   11.30   13.40   52.81
   53.13   64.03 0.69139D-09  1  0  0.01141  267.57  267.74 0.10107D+15  2.216    8.489    7.921    4.010   36.399   11.31   13.41   53.13
   53.45   64.42 0.68737D-09  1  0  0.01145  267.53  267.72 0.10092D+15  2.216    8.438    7.870    3.973   36.363   11.32   13.41   53.45
   53.77   64.81 0.68339D-09  1  0  0.01149  267.49  267.70 0.10077D+15  2.216    8.387    7.819    3.936   36.327   11.32   13.41   53.77
   54.10   65.20 0.67947D-09  1  0  0.01152  267.45  267.68 0.10062D+15  2.217    8.337    7.769    3.900   36.292   11.33   13.42   54.10
   54.42   65.58 0.67559D-09  1  0  0.01156  267.41  267.66 0.10048D+15  2.217    8.288    7.720    3.863   36.256   11.33   13.42   54.42
   54.74   65.97 0.67175D-09  1  0  0.01160  267.37  267.64 0.10034D+15  2.217    8.239    7.671    3.827   36.221   11.34   13.43   54.74
   55.06   66.36 0.66796D-09  1  0  0.01164  267.33  267.62 0.10019D+15  2.218    8.190    7.623    3.791   36.185   11.35   13.43   55.06
   55.38   66.75 0.66422D-09  1  0  0.01168  267.29  267.60 0.10005D+15  2.218    8.143    7.575    3.754   36.150   11.35   13.43   55.38
   55.71   67.14 0.66052D-09  1  0  0.01171  267.25  267.58 0.99908D+14  2.218    8.095    7.528    3.718   36.115   11.36   13.44   55.71
   56.03   67.52 0.65686D-09  1  0  0.01175  267.22  267.55 0.99768D+14  2.219    8.049    7.481    3.683   36.081   11.36   13.44   56.03
   56.35   67.91 0.65324D-09  1  0  0.01179  267.18  267.53 0.99628D+14  2.219    8.002    7.435    3.647   36.046   11.37   13.45   56.35
   56.67   68.30 0.64967D-09  1  0  0.01183  267.14  267.51 0.99490D+14  2.219    7.957    7.389    3.611   36.011   11.38   13.45   56.67
   56.99   68.69 0.64613D-09  1  0  0.01187  267.10  267.49 0.99352D+14  2.220    7.912    7.344    3.576   35.977   11.38   13.46   56.99
   57.32   69.08 0.64264D-09  1  0  0.01191  267.06  267.47 0.99216D+14  2.220    7.867    7.300    3.540   35.943   11.39   13.46   57.32
   57.64   69.47 0.63918D-09  1  0  0.01195  267.02  267.45 0.99080D+14  2.221    7.823    7.256    3.505   35.909   11.39   13.47   57.64
   57.96   69.85 0.63576D-09  1  0  0.01199  266.98  267.43 0.98945D+14  2.221    7.779    7.212    3.470   35.875   11.40   13.47   57.96
   58.28   70.24 0.63238D-09  1  0  0.01203  266.94  267.40 0.98811D+14  2.221    7.736    7.169    3.435   35.841   11.40   13.47   58.28
   58.60   70.63 0.62904D-09  1  0  0.01207  266.90  267.38 0.98678D+14  2.222    7.693    7.126    3.400   35.807   11.41   13.48   58.60
   58.93   71.02 0.62573D-09  1  0  0.01211  266.86  267.36 0.98545D+14  2.222    7.651    7.084    3.365   35.773   11.41   13.48   58.93
   59.25   71.41 0.62246D-09  1  0  0.01215  266.81  267.34 0.98414D+14  2.222    7.609    7.043    3.330   35.740   11.42   13.49   59.25
   59.57   71.79 0.61922D-09  1  0  0.01219  266.77  267.31 0.98283D+14  2.223    7.568    7.001    3.295   35.706   11.43   13.49   59.57
   59.89   72.18 0.61602D-09  1  0  0.01224  266.73  267.29 0.98154D+14  2.223    7.527    6.960    3.261   35.673   11.43   13.50   59.89
   60.21   72.57 0.61286D-09  1  0  0.01228  266.69  267.27 0.98025D+14  2.223    7.486    6.920    3.226   35.640   11.44   13.50   60.21
   60.54   72.96 0.60972D-09  1  0  0.01232  266.65  267.25 0.97897D+14  2.224    7.446    6.880    3.192   35.607   11.44   13.51   60.54
   60.86   73.35 0.60663D-09  1  0  0.01236  266.61  267.22 0.97770D+14  2.224    7.407    6.841    3.158   35.574   11.45   13.51   60.86
   61.18   73.73 0.60356D-09  1  0  0.01241  266.57  267.20 0.97643D+14  2.224    7.368    6.801    3.123   35.541   11.45   13.52   61.18
   61.50   74.12 0.60052D-09  1  0  0.01245  266.53  267.18 0.97518D+14  2.225    7.329    6.763    3.089   35.508   11.46   13.52   61.50
   61.82   74.51 0.59752D-09  1  0  0.01249  266.49  267.15 0.97393D+14  2.225    7.290    6.724    3.055   35.476   11.46   13.52   61.82
   62.15   74.90 0.59455D-09  1  0  0.01254  266.45  267.13 0.97269D+14  2.225    7.252    6.686    3.021   35.443   11.47   13.53   62.15
   62.47   75.29 0.59161D-09  1  0  0.01258  266.41  267.11 0.97146D+14  2.226    7.215    6.649    2.987   35.411   11.47   13.53   62.47
   62.79   75.67 0.58870D-09  1  0  0.01262  266.37  267.08 0.97024D+14  2.226    7.178    6.612    2.954   35.378   11.48   13.54   62.79
   63.11   76.06 0.58582D-09  1  0  0.01267  266.32  267.06 0.96903D+14  2.227    7.141    6.575    2.920   35.346   11.48   13.54   63.11
   63.43   76.45 0.58296D-09  1  0  0.01271  266.28  267.04 0.96782D+14  2.227    7.104    6.539    2.886   35.314   11.49   13.55   63.43
   63.76   76.84 0.58014D-09  1  0  0.01276  266.24  267.01 0.96662D+14  2.227    7.068    6.503    2.853   35.282   11.49   13.55   63.76
   64.08   77.23 0.57735D-09  1  0  0.01280  266.20  266.99 0.96543D+14  2.228    7.032    6.467    2.819   35.250   11.50   13.56   64.08
   64.40   77.61 0.57458D-09  1  0  0.01285  266.16  266.96 0.96425D+14  2.228    6.997    6.431    2.786   35.218   11.50   13.56   64.40
   64.72   78.00 0.57184D-09  1  0  0.01290  266.12  266.94 0.96308D+14  2.228    6.962    6.396    2.752   35.186   11.51   13.57   64.72
   65.04   78.39 0.56913D-09  1  0  0.01294  266.07  266.91 0.96191D+14  2.229    6.927    6.362    2.719   35.155   11.51   13.57   65.04
   65.37   78.78 0.56644D-09  1  0  0.01299  266.03  266.89 0.96075D+14  2.229    6.893    6.328    2.686   35.123   11.52   13.58   65.37
   65.69   79.17 0.56379D-09  1  0  0.01304  265.99  266.87 0.95960D+14  2.229    6.859    6.294    2.652   35.091   11.52   13.58   65.69
   66.01   79.56 0.56115D-09  1  0  0.01308  265.95  266.84 0.95846D+14  2.230    6.825    6.260    2.619   35.060   11.53   13.59   66.01
   66.33   79.94 0.55855D-09  1  0  0.01313  265.91  266.82 0.95732D+14  2.230    6.792    6.227    2.586   35.029   11.53   13.59   66.33
   66.65   80.33 0.55596D-09  1  0  0.01318  265.86  266.79 0.95619D+14  2.231    6.758    6.194    2.553   34.997   11.54   13.60   66.65
   66.98   80.72 0.55341D-09  1  0  0.01323  265.82  266.77 0.95507D+14  2.231    6.726    6.161    2.520   34.966   11.54   13.61   66.98
   67.30   81.11 0.55087D-09  1  0  0.01328  265.78  266.74 0.95396D+14  2.231    6.693    6.129    2.487   34.935   11.55   13.61   67.30
   67.62   81.50 0.54837D-09  1  0  0.01333  265.74  266.72 0.95286D+14  2.232    6.661    6.097    2.454   34.904   11.55   13.62   67.62
   67.94   81.88 0.54588D-09  1  0  0.01338  265.69  266.69 0.95176D+14  2.232    6.629    6.065    2.422   34.873   11.56   13.62   67.94
   68.26   82.27 0.54342D-09  1  0  0.01343  265.65  266.66 0.95067D+14  2.232    6.598    6.033    2.389   34.842   11.56   13.63   68.26
   68.59   82.66 0.54098D-09  1  0  0.01348  265.61  266.64 0.94959D+14  2.233    6.566    6.002    2.356   34.811   11.57   13.63   68.59
   68.91   83.05 0.53857D-09  1  0  0.01353  265.56  266.61 0.94851D+14  2.233    6.535    5.971    2.323   34.780   11.57   13.64   68.91
   69.23   83.44 0.53617D-09  1  0  0.01358  265.52  266.59 0.94745D+14  2.234    6.505    5.941    2.291   34.750   11.58   13.64   69.23
   69.55   83.82 0.53380D-09  1  0  0.01363  265.48  266.56 0.94639D+14  2.234    6.474    5.910    2.258   34.719   11.58   13.65   69.55
   69.87   84.21 0.53145D-09  1  0  0.01368  265.43  266.54 0.94534D+14  2.234    6.444    5.880    2.225   34.688   11.59   13.65   69.87
   70.20   84.60 0.52913D-09  1  0  0.01373  265.39  266.51 0.94429D+14  2.235    6.414    5.850    2.193   34.658   11.59   13.66   70.20
   70.52   84.99 0.52682D-09  1  0  0.01378  265.35  266.48 0.94325D+14  2.235    6.385    5.821    2.160   34.627   11.60   13.66   70.52
   70.84   85.38 0.52454D-09  1  0  0.01384  265.30  266.46 0.94222D+14  2.235    6.355    5.792    2.128   34.597   11.60   13.67   70.84
   71.16   85.76 0.52227D-09  1  0  0.01389  265.26  266.43 0.94120D+14  2.236    6.326    5.763    2.095   34.566   11.61   13.68   71.16
   71.48   86.15 0.52003D-09  1  0  0.01394  265.22  266.40 0.94019D+14  2.236    6.298    5.734    2.063   34.536   11.61   13.68   71.48
   71.81   86.54 0.51781D-09  1  0  0.01400  265.17  266.38 0.93918D+14  2.237    6.269    5.706    2.031   34.506   11.61   13.69   71.81
   72.13   86.93 0.51560D-09  1  0  0.01405  265.13  266.35 0.93818D+14  2.237    6.241    5.677    1.998   34.475   11.62   13.69   72.13
   72.45   87.32 0.51342D-09  1  0  0.01410  265.08  266.32 0.93719D+14  2.237    6.213    5.649    1.966   34.445   11.62   13.70   72.45
   72.77   87.70 0.51125D-09  1  0  0.01416  265.04  266.30 0.93620D+14  2.238    6.185    5.622    1.934   34.415   11.63   13.70   72.77
   73.09   88.09 0.50911D-09  1  0  0.01421  265.00  266.27 0.93522D+14  2.238    6.157    5.594    1.901   34.385   11.63   13.71   73.09
   73.42   88.48 0.50698D-09  1  0  0.01427  264.95  266.24 0.93425D+14  2.239    6.130    5.567    1.869   34.355   11.64   13.71   73.42
   73.74   88.87 0.50487D-09  1  0  0.01433  264.91  266.21 0.93329D+14  2.239    6.103    5.540    1.837   34.325   11.64   13.72   73.74
   74.06   89.26 0.50278D-09  1  0  0.01438  264.86  266.19 0.93233D+14  2.239    6.076    5.513    1.805   34.295   11.65   13.73   74.06
   74.38   89.65 0.50071D-09  1  0  0.01444  264.82  266.16 0.93138D+14  2.240    6.049    5.487    1.772   34.265   11.65   13.73   74.38
   74.70   90.03 0.49866D-09  1  0  0.01450  264.77  266.13 0.93044D+14  2.240    6.023    5.460    1.740   34.235   11.66   13.74   74.70
   75.03   90.42 0.49662D-09  1  0  0.01456  264.73  266.10 0.92951D+14  2.241    5.997    5.434    1.708   34.205   11.66   13.74   75.03
   75.35   90.81 0.49460D-09  1  0  0.01461  264.68  266.08 0.92858D+14  2.241    5.971    5.408    1.676   34.176   11.66   13.75   75.35
   75.67   91.20 0.49260D-09  1  0  0.01467  264.64  266.05 0.92766D+14  2.241    5.945    5.383    1.644   34.146   11.67   13.76   75.67
   75.99   91.59 0.49062D-09  1  0  0.01473  264.59  266.02 0.92675D+14  2.242    5.920    5.357    1.611   34.116   11.67   13.76   75.99
   76.31   91.97 0.48865D-09  1  0  0.01479  264.55  265.99 0.92585D+14  2.242    5.894    5.332    1.579   34.086   11.68   13.77   76.31
   76.64   92.36 0.48670D-09  1  0  0.01485  264.50  265.96 0.92495D+14  2.243    5.869    5.307    1.547   34.057   11.68   13.77   76.64
   76.96   92.75 0.48476D-09  1  0  0.01491  264.46  265.93 0.92406D+14  2.243    5.844    5.282    1.515   34.027   11.69   13.78   76.96
   77.28   93.14 0.48284D-09  1  0  0.01497  264.41  265.90 0.92318D+14  2.243    5.819    5.258    1.483   33.997   11.69   13.79   77.28
   77.60   93.53 0.48094D-09  1  0  0.01503  264.36  265.88 0.92230D+14  2.244    5.795    5.233    1.451   33.968   11.69   13.79   77.60
   77.92   93.91 0.47905D-09  1  0  0.01510  264.32  265.85 0.92144D+14  2.244    5.771    5.209    1.419   33.938   11.70   13.80   77.92
   78.25   94.30 0.47718D-09  1  0  0.01516  264.27  265.82 0.92058D+14  2.245    5.747    5.185    1.386   33.909   11.70   13.80   78.25
   78.57   94.69 0.47533D-09  1  0  0.01522  264.23  265.79 0.91972D+14  2.245    5.723    5.161    1.354   33.879   11.71   13.81   78.57
   78.89   95.08 0.47349D-09  1  0  0.01529  264.18  265.76 0.91888D+14  2.245    5.699    5.137    1.322   33.849   11.71   13.82   78.89
   79.21   95.47 0.47166D-09  1  0  0.01535  264.13  265.73 0.91804D+14  2.246    5.675    5.114    1.290   33.820   11.72   13.82   79.21
   79.53   95.85 0.46985D-09  1  0  0.01541  264.09  265.70 0.91721D+14  2.246    5.652    5.091    1.258   33.790   11.72   13.83   79.53
   79.86   96.24 0.46805D-09  1  0  0.01548  264.04  265.67 0.91639D+14  2.247    5.629    5.068    1.226   33.761   11.73   13.83   79.86
   80.18   96.63 0.46627D-09  1  0  0.01554  263.99  265.64 0.91557D+14  2.247    5.606    5.045    1.193   33.732   11.73   13.84   80.18
   80.50   97.02 0.46450D-09  1  0  0.01561  263.95  265.61 0.91476D+14  2.247    5.583    5.022    1.161   33.702   11.73   13.85   80.50
   80.82   97.41 0.46275D-09  1  0  0.01568  263.90  265.58 0.91396D+14  2.248    5.560    5.000    1.129   33.673   11.74   13.85   80.82
   81.14   97.79 0.46101D-09  1  0  0.01574  263.85  265.55 0.91317D+14  2.248    5.538    4.977    1.097   33.643   11.74   13.86   81.14
   81.47   98.18 0.45929D-09  1  0  0.01581  263.80  265.52 0.91238D+14  2.249    5.516    4.955    1.064   33.614   11.75   13.87   81.47
   81.79   98.57 0.45757D-09  1  0  0.01588  263.76  265.49 0.91161D+14  2.249    5.494    4.933    1.032   33.584   11.75   13.87   81.79
   82.11   98.96 0.45587D-09  1  0  0.01595  263.71  265.46 0.91084D+14  2.250    5.472    4.911    1.000   33.555   11.76   13.88   82.11
   82.43   99.35 0.45419D-09  1  0  0.01602  263.66  265.43 0.91007D+14  2.250    5.450    4.889    0.968   33.526   11.76   13.89   82.43
   82.75   99.74 0.45252D-09  1  0  0.01609  263.61  265.40 0.90932D+14  2.250    5.428    4.868    0.935   33.496   11.76   13.89   82.75
   83.08  100.12 0.45086D-09  1  0  0.01616  263.56  265.37 0.90857D+14  2.251    5.407    4.847    0.903   33.467   11.77   13.90   83.08
   83.40  100.51 0.44921D-09  1  0  0.01623  263.52  265.34 0.90783D+14  2.251    5.385    4.825    0.870   33.437   11.77   13.91   83.40
   83.72  100.90 0.44758D-09  1  0  0.01630  263.47  265.31 0.90710D+14  2.252    5.364    4.804    0.838   33.408   11.78   13.91   83.72
   84.04  101.29 0.44596D-09  1  0  0.01637  263.42  265.27 0.90638D+14  2.252    5.343    4.783    0.805   33.379   11.78   13.92   84.04
   84.36  101.68 0.44435D-09  1  0  0.01645  263.37  265.24 0.90566D+14  2.252    5.323    4.763    0.773   33.349   11.79   13.93   84.36
   84.69  102.06 0.44275D-09  1  0  0.01652  263.32  265.21 0.90496D+14  2.253    5.302    4.742    0.740   33.320   11.79   13.93   84.69
   85.01  102.45 0.44117D-09  1  0  0.01660  263.27  265.18 0.90426D+14  2.253    5.281    4.722    0.708   33.290   11.79   13.94   85.01
   85.33  102.84 0.43959D-09  1  0  0.01667  263.22  265.15 0.90357D+14  2.254    5.261    4.702    0.675   33.261   11.80   13.95   85.33
   85.65  103.23 0.43803D-09  1  0  0.01675  263.17  265.12 0.90288D+14  2.254    5.241    4.681    0.643   33.232   11.80   13.95   85.65
   85.97  103.62 0.43648D-09  1  0  0.01682  263.12  265.08 0.90221D+14  2.255    5.221    4.661    0.610   33.202   11.81   13.96   85.97
   86.30  104.00 0.43495D-09  1  0  0.01690  263.08  265.05 0.90154D+14  2.255    5.201    4.642    0.577   33.173   11.81   13.97   86.30
   86.62  104.39 0.43342D-09  1  0  0.01698  263.03  265.02 0.90088D+14  2.256    5.181    4.622    0.544   33.143   11.82   13.97   86.62
   86.94  104.78 0.43191D-09  1  0  0.01705  262.98  264.99 0.90023D+14  2.256    5.161    4.602    0.511   33.114   11.82   13.98   86.94
   87.26  105.17 0.43040D-09  1  0  0.01713  262.93  264.96 0.89959D+14  2.256    5.142    4.583    0.479   33.084   11.82   13.99   87.26
   87.58  105.56 0.42891D-09  1  0  0.01721  262.88  264.92 0.89895D+14  2.257    5.122    4.564    0.446   33.055   11.83   13.99   87.58
   87.91  105.94 0.42743D-09  1  0  0.01729  262.83  264.89 0.89833D+14  2.257    5.103    4.545    0.413   33.025   11.83   14.00   87.91
   88.23  106.33 0.42596D-09  1  0  0.01737  262.77  264.86 0.89771D+14  2.258    5.084    4.526    0.380   32.995   11.84   14.01   88.23
   88.55  106.72 0.42450D-09  1  0  0.01746  262.72  264.82 0.89710D+14  2.258    5.065    4.507    0.346   32.966   11.84   14.02   88.55
   88.87  107.11 0.42305D-09  1  0  0.01754  262.67  264.79 0.89650D+14  2.259    5.046    4.488    0.313   32.936   11.85   14.02   88.87
   89.19  107.50 0.42161D-09  1  0  0.01762  262.62  264.76 0.89591D+14  2.259    5.028    4.470    0.280   32.907   11.85   14.03   89.19
   89.52  107.88 0.42018D-09  1  0  0.01770  262.57  264.72 0.89532D+14  2.260    5.009    4.451    0.247   32.877   11.86   14.04   89.52
   89.84  108.27 0.41876D-09  1  0  0.01779  262.52  264.69 0.89475D+14  2.260    4.991    4.433    0.213   32.847   11.86   14.04   89.84
   90.16  108.66 0.41736D-09  1  0  0.01788  262.47  264.66 0.89418D+14  2.260    4.972    4.415    0.180   32.817   11.86   14.05   90.16
   90.48  109.05 0.41596D-09  1  0  0.01796  262.42  264.62 0.89363D+14  2.261    4.954    4.397    0.146   32.788   11.87   14.06   90.48
   90.80  109.44 0.41457D-09  1  0  0.01805  262.36  264.59 0.89308D+14  2.261    4.936    4.379    0.113   32.758   11.87   14.07   90.80
   91.13  109.83 0.41319D-09  1  0  0.01814  262.31  264.55 0.89254D+14  2.262    4.918    4.361    0.079   32.728   11.88   14.07   91.13
   91.45  110.21 0.41183D-09  1  0  0.01822  262.26  264.52 0.89201D+14  2.262    4.900    4.343    0.046   32.698   11.88   14.08   91.45
   91.77  110.60 0.41047D-09  1  0  0.01831  262.21  264.48 0.89149D+14  2.263    4.883    4.325    0.012   32.668   11.89   14.09   91.77
   92.09  110.99 0.40912D-09  1  0  0.01840  262.15  264.51 0.88529D+14  2.263    4.865    4.308    0.000   32.658   11.86   14.09   92.09
   92.41  111.38 0.40778D-09  1  0  0.01850  262.10  264.49 0.88315D+14  2.264    4.848    4.291    0.000   32.658   11.86   14.09   92.41
   92.74  111.77 0.40645D-09  1  0  0.01859  262.05  264.48 0.88102D+14  2.264    4.830    4.273    0.000   32.658   11.85   14.08   92.74
   93.06  112.15 0.40513D-09  1  0  0.01868  262.00  264.46 0.87891D+14  2.265    4.813    4.256    0.000   32.658   11.85   14.07   93.06
   93.38  112.54 0.40381D-09  1  0  0.01877  261.94  264.44 0.87680D+14  2.265    4.796    4.239    0.000   32.658   11.85   14.07   93.38
   93.70  112.93 0.40251D-09  1  0  0.01887  261.89  264.43 0.87472D+14  2.266    4.779    4.222    0.000   32.658   11.84   14.06   93.70
   94.02  113.32 0.40122D-09  1  0  0.01897  261.84  264.41 0.87264D+14  2.266    4.762    4.206    0.000   32.658   11.84   14.06   94.02
   94.35  113.71 0.39993D-09  1  0  0.01906  261.78  264.39 0.87058D+14  2.267    4.745    4.189    0.000   32.658   11.83   14.05   94.35
   94.67  114.09 0.39866D-09  1  0  0.01916  261.73  264.37 0.86853D+14  2.267    4.728    4.172    0.000   32.658   11.83   14.05   94.67
   94.99  114.48 0.39739D-09  1  0  0.01926  261.67  264.35 0.86649D+14  2.268    4.712    4.156    0.000   32.658   11.83   14.04   94.99
   95.31  114.87 0.39613D-09  1  0  0.01936  261.62  264.34 0.86447D+14  2.268    4.695    4.140    0.000   32.658   11.82   14.03   95.31
   95.63  115.26 0.39488D-09  1  0  0.01946  261.56  264.32 0.86245D+14  2.269    4.679    4.123    0.000   32.658   11.82   14.03   95.63
   95.96  115.65 0.39364D-09  1  0  0.01956  261.51  264.30 0.86046D+14  2.269    4.663    4.107    0.000   32.658   11.82   14.02   95.96
   96.28  116.03 0.39240D-09  1  0  0.01966  261.45  264.28 0.85847D+14  2.269    4.647    4.091    0.000   32.658   11.81   14.02   96.28
   96.60  116.42 0.39118D-09  1  0  0.01977  261.40  264.26 0.85650D+14  2.270    4.631    4.075    0.000   32.658   11.81   14.01   96.60
   96.92  116.81 0.38996D-09  1  0  0.01987  261.34  264.24 0.85454D+14  2.270    4.615    4.059    0.000   32.658   11.80   14.01   96.92
   97.24  117.20 0.38875D-09  1  0  0.01998  261.29  264.22 0.85260D+14  2.271    4.599    4.044    0.000   32.658   11.80   14.00   97.24
   97.57  117.59 0.38755D-09  1  0  0.02008  261.23  264.21 0.85066D+14  2.271    4.583    4.028    0.000   32.658   11.80   14.00   97.57
   97.89  117.97 0.38635D-09  1  0  0.02019  261.17  264.19 0.84874D+14  2.272    4.567    4.012    0.000   32.658   11.79   13.99   97.89
   98.21  118.36 0.38517D-09  1  0  0.02030  261.12  264.17 0.84684D+14  2.272    4.552    3.997    0.000   32.658   11.79   13.98   98.21
   98.53  118.75 0.38399D-09  1  0  0.02041  261.06  264.15 0.84495D+14  2.273    4.536    3.982    0.000   32.658   11.79   13.98   98.53
   98.85  119.14 0.38282D-09  1  0  0.02052  261.00  264.13 0.84307D+14  2.273    4.521    3.966    0.000   32.658   11.78   13.97   98.85
   99.18  119.53 0.38166D-09  1  0  0.02063  260.95  264.11 0.84120D+14  2.274    4.506    3.951    0.000   32.658   11.78   13.97   99.18
   99.50  119.91 0.38050D-09  1  0  0.02075  260.89  264.09 0.83935D+14  2.275    4.490    3.936    0.000   32.658   11.77   13.96   99.50
   99.82  120.30 0.37936D-09  1  0  0.02086  260.83  264.07 0.83751D+14  2.275    4.475    3.921    0.000   32.658   11.77   13.96   99.82
  100.14  120.69 0.37822D-09  1  0  0.02098  260.77  264.04 0.83568D+14  2.276    4.460    3.906    0.000   32.658   11.77   13.95  100.14
  100.46  121.08 0.37708D-09  1  0  0.02109  260.71  264.02 0.83387D+14  2.276    4.445    3.892    0.000   32.658   11.76   13.95  100.46
  100.79  121.47 0.37596D-09  1  0  0.02121  260.66  264.00 0.83207D+14  2.277    4.431    3.877    0.000   32.658   11.76   13.94  100.79
  101.11  121.86 0.37484D-09  1  0  0.02133  260.60  263.98 0.83028D+14  2.277    4.416    3.862    0.000   32.658   11.76   13.94  101.11
  101.43  122.24 0.37373D-09  1  0  0.02145  260.54  263.96 0.82851D+14  2.278    4.401    3.848    0.000   32.658   11.75   13.93  101.43
  101.75  122.63 0.37262D-09  1  0  0.02158  260.48  263.94 0.82675D+14  2.278    4.387    3.833    0.000   32.658   11.75   13.93  101.75
  102.07  123.02 0.37153D-09  1  0  0.02170  260.42  263.92 0.82500D+14  2.279    4.372    3.819    0.000   32.658   11.75   13.92  102.07
  102.40  123.41 0.37044D-09  1  0  0.02182  260.36  263.90 0.82327D+14  2.279    4.358    3.805    0.000   32.658   11.74   13.91  102.40
  102.72  123.80 0.36935D-09  1  0  0.02195  260.30  263.87 0.82155D+14  2.280    4.343    3.790    0.000   32.658   11.74   13.91  102.72
  103.04  124.18 0.36828D-09  1  0  0.02208  260.24  263.85 0.81985D+14  2.280    4.329    3.776    0.000   32.658   11.74   13.90  103.04
  103.36  124.57 0.36721D-09  1  0  0.02221  260.18  263.83 0.81816D+14  2.281    4.315    3.762    0.000   32.658   11.73   13.90  103.36
  103.68  124.96 0.36614D-09  1  0  0.02234  260.12  263.81 0.81648D+14  2.281    4.301    3.748    0.000   32.658   11.73   13.89  103.68
  104.01  125.35 0.36509D-09  1  0  0.02247  260.05  263.78 0.81482D+14  2.282    4.287    3.735    0.000   32.658   11.73   13.89  104.01
  104.33  125.74 0.36404D-09  1  0  0.02261  259.99  263.76 0.81317D+14  2.282    4.273    3.721    0.000   32.658   11.72   13.88  104.33
  104.65  126.12 0.36299D-09  1  0  0.02274  259.93  263.74 0.81153D+14  2.283    4.259    3.707    0.000   32.658   11.72   13.88  104.65
  104.97  126.51 0.36196D-09  1  0  0.02288  259.87  263.71 0.80991D+14  2.284    4.245    3.693    0.000   32.658   11.72   13.87  104.97
  105.29  126.90 0.36092D-09  1  0  0.02302  259.81  263.69 0.80831D+14  2.284    4.231    3.680    0.000   32.658   11.71   13.87  105.29
  105.62  127.29 0.35990D-09  1  0  0.02316  259.74  263.67 0.80671D+14  2.285    4.218    3.666    0.000   32.658   11.71   13.86  105.62
  105.94  127.68 0.35888D-09  1  0  0.02330  259.68  263.64 0.80514D+14  2.285    4.204    3.653    0.000   32.658   11.71   13.86  105.94
  106.26  128.06 0.35787D-09  1  0  0.02344  259.62  263.62 0.80357D+14  2.286    4.191    3.640    0.000   32.658   11.70   13.85  106.26
  106.58  128.45 0.35686D-09  1  0  0.02359  259.55  263.59 0.80203D+14  2.286    4.177    3.626    0.000   32.658   11.70   13.85  106.58
  106.90  128.84 0.35586D-09  1  0  0.02374  259.49  263.57 0.80049D+14  2.287    4.164    3.613    0.000   32.658   11.70   13.84  106.90
  107.23  129.23 0.35487D-09  1  0  0.02388  259.42  263.55 0.79897D+14  2.288    4.151    3.600    0.000   32.658   11.69   13.84  107.23
  107.55  129.62 0.35388D-09  1  0  0.02403  259.36  263.52 0.79747D+14  2.288    4.138    3.587    0.000   32.658   11.69   13.83  107.55
  107.87  130.00 0.35290D-09  1  0  0.02419  259.29  263.50 0.79598D+14  2.289    4.124    3.574    0.000   32.658   11.69   13.83  107.87
  108.19  130.39 0.35192D-09  1  0  0.02434  259.23  263.47 0.79451D+14  2.289    4.111    3.561    0.000   32.658   11.68   13.82  108.19
  108.51  130.78 0.35095D-09  1  0  0.02450  259.16  263.44 0.79305D+14  2.290    4.098    3.548    0.000   32.658   11.68   13.82  108.51
  108.84  131.17 0.34999D-09  1  0  0.02466  259.09  263.42 0.79161D+14  2.291    4.085    3.536    0.000   32.658   11.68   13.81  108.84
  109.16  131.56 0.34903D-09  1  0  0.02482  259.03  263.39 0.79018D+14  2.291    4.073    3.523    0.000   32.658   11.68   13.81  109.16
  109.48  131.95 0.34808D-09  1  0  0.02498  258.96  263.37 0.78877D+14  2.292    4.060    3.510    0.000   32.658   11.67   13.80  109.48
  109.80  132.33 0.34713D-09  1  0  0.02514  258.89  263.34 0.78737D+14  2.292    4.047    3.498    0.000   32.658   11.67   13.80  109.80
  110.12  132.72 0.34619D-09  1  0  0.02531  258.82  263.31 0.78599D+14  2.293    4.034    3.485    0.000   32.658   11.67   13.79  110.12
  110.45  133.11 0.34525D-09  1  0  0.02548  258.75  263.29 0.78463D+14  2.294    4.022    3.473    0.000   32.658   11.66   13.78  110.45
  110.77  133.50 0.34432D-09  1  0  0.02565  258.69  263.26 0.78328D+14  2.294    4.009    3.460    0.000   32.658   11.66   13.78  110.77
  111.09  133.89 0.34340D-09  1  0  0.02582  258.62  263.23 0.78195D+14  2.295    3.997    3.448    0.000   32.658   11.66   13.77  111.09
  111.41  134.27 0.34248D-09  1  0  0.02600  258.55  263.20 0.78064D+14  2.295    3.984    3.436    0.000   32.658   11.66   13.77  111.41
  111.73  134.66 0.34156D-09  1  0  0.02617  258.48  263.18 0.77934D+14  2.296    3.972    3.424    0.000   32.658   11.65   13.76  111.73
  112.06  135.05 0.34065D-09  1  0  0.02635  258.41  263.15 0.77806D+14  2.297    3.960    3.412    0.000   32.658   11.65   13.76  112.06
  112.38  135.44 0.33975D-09  1  0  0.02654  258.33  263.12 0.77680D+14  2.297    3.947    3.400    0.000   32.658   11.65   13.75  112.38
  112.70  135.83 0.33885D-09  1  0  0.02672  258.26  263.09 0.77556D+14  2.298    3.935    3.388    0.000   32.658   11.65   13.75  112.70
  113.02  136.21 0.33795D-09  1  0  0.02691  258.19  263.06 0.77433D+14  2.299    3.923    3.376    0.000   32.658   11.64   13.74  113.02
  113.34  136.60 0.33706D-09  1  0  0.02710  258.12  263.03 0.77312D+14  2.299    3.911    3.364    0.000   32.658   11.64   13.74  113.34
  113.67  136.99 0.33618D-09  1  0  0.02729  258.04  263.00 0.77193D+14  2.300    3.899    3.352    0.000   32.658   11.64   13.73  113.67
  113.99  137.38 0.33530D-09  1  0  0.02749  257.97  262.97 0.77076D+14  2.301    3.887    3.340    0.000   32.658   11.64   13.73  113.99
  114.31  137.77 0.33443D-09  1  0  0.02768  257.90  262.94 0.76960D+14  2.301    3.875    3.328    0.000   32.658   11.63   13.72  114.31
  114.63  138.15 0.33356D-09  1  0  0.02788  257.82  262.91 0.76846D+14  2.302    3.863    3.317    0.000   32.658   11.63   13.72  114.63
  114.95  138.54 0.33270D-09  1  0  0.02809  257.75  262.88 0.76735D+14  2.303    3.852    3.305    0.000   32.658   11.63   13.71  114.95
  115.28  138.93 0.33184D-09  1  0  0.02829  257.67  262.85 0.76625D+14  2.303    3.840    3.294    0.000   32.658   11.63   13.71  115.28
  115.60  139.32 0.33098D-09  1  0  0.02850  257.59  262.82 0.76517D+14  2.304    3.828    3.282    0.000   32.658   11.63   13.70  115.60
  115.92  139.71 0.33013D-09  1  0  0.02872  257.52  262.79 0.76412D+14  2.305    3.816    3.271    0.000   32.658   11.62   13.70  115.92
  116.24  140.09 0.32929D-09  1  0  0.02893  257.44  262.76 0.76308D+14  2.305    3.805    3.259    0.000   32.658   11.62   13.69  116.24
  116.56  140.48 0.32845D-09  1  0  0.02915  257.36  262.72 0.76206D+14  2.306    3.793    3.248    0.000   32.658   11.62   13.69  116.56
  116.89  140.87 0.32761D-09  1  0  0.02937  257.28  262.69 0.76107D+14  2.307    3.782    3.237    0.000   32.658   11.62   13.68  116.89
  117.21  141.26 0.32678D-09  1  0  0.02960  257.20  262.66 0.76009D+14  2.307    3.770    3.225    0.000   32.658   11.62   13.68  117.21
  117.53  141.65 0.32595D-09  1  0  0.02982  257.12  262.63 0.75914D+14  2.308    3.759    3.214    0.000   32.658   11.61   13.67  117.53
  117.85  142.04 0.32513D-09  1  0  0.03006  257.04  262.59 0.75821D+14  2.309    3.748    3.203    0.000   32.658   11.61   13.66  117.85
  118.17  142.42 0.32431D-09  1  0  0.03029  256.96  262.56 0.75730D+14  2.310    3.736    3.192    0.000   32.658   11.61   13.66  118.17
  118.50  142.81 0.32350D-09  1  0  0.03053  256.88  262.52 0.75641D+14  2.310    3.725    3.181    0.000   32.658   11.61   13.65  118.50
  118.82  143.20 0.32269D-09  1  0  0.03077  256.80  262.49 0.75555D+14  2.311    3.714    3.170    0.000   32.658   11.61   13.65  118.82
  119.14  143.59 0.32189D-09  1  0  0.03102  256.71  262.46 0.75471D+14  2.312    3.703    3.159    0.000   32.658   11.61   13.64  119.14
  119.46  143.98 0.32109D-09  1  0  0.03127  256.63  262.42 0.75389D+14  2.313    3.691    3.148    0.000   32.658   11.61   13.64  119.46
  119.78  144.36 0.32029D-09  1  0  0.03153  256.54  262.38 0.75310D+14  2.313    3.680    3.137    0.000   32.658   11.60   13.63  119.78
  120.11  144.75 0.31950D-09  1  0  0.03178  256.46  262.35 0.75233D+14  2.314    3.669    3.126    0.000   32.658   11.60   13.63  120.11
  120.43  145.14 0.31872D-09  1  0  0.03205  256.37  262.31 0.75159D+14  2.315    3.658    3.116    0.000   32.658   11.60   13.62  120.43
  120.75  145.53 0.31793D-09  1  0  0.03231  256.28  262.28 0.75088D+14  2.316    3.647    3.105    0.000   32.658   11.60   13.62  120.75
  121.07  145.92 0.31716D-09  1  0  0.03258  256.20  262.24 0.75019D+14  2.317    3.636    3.094    0.000   32.658   11.60   13.61  121.07
  121.39  146.30 0.31638D-09  1  0  0.03286  256.11  262.20 0.74953D+14  2.317    3.625    3.083    0.000   32.658   11.60   13.61  121.39
  121.72  146.69 0.31561D-09  1  0  0.03314  256.02  262.16 0.74889D+14  2.318    3.615    3.073    0.000   32.658   11.60   13.60  121.72
  122.04  147.08 0.31484D-09  1  0  0.03342  255.93  262.13 0.74829D+14  2.319    3.604    3.062    0.000   32.658   11.60   13.59  122.04
  122.36  147.47 0.31408D-09  1  0  0.03371  255.83  262.09 0.74771D+14  2.320    3.593    3.052    0.000   32.658   11.60   13.59  122.36
  122.68  147.86 0.31332D-09  1  0  0.03401  255.74  262.05 0.74716D+14  2.321    3.582    3.041    0.000   32.658   11.60   13.58  122.68
  123.00  148.24 0.31257D-09  1  0  0.03431  255.65  262.01 0.74664D+14  2.322    3.571    3.031    0.000   32.658   11.60   13.58  123.00
  123.33  148.63 0.31182D-09  1  0  0.03461  255.55  261.97 0.74616D+14  2.322    3.561    3.020    0.000   32.658   11.60   13.57  123.33
  123.65  149.02 0.31107D-09  1  0  0.03492  255.46  261.93 0.74570D+14  2.323    3.550    3.010    0.000   32.658   11.60   13.57  123.65
  123.97  149.41 0.31033D-09  1  0  0.03524  255.36  261.89 0.74528D+14  2.324    3.539    3.000    0.000   32.658   11.60   13.56  123.97
  124.29  149.80 0.30959D-09  1  0  0.03556  255.26  261.84 0.74489D+14  2.325    3.529    2.989    0.000   32.658   11.60   13.56  124.29
  124.61  150.18 0.30886D-09  1  0  0.03589  255.17  261.80 0.74453D+14  2.326    3.518    2.979    0.000   32.658   11.60   13.55  124.61
  124.94  150.57 0.30813D-09  1  0  0.03622  255.07  261.76 0.74421D+14  2.327    3.508    2.969    0.000   32.658   11.60   13.54  124.94
  125.26  150.96 0.30740D-09  1  0  0.03656  254.96  261.72 0.74392D+14  2.328    3.497    2.959    0.000   32.658   11.60   13.54  125.26
  125.58  151.35 0.30668D-09  1  0  0.03691  254.86  261.67 0.74367D+14  2.329    3.487    2.948    0.000   32.658   11.60   13.53  125.58
  125.90  151.74 0.30596D-09  1  0  0.03726  254.76  261.63 0.74346D+14  2.330    3.476    2.938    0.000   32.658   11.60   13.53  125.90
  126.22  152.13 0.30524D-09  1  0  0.03762  254.65  261.58 0.74329D+14  2.331    3.466    2.928    0.000   32.658   11.60   13.52  126.22
  126.55  152.51 0.30453D-09  1  0  0.03798  254.55  261.54 0.74315D+14  2.331    3.455    2.918    0.000   32.658   11.60   13.52  126.55
  126.87  152.90 0.30382D-09  1  0  0.03835  254.44  261.49 0.74306D+14  2.332    3.445    2.908    0.000   32.658   11.60   13.51  126.87
  127.19  153.29 0.30312D-09  1  0  0.03873  254.33  261.45 0.74301D+14  2.333    3.435    2.898    0.000   32.658   11.60   13.50  127.19
  127.51  153.68 0.30242D-09  1  0  0.03912  254.22  261.40 0.74300D+14  2.334    3.424    2.888    0.000   32.658   11.60   13.50  127.51
  127.83  154.07 0.30172D-09  1  0  0.03951  254.11  261.35 0.74298D+14  2.335    3.414    2.878   -0.011   32.649   11.85   13.50  127.83
  128.16  -78.24 0.30102D-09  1  0  0.03992  254.00  261.31 0.74306D+14  2.337    3.404    2.868   -0.062   32.605   11.86   13.51 -257.99
  128.48   41.54 0.30033D-09  1  0  0.04033  253.88  261.26 0.74319D+14  2.338    3.393    2.858   -0.115   32.560   11.86   13.53  -59.54
  128.80   80.39 0.29964D-09  1  0  0.04074  253.77  261.21 0.74337D+14  2.339    3.383    2.848   -0.169   32.515   11.87   13.54    4.60
  129.12   99.77 0.29896D-09  1  0  0.04117  253.65  261.16 0.74360D+14  2.340    3.373    2.838   -0.224   32.469   11.87   13.56   36.44
  129.44  111.48 0.29828D-09  1  0  0.04161  253.53  261.11 0.74387D+14  2.341    3.363    2.828   -0.280   32.422   11.88   13.57   55.55
  129.77  119.38 0.29760D-09  1  0  0.04205  253.41  261.05 0.74421D+14  2.342    3.352    2.818   -0.337   32.374   11.88   13.59   68.35
  130.09  125.13 0.29693D-09  1  0  0.04251  253.29  261.00 0.74459D+14  2.343    3.342    2.808   -0.396   32.325   11.89   13.60   77.56
  130.41  129.53 0.29626D-09  1  0  0.04297  253.16  260.95 0.74504D+14  2.344    3.332    2.798   -0.455   32.275   11.89   13.62   84.54
  130.73  133.03 0.29559D-09  1  0  0.04345  253.03  260.89 0.74554D+14  2.345    3.322    2.789   -0.516   32.224   11.90   13.64   90.03
  131.05  135.91 0.29493D-09  1  0  0.04393  252.91  260.84 0.74611D+14  2.346    3.312    2.779   -0.578   32.172   11.91   13.66   94.48
  131.38  138.33 0.29427D-09  1  0  0.04443  252.78  260.78 0.74673D+14  2.348    3.301    2.769   -0.642   32.119   11.91   13.67   98.18
  131.70  140.42 0.29361D-09  1  0  0.04493  252.64  260.73 0.74743D+14  2.349    3.291    2.759   -0.707   32.065   11.92   13.69  101.32
  132.02  142.24 0.29296D-09  1  0  0.04545  252.51  260.67 0.74819D+14  2.350    3.281    2.749   -0.773   32.010   11.93   13.71  104.02
  132.34  143.86 0.29231D-09  1  0  0.04598  252.37  260.61 0.74902D+14  2.351    3.271    2.740   -0.840   31.954   11.94   13.73  106.39
  132.66  145.31 0.29166D-09  1  0  0.04652  252.23  260.55 0.74993D+14  2.353    3.261    2.730   -0.910   31.896   11.94   13.75  108.48
  132.99  146.63 0.29101D-09  1  0  0.04708  252.09  260.49 0.75091D+14  2.354    3.250    2.720   -0.980   31.837   11.95   13.77  110.35
  133.31  147.84 0.29037D-09  1  0  0.04765  251.94  260.43 0.75197D+14  2.355    3.240    2.710   -1.053   31.777   11.96   13.79  112.04
  133.63  148.96 0.28973D-09  1  0  0.04823  251.80  260.36 0.75311D+14  2.357    3.230    2.701   -1.127   31.716   11.97   13.82  113.57
  133.95  150.01 0.28910D-09  1  0  0.04882  251.64  260.30 0.75434D+14  2.358    3.220    2.691   -1.202   31.653   11.98   13.84  114.98
  134.27  150.99 0.28847D-09  1  0  0.04943  251.49  260.24 0.75566D+14  2.359    3.209    2.681   -1.280   31.589   11.99   13.86  116.28
  134.60  151.91 0.28784D-09  1  0  0.05006  251.34  260.17 0.75707D+14  2.361    3.199    2.671   -1.359   31.523   12.00   13.89  117.49
  134.92  152.78 0.28721D-09  1  0  0.05070  251.18  260.10 0.75858D+14  2.362    3.189    2.662   -1.440   31.456   12.01   13.91  118.62
  135.24  153.61 0.28659D-09  1  0  0.05136  251.01  260.03 0.76018D+14  2.364    3.179    2.652   -1.523   31.387   12.02   13.94  119.68
  135.56  154.41 0.28597D-09  1  0  0.05203  250.85  259.96 0.76190D+14  2.365    3.168    2.642   -1.609   31.316   12.03   13.96  120.67
  135.88  155.17 0.28535D-09  1  0  0.05272  250.68  259.89 0.76372D+14  2.367    3.158    2.632   -1.696   31.244   12.04   13.99  121.62
  136.21  155.90 0.28474D-09  1  0  0.05343  250.51  259.82 0.76566D+14  2.369    3.148    2.622   -1.786   31.170   12.05   14.02  122.51
  136.53  156.61 0.28413D-09  1  0  0.05416  250.33  259.75 0.76772D+14  2.370    3.137    2.612   -1.877   31.094   12.07   14.05  123.37
  136.85  157.30 0.28352D-09  1  0  0.05491  250.15  259.67 0.76991D+14  2.372    3.127    2.603   -1.972   31.017   12.08   14.08  124.18
  137.17  157.96 0.28291D-09  1  0  0.05568  249.96  259.59 0.77223D+14  2.374    3.116    2.593   -2.068   30.937   12.09   14.11  124.96
  137.49  158.61 0.28231D-09  1  0  0.05648  249.78  259.51 0.77469D+14  2.375    3.106    2.583   -2.167   30.855   12.11   14.14  125.72
  137.82  159.24 0.28171D-09  1  0  0.05729  249.58  259.43 0.77729D+14  2.377    3.095    2.573   -2.269   30.771   12.12   14.17  126.44
  138.14  159.86 0.28111D-09  1  0  0.05813  249.38  259.35 0.78005D+14  2.379    3.085    2.563   -2.374   30.685   12.14   14.21  127.14
  138.46  160.46 0.28052D-09  1  0  0.05899  249.18  259.27 0.78297D+14  2.381    3.074    2.553   -2.482   30.597   12.15   14.25  127.81
  138.78  161.04 0.27993D-09  1  0  0.05988  248.97  259.18 0.78606D+14  2.383    3.063    2.543   -2.592   30.506   12.17   14.28  128.47
  139.10  161.62 0.27934D-09  1  0  0.06079  248.76  259.09 0.78932D+14  2.385    3.052    2.533   -2.706   30.413   12.19   14.32  129.10
  139.43  162.19 0.27875D-09  1  0  0.06173  248.54  259.00 0.79278D+14  2.387    3.042    2.523   -2.823   30.317   12.20   14.36  129.72
  139.75  162.75 0.27817D-09  1  0  0.06270  248.31  258.91 0.79644D+14  2.389    3.031    2.512   -2.943   30.218   12.22   14.40  130.32
  140.07  163.29 0.27759D-09  1  0  0.06371  248.08  258.82 0.80030D+14  2.391    3.020    2.502   -3.067   30.117   12.24   14.45  130.91
  140.39  163.83 0.27701D-09  1  0  0.06474  247.84  258.72 0.80439D+14  2.393    3.009    2.492   -3.194   30.012   12.26   14.49  131.48
  140.71  164.36 0.27644D-09  1  0  0.06581  247.60  258.62 0.80872D+14  2.396    2.997    2.481   -3.326   29.904   12.28   14.54  132.04
  141.04  164.89 0.27586D-09  1  0  0.06691  247.34  258.52 0.81330D+14  2.398    2.986    2.471   -3.461   29.794   12.30   14.59  132.59
  141.36  165.41 0.27529D-09  1  0  0.06805  247.08  258.41 0.81814D+14  2.400    2.975    2.460   -3.601   29.680   12.33   14.64  133.13
  141.68  165.92 0.27473D-09  1  0  0.06923  246.81  258.30 0.82326D+14  2.403    2.963    2.450   -3.745   29.562   12.35   14.69  133.66
  142.00  166.42 0.27416D-09  1  0  0.07045  246.54  258.19 0.82869D+14  2.406    2.952    2.439   -3.893   29.440   12.37   14.74  134.17
  142.32  166.92 0.27360D-09  1  0  0.07171  246.25  258.08 0.83444D+14  2.408    2.940    2.428   -4.047   29.315   12.40   14.80  134.68
  142.65  167.42 0.27304D-09  1  0  0.07302  245.95  257.96 0.84053D+14  2.411    2.928    2.417   -4.205   29.186   12.43   14.86  135.18
  142.97  167.91 0.27248D-09  1  0  0.07438  245.65  257.84 0.84698D+14  2.414    2.916    2.406   -4.369   29.052   12.46   14.92  135.67
  143.29  168.39 0.27193D-09  1  0  0.07578  245.33  257.72 0.85382D+14  2.417    2.904    2.395   -4.538   28.914   12.48   14.99  136.16
  143.61  168.88 0.27138D-09  1  0  0.07724  245.00  257.59 0.86109D+14  2.420    2.891    2.384   -4.713   28.772   12.52   15.06  136.63
  143.93  169.35 0.27083D-09  1  0  0.07876  244.66  257.46 0.86880D+14  2.424    2.878    2.372   -4.895   28.624   12.55   15.13  137.10
  144.26  169.83 0.27028D-09  1  0  0.08034  244.30  257.32 0.87699D+14  2.427    2.866    2.360   -5.082   28.471   12.58   15.20  137.56
  144.58  170.29 0.26974D-09  1  0  0.08198  243.93  257.18 0.88571D+14  2.431    2.853    2.349   -5.277   28.313   12.62   15.28  138.02
  144.90  170.76 0.26919D-09  1  0  0.08369  243.55  257.03 0.89498D+14  2.434    2.839    2.337   -5.478   28.149   12.65   15.36  138.47
  145.22  171.22 0.26865D-09  1  0  0.08547  243.15  256.88 0.90486D+14  2.438    2.826    2.324   -5.687   27.979   12.69   15.45  138.92
  145.54  171.68 0.26812D-09  1  0  0.08733  242.73  256.73 0.91539D+14  2.442    2.812    2.312   -5.904   27.803   12.73   15.54  139.35
  145.87  172.13 0.26758D-09  1  0  0.08927  242.29  256.56 0.92663D+14  2.446    2.798    2.299   -6.130   27.620   12.77   15.64  139.79
  146.19  172.59 0.26705D-09  1  0  0.09129  241.84  256.40 0.93864D+14  2.451    2.783    2.286   -6.364   27.430   12.82   15.74  140.21
  146.51  173.03 0.26652D-09  1  0  0.09341  241.36  256.22 0.95149D+14  2.456    2.768    2.273   -6.607   27.233   12.86   15.85  140.64
  146.83  173.48 0.26599D-09  1  0  0.09563  240.85  256.04 0.96525D+14  2.461    2.753    2.260   -6.860   27.027   12.91   15.97  141.05
  147.15  173.92 0.26546D-09  1  0  0.09796  240.33  255.85 0.98001D+14  2.466    2.737    2.246   -7.124   26.814   12.96   16.09  141.47
  147.48  174.36 0.26494D-09  1  0  0.10040  239.77  255.66 0.99586D+14  2.471    2.721    2.231   -7.398   26.591   13.02   16.22  141.87
  147.80  174.80 0.26442D-09  1  0  0.10297  239.19  255.45 0.10129D+15  2.477    2.705    2.217   -7.684   26.360   13.07   16.35  142.27
  148.12  175.23 0.26390D-09  1  0  0.10566  238.57  255.24 0.10313D+15  2.483    2.687    2.202   -7.982   26.118   13.13   16.50  142.67
  148.44  175.66 0.26339D-09  1  0  0.10851  237.92  255.02 0.10511D+15  2.490    2.670    2.186   -8.294   25.866   13.20   16.65  143.06
  148.76  176.09 0.26287D-09  1  0  0.11150  237.23  254.78 0.10725D+15  2.497    2.651    2.170   -8.619   25.603   13.26   16.82  143.45
  149.09  176.51 0.26236D-09  1  0  0.11467  236.49  254.54 0.10957D+15  2.504    2.632    2.153   -8.958   25.329   13.33   17.00  143.83
  149.41  176.93 0.26185D-09  1  0  0.11802  235.71  254.29 0.11209D+15  2.512    2.612    2.136   -9.314   25.042   13.40   17.19  144.20
  149.73  177.35 0.26134D-09  1  0  0.12157  234.88  254.02 0.11482D+15  2.521    2.591    2.118   -9.685   24.741   13.48   17.40  144.57
  150.05  177.76 0.26084D-09  1  0  0.12534  233.99  253.74 0.11780D+15  2.530    2.569    2.099  -10.074   24.427   13.56   17.62  144.94
  150.37  178.17 0.26033D-09  1  0  0.12934  233.04  253.44 0.12106D+15  2.540    2.546    2.079  -10.481   24.098   13.64   17.86  145.29
  150.70  178.57 0.25983D-09  1  0  0.13361  232.02  253.14 0.12463D+15  2.551    2.521    2.058  -10.908   23.754   13.73   18.12  145.64
  151.02  178.98 0.25933D-09  1  0  0.13817  230.92  252.81 0.12854D+15  2.562    2.495    2.036  -11.356   23.393   13.83   18.40  145.99
  151.34  179.37 0.25884D-09  1  0  0.14305  229.72  252.47 0.13284D+15  2.575    2.468    2.013  -11.825   23.014   13.92   18.70  146.32
  151.66  179.76 0.25834D-09  1  0  0.14828  228.43  252.11 0.13758D+15  2.589    2.439    1.988  -12.317   22.617   14.02   19.04  146.65
  151.98  180.15 0.25785D-09  1  0  0.15391  227.03  251.73 0.14281D+15  2.605    2.408    1.962  -12.834   22.201   14.13   19.40  146.96
  152.31  180.52 0.25736D-09  1  0  0.15998  225.50  251.33 0.14862D+15  2.622    2.374    1.933  -13.376   21.765   14.23   19.81  147.27
  152.63  180.89 0.25687D-09  1  0  0.16655  223.82  250.91 0.15505D+15  2.641    2.338    1.903  -13.944   21.307   14.34   20.25  147.56
  152.95  181.25 0.25639D-09  1  0  0.17367  221.96  250.47 0.16220D+15  2.662    2.298    1.870  -14.539   20.828   14.45   20.74  147.83
  153.27  181.60 0.25590D-09  1  0  0.18143  219.92  250.00 0.17015D+15  2.686    2.256    1.834  -15.162   20.327   14.55   21.28  148.09
  153.59  181.94 0.25542D-09  1  0  0.18991  217.64  249.51 0.17898D+15  2.713    2.209    1.795  -15.813   19.803   14.65   21.87  148.33
  153.92  182.27 0.25494D-09  1  0  0.19921  215.09  249.00 0.18877D+15  2.744    2.157    1.752  -16.492   19.258   14.73   22.54  148.55
  154.24  185.89 0.25446D-09  0  0  0.20947  212.22  248.48 0.19957D+15  2.779    2.099    1.705  -16.615   19.164  154.24  154.24  154.24
  154.56  186.27 0.25399D-09  0  0  0.22083  208.96  247.94 0.21136D+15  2.821    2.034    1.651  -16.685   19.113  154.56  154.56  154.56
  154.88  186.66 0.25351D-09  0  0  0.23350  205.24  247.39 0.22398D+15  2.870    1.961    1.591  -16.763   19.056  154.88  154.88  154.88
  155.20  187.05 0.25304D-09  0  0  0.24770  200.96  246.86 0.23706D+15  2.929    1.878    1.523  -16.852   18.990  155.20  155.20  155.20
  155.53  187.44 0.25257D-09  0  0  0.26372  195.97  246.37 0.24976D+15  3.001    1.782    1.445  -16.954   18.914  155.53  155.53  155.53
  155.85  187.83 0.25210D-09  0  0  0.28196  190.10  245.97 0.26043D+15  3.091    1.670    1.353  -17.072   18.825  155.85  155.85  155.85
  156.17  188.21 0.25163D-09  0  0  0.30290  183.10  245.74 0.26604D+15  3.205    1.537    1.245  -17.210   18.719  156.17  156.17  156.17
  156.49  188.60 0.25117D-09  0  0  0.32100  176.83  245.78 0.26343D+15  3.315    1.419    1.148  -17.334   18.625  156.49  156.49  156.49
  156.81  188.99 0.25071D-09  0  0  0.32100  176.83  245.77 0.26197D+15  3.315    1.416    1.146  -17.342   18.625  156.81  156.81  156.81
  157.14  189.38 0.25025D-09  0  0  0.32100  176.84  245.77 0.26053D+15  3.315    1.414    1.143  -17.350   18.625  157.14  157.14  157.14
  157.46  189.77 0.24979D-09  0  0  0.32100  176.85  245.77 0.25909D+15  3.315    1.411    1.141  -17.358   18.625  157.46  157.46  157.46
  157.78  190.15 0.24933D-09  0  0  0.32100  176.85  245.76 0.25766D+15  3.315    1.409    1.138  -17.366   18.625  157.78  157.78  157.78
  158.10  190.54 0.24888D-09  0  0  0.32100  176.86  245.76 0.25623D+15  3.315    1.406    1.136  -17.374   18.625  158.10  158.10  158.10
  158.42  190.93 0.24843D-09  0  0  0.32100  176.86  245.75 0.25482D+15  3.314    1.404    1.133  -17.382   18.625  158.42  158.42  158.42
  158.75  191.32 0.24797D-09  0  0  0.32100  176.87  245.75 0.25341D+15  3.314    1.402    1.131  -17.390   18.625  158.75  158.75  158.75
  159.07  191.71 0.24753D-09  0  0  0.32100  176.88  245.75 0.25202D+15  3.314    1.399    1.129  -17.398   18.625  159.07  159.07  159.07
  159.39  192.09 0.24708D-09  0  0  0.32100  176.88  245.74 0.25063D+15  3.314    1.397    1.126  -17.406   18.625  159.39  159.39  159.39
  159.71  192.48 0.24663D-09  0  0  0.32100  176.89  245.74 0.24925D+15  3.314    1.394    1.124  -17.414   18.625  159.71  159.71  159.71
  160.03  192.87 0.24619D-09  0  0  0.32100  176.89  245.73 0.24788D+15  3.314    1.392    1.121  -17.421   18.625  160.03  160.03  160.03
  160.36  193.26 0.24575D-09  0  0  0.32100  176.90  245.73 0.24652D+15  3.314    1.390    1.119  -17.429   18.625  160.36  160.36  160.36
  160.68  193.65 0.24531D-09  0  0  0.32100  176.90  245.72 0.24516D+15  3.314    1.387    1.116  -17.437   18.625  160.68  160.68  160.68
  161.00  194.03 0.24487D-09  0  0  0.32100  176.91  245.72 0.24381D+15  3.314    1.385    1.114  -17.445   18.625  161.00  161.00  161.00
