R_tot = 1561.0 R_core =  1400.0  Tsurf =   100.00  g =  1.310
     Pint       etaref      pCLA conv P(MPa)   zbot     %vol    Tbot     Tm      TH2O      Fbot     Ftop     dlid   T_core
 0.00000D+00 0.10000D+16   0.0000  1  192.14  161.000  0.00000  253.41  241.68  253.41    9.715    7.814   42.07  1502.68
 0.12500D+11 0.10000D+16   0.0000  1  192.24  161.000  0.00000  253.41  242.27  253.41    9.749    8.250   42.42  1502.64
 0.25000D+11 0.10000D+16   0.0000  1  192.29  161.000  0.00000  253.41  242.83  253.41    9.505    8.462   41.35  1502.72
 0.37500D+11 0.10000D+16   0.0000  1  192.33  161.000  0.00000  253.41  243.37  253.41    9.258    8.671   40.36  1502.80
 0.50000D+11 0.10000D+16   0.0000  1  192.38  161.000  0.00000  253.41  243.89  253.41    9.006    8.877   39.42  1502.88
 0.62500D+11 0.10000D+16   0.0000  1  192.42  161.000  0.00000  253.41  244.40  253.41    8.752    9.081   38.54  1502.98
 0.75000D+11 0.10000D+16   0.0000  1  192.46  161.000  0.00000  253.41  244.89  253.41    8.495    9.282   37.70  1503.08
 0.87500D+11 0.10000D+16   0.0000  1  192.50  161.000  0.00000  253.41  245.36  253.41    8.234    9.481   36.91  1503.17
 0.10000D+12 0.10000D+16   0.0000  1  187.46  156.781  0.00000  254.12  246.47  254.12    8.071    9.797   35.99  1503.27
 0.11250D+12 0.10000D+16   0.0000  1  179.01  149.723  0.00000  255.26  247.94  255.26    7.975   10.193   35.03  1503.36
 0.12500D+12 0.10000D+16   0.0000  1  170.56  142.681  0.00000  256.36  249.35  256.36    7.881   10.588   34.13  1503.44
 0.13750D+12 0.10000D+16   0.0000  1  162.17  135.682  0.00000  257.42  250.70  257.42    7.788   10.984   33.28  1503.52
 0.15000D+12 0.10000D+16   0.0000  1  153.86  128.751  0.00000  258.44  251.99  258.44    7.698   11.379   32.49  1503.60
 0.16250D+12 0.10000D+16   0.0000  1  145.65  121.915  0.00000  259.41  253.21  259.41    7.609   11.774   31.74  1503.68
 0.17500D+12 0.10000D+16   0.0000  1  137.59  115.197  0.00000  260.34  254.37  260.34    7.524   12.169   31.04  1503.75
 0.18750D+12 0.10000D+16   0.0000  1  129.70  108.621  0.00000  261.22  255.47  261.22    7.441   12.565   30.36  1503.82
 0.20000D+12 0.10000D+16   0.0000  1  122.00  102.207  0.00000  262.06  256.51  262.06    7.361   12.960   29.72  1503.89
 0.21250D+12 0.10000D+16   0.0000  1  114.52   95.977  0.00000  262.85  257.49  262.85    7.284   13.355   29.11  1503.95
 0.22500D+12 0.10000D+16   0.0000  1  107.28   89.946  0.00000  263.60  258.42  263.60    7.210   13.751   28.52  1504.00
 0.23750D+12 0.10000D+16   0.0000  1  100.29   84.132  0.00000  264.31  259.28  264.31    7.139   14.146   27.95  1504.06
 0.25000D+12 0.10000D+16   0.0000  1   93.59   78.548  0.00000  264.97  260.10  264.97    7.072   14.542   27.40  1504.11
 0.26250D+12 0.10000D+16   0.0000  1   87.17   73.208  0.00000  265.60  260.86  265.60    7.007   14.938   26.87  1504.15
 0.27500D+12 0.10000D+16   0.0000  1   81.05   68.117  0.00000  266.18  261.57  266.18    6.946   15.334   26.36  1504.18
 0.28750D+12 0.10000D+16   0.0000  1   75.24   63.281  0.00000  266.73  262.24  266.73    6.889   15.731   25.86  1504.21
 0.30000D+12 0.10000D+16   0.0000  1   69.74   58.702  0.00000  267.24  262.85  267.24    6.834   16.127   25.38  1504.24
 0.31250D+12 0.10000D+16   0.0000  1   64.55   54.382  0.00000  267.71  263.42  267.71    6.783   16.524   24.91  1504.26
 0.32500D+12 0.10000D+16   0.0000  1   59.67   50.319  0.00000  268.15  263.95  268.15    6.735   16.922   24.46  1504.28
 0.33750D+12 0.10000D+16   0.0000  1   55.09   46.510  0.00000  268.56  264.44  268.56    6.690   17.320   24.01  1504.30
 0.35000D+12 0.10000D+16   0.0000  1   50.81   42.951  0.00000  268.93  264.89  268.93    6.648   17.717   23.58  1504.32
 0.36250D+12 0.10000D+16   0.0000  1   46.83   39.637  0.00000  269.28  265.31  269.28    6.608   18.115   23.16  1504.33
 0.37500D+12 0.10000D+16   0.0000  1   43.17   36.596  0.00000  269.59  265.69  269.59    6.568   18.510   22.76  1504.35
 0.38750D+12 0.10000D+16   0.0000  0   41.82   34.703  0.00000  269.79  265.99  269.79    6.491   18.860   34.70  1504.36
 0.40000D+12 0.10000D+16   0.0000  0   41.18   34.171  0.00000  269.84  266.23  269.84    6.486   19.268   34.17  1504.37
 0.41250D+12 0.10000D+16   0.0000  0   40.56   33.656  0.00000  269.89  266.46  269.89    6.480   19.675   33.66  1504.38
 0.42500D+12 0.10000D+16   0.0000  0   39.96   33.155  0.00000  269.94  266.68  269.94    6.476   20.083   33.16  1504.39
 0.43750D+12 0.10000D+16   0.0000  0   39.37   32.669  0.00000  269.99  266.90  269.99    6.471   20.490   32.67  1504.40
 0.45000D+12 0.10000D+16   0.0000  0   38.80   32.197  0.00000  270.04  267.12  270.04    6.466   20.898   32.20  1504.41
 0.46250D+12 0.10000D+16   0.0000  0   38.25   31.738  0.00000  270.09  267.33  270.09    6.462   21.306   31.74  1504.42
 0.47500D+12 0.10000D+16   0.0000  0   37.71   31.292  0.00000  270.13  267.54  270.13    6.457   21.713   31.29  1504.43
 0.48750D+12 0.10000D+16   0.0000  0   37.19   30.859  0.00000  270.18  267.75  270.18    6.453   22.121   30.86  1504.43
 0.50000D+12 0.10000D+16   0.0000  0   36.68   30.437  0.00000  270.22  267.95  270.22    6.449   22.529   30.44  1504.44
 0.51250D+12 0.10000D+16   0.0000  0   36.18   30.026  0.00000  270.26  268.15  270.26    6.445   22.936   30.03  1504.44
 0.52500D+12 0.10000D+16   0.0000  0   35.70   29.626  0.00000  270.30  268.34  270.30    6.441   23.344   29.63  1504.45
 0.53750D+12 0.10000D+16   0.0000  0   35.23   29.237  0.00000  270.34  268.54  270.34    6.437   23.752   29.24  1504.45
 0.55000D+12 0.10000D+16   0.0000  0   34.78   28.857  0.00000  270.38  268.72  270.38    6.434   24.160   28.86  1504.46
 0.56250D+12 0.10000D+16   0.0000  0   34.33   28.487  0.00000  270.42  268.91  270.42    6.430   24.567   28.49  1504.46
 0.57500D+12 0.10000D+16   0.0000  0   33.90   28.127  0.00000  270.45  269.10  270.45    6.427   24.975   28.13  1504.46
 0.58750D+12 0.10000D+16   0.0000  0   33.47   27.775  0.00000  270.49  269.28  270.49    6.423   25.383   27.78  1504.47
 0.60000D+12 0.10000D+16   0.0000  0   33.06   27.432  0.00000  270.52  269.46  270.52    6.420   25.791   27.43  1504.47
 0.61250D+12 0.10000D+16   0.0000  0   32.66   27.098  0.00000  270.55  269.63  270.55    6.417   26.199   27.10  1504.48
 0.62500D+12 0.10000D+16   0.0000  0   32.26   26.771  0.00000  270.59  269.81  270.59    6.414   26.607   26.77  1504.48
 0.63750D+12 0.10000D+16   0.0000  0   31.88   26.452  0.00000  270.62  269.98  270.62    6.411   27.014   26.45  1504.48
 0.65000D+12 0.10000D+16   0.0000  0   31.50   26.140  0.00000  270.65  270.15  270.65    6.408   27.422   26.14  1504.49
 0.66250D+12 0.10000D+16   0.0000  0   31.14   25.836  0.00000  270.68  270.31  270.68    6.405   27.830   25.84  1504.49
 0.67500D+12 0.10000D+16   0.0000  0   30.78   25.539  0.00000  270.71  270.48  270.71    6.402   28.238   25.54  1504.49
 0.68750D+12 0.10000D+16   0.0000  0   30.43   25.248  0.00000  270.74  270.64  270.74    6.399   28.646   25.25  1504.50
 0.70000D+12 0.10000D+16   0.0000  0   30.08   24.964  0.00000  270.77  270.80  270.77    6.397   29.054   24.96  1504.50
 0.71250D+12 0.10000D+16   0.0000  0   29.75   24.686  0.00000  270.79  270.96  270.79    6.394   29.462   24.69  1504.50
 0.72500D+12 0.10000D+16   0.0000  0   29.42   24.414  0.00000  270.82  271.12  270.82    6.391   29.870   24.41  1504.51
 0.73750D+12 0.10000D+16   0.0000  0   29.10   24.149  0.00000  270.85  266.30  270.85    6.389   30.278   24.15  1504.51
 0.75000D+12 0.10000D+16   0.0000  0   28.79   23.888  0.00000  270.87  266.44  270.87    6.386   30.686   23.89  1504.51
 0.76250D+12 0.10000D+16   0.0000  0   28.48   23.634  0.00000  270.90  266.58  270.90    6.384   31.094   23.63  1504.51
 0.77500D+12 0.10000D+16   0.0000  0   28.18   23.384  0.00000  270.92  266.72  270.92    6.382   31.502   23.38  1504.52
 0.78750D+12 0.10000D+16   0.0000  0   27.89   23.140  0.00000  270.95  266.86  270.95    6.379   31.910   23.14  1504.52
 0.80000D+12 0.10000D+16   0.0000  0   27.60   22.901  0.00000  270.97  267.00  270.97    6.377   32.318   22.90  1504.52
 0.81250D+12 0.10000D+16   0.0000  0   27.32   22.667  0.00000  270.99  267.14  270.99    6.375   32.726   22.67  1504.53
 0.82500D+12 0.10000D+16   0.0000  0   27.04   22.437  0.00000  271.02  267.28  271.02    6.373   33.134   22.44  1504.53
 0.83750D+12 0.10000D+16   0.0000  0   26.77   22.212  0.00000  271.04  267.41  271.04    6.371   33.542   22.21  1504.53
 0.85000D+12 0.10000D+16   0.0000  0   26.50   21.992  0.00000  271.06  267.55  271.06    6.369   33.950   21.99  1504.53
 0.86250D+12 0.10000D+16   0.0000  0   26.24   21.776  0.00000  271.08  267.68  271.08    6.367   34.358   21.78  1504.54
 0.87500D+12 0.10000D+16   0.0000  0   25.99   21.564  0.00000  271.10  267.81  271.10    6.365   34.766   21.56  1504.54
 0.88750D+12 0.10000D+16   0.0000  0   25.74   21.356  0.00000  271.12  267.94  271.12    6.363   35.174   21.36  1504.54
 0.90000D+12 0.10000D+16   0.0000  0   25.49   21.152  0.00000  271.14  268.07  271.14    6.361   35.582   21.15  1504.54
 0.91250D+12 0.10000D+16   0.0000  0   25.25   20.952  0.00000  271.16  268.20  271.16    6.359   35.990   20.95  1504.55
 0.92500D+12 0.10000D+16   0.0000  0   25.01   20.755  0.00000  271.18  268.33  271.18    6.357   36.398   20.76  1504.55
 0.93750D+12 0.10000D+16   0.0000  0   24.78   20.562  0.00000  271.20  268.45  271.20    6.356   36.806   20.56  1504.55
 0.95000D+12 0.10000D+16   0.0000  0   24.55   20.373  0.00000  271.22  268.58  271.22    6.354   37.214   20.37  1504.55
 0.96250D+12 0.10000D+16   0.0000  0   24.33   20.187  0.00000  271.24  268.71  271.24    6.352   37.622   20.19  1504.55
 0.97500D+12 0.10000D+16   0.0000  0   24.11   20.005  0.00000  271.26  268.83  271.26    6.351   38.030   20.01  1504.56
 0.98750D+12 0.10000D+16   0.0000  0   23.89   19.826  0.00000  271.27  268.95  271.27    6.349   38.438   19.83  1504.56
 0.10000D+13 0.10000D+16   0.0000  0   23.68   19.650  0.00000  271.29  269.07  271.29    6.347   38.846   19.65  1504.56
 0.10125D+13 0.10000D+16   0.0000  0   23.47   19.477  0.00000  271.31  269.20  271.31    6.346   39.254   19.48  1504.56
 0.10250D+13 0.10000D+16   0.0000  0   23.27   19.307  0.00000  271.32  269.32  271.32    6.344   39.662   19.31  1504.56
 0.10375D+13 0.10000D+16   0.0000  0   23.07   19.140  0.00000  271.34  269.43  271.34    6.343   40.070   19.14  1504.57
 0.10500D+13 0.10000D+16   0.0000  0   22.87   18.976  0.00000  271.36  269.55  271.36    6.341   40.478   18.98  1504.57
 0.10625D+13 0.10000D+16   0.0000  0   22.67   18.814  0.00000  271.37  269.67  271.37    6.340   40.886   18.81  1504.57
 0.10750D+13 0.10000D+16   0.0000  0   22.48   18.656  0.00000  271.39  269.79  271.39    6.338   41.295   18.66  1504.57
 0.10875D+13 0.10000D+16   0.0000  0   22.29   18.500  0.00000  271.40  269.90  271.40    6.337   41.703   18.50  1504.57
 0.11000D+13 0.10000D+16   0.0000  0   22.11   18.346  0.00000  271.42  270.02  271.42    6.335   42.111   18.35  1504.58
 0.11125D+13 0.10000D+16   0.0000  0   21.93   18.195  0.00000  271.43  270.13  271.43    6.334   42.519   18.20  1504.58
 0.11250D+13 0.10000D+16   0.0000  0   21.75   18.047  0.00000  271.45  270.25  271.45    6.333   42.927   18.05  1504.58
 0.11375D+13 0.10000D+16   0.0000  0   21.57   17.901  0.00000  271.46  270.36  271.46    6.331   43.335   17.90  1504.58
 0.11500D+13 0.10000D+16   0.0000  0   21.40   17.757  0.00000  271.48  270.47  271.48    6.330   43.743   17.76  1504.58
 0.11625D+13 0.10000D+16   0.0000  0   21.23   17.616  0.00000  271.49  270.58  271.49    6.329   44.151   17.62  1504.58
 0.11750D+13 0.10000D+16   0.0000  0   21.06   17.476  0.00000  271.50  270.70  271.50    6.328   44.559   17.48  1504.59
 0.11875D+13 0.10000D+16   0.0000  0   20.90   17.339  0.00000  271.52  270.81  271.52    6.326   44.968   17.34  1504.59
 0.12000D+13 0.10000D+16   0.0000  0   20.73   17.205  0.00000  271.53  270.91  271.53    6.325   45.376   17.20  1504.59
 0.12125D+13 0.10000D+16   0.0000  0   20.57   17.072  0.00000  271.54  271.02  271.54    6.324   45.784   17.07  1504.59
 0.12250D+13 0.10000D+16   0.0000  0   20.41   16.941  0.00000  271.55  271.13  271.55    6.323   46.192   16.94  1504.59
 0.12375D+13 0.10000D+16   0.0000  0   20.26   16.812  0.00000  271.57  271.24  271.57    6.322   46.600   16.81  1504.59
 0.12500D+13 0.10000D+16   0.0000  0   20.11   16.685  0.00000  271.58  271.35  271.58    6.321   47.008   16.69  1504.60
 0.12625D+13 0.10000D+16   0.0000  0   19.96   16.560  0.00000  271.59  271.45  271.59    6.319   47.416   16.56  1504.60
 0.12750D+13 0.10000D+16   0.0000  0   19.81   16.437  0.00000  271.60  271.56  271.60    6.318   47.824   16.44  1504.60
 0.12875D+13 0.10000D+16   0.0000  0   19.66   16.316  0.00000  271.62  271.66  271.62    6.317   48.233   16.32  1504.60
 0.13000D+13 0.10000D+16   0.0000  0   19.52   16.196  0.00000  271.63  271.77  271.63    6.316   48.641   16.20  1504.60
 0.13125D+13 0.10000D+16   0.0000  0   19.38   16.078  0.00000  271.64  271.87  271.64    6.315   49.049   16.08  1504.60
 0.13250D+13 0.10000D+16   0.0000  0   19.24   15.962  0.00000  271.65  271.97  271.65    6.314   49.457   15.96  1504.60
 0.13375D+13 0.10000D+16   0.0000  0   19.10   15.848  0.00000  271.66  272.07  271.66    6.313   49.865   15.85  1504.61
 0.13500D+13 0.10000D+16   0.0000  0   18.96   15.735  0.00000  271.67  272.17  271.67    6.312   50.273   15.74  1504.61
 0.13625D+13 0.10000D+16   0.0000  0   18.83   15.624  0.00000  271.68  272.28  271.68    6.311   50.681   15.62  1504.61
 0.13750D+13 0.10000D+16   0.0000  0   18.70   15.514  0.00000  271.69  272.38  271.69    6.310   51.089   15.51  1504.61
 0.13875D+13 0.10000D+16   0.0000  0   18.56   15.406  0.00000  271.70  272.48  271.70    6.309   51.498   15.41  1504.61
 0.14000D+13 0.10000D+16   0.0000  0   18.44   15.299  0.00000  271.71  272.58  271.71    6.308   51.906   15.30  1504.61
 0.14125D+13 0.10000D+16   0.0000  0   18.31   15.194  0.00000  271.72  272.67  271.72    6.307   52.314   15.19  1504.61
 0.14250D+13 0.10000D+16   0.0000  0   18.18   15.090  0.00000  271.73  272.77  271.73    6.306   52.722   15.09  1504.61
 0.14375D+13 0.10000D+16   0.0000  0   18.06   14.988  0.00000  271.74  272.87  271.74    6.305   53.130   14.99  1504.62
 0.14500D+13 0.10000D+16   0.0000  0   17.94   14.887  0.00000  271.75  272.97  271.75    6.305   53.538   14.89  1504.62
 0.14625D+13 0.10000D+16   0.0000  0   17.82   14.787  0.00000  271.76  273.06  271.76    6.304   53.947   14.79  1504.62
 0.14750D+13 0.10000D+16   0.0000  0   17.70   14.689  0.00000  271.77  273.16  271.77    6.303   54.355   14.69  1504.62
 0.14875D+13 0.10000D+16   0.0000  0   17.58   14.592  0.00000  271.78  273.25  271.78    6.302   54.763   14.59  1504.62
 0.15000D+13 0.10000D+16   0.0000  0   17.47   14.496  0.00000  271.79  273.35  271.79    6.301   55.171   14.50  1504.62
 0.15125D+13 0.10000D+16   0.0000  0   17.35   14.402  0.00000  271.80  273.44  271.80    6.300   55.579   14.40  1504.62
 0.15250D+13 0.10000D+16   0.0000  0   17.24   14.309  0.00000  271.81  273.54  271.81    6.299   55.987   14.31  1504.62
 0.15375D+13 0.10000D+16   0.0000  0   17.13   14.217  0.00000  271.82  273.63  271.82    6.299   56.395   14.22  1504.62
 0.15500D+13 0.10000D+16   0.0000  0   17.02   14.126  0.00000  271.83  273.72  271.83    6.298   56.804   14.13  1504.63
 0.15625D+13 0.10000D+16   0.0000  0   16.91   14.036  0.00000  271.84  273.82  271.84    6.297   57.212   14.04  1504.63
 0.15750D+13 0.10000D+16   0.0000  0   16.81   13.947  0.00000  271.84  273.91  271.84    6.296   57.620   13.95  1504.63
 0.15875D+13 0.10000D+16   0.0000  0   16.70   13.860  0.00000  271.85  274.00  271.85    6.295   58.028   13.86  1504.63
 0.16000D+13 0.10000D+16   0.0000  0   16.60   13.773  0.00000  271.86  274.09  271.86    6.295   58.436   13.77  1504.63
 0.16125D+13 0.10000D+16   0.0000  0   16.49   13.688  0.00000  271.87  274.18  271.87    6.294   58.844   13.69  1504.63
 0.16250D+13 0.10000D+16   0.0000  0   16.39   13.604  0.00000  271.88  274.27  271.88    6.293   59.253   13.60  1504.63
 0.16375D+13 0.10000D+16   0.0000  0   16.29   13.520  0.00000  271.89  274.36  271.89    6.293   59.661   13.52  1504.63
 0.16500D+13 0.10000D+16   0.0000  0   16.19   13.438  0.00000  271.89  274.45  271.89    6.292   60.069   13.44  1504.63
 0.16625D+13 0.10000D+16   0.0000  0   16.10   13.357  0.00000  271.90  274.54  271.90    6.291   60.477   13.36  1504.63
 0.16750D+13 0.10000D+16   0.0000  0   16.00   13.277  0.00000  271.91  274.63  271.91    6.290   60.885   13.28  1504.64
 0.16875D+13 0.10000D+16   0.0000  0   15.90   13.197  0.00000  271.92  274.72  271.92    6.290   61.293   13.20  1504.64
 0.17000D+13 0.10000D+16   0.0000  0   15.81   13.119  0.00000  271.92  274.80  271.92    6.289   61.702   13.12  1504.64
 0.17125D+13 0.10000D+16   0.0000  0   15.72   13.042  0.00000  271.93  274.89  271.93    6.288   62.110   13.04  1504.64
 0.17250D+13 0.10000D+16   0.0000  0   15.62   12.965  0.00000  271.94  274.98  271.94    6.288   62.518   12.96  1504.64
 0.17375D+13 0.10000D+16   0.0000  0   15.53   12.889  0.00000  271.95  275.06  271.95    6.287   62.926   12.89  1504.64
 0.17500D+13 0.10000D+16   0.0000  0   15.44   12.815  0.00000  271.95  275.15  271.95    6.286   63.334   12.81  1504.64
 0.17625D+13 0.10000D+16   0.0000  0   15.35   12.741  0.00000  271.96  275.23  271.96    6.286   63.743   12.74  1504.64
 0.17750D+13 0.10000D+16   0.0000  0   15.26   12.668  0.00000  271.97  275.32  271.97    6.285   64.151   12.67  1504.64
 0.17875D+13 0.10000D+16   0.0000  0   15.18   12.595  0.00000  271.97  275.40  271.97    6.284   64.559   12.60  1504.64
 0.18000D+13 0.10000D+16   0.0000  0   15.09   12.524  0.00000  271.98  275.49  271.98    6.284   64.967   12.52  1504.64
 0.18125D+13 0.10000D+16   0.0000  0   15.01   12.453  0.00000  271.99  275.57  271.99    6.283   65.375   12.45  1504.65
 0.18250D+13 0.10000D+16   0.0000  0   14.92   12.383  0.00000  271.99  275.65  271.99    6.283   65.783   12.38  1504.65
 0.18375D+13 0.10000D+16   0.0000  0   14.84   12.314  0.00000  272.00  275.74  272.00    6.282   66.192   12.31  1504.65
 0.18500D+13 0.10000D+16   0.0000  0   14.76   12.246  0.00000  272.01  275.82  272.01    6.281   66.600   12.25  1504.65
 0.18625D+13 0.10000D+16   0.0000  0   14.68   12.179  0.00000  272.01  275.90  272.01    6.281   67.008   12.18  1504.65
 0.18750D+13 0.10000D+16   0.0000  0   14.59   12.112  0.00000  272.02  275.98  272.02    6.280   67.416   12.11  1504.65
 0.18875D+13 0.10000D+16   0.0000  0   14.52   12.046  0.00000  272.03  276.07  272.03    6.280   67.824   12.05  1504.65
 0.19000D+13 0.10000D+16   0.0000  0   14.44   11.980  0.00000  272.03  276.15  272.03    6.279   68.233   11.98  1504.65
 0.19125D+13 0.10000D+16   0.0000  0   14.36   11.916  0.00000  272.04  276.23  272.04    6.279   68.641   11.92  1504.65
 0.19250D+13 0.10000D+16   0.0000  0   14.28   11.852  0.00000  272.04  276.31  272.04    6.278   69.049   11.85  1504.65
 0.19375D+13 0.10000D+16   0.0000  0   14.21   11.788  0.00000  272.05  276.39  272.05    6.277   69.457   11.79  1504.65
 0.19500D+13 0.10000D+16   0.0000  0   14.13   11.726  0.00000  272.06  276.47  272.06    6.277   69.865   11.73  1504.65
 0.19625D+13 0.10000D+16   0.0000  0   14.05   11.664  0.00000  272.06  276.55  272.06    6.276   70.273   11.66  1504.65
 0.19750D+13 0.10000D+16   0.0000  0   13.98   11.603  0.00000  272.07  276.63  272.07    6.276   70.682   11.60  1504.66
 0.19875D+13 0.10000D+16   0.0000  0   13.91   11.542  0.00000  272.07  276.71  272.07    6.275   71.090   11.54  1504.66
 0.20000D+13 0.10000D+16   0.0000  0   13.84   11.482  0.00000  272.08  276.78  272.08    6.275   71.498   11.48  1504.66
 0.20125D+13 0.10000D+16   0.0000  0   13.76   11.423  0.00000  272.09  276.86  272.09    6.274   71.906   11.42  1504.66
 0.20250D+13 0.10000D+16   0.0000  0   13.69   11.364  0.00000  272.09  276.94  272.09    6.274   72.314   11.36  1504.66
 0.20375D+13 0.10000D+16   0.0000  0   13.62   11.306  0.00000  272.10  277.02  272.10    6.273   72.723   11.31  1504.66
 0.20500D+13 0.10000D+16   0.0000  0   13.55   11.248  0.00000  272.10  277.10  272.10    6.273   73.131   11.25  1504.66
 0.20625D+13 0.10000D+16   0.0000  0   13.48   11.191  0.00000  272.11  277.17  272.11    6.272   73.539   11.19  1504.66
 0.20750D+13 0.10000D+16   0.0000  0   13.42   11.135  0.00000  272.11  277.25  272.11    6.272   73.947   11.13  1504.66
 0.20875D+13 0.10000D+16   0.0000  0   13.35   11.079  0.00000  272.12  277.32  272.12    6.271   74.355   11.08  1504.66
 0.21000D+13 0.10000D+16   0.0000  0   13.28   11.023  0.00000  272.12  277.40  272.12    6.271   74.764   11.02  1504.66
 0.21125D+13 0.10000D+16   0.0000  0   13.22   10.969  0.00000  272.13  277.48  272.13    6.270   75.172   10.97  1504.66
 0.21250D+13 0.10000D+16   0.0000  0   13.15   10.914  0.00000  272.13  277.55  272.13    6.270   75.580   10.91  1504.66
 0.21375D+13 0.10000D+16   0.0000  0   13.09   10.861  0.00000  272.14  277.63  272.14    6.269   75.988   10.86  1504.66
 0.21500D+13 0.10000D+16   0.0000  0   13.02   10.808  0.00000  272.14  277.70  272.14    6.269   76.396   10.81  1504.67
 0.21625D+13 0.10000D+16   0.0000  0   12.96   10.755  0.00000  272.15  277.78  272.15    6.268   76.804   10.75  1504.67
 0.21750D+13 0.10000D+16   0.0000  0   12.90   10.703  0.00000  272.15  277.85  272.15    6.268   77.213   10.70  1504.67
 0.21875D+13 0.10000D+16   0.0000  0   12.83   10.651  0.00000  272.16  277.92  272.16    6.268   77.621   10.65  1504.67
 0.22000D+13 0.10000D+16   0.0000  0   12.77   10.600  0.00000  272.16  278.00  272.16    6.267   78.029   10.60  1504.67
 0.22125D+13 0.10000D+16   0.0000  0   12.71   10.549  0.00000  272.17  278.07  272.17    6.267   78.437   10.55  1504.67
 0.22250D+13 0.10000D+16   0.0000  0   12.65   10.499  0.00000  272.17  278.14  272.17    6.266   78.845   10.50  1504.67
 0.22375D+13 0.10000D+16   0.0000  0   12.59   10.449  0.00000  272.18  278.22  272.18    6.266   79.254   10.45  1504.67
 0.22500D+13 0.10000D+16   0.0000  0   12.53   10.400  0.00000  272.18  278.29  272.18    6.265   79.662   10.40  1504.67
 0.22625D+13 0.10000D+16   0.0000  0   12.47   10.351  0.00000  272.19  278.36  272.19    6.265   80.070   10.35  1504.67
 0.22750D+13 0.10000D+16   0.0000  0   12.41   10.303  0.00000  272.19  278.43  272.19    6.265   80.478   10.30  1504.67
 0.22875D+13 0.10000D+16   0.0000  0   12.36   10.255  0.00000  272.20  278.50  272.20    6.264   80.886   10.26  1504.67
 0.23000D+13 0.10000D+16   0.0000  0   12.30   10.208  0.00000  272.20  278.58  272.20    6.264   81.295   10.21  1504.67
 0.23125D+13 0.10000D+16   0.0000  0   12.24   10.161  0.00000  272.21  278.65  272.21    6.263   81.703   10.16  1504.67
 0.23250D+13 0.10000D+16   0.0000  0   12.19   10.114  0.00000  272.21  278.72  272.21    6.263   82.111   10.11  1504.67
 0.23375D+13 0.10000D+16   0.0000  0   12.13   10.068  0.00000  272.22  278.79  272.22    6.262   82.519   10.07  1504.67
 0.23500D+13 0.10000D+16   0.0000  0   12.08   10.022  0.00000  272.22  278.86  272.22    6.262   82.927   10.02  1504.67
 0.23625D+13 0.10000D+16   0.0000  0   12.02    9.977  0.00000  272.22  278.93  272.22    6.262   83.335    9.98  1504.68
 0.23750D+13 0.10000D+16   0.0000  0   11.97    9.932  0.00000  272.23  279.00  272.23    6.261   83.744    9.93  1504.68
 0.23875D+13 0.10000D+16   0.0000  0   11.91    9.888  0.00000  272.23  279.07  272.23    6.261   84.152    9.89  1504.68
 0.24000D+13 0.10000D+16   0.0000  0   11.86    9.844  0.00000  272.24  279.14  272.24    6.261   84.560    9.84  1504.68
 0.24125D+13 0.10000D+16   0.0000  0   11.81    9.800  0.00000  272.24  279.21  272.24    6.260   84.968    9.80  1504.68
 0.24250D+13 0.10000D+16   0.0000  0   11.76    9.757  0.00000  272.24  279.27  272.24    6.260   85.376    9.76  1504.68
 0.24375D+13 0.10000D+16   0.0000  0   11.70    9.714  0.00000  272.25  279.34  272.25    6.259   85.785    9.71  1504.68
 0.24500D+13 0.10000D+16   0.0000  0   11.65    9.671  0.00000  272.25  279.41  272.25    6.259   86.193    9.67  1504.68
 0.24625D+13 0.10000D+16   0.0000  0   11.60    9.629  0.00000  272.26  279.48  272.26    6.259   86.601    9.63  1504.68
 0.24750D+13 0.10000D+16   0.0000  0   11.55    9.587  0.00000  272.26  279.55  272.26    6.258   87.009    9.59  1504.68
 0.24875D+13 0.10000D+16   0.0000  0   11.50    9.546  0.00000  272.26  279.61  272.26    6.258   87.417    9.55  1504.68
 0.25000D+13 0.10000D+16   0.0000  0   11.45    9.505  0.00000  272.27  279.68  272.27    6.258   87.826    9.50  1504.68
 0.25125D+13 0.10000D+16   0.0000  0   11.40    9.464  0.00000  272.27  279.75  272.27    6.257   88.234    9.46  1504.68
 0.25250D+13 0.10000D+16   0.0000  0   11.35    9.423  0.00000  272.28  279.82  272.28    6.257   88.642    9.42  1504.68
 0.25375D+13 0.10000D+16   0.0000  0   11.31    9.383  0.00000  272.28  279.88  272.28    6.256   89.050    9.38  1504.68
 0.25500D+13 0.10000D+16   0.0000  0   11.26    9.344  0.00000  272.28  279.95  272.28    6.256   89.458    9.34  1504.68
 0.25625D+13 0.10000D+16   0.0000  0   11.21    9.304  0.00000  272.29  280.01  272.29    6.256   89.867    9.30  1504.68
 0.25750D+13 0.10000D+16   0.0000  0   11.16    9.265  0.00000  272.29  280.08  272.29    6.255   90.275    9.27  1504.68
 0.25875D+13 0.10000D+16   0.0000  0   11.12    9.227  0.00000  272.30  280.15  272.30    6.255   90.683    9.23  1504.68
 0.26000D+13 0.10000D+16   0.0000  0   11.07    9.188  0.00000  272.30  280.21  272.30    6.255   91.091    9.19  1504.68
 0.26125D+13 0.10000D+16   0.0000  0   11.03    9.150  0.00000  272.30  280.28  272.30    6.254   91.499    9.15  1504.69
 0.26250D+13 0.10000D+16   0.0000  0   10.98    9.112  0.00000  272.31  280.34  272.31    6.254   91.907    9.11  1504.69
 0.26375D+13 0.10000D+16   0.0000  0   10.93    9.075  0.00000  272.31  280.41  272.31    6.254   92.316    9.07  1504.69
 0.26500D+13 0.10000D+16   0.0000  0   10.89    9.038  0.00000  272.31  280.47  272.31    6.253   92.724    9.04  1504.69
 0.26625D+13 0.10000D+16   0.0000  0   10.85    9.001  0.00000  272.32  280.54  272.32    6.253   93.132    9.00  1504.69
 0.26750D+13 0.10000D+16   0.0000  0   10.80    8.964  0.00000  272.32  280.60  272.32    6.253   93.540    8.96  1504.69
 0.26875D+13 0.10000D+16   0.0000  0   10.76    8.928  0.00000  272.32  280.66  272.32    6.252   93.948    8.93  1504.69
 0.27000D+13 0.10000D+16   0.0000  0   10.71    8.892  0.00000  272.33  280.73  272.33    6.252   94.357    8.89  1504.69
 0.27125D+13 0.10000D+16   0.0000  0   10.67    8.856  0.00000  272.33  280.79  272.33    6.252   94.765    8.86  1504.69
 0.27250D+13 0.10000D+16   0.0000  0   10.63    8.821  0.00000  272.33  280.86  272.33    6.251   95.173    8.82  1504.69
 0.27375D+13 0.10000D+16   0.0000  0   10.59    8.786  0.00000  272.34  280.92  272.34    6.251   95.581    8.79  1504.69
 0.27500D+13 0.10000D+16   0.0000  0   10.54    8.751  0.00000  272.34  280.98  272.34    6.251   95.989    8.75  1504.69
 0.27625D+13 0.10000D+16   0.0000  0   10.50    8.716  0.00000  272.34  281.04  272.34    6.250   96.397    8.72  1504.69
 0.27750D+13 0.10000D+16   0.0000  0   10.46    8.682  0.00000  272.35  281.11  272.35    6.250   96.806    8.68  1504.69
 0.27875D+13 0.10000D+16   0.0000  0   10.42    8.648  0.00000  272.35  281.17  272.35    6.250   97.214    8.65  1504.69
 0.28000D+13 0.10000D+16   0.0000  0   10.38    8.614  0.00000  272.35  281.23  272.35    6.250   97.622    8.61  1504.69
 0.28125D+13 0.10000D+16   0.0000  0   10.34    8.581  0.00000  272.36  281.29  272.36    6.249   98.030    8.58  1504.69
 0.28250D+13 0.10000D+16   0.0000  0   10.30    8.548  0.00000  272.36  281.36  272.36    6.249   98.438    8.55  1504.69
 0.28375D+13 0.10000D+16   0.0000  0   10.26    8.515  0.00000  272.36  281.42  272.36    6.249   98.847    8.51  1504.69
 0.28500D+13 0.10000D+16   0.0000  0   10.22    8.482  0.00000  272.37  281.48  272.37    6.248   99.255    8.48  1504.69
 0.28625D+13 0.10000D+16   0.0000  0   10.18    8.449  0.00000  272.37  281.54  272.37    6.248   99.663    8.45  1504.69
 0.28750D+13 0.10000D+16   0.0000  0   10.14    8.417  0.00000  272.37  281.60  272.37    6.248  100.071    8.42  1504.69
 0.28875D+13 0.10000D+16   0.0000  0   10.10    8.385  0.00000  272.37  281.66  272.37    6.247  100.479    8.39  1504.69
 0.29000D+13 0.10000D+16   0.0000  0   10.07    8.354  0.00000  272.38  281.72  272.38    6.247  100.888    8.35  1504.69
 0.29125D+13 0.10000D+16   0.0000  0   10.03    8.322  0.00000  272.38  281.78  272.38    6.247  101.296    8.32  1504.70
 0.29250D+13 0.10000D+16   0.0000  0    9.99    8.291  0.00000  272.38  281.84  272.38    6.247  101.704    8.29  1504.70
 0.29375D+13 0.10000D+16   0.0000  0    9.95    8.260  0.00000  272.39  281.90  272.39    6.246  102.112    8.26  1504.70
 0.29500D+13 0.10000D+16   0.0000  0    9.92    8.229  0.00000  272.39  281.96  272.39    6.246  102.520    8.23  1504.70
 0.29625D+13 0.10000D+16   0.0000  0    9.88    8.198  0.00000  272.39  282.02  272.39    6.246  102.929    8.20  1504.70
 0.29750D+13 0.10000D+16   0.0000  0    9.84    8.168  0.00000  272.40  282.08  272.40    6.246  103.337    8.17  1504.70
 0.29875D+13 0.10000D+16   0.0000  0    9.81    8.138  0.00000  272.40  282.14  272.40    6.245  103.745    8.14  1504.70
 0.30000D+13 0.10000D+16   0.0000  0    9.77    8.108  0.00000  272.40  282.20  272.40    6.245  104.153    8.11  1504.70
