R_tot = 1561.0 R_core =  1400.0  Tsurf =   100.00  g =  1.310
   zbot    P(MPa) Hint     conv melt pCLA   Tbot     Tm     etam        k   Fcond_bot Fcond_top   Fbot     Ftop    dlid z_topTBL z_botTBL
    0.00   -0.00 0.93706D-06  0  0  0.01105  273.24  261.57 0.32206D+15  2.167    0.000    0.000    0.000    0.000    0.00    0.00    0.00
    0.32    0.39 0.93724D-07  0  0  0.01108  273.21  264.81 0.22921D+15  2.167 1398.882 1398.305 1384.999 1412.186    0.32    0.32    0.32
    0.64    0.77 0.46871D-07  0  0  0.01110  273.18  265.34 0.21647D+15  2.167  699.459  698.882  685.571  712.765    0.64    0.64    0.64
    0.97    1.16 0.31254D-07  0  0  0.01113  273.15  265.68 0.20855D+15  2.168  466.317  465.740  452.426  479.626    0.97    0.97    0.97
    1.29    1.55 0.23445D-07  0  0  0.01115  273.12  265.92 0.20274D+15  2.168  349.747  349.170  335.852  363.057    1.29    1.29    1.29
    1.61    1.94 0.18760D-07  0  0  0.01118  273.08  266.12 0.19812D+15  2.168  279.804  279.227  265.906  293.116    1.61    1.61    1.61
    1.93    2.33 0.15637D-07  0  0  0.01120  273.05  266.29 0.19428D+15  2.168  233.176  232.599  219.273  246.490    1.93    1.93    1.93
    2.25    2.71 0.13406D-07  0  0  0.01123  273.02  266.43 0.19100D+15  2.169  199.870  199.293  185.963  213.186    2.25    2.25    2.25
    2.58    3.10 0.11732D-07  0  0  0.01125  272.99  266.55 0.18812D+15  2.169  174.890  174.313  160.980  188.208    2.58    2.58    2.58
    2.90    3.49 0.10431D-07  0  0  0.01128  272.96  266.65 0.18555D+15  2.169  155.462  154.885  141.548  168.782    2.90    2.90    2.90
    3.22    3.88 0.93898D-08  0  0  0.01131  272.93  266.75 0.18324D+15  2.170  139.919  139.342  126.001  153.241    3.22    3.22    3.22
    3.54    4.27 0.85379D-08  0  0  0.01133  272.89  266.83 0.18114D+15  2.170  127.202  126.625  113.280  140.526    3.54    3.54    3.54
    3.86    4.65 0.78281D-08  0  0  0.01136  272.86  266.91 0.17921D+15  2.170  116.604  116.028  102.679  129.930    3.86    3.86    3.86
    4.19    5.04 0.72274D-08  0  0  0.01138  272.83  266.98 0.17742D+15  2.170  107.637  107.061   93.708  120.965    4.19    4.19    4.19
    4.51    5.43 0.67125D-08  0  0  0.01141  272.80  267.04 0.17576D+15  2.171   99.951   99.374   86.018  113.281    4.51    4.51    4.51
    4.83    5.82 0.62663D-08  0  0  0.01144  272.77  267.10 0.17421D+15  2.171   93.290   92.713   79.353  106.621    4.83    4.83    4.83
    5.15    6.21 0.58759D-08  0  0  0.01146  272.74  267.16 0.17275D+15  2.171   87.461   86.884   73.520  100.795    5.15    5.15    5.15
    5.47    6.59 0.55314D-08  0  0  0.01149  272.70  267.21 0.17138D+15  2.171   82.318   81.742   68.373   95.654    5.47    5.47    5.47
    5.80    6.98 0.52252D-08  0  0  0.01151  272.67  267.25 0.17008D+15  2.172   77.746   77.170   63.798   91.084    5.80    5.80    5.80
    6.12    7.37 0.49512D-08  0  0  0.01154  272.64  267.30 0.16885D+15  2.172   73.656   73.080   59.704   86.996    6.12    6.12    6.12
    6.44    7.76 0.47046D-08  0  0  0.01157  272.61  267.34 0.16768D+15  2.172   69.975   69.398   56.018   83.316    6.44    6.44    6.44
    6.76    8.15 0.44815D-08  0  0  0.01159  272.57  267.37 0.16656D+15  2.173   66.644   66.068   52.684   79.987    6.76    6.76    6.76
    7.08    8.54 0.42787D-08  0  0  0.01162  272.54  267.41 0.16549D+15  2.173   63.616   63.040   49.652   76.961    7.08    7.08    7.08
    7.41    8.92 0.40935D-08  0  0  0.01165  272.51  267.44 0.16447D+15  2.173   60.851   60.275   46.883   74.199    7.41    7.41    7.41
    7.73    9.31 0.39237D-08  0  0  0.01168  272.48  267.47 0.16349D+15  2.173   58.317   57.741   44.345   71.666    7.73    7.73    7.73
    8.05    9.70 0.37676D-08  0  0  0.01170  272.45  267.50 0.16254D+15  2.174   55.985   55.409   42.010   69.337    8.05    8.05    8.05
    8.37   10.09 0.36234D-08  0  0  0.01173  272.41  267.52 0.16163D+15  2.174   53.833   53.257   39.854   67.186    8.37    8.37    8.37
    8.69   10.48 0.34899D-08  0  0  0.01176  272.38  267.55 0.16076D+15  2.174   51.840   51.264   37.857   65.195    8.69    8.69    8.69
    9.02   10.86 0.33660D-08  0  0  0.01179  272.35  267.57 0.15992D+15  2.174   49.990   49.414   36.003   63.347    9.02    9.02    9.02
    9.34   11.25 0.32506D-08  0  0  0.01181  272.31  267.59 0.15910D+15  2.175   48.267   47.691   34.276   61.626    9.34    9.34    9.34
    9.66   11.64 0.31429D-08  0  0  0.01184  272.28  267.61 0.15831D+15  2.175   46.659   46.083   32.664   60.020    9.66    9.66    9.66
    9.98   12.03 0.30421D-08  0  0  0.01187  272.25  267.63 0.15755D+15  2.175   45.154   44.579   31.156   58.518    9.98    9.98    9.98
   10.30   12.42 0.29477D-08  0  0  0.01190  272.22  267.65 0.15680D+15  2.176   43.744   43.168   29.742   57.109   10.30   10.30   10.30
   10.63   12.80 0.28589D-08  0  0  0.01193  272.18  267.66 0.15609D+15  2.176   42.419   41.844   28.413   55.786   10.63   10.63   10.63
   10.95   13.19 0.27754D-08  0  0  0.01195  272.15  267.68 0.15539D+15  2.176   41.172   40.597   27.162   54.541   10.95   10.95   10.95
   11.27   13.58 0.26967D-08  0  0  0.01198  272.12  267.69 0.15471D+15  2.176   39.997   39.421   25.983   53.368   11.27   11.27   11.27
   11.59   13.97 0.26223D-08  0  0  0.01201  272.09  267.71 0.15405D+15  2.177   38.886   38.311   24.868   52.259   11.59   11.59   11.59
   11.91   14.36 0.25520D-08  0  0  0.01204  272.05  267.72 0.15340D+15  2.177   37.836   37.261   23.814   51.211   11.91   11.91   11.91
   12.24   14.74 0.24853D-08  0  0  0.01207  272.02  267.73 0.15278D+15  2.177   36.841   36.266   22.815   50.218   12.24   12.24   12.24
   12.56   15.13 0.24221D-08  0  0  0.01210  271.99  267.74 0.15217D+15  2.178   35.897   35.321   21.867   49.276   12.56   12.56   12.56
   12.88   15.52 0.23620D-08  0  0  0.01213  271.95  267.75 0.15157D+15  2.178   35.000   34.425   20.966   48.381   12.88   12.88   12.88
   13.20   15.91 0.23049D-08  0  0  0.01216  271.92  267.76 0.15099D+15  2.178   34.147   33.572   20.109   47.530   13.20   13.20   13.20
   13.52   16.30 0.22505D-08  0  0  0.01219  271.89  267.76 0.15042D+15  2.178   33.334   32.759   19.293   46.719   13.52   13.52   13.52
   13.85   16.68 0.21986D-08  0  0  0.01222  271.85  267.77 0.14986D+15  2.179   32.559   31.984   18.514   45.946   13.85   13.85   13.85
   14.17   17.07 0.21491D-08  0  0  0.01224  271.82  267.78 0.14932D+15  2.179   31.820   31.245   17.771   45.209   14.17   14.17   14.17
   14.49   17.46 0.21018D-08  0  0  0.01227  271.79  267.78 0.14879D+15  2.179   31.113   30.538   17.060   44.504   14.49   14.49   14.49
   14.81   17.85 0.20565D-08  0  0  0.01230  271.75  267.79 0.14827D+15  2.180   30.437   29.862   16.381   43.830   14.81   14.81   14.81
   15.13   18.24 0.20132D-08  0  0  0.01233  271.72  267.79 0.14776D+15  2.180   29.790   29.215   15.729   43.185   15.13   15.13   15.13
   15.46   18.63 0.19716D-08  0  0  0.01236  271.69  267.79 0.14726D+15  2.180   29.170   28.595   15.105   42.567   15.46   15.46   15.46
   15.78   19.01 0.19318D-08  0  0  0.01239  271.65  267.80 0.14677D+15  2.180   28.575   28.000   14.506   41.974   15.78   15.78   15.78
   16.10   18.97 0.18935D-08  1  0  0.01243  271.62  267.80 0.14630D+15  2.181   28.004   27.429   13.940   41.413   10.43   14.50   15.39
   16.42   19.36 0.18568D-08  1  0  0.01246  271.59  267.80 0.14583D+15  2.181   27.455   26.880   13.824   41.294   10.46   14.44   15.71
   16.74   19.75 0.18215D-08  1  0  0.01249  271.55  267.80 0.14536D+15  2.181   26.927   26.353   13.710   41.177   10.48   14.39   16.03
   17.07   20.14 0.17875D-08  1  0  0.01252  271.52  267.80 0.14491D+15  2.182   26.420   25.845   13.599   41.062   10.51   14.34   16.36
   17.39   20.53 0.17547D-08  1  0  0.01255  271.48  267.80 0.14447D+15  2.182   25.931   25.356   13.490   40.950   10.53   14.30   16.68
   17.71   20.92 0.17232D-08  1  0  0.01258  271.45  267.80 0.14403D+15  2.182   25.459   24.885   13.383   40.840   10.56   14.25   17.00
   18.03   21.31 0.16928D-08  1  0  0.01261  271.42  267.80 0.14360D+15  2.182   25.005   24.431   13.279   40.733   10.58   14.21   17.32
   18.35   21.69 0.16634D-08  1  0  0.01264  271.38  267.80 0.14318D+15  2.183   24.567   23.992   13.176   40.627   10.60   14.18   17.65
   18.68   22.08 0.16351D-08  1  0  0.01267  271.35  267.80 0.14277D+15  2.183   24.143   23.569   13.075   40.523   10.63   14.14   17.97
   19.00   22.47 0.16077D-08  1  0  0.01271  271.31  267.80 0.14236D+15  2.183   23.734   23.160   12.977   40.422   10.65   14.11   18.29
   19.32   22.86 0.15812D-08  1  0  0.01274  271.28  267.79 0.14196D+15  2.184   23.339   22.765   12.880   40.322   10.67   14.08   18.62
   19.64   23.25 0.15556D-08  1  0  0.01277  271.25  267.79 0.14157D+15  2.184   22.957   22.383   12.784   40.224   10.69   14.05   18.94
   19.96   23.64 0.15309D-08  1  0  0.01280  271.21  267.79 0.14118D+15  2.184   22.587   22.013   12.691   40.127   10.71   14.02   19.26
   20.29   24.03 0.15069D-08  1  0  0.01283  271.18  267.78 0.14080D+15  2.184   22.228   21.654   12.599   40.032   10.73   14.00   19.59
   20.61   24.42 0.14836D-08  1  0  0.01287  271.14  267.78 0.14042D+15  2.185   21.881   21.307   12.508   39.939   10.75   13.98   19.91
   20.93   24.80 0.14611D-08  1  0  0.01290  271.11  267.77 0.14005D+15  2.185   21.545   20.971   12.419   39.848   10.77   13.95   20.23
   21.25   25.19 0.14393D-08  1  0  0.01293  271.07  267.77 0.13969D+15  2.185   21.218   20.645   12.332   39.757   10.79   13.93   20.55
   21.57   25.58 0.14181D-08  1  0  0.01296  271.04  267.76 0.13933D+15  2.186   20.902   20.328   12.246   39.669   10.81   13.92   20.88
   21.90   25.97 0.13975D-08  1  0  0.01300  271.01  267.76 0.13898D+15  2.186   20.595   20.021   12.161   39.581   10.83   13.90   21.20
   22.22   26.36 0.13775D-08  1  0  0.01303  270.97  267.75 0.13863D+15  2.186   20.296   19.723   12.078   39.495   10.85   13.88   21.52
   22.54   26.75 0.13581D-08  1  0  0.01306  270.94  267.75 0.13829D+15  2.187   20.006   19.433   11.996   39.411   10.87   13.87   21.85
   22.86   27.14 0.13393D-08  1  0  0.01310  270.90  267.74 0.13795D+15  2.187   19.725   19.151   11.915   39.327   10.89   13.85   22.17
   23.18   27.53 0.13210D-08  1  0  0.01313  270.87  267.73 0.13761D+15  2.187   19.451   18.877   11.835   39.245   10.91   13.84   22.50
   23.51   27.92 0.13031D-08  1  0  0.01317  270.83  267.72 0.13728D+15  2.187   19.185   18.611   11.757   39.164   10.93   13.83   22.82
   23.83   28.30 0.12858D-08  1  0  0.01320  270.80  267.72 0.13696D+15  2.188   18.925   18.352   11.679   39.084   10.94   13.81   23.14
   24.15   28.69 0.12689D-08  1  0  0.01323  270.76  267.71 0.13664D+15  2.188   18.673   18.100   11.603   39.006   10.96   13.80   23.47
   24.47   29.08 0.12525D-08  1  0  0.01327  270.73  267.70 0.13632D+15  2.188   18.428   17.854   11.528   38.928   10.98   13.79   23.79
   24.79   29.47 0.12365D-08  1  0  0.01330  270.69  267.69 0.13601D+15  2.189   18.188   17.615   11.453   38.851   11.00   13.78   24.11
   25.12   29.86 0.12209D-08  1  0  0.01334  270.66  267.68 0.13570D+15  2.189   17.955   17.382   11.380   38.776   11.01   13.77   24.44
   25.44   30.25 0.12057D-08  1  0  0.01337  270.62  267.67 0.13540D+15  2.189   17.728   17.155   11.308   38.701   11.03   13.77   24.76
   25.76   30.64 0.11908D-08  1  0  0.01341  270.59  267.67 0.13510D+15  2.190   17.506   16.933   11.236   38.627   11.05   13.76   25.08
   26.08   31.03 0.11764D-08  1  0  0.01344  270.55  267.66 0.13480D+15  2.190   17.290   16.717   11.166   38.555   11.06   13.75   25.41
   26.40   31.42 0.11623D-08  1  0  0.01348  270.52  267.65 0.13451D+15  2.190   17.080   16.507   11.096   38.483   11.08   13.75   25.73
   26.73   31.81 0.11485D-08  1  0  0.01351  270.48  267.64 0.13422D+15  2.190   16.874   16.301   11.027   38.412   11.09   13.74   26.06
   27.05   32.20 0.11351D-08  1  0  0.01355  270.44  267.63 0.13393D+15  2.191   16.673   16.100   10.959   38.342   11.11   13.74   26.38
   27.37   32.58 0.11220D-08  1  0  0.01358  270.41  267.62 0.13365D+15  2.191   16.477   15.904   10.892   38.273   11.13   13.73   26.70
   27.69   32.97 0.11091D-08  1  0  0.01362  270.37  267.60 0.13337D+15  2.191   16.285   15.713   10.826   38.204   11.14   13.73   27.03
   28.01   33.36 0.10966D-08  1  0  0.01366  270.34  267.59 0.13310D+15  2.192   16.098   15.525   10.760   38.137   11.16   13.72   27.35
   28.34   33.75 0.10844D-08  1  0  0.01369  270.30  267.58 0.13282D+15  2.192   15.915   15.343   10.695   38.070   11.17   13.72   27.67
   28.66   34.14 0.10724D-08  1  0  0.01373  270.27  267.57 0.13255D+15  2.192   15.736   15.164   10.631   38.004   11.19   13.72   28.00
   28.98   34.53 0.10607D-08  1  0  0.01377  270.23  267.56 0.13229D+15  2.193   15.561   14.989   10.568   37.938   11.20   13.71   28.32
   29.30   34.92 0.10493D-08  1  0  0.01380  270.19  267.55 0.13202D+15  2.193   15.390   14.818   10.505   37.873   11.21   13.71   28.65
   29.62   35.31 0.10381D-08  1  0  0.01384  270.16  267.54 0.13176D+15  2.193   15.223   14.651   10.443   37.810   11.23   13.71   28.97
   29.95   35.70 0.10272D-08  1  0  0.01388  270.12  267.52 0.13151D+15  2.194   15.059   14.487   10.382   37.746   11.24   13.71   29.29
   30.27   36.09 0.10164D-08  1  0  0.01391  270.09  267.51 0.13125D+15  2.194   14.899   14.327   10.321   37.684   11.26   13.71   29.62
   30.59   36.48 0.10059D-08  1  0  0.01395  270.05  267.50 0.13100D+15  2.194   14.742   14.170   10.261   37.622   11.27   13.71   29.94
   30.91   36.87 0.99567D-09  1  0  0.01399  270.01  267.48 0.13075D+15  2.194   14.589   14.017   10.201   37.560   11.28   13.70   30.27
   31.23   37.26 0.98561D-09  1  0  0.01403  269.98  267.47 0.13050D+15  2.195   14.438   13.866   10.142   37.500   11.30   13.70   30.59
   31.56   37.65 0.97576D-09  1  0  0.01407  269.94  267.46 0.13026D+15  2.195   14.291   13.719   10.084   37.439   11.31   13.70   30.92
   31.88   38.03 0.96610D-09  1  0  0.01411  269.90  267.44 0.13002D+15  2.195   14.147   13.575   10.026   37.380   11.32   13.70   31.24
   32.20   38.42 0.95664D-09  1  0  0.01414  269.87  267.43 0.12978D+15  2.196   14.005   13.433    9.969   37.321   11.34   13.70   31.56
   32.52   38.81 0.94737D-09  1  0  0.01418  269.83  267.42 0.12954D+15  2.196   13.866   13.294    9.912   37.262   11.35   13.70   31.89
   32.84   39.20 0.93827D-09  1  0  0.01422  269.80  267.40 0.12931D+15  2.196   13.730   13.159    9.856   37.205   11.36   13.71   32.21
   33.17   39.59 0.92936D-09  1  0  0.01426  269.76  267.39 0.12908D+15  2.197   13.597   13.025    9.800   37.147   11.38   13.71   32.54
   33.49   39.98 0.92061D-09  1  0  0.01430  269.72  267.37 0.12885D+15  2.197   13.466   12.894    9.745   37.090   11.39   13.71   32.86
   33.81   40.37 0.91203D-09  1  0  0.01434  269.69  267.36 0.12862D+15  2.197   13.338   12.766    9.690   37.034   11.40   13.71   33.19
   34.13   40.76 0.90362D-09  1  0  0.01438  269.65  267.34 0.12840D+15  2.198   13.212   12.640    9.636   36.978   11.41   13.71   33.51
   34.45   41.15 0.89536D-09  1  0  0.01442  269.61  267.33 0.12818D+15  2.198   13.088   12.517    9.582   36.923   11.43   13.71   33.83
   34.78   41.54 0.88725D-09  1  0  0.01446  269.57  267.31 0.12796D+15  2.198   12.967   12.396    9.529   36.868   11.44   13.71   34.16
   35.10   41.93 0.87929D-09  1  0  0.01450  269.54  267.30 0.12774D+15  2.199   12.848   12.277    9.476   36.814   11.45   13.72   34.48
   35.42   42.32 0.87148D-09  1  0  0.01454  269.50  267.28 0.12752D+15  2.199   12.731   12.160    9.424   36.760   11.46   13.72   34.81
   35.74   42.71 0.86381D-09  1  0  0.01458  269.46  267.27 0.12731D+15  2.199   12.616   12.045    9.372   36.707   11.47   13.72   35.13
   36.06   43.10 0.85628D-09  1  0  0.01462  269.43  267.25 0.12710D+15  2.199   12.503   11.932    9.320   36.654   11.48   13.72   35.46
   36.39   43.49 0.84887D-09  1  0  0.01466  269.39  267.23 0.12689D+15  2.200   12.393   11.822    9.269   36.601   11.50   13.73   35.78
   36.71   43.88 0.84160D-09  1  0  0.01471  269.35  267.22 0.12668D+15  2.200   12.284   11.713    9.218   36.549   11.51   13.73   36.11
   37.03   44.27 0.83446D-09  1  0  0.01475  269.31  267.20 0.12647D+15  2.200   12.177   11.606    9.168   36.497   11.52   13.73   36.43
   37.35   44.66 0.82744D-09  1  0  0.01479  269.28  267.18 0.12627D+15  2.201   12.072   11.501    9.118   36.446   11.53   13.74   36.76
   37.67   45.05 0.82054D-09  1  0  0.01483  269.24  267.17 0.12607D+15  2.201   11.969   11.398    9.068   36.395   11.54   13.74   37.08
   38.00   45.44 0.81375D-09  1  0  0.01487  269.20  267.15 0.12587D+15  2.201   11.867   11.296    9.019   36.344   11.55   13.74   37.40
   38.32   45.83 0.80708D-09  1  0  0.01492  269.16  267.13 0.12567D+15  2.202   11.767   11.197    8.970   36.294   11.56   13.75   37.73
   38.64   46.22 0.80052D-09  1  0  0.01496  269.13  267.12 0.12548D+15  2.202   11.669   11.098    8.921   36.244   11.57   13.75   38.05
   38.96   46.61 0.79407D-09  1  0  0.01500  269.09  267.10 0.12528D+15  2.202   11.572   11.002    8.873   36.195   11.58   13.75   38.38
   39.28   47.00 0.78773D-09  1  0  0.01505  269.05  267.08 0.12509D+15  2.203   11.477   10.907    8.825   36.146   11.60   13.76   38.70
   39.61   47.39 0.78148D-09  1  0  0.01509  269.01  267.06 0.12490D+15  2.203   11.384   10.814    8.778   36.097   11.61   13.76   39.03
   39.93   47.78 0.77534D-09  1  0  0.01513  268.97  267.05 0.12471D+15  2.203   11.292   10.722    8.730   36.048   11.62   13.77   39.35
   40.25   48.17 0.76930D-09  1  0  0.01518  268.94  267.03 0.12452D+15  2.204   11.201   10.631    8.683   36.000   11.63   13.77   39.68
   40.57   48.55 0.76335D-09  1  0  0.01522  268.90  267.01 0.12434D+15  2.204   11.112   10.542    8.637   35.953   11.64   13.77   40.00
   40.89   48.94 0.75750D-09  1  0  0.01527  268.86  266.99 0.12415D+15  2.204   11.025   10.455    8.590   35.905   11.65   13.78   40.33
   41.22   49.33 0.75174D-09  1  0  0.01531  268.82  266.97 0.12397D+15  2.205   10.938   10.368    8.544   35.858   11.66   13.78   40.65
   41.54   49.72 0.74607D-09  1  0  0.01536  268.78  266.95 0.12379D+15  2.205   10.853   10.283    8.499   35.811   11.67   13.79   40.98
   41.86   50.11 0.74048D-09  1  0  0.01540  268.74  266.94 0.12361D+15  2.205   10.770   10.200    8.453   35.765   11.68   13.79   41.30
   42.18   50.50 0.73498D-09  1  0  0.01545  268.70  266.92 0.12343D+15  2.206   10.687   10.118    8.408   35.719   11.69   13.80   41.63
   42.50   50.89 0.72957D-09  1  0  0.01549  268.67  266.90 0.12326D+15  2.206   10.606   10.036    8.363   35.673   11.70   13.80   41.95
   42.83   51.28 0.72423D-09  1  0  0.01554  268.63  266.88 0.12308D+15  2.206   10.526    9.957    8.318   35.627   11.71   13.81   42.28
   43.15   51.67 0.71898D-09  1  0  0.01558  268.59  266.86 0.12291D+15  2.207   10.448    9.878    8.274   35.582   11.72   13.81   42.60
   43.47   52.06 0.71380D-09  1  0  0.01563  268.55  266.84 0.12274D+15  2.207   10.370    9.800    8.230   35.537   11.73   13.82   42.93
   43.79   52.45 0.70870D-09  1  0  0.01568  268.51  266.82 0.12257D+15  2.207   10.294    9.724    8.186   35.492   11.74   13.82   43.25
   44.11   52.84 0.70367D-09  1  0  0.01572  268.47  266.80 0.12240D+15  2.208   10.218    9.649    8.142   35.447   11.75   13.83   43.58
   44.44   53.23 0.69872D-09  1  0  0.01577  268.43  266.78 0.12224D+15  2.208   10.144    9.575    8.099   35.403   11.76   13.83   43.91
   44.76   53.62 0.69384D-09  1  0  0.01582  268.39  266.76 0.12207D+15  2.208   10.071    9.502    8.056   35.359   11.76   13.84   44.23
   45.08   54.01 0.68902D-09  1  0  0.01587  268.35  266.74 0.12191D+15  2.209    9.999    9.429    8.013   35.315   11.77   13.84   44.56
   45.40   54.40 0.68428D-09  1  0  0.01591  268.31  266.72 0.12175D+15  2.209    9.927    9.358    7.970   35.272   11.78   13.85   44.88
   45.72   54.79 0.67960D-09  1  0  0.01596  268.28  266.70 0.12158D+15  2.209    9.857    9.288    7.927   35.229   11.79   13.85   45.21
   46.05   55.18 0.67499D-09  1  0  0.01601  268.24  266.68 0.12142D+15  2.210    9.788    9.219    7.885   35.186   11.80   13.86   45.53
   46.37   55.58 0.67044D-09  1  0  0.01606  268.20  266.66 0.12127D+15  2.210    9.720    9.151    7.843   35.143   11.81   13.87   45.86
   46.69   55.97 0.66596D-09  1  0  0.01611  268.16  266.64 0.12111D+15  2.210    9.653    9.084    7.801   35.100   11.82   13.87   46.18
   47.01   56.36 0.66153D-09  1  0  0.01616  268.12  266.61 0.12095D+15  2.211    9.586    9.018    7.759   35.058   11.83   13.88   46.51
   47.33   56.75 0.65717D-09  1  0  0.01621  268.08  266.59 0.12080D+15  2.211    9.521    8.952    7.718   35.016   11.84   13.88   46.83
   47.66   57.14 0.65287D-09  1  0  0.01626  268.04  266.57 0.12065D+15  2.211    9.456    8.888    7.676   34.974   11.85   13.89   47.16
   47.98   57.53 0.64862D-09  1  0  0.01631  268.00  266.55 0.12050D+15  2.212    9.393    8.824    7.635   34.932   11.86   13.89   47.49
   48.30   57.92 0.64443D-09  1  0  0.01636  267.96  266.53 0.12035D+15  2.212    9.330    8.761    7.594   34.891   11.86   13.90   47.81
   48.62   58.31 0.64030D-09  1  0  0.01641  267.92  266.51 0.12020D+15  2.213    9.268    8.699    7.554   34.849   11.87   13.91   48.14
   48.94   58.70 0.63622D-09  1  0  0.01646  267.88  266.49 0.12005D+15  2.213    9.207    8.638    7.513   34.808   11.88   13.91   48.46
   49.27   59.09 0.63219D-09  1  0  0.01651  267.84  266.46 0.11990D+15  2.213    9.146    8.578    7.473   34.767   11.89   13.92   48.79
   49.59   59.48 0.62821D-09  1  0  0.01656  267.80  266.44 0.11976D+15  2.214    9.086    8.518    7.432   34.727   11.90   13.93   49.11
   49.91   59.87 0.62429D-09  1  0  0.01662  267.75  266.42 0.11962D+15  2.214    9.028    8.460    7.392   34.686   11.91   13.93   49.44
   50.23   60.26 0.62042D-09  1  0  0.01667  267.71  266.40 0.11947D+15  2.214    8.969    8.402    7.352   34.646   11.92   13.94   49.77
   50.55   60.65 0.61660D-09  1  0  0.01672  267.67  266.37 0.11933D+15  2.215    8.912    8.344    7.313   34.606   11.92   13.94   50.09
   50.88   61.04 0.61282D-09  1  0  0.01677  267.63  266.35 0.11919D+15  2.215    8.855    8.288    7.273   34.566   11.93   13.95   50.42
   51.20   61.43 0.60909D-09  1  0  0.01683  267.59  266.33 0.11905D+15  2.215    8.799    8.232    7.234   34.526   11.94   13.96   50.74
   51.52   61.82 0.60541D-09  1  0  0.01688  267.55  266.31 0.11892D+15  2.216    8.744    8.177    7.194   34.486   11.95   13.96   51.07
   51.84   62.21 0.60178D-09  1  0  0.01693  267.51  266.28 0.11878D+15  2.216    8.690    8.122    7.155   34.447   11.96   13.97   51.40
   52.16   62.60 0.59819D-09  1  0  0.01699  267.47  266.26 0.11865D+15  2.216    8.636    8.068    7.116   34.408   11.97   13.98   51.72
   52.49   62.99 0.59464D-09  1  0  0.01704  267.43  266.24 0.11851D+15  2.217    8.582    8.015    7.077   34.368   11.97   13.98   52.05
   52.81   63.38 0.59114D-09  1  0  0.01710  267.39  266.21 0.11838D+15  2.217    8.530    7.962    7.039   34.329   11.98   13.99   52.37
   53.13   63.77 0.58768D-09  1  0  0.01715  267.34  266.19 0.11825D+15  2.217    8.478    7.911    7.000   34.291   11.99   14.00   52.70
   53.45   64.16 0.58426D-09  1  0  0.01721  267.30  266.17 0.11812D+15  2.218    8.426    7.859    6.962   34.252   12.00   14.00   53.03
   53.77   64.56 0.58088D-09  1  0  0.01727  267.26  266.14 0.11799D+15  2.218    8.376    7.809    6.923   34.213   12.01   14.01   53.35
   54.10   64.95 0.57755D-09  1  0  0.01732  267.22  266.12 0.11786D+15  2.219    8.326    7.759    6.885   34.175   12.01   14.02   53.68
   54.42   65.34 0.57425D-09  1  0  0.01738  267.18  266.09 0.11773D+15  2.219    8.276    7.709    6.847   34.137   12.02   14.02   54.01
   54.74   65.73 0.57099D-09  1  0  0.01743  267.14  266.07 0.11761D+15  2.219    8.227    7.660    6.809   34.099   12.03   14.03   54.33
   55.06   66.12 0.56777D-09  1  0  0.01749  267.09  266.05 0.11748D+15  2.220    8.179    7.612    6.771   34.061   12.04   14.04   54.66
   55.38   66.51 0.56459D-09  1  0  0.01755  267.05  266.02 0.11736D+15  2.220    8.131    7.564    6.733   34.023   12.04   14.04   54.99
   55.71   66.90 0.56144D-09  1  0  0.01761  267.01  266.00 0.11724D+15  2.220    8.083    7.517    6.696   33.985   12.05   14.05   55.31
   56.03   67.29 0.55833D-09  1  0  0.01767  266.97  265.97 0.11712D+15  2.221    8.037    7.470    6.658   33.948   12.06   14.06   55.64
   56.35   67.68 0.55526D-09  1  0  0.01772  266.93  265.95 0.11700D+15  2.221    7.990    7.424    6.621   33.910   12.07   14.06   55.97
   56.67   68.07 0.55222D-09  1  0  0.01778  266.88  265.92 0.11688D+15  2.221    7.945    7.378    6.584   33.873   12.08   14.07   56.29
   56.99   68.46 0.54921D-09  1  0  0.01784  266.84  265.90 0.11676D+15  2.222    7.899    7.333    6.546   33.836   12.08   14.08   56.62
   57.32   68.85 0.54624D-09  1  0  0.01790  266.80  265.87 0.11664D+15  2.222    7.855    7.289    6.509   33.799   12.09   14.09   56.95
   57.64   69.25 0.54330D-09  1  0  0.01796  266.75  265.85 0.11653D+15  2.223    7.811    7.244    6.472   33.762   12.10   14.09   57.27
   57.96   69.64 0.54040D-09  1  0  0.01802  266.71  265.82 0.11641D+15  2.223    7.767    7.201    6.435   33.725   12.11   14.10   57.60
   58.28   70.03 0.53752D-09  1  0  0.01808  266.67  265.80 0.11630D+15  2.223    7.724    7.158    6.398   33.689   12.11   14.11   57.93
   58.60   70.42 0.53468D-09  1  0  0.01815  266.63  265.77 0.11619D+15  2.224    7.681    7.115    6.362   33.652   12.12   14.11   58.25
   58.93   70.81 0.53187D-09  1  0  0.01821  266.58  265.75 0.11607D+15  2.224    7.638    7.073    6.325   33.615   12.13   14.12   58.58
   59.25   71.20 0.52909D-09  1  0  0.01827  266.54  265.72 0.11596D+15  2.224    7.597    7.031    6.288   33.579   12.14   14.13   58.91
   59.57   71.59 0.52634D-09  1  0  0.01833  266.50  265.69 0.11586D+15  2.225    7.555    6.990    6.252   33.543   12.14   14.14   59.24
   59.89   71.98 0.52362D-09  1  0  0.01840  266.45  265.67 0.11575D+15  2.225    7.514    6.949    6.216   33.507   12.15   14.14   59.56
   60.21   72.38 0.52093D-09  1  0  0.01846  266.41  265.64 0.11564D+15  2.226    7.474    6.908    6.179   33.471   12.16   14.15   59.89
   60.54   72.77 0.51827D-09  1  0  0.01852  266.36  265.62 0.11553D+15  2.226    7.434    6.868    6.143   33.435   12.16   14.16   60.22
   60.86   73.16 0.51563D-09  1  0  0.01859  266.32  265.59 0.11543D+15  2.226    7.394    6.829    6.107   33.399   12.17   14.17   60.55
   61.18   73.55 0.51302D-09  1  0  0.01865  266.28  265.56 0.11533D+15  2.227    7.355    6.789    6.071   33.363   12.18   14.17   60.87
   61.50   73.94 0.51045D-09  1  0  0.01872  266.23  265.54 0.11522D+15  2.227    7.316    6.751    6.034   33.327   12.19   14.18   61.20
   61.82   74.33 0.50789D-09  1  0  0.01878  266.19  265.51 0.11512D+15  2.228    7.277    6.712    5.998   33.292   12.19   14.19   61.53
   62.15   74.72 0.50537D-09  1  0  0.01885  266.14  265.48 0.11502D+15  2.228    7.239    6.674    5.963   33.256   12.20   14.20   61.86
   62.47   75.12 0.50287D-09  1  0  0.01891  266.10  265.45 0.11492D+15  2.228    7.202    6.637    5.927   33.221   12.21   14.20   62.18
   62.79   75.51 0.50039D-09  1  0  0.01898  266.06  265.43 0.11482D+15  2.229    7.164    6.599    5.891   33.185   12.21   14.21   62.51
   63.11   75.90 0.49794D-09  1  0  0.01905  266.01  265.40 0.11472D+15  2.229    7.127    6.563    5.855   33.150   12.22   14.22   62.84
   63.43   76.29 0.49552D-09  1  0  0.01912  265.97  265.37 0.11463D+15  2.229    7.091    6.526    5.819   33.115   12.23   14.23   63.17
   63.76   76.68 0.49312D-09  1  0  0.01918  265.92  265.34 0.11453D+15  2.230    7.054    6.490    5.784   33.080   12.24   14.24   63.50
   64.08   77.07 0.49075D-09  1  0  0.01925  265.88  265.32 0.11444D+15  2.230    7.019    6.454    5.748   33.045   12.24   14.24   63.82
   64.40   77.47 0.48839D-09  1  0  0.01932  265.83  265.29 0.11434D+15  2.231    6.983    6.419    5.712   33.010   12.25   14.25   64.15
   64.72   77.86 0.48607D-09  1  0  0.01939  265.79  265.26 0.11425D+15  2.231    6.948    6.384    5.677   32.975   12.26   14.26   64.48
   65.04   78.25 0.48376D-09  1  0  0.01946  265.74  265.23 0.11416D+15  2.231    6.913    6.349    5.641   32.940   12.26   14.27   64.81
   65.37   78.64 0.48148D-09  1  0  0.01953  265.70  265.20 0.11407D+15  2.232    6.879    6.315    5.606   32.905   12.27   14.27   65.14
   65.69   79.03 0.47922D-09  1  0  0.01960  265.65  265.18 0.11398D+15  2.232    6.845    6.281    5.571   32.871   12.28   14.28   65.47
   66.01   79.43 0.47698D-09  1  0  0.01967  265.60  265.15 0.11389D+15  2.233    6.811    6.247    5.535   32.836   12.28   14.29   65.80
   66.33   79.82 0.47476D-09  1  0  0.01975  265.56  265.12 0.11381D+15  2.233    6.777    6.214    5.500   32.801   12.29   14.30   66.12
   66.65   80.21 0.47257D-09  1  0  0.01982  265.51  265.09 0.11372D+15  2.233    6.744    6.181    5.465   32.767   12.30   14.31   66.45
   66.98   80.60 0.47040D-09  1  0  0.01989  265.47  265.06 0.11363D+15  2.234    6.711    6.148    5.429   32.732   12.31   14.32   66.78
   67.30   80.99 0.46824D-09  1  0  0.01996  265.42  265.03 0.11355D+15  2.234    6.679    6.115    5.394   32.698   12.31   14.32   67.11
   67.62   81.39 0.46611D-09  1  0  0.02004  265.37  265.00 0.11347D+15  2.235    6.647    6.083    5.359   32.664   12.32   14.33   67.44
   67.94   81.78 0.46400D-09  1  0  0.02011  265.33  264.97 0.11339D+15  2.235    6.615    6.051    5.324   32.629   12.33   14.34   67.77
   68.26   82.17 0.46191D-09  1  0  0.02019  265.28  264.95 0.11330D+15  2.235    6.583    6.020    5.288   32.595   12.33   14.35   68.10
   68.59   82.56 0.45983D-09  1  0  0.02026  265.23  264.92 0.11322D+15  2.236    6.552    5.989    5.253   32.561   12.34   14.36   68.43
   68.91   82.96 0.45778D-09  1  0  0.02034  265.19  264.89 0.11315D+15  2.236    6.521    5.958    5.218   32.527   12.35   14.36   68.76
   69.23   83.35 0.45575D-09  1  0  0.02041  265.14  264.86 0.11307D+15  2.237    6.490    5.927    5.183   32.492   12.35   14.37   69.09
   69.55   83.74 0.45373D-09  1  0  0.02049  265.09  264.83 0.11299D+15  2.237    6.459    5.897    5.148   32.458   12.36   14.38   69.42
   69.87   84.14 0.45174D-09  1  0  0.02057  265.05  264.80 0.11292D+15  2.237    6.429    5.866    5.113   32.424   12.37   14.39   69.75
   70.20   84.53 0.44976D-09  1  0  0.02065  265.00  264.77 0.11284D+15  2.238    6.399    5.837    5.078   32.390   12.37   14.40   70.08
   70.52   84.92 0.44780D-09  1  0  0.02073  264.95  264.74 0.11277D+15  2.238    6.370    5.807    5.043   32.356   12.38   14.41   70.41
   70.84   85.31 0.44586D-09  1  0  0.02081  264.90  264.71 0.11269D+15  2.239    6.340    5.778    5.008   32.322   12.39   14.42   70.74
   71.16   85.71 0.44393D-09  1  0  0.02089  264.86  264.67 0.11262D+15  2.239    6.311    5.749    4.973   32.289   12.39   14.42   71.07
   71.48   86.10 0.44202D-09  1  0  0.02097  264.81  264.64 0.11255D+15  2.240    6.282    5.720    4.938   32.255   12.40   14.43   71.40
   71.81   86.49 0.44013D-09  1  0  0.02105  264.76  264.61 0.11248D+15  2.240    6.253    5.691    4.903   32.221   12.41   14.44   71.73
   72.13   86.89 0.43826D-09  1  0  0.02113  264.71  264.58 0.11242D+15  2.240    6.225    5.663    4.867   32.187   12.41   14.45   72.06
   72.45   87.28 0.43640D-09  1  0  0.02121  264.66  264.55 0.11235D+15  2.241    6.197    5.635    4.832   32.153   12.42   14.46   72.39
   72.77   87.67 0.43456D-09  1  0  0.02129  264.62  264.52 0.11228D+15  2.241    6.169    5.607    4.797   32.119   12.43   14.47   72.72
   73.09   88.07 0.43274D-09  1  0  0.02138  264.57  264.49 0.11222D+15  2.242    6.141    5.580    4.762   32.086   12.43   14.48   73.05
   73.42   88.46 0.43093D-09  1  0  0.02146  264.52  264.46 0.11215D+15  2.242    6.114    5.552    4.727   32.052   12.44   14.48   73.38
   73.74   88.85 0.42914D-09  1  0  0.02155  264.47  264.43 0.11209D+15  2.243    6.087    5.525    4.692   32.018   12.45   14.49   73.71
   74.06   89.25 0.42737D-09  1  0  0.02163  264.42  264.39 0.11203D+15  2.243    6.060    5.498    4.657   31.985   12.45   14.50   74.05
   74.38   89.64 0.42560D-09  1  0  0.02172  264.37  264.36 0.11197D+15  2.243    6.033    5.472    4.622   31.951   12.46   14.51   74.38
   74.70   90.03 0.42386D-09  1  0  0.02180  264.32  264.33 0.11191D+15  2.244    6.007    5.445    4.587   31.917   12.47   14.52   74.70
   75.03   90.42 0.42213D-09  1  0  0.02189  264.27  264.30 0.11185D+15  2.244    5.980    5.419    4.552   31.884   12.47   14.53   75.03
   75.35   90.81 0.42041D-09  1  0  0.02198  264.22  264.27 0.11179D+15  2.245    5.954    5.393    4.517   31.850   12.48   14.54   75.35
   75.67   91.20 0.41871D-09  1  0  0.02207  264.17  264.23 0.11174D+15  2.245    5.928    5.367    4.481   31.816   12.49   14.55   75.67
   75.99   91.59 0.41702D-09  1  0  0.02216  264.12  264.20 0.11168D+15  2.246    5.903    5.342    4.446   31.783   12.49   14.56   75.99
   76.31   91.97 0.41535D-09  1  0  0.02225  264.07  264.17 0.11163D+15  2.246    5.877    5.317    4.411   31.749   12.50   14.57   76.31
   76.64   92.36 0.41369D-09  1  0  0.02234  264.02  264.14 0.11158D+15  2.246    5.852    5.292    4.376   31.716   12.51   14.58   76.64
   76.96   92.75 0.41205D-09  1  0  0.02243  263.97  264.10 0.11152D+15  2.247    5.827    5.267    4.340   31.682   12.51   14.58   76.96
   77.28   93.14 0.41042D-09  1  0  0.02252  263.92  264.07 0.11147D+15  2.247    5.802    5.242    4.305   31.648   12.52   14.59   77.28
   77.60   93.53 0.40880D-09  1  0  0.02261  263.87  264.04 0.11143D+15  2.248    5.778    5.217    4.270   31.615   12.53   14.60   77.60
   77.92   93.91 0.40720D-09  1  0  0.02271  263.82  264.00 0.11138D+15  2.248    5.753    5.193    4.234   31.581   12.53   14.61   77.92
   78.25   94.30 0.40561D-09  1  0  0.02280  263.77  263.97 0.11133D+15  2.249    5.729    5.169    4.199   31.547   12.54   14.62   78.25
   78.57   94.69 0.40403D-09  1  0  0.02290  263.72  263.93 0.11128D+15  2.249    5.705    5.145    4.163   31.514   12.55   14.63   78.57
   78.89   95.08 0.40246D-09  1  0  0.02299  263.67  263.90 0.11124D+15  2.250    5.681    5.121    4.128   31.480   12.55   14.64   78.89
   79.21   95.47 0.40091D-09  1  0  0.02309  263.61  263.87 0.11120D+15  2.250    5.657    5.098    4.092   31.447   12.56   14.65   79.21
   79.53   95.85 0.39937D-09  1  0  0.02319  263.56  263.83 0.11115D+15  2.250    5.634    5.074    4.057   31.413   12.57   14.66   79.53
   79.86   96.24 0.39785D-09  1  0  0.02328  263.51  263.80 0.11111D+15  2.251    5.611    5.051    4.021   31.379   12.57   14.67   79.86
   80.18   96.63 0.39633D-09  1  0  0.02338  263.46  263.76 0.11107D+15  2.251    5.588    5.028    3.985   31.345   12.58   14.68   80.18
   80.50   97.02 0.39483D-09  1  0  0.02348  263.41  263.73 0.11104D+15  2.252    5.565    5.006    3.950   31.312   12.59   14.69   80.50
   80.82   97.41 0.39334D-09  1  0  0.02358  263.35  263.69 0.11100D+15  2.252    5.542    4.983    3.914   31.278   12.60   14.70   80.82
   81.14   97.79 0.39186D-09  1  0  0.02368  263.30  263.66 0.11096D+15  2.253    5.519    4.960    3.878   31.244   12.60   14.71   81.14
   81.47   98.18 0.39039D-09  1  0  0.02379  263.25  263.62 0.11093D+15  2.253    5.497    4.938    3.842   31.210   12.61   14.72   81.47
   81.79   98.57 0.38894D-09  1  0  0.02389  263.19  263.59 0.11089D+15  2.254    5.475    4.916    3.806   31.177   12.62   14.73   81.79
   82.11   98.96 0.38749D-09  1  0  0.02399  263.14  263.55 0.11086D+15  2.254    5.453    4.894    3.770   31.143   12.62   14.74   82.11
   82.43   99.35 0.38606D-09  1  0  0.02410  263.09  263.52 0.11083D+15  2.255    5.431    4.872    3.734   31.109   12.63   14.75   82.43
   82.75   99.74 0.38464D-09  1  0  0.02420  263.03  263.48 0.11080D+15  2.255    5.409    4.851    3.698   31.075   12.64   14.76   82.75
   83.08  100.12 0.38323D-09  1  0  0.02431  262.98  263.45 0.11077D+15  2.256    5.387    4.829    3.662   31.041   12.64   14.77   83.08
   83.40  100.51 0.38183D-09  1  0  0.02442  262.93  263.41 0.11075D+15  2.256    5.366    4.808    3.625   31.007   12.65   14.78   83.40
   83.72  100.90 0.38044D-09  1  0  0.02453  262.87  263.37 0.11072D+15  2.257    5.345    4.787    3.589   30.973   12.66   14.79   83.72
   84.04  101.29 0.37906D-09  1  0  0.02464  262.82  263.34 0.11070D+15  2.257    5.324    4.766    3.552   30.939   12.66   14.80   84.04
   84.36  101.68 0.37769D-09  1  0  0.02475  262.76  263.30 0.11068D+15  2.257    5.303    4.745    3.516   30.905   12.67   14.81   84.36
   84.69  102.06 0.37634D-09  1  0  0.02486  262.71  263.26 0.11065D+15  2.258    5.282    4.724    3.479   30.871   12.68   14.82   84.69
   85.01  102.45 0.37499D-09  1  0  0.02497  262.65  263.23 0.11063D+15  2.258    5.261    4.704    3.443   30.837   12.68   14.83   85.01
   85.33  102.84 0.37365D-09  1  0  0.02508  262.60  263.19 0.11062D+15  2.259    5.241    4.683    3.406   30.803   12.69   14.84   85.33
   85.65  103.23 0.37233D-09  1  0  0.02519  262.54  263.15 0.11060D+15  2.259    5.220    4.663    3.369   30.768   12.70   14.85   85.65
   85.97  103.62 0.37101D-09  1  0  0.02531  262.49  263.12 0.11058D+15  2.260    5.200    4.643    3.332   30.734   12.71   14.87   85.97
   86.30  104.00 0.36970D-09  1  0  0.02543  262.43  263.08 0.11057D+15  2.260    5.180    4.623    3.295   30.700   12.71   14.88   86.30
   86.62  104.39 0.36841D-09  1  0  0.02554  262.37  263.04 0.11056D+15  2.261    5.160    4.603    3.258   30.665   12.72   14.89   86.62
   86.94  104.78 0.36712D-09  1  0  0.02566  262.32  263.00 0.11054D+15  2.261    5.141    4.584    3.221   30.631   12.73   14.90   86.94
   87.26  105.17 0.36584D-09  1  0  0.02578  262.26  262.97 0.11053D+15  2.262    5.121    4.564    3.183   30.596   12.73   14.91   87.26
   87.58  105.56 0.36457D-09  1  0  0.02590  262.20  262.93 0.11053D+15  2.262    5.101    4.545    3.146   30.562   12.74   14.92   87.58
   87.91  105.94 0.36331D-09  1  0  0.02602  262.15  262.89 0.11052D+15  2.263    5.082    4.526    3.108   30.527   12.75   14.93   87.91
   88.23  106.33 0.36206D-09  1  0  0.02614  262.09  262.85 0.11051D+15  2.263    5.063    4.507    3.071   30.492   12.76   14.94   88.23
   88.55  106.72 0.36082D-09  1  0  0.02627  262.03  262.81 0.11051D+15  2.264    5.044    4.488    3.033   30.458   12.76   14.95   88.55
   88.87  107.11 0.35959D-09  1  0  0.02639  261.97  262.77 0.11051D+15  2.264    5.025    4.469    2.995   30.423   12.77   14.97   88.87
   89.19  107.50 0.35837D-09  1  0  0.02652  261.92  262.73 0.11051D+15  2.265    5.006    4.450    2.957   30.388   12.78   14.98   89.19
   89.52  107.88 0.35716D-09  1  0  0.02664  261.86  262.69 0.11051D+15  2.265    4.987    4.432    2.919   30.353   12.78   14.99   89.52
   89.84  108.27 0.35595D-09  1  0  0.02677  261.80  262.65 0.11051D+15  2.266    4.969    4.413    2.881   30.318   12.79   15.00   89.84
   90.16  108.66 0.35475D-09  1  0  0.02690  261.74  262.61 0.11052D+15  2.266    4.950    4.395    2.842   30.283   12.80   15.01   90.16
   90.48  109.05 0.35357D-09  1  0  0.02703  261.68  262.57 0.11052D+15  2.267    4.932    4.377    2.804   30.247   12.81   15.02   90.48
   90.80  109.44 0.35239D-09  1  0  0.02716  261.62  262.53 0.11053D+15  2.268    4.914    4.359    2.765   30.212   12.81   15.04   90.80
   91.13  109.83 0.35121D-09  1  0  0.02729  261.56  262.49 0.11054D+15  2.268    4.895    4.341    2.727   30.177   12.82   15.05   91.13
   91.45  110.21 0.35005D-09  1  0  0.02743  261.50  262.45 0.11055D+15  2.269    4.877    4.323    2.688   30.141   12.83   15.06   91.45
   91.77  110.60 0.34890D-09  1  0  0.02756  261.44  262.41 0.11056D+15  2.269    4.860    4.305    2.649   30.106   12.84   15.07   91.77
   92.09  110.99 0.34775D-09  1  0  0.02770  261.38  262.37 0.11058D+15  2.270    4.842    4.287    2.610   30.070   12.84   15.08   92.09
   92.41  111.38 0.34661D-09  1  0  0.02784  261.32  262.33 0.11059D+15  2.270    4.824    4.270    2.570   30.034   12.85   15.10   92.41
   92.74  111.77 0.34548D-09  1  0  0.02798  261.26  262.29 0.11061D+15  2.271    4.807    4.253    2.531   29.998   12.86   15.11   92.74
   93.06  112.15 0.34436D-09  1  0  0.02812  261.20  262.25 0.11063D+15  2.271    4.789    4.235    2.492   29.962   12.87   15.12   93.06
   93.38  112.54 0.34324D-09  1  0  0.02826  261.14  262.21 0.11066D+15  2.272    4.772    4.218    2.452   29.926   12.88   15.13   93.38
   93.70  112.93 0.34213D-09  1  0  0.02840  261.07  262.16 0.11068D+15  2.272    4.755    4.201    2.412   29.890   12.88   15.15   93.70
   94.02  113.32 0.34103D-09  1  0  0.02855  261.01  262.12 0.11071D+15  2.273    4.738    4.184    2.372   29.854   12.89   15.16   94.02
   94.35  113.71 0.33994D-09  1  0  0.02869  260.95  262.08 0.11073D+15  2.273    4.721    4.167    2.332   29.817   12.90   15.17   94.35
   94.67  114.09 0.33886D-09  1  0  0.02884  260.89  262.04 0.11076D+15  2.274    4.704    4.151    2.291   29.781   12.91   15.18   94.67
   94.99  114.48 0.33778D-09  1  0  0.02899  260.82  261.99 0.11080D+15  2.275    4.687    4.134    2.251   29.744   12.91   15.20   94.99
   95.31  114.87 0.33671D-09  1  0  0.02914  260.76  261.95 0.11083D+15  2.275    4.671    4.118    2.210   29.707   12.92   15.21   95.31
   95.63  115.26 0.33565D-09  1  0  0.02929  260.70  261.91 0.11087D+15  2.276    4.654    4.101    2.169   29.671   12.93   15.22   95.63
   95.96  115.65 0.33459D-09  1  0  0.02944  260.63  261.86 0.11090D+15  2.276    4.638    4.085    2.128   29.634   12.94   15.24   95.96
   96.28  116.03 0.33354D-09  1  0  0.02960  260.57  261.82 0.11094D+15  2.277    4.621    4.069    2.087   29.597   12.95   15.25   96.28
   96.60  116.42 0.33250D-09  1  0  0.02975  260.50  261.78 0.11099D+15  2.277    4.605    4.053    2.046   29.559   12.96   15.26   96.60
   96.92  116.81 0.33146D-09  1  0  0.02991  260.44  261.73 0.11103D+15  2.278    4.589    4.037    2.004   29.522   12.96   15.28   96.92
   97.24  117.20 0.33044D-09  1  0  0.03007  260.37  261.69 0.11108D+15  2.279    4.573    4.021    1.962   29.484   12.97   15.29   97.24
   97.57  117.59 0.32942D-09  1  0  0.03023  260.31  261.64 0.11113D+15  2.279    4.557    4.005    1.920   29.447   12.98   15.31   97.57
   97.89  117.97 0.32840D-09  1  0  0.03040  260.24  261.60 0.11118D+15  2.280    4.541    3.989    1.878   29.409   12.99   15.32   97.89
   98.21  118.36 0.32739D-09  1  0  0.03056  260.18  261.55 0.11123D+15  2.280    4.525    3.974    1.836   29.371   13.00   15.33   98.21
   98.53  118.75 0.32639D-09  1  0  0.03073  260.11  261.51 0.11129D+15  2.281    4.510    3.958    1.793   29.333   13.01   15.35   98.53
   98.85  119.14 0.32540D-09  1  0  0.03090  260.04  261.46 0.11135D+15  2.282    4.494    3.943    1.750   29.295   13.01   15.36   98.85
   99.18  119.53 0.32441D-09  1  0  0.03106  259.97  261.42 0.11141D+15  2.282    4.478    3.927    1.707   29.256   13.02   15.38   99.18
   99.50  119.91 0.32343D-09  1  0  0.03124  259.91  261.37 0.11147D+15  2.283    4.463    3.912    1.664   29.218   13.03   15.39   99.50
   99.82  120.30 0.32245D-09  1  0  0.03141  259.84  261.32 0.11154D+15  2.283    4.448    3.897    1.621   29.179   13.04   15.41   99.82
  100.14  120.69 0.32148D-09  1  0  0.03159  259.77  261.28 0.11161D+15  2.284    4.432    3.882    1.577   29.140   13.05   15.42  100.14
  100.46  121.08 0.32052D-09  1  0  0.03176  259.70  261.23 0.11168D+15  2.285    4.417    3.867    1.533   29.101   13.06   15.44  100.46
  100.79  121.47 0.31956D-09  1  0  0.03194  259.63  261.18 0.11176D+15  2.285    4.402    3.852    1.489   29.062   13.07   15.45  100.79
  101.11  121.86 0.31861D-09  1  0  0.03212  259.56  261.13 0.11183D+15  2.286    4.387    3.837    1.444   29.022   13.08   15.47  101.11
  101.43  122.24 0.31767D-09  1  0  0.03231  259.49  261.09 0.11191D+15  2.286    4.372    3.823    1.400   28.983   13.09   15.48  101.43
  101.75  122.63 0.31673D-09  1  0  0.03249  259.42  261.04 0.11200D+15  2.287    4.358    3.808    1.355   28.943   13.10   15.50  101.75
  102.07  123.02 0.31580D-09  1  0  0.03268  259.35  260.99 0.11208D+15  2.288    4.343    3.794    1.310   28.903   13.11   15.52  102.07
  102.40  123.41 0.31487D-09  1  0  0.03287  259.28  260.94 0.11217D+15  2.288    4.328    3.779    1.264   28.863   13.11   15.53  102.40
  102.72  123.80 0.31395D-09  1  0  0.03306  259.21  260.89 0.11226D+15  2.289    4.314    3.765    1.218   28.822   13.12   15.55  102.72
  103.04  124.18 0.31303D-09  1  0  0.03325  259.13  260.84 0.11236D+15  2.290    4.299    3.750    1.172   28.782   13.13   15.56  103.04
  103.36  124.57 0.31212D-09  1  0  0.03345  259.06  260.79 0.11246D+15  2.290    4.285    3.736    1.126   28.741   13.14   15.58  103.36
  103.68  124.96 0.31122D-09  1  0  0.03365  258.99  260.74 0.11256D+15  2.291    4.270    3.722    1.080   28.700   13.15   15.60  103.68
  104.01  125.35 0.31032D-09  1  0  0.03385  258.92  260.69 0.11266D+15  2.292    4.256    3.708    1.033   28.659   13.16   15.61  104.01
  104.33  125.74 0.30943D-09  1  0  0.03405  258.84  260.64 0.11277D+15  2.292    4.242    3.694    0.986   28.617   13.17   15.63  104.33
  104.65  126.12 0.30854D-09  1  0  0.03425  258.77  260.59 0.11288D+15  2.293    4.228    3.680    0.938   28.576   13.18   15.65  104.65
  104.97  126.51 0.30766D-09  1  0  0.03446  258.69  260.54 0.11299D+15  2.294    4.214    3.666    0.891   28.534   13.19   15.66  104.97
  105.29  126.90 0.30679D-09  1  0  0.03467  258.62  260.49 0.11311D+15  2.294    4.200    3.652    0.843   28.492   13.20   15.68  105.29
  105.62  127.29 0.30592D-09  1  0  0.03488  258.54  260.44 0.11323D+15  2.295    4.186    3.639    0.794   28.449   13.21   15.70  105.62
  105.94  127.68 0.30505D-09  1  0  0.03510  258.46  260.39 0.11336D+15  2.296    4.172    3.625    0.745   28.407   13.22   15.72  105.94
  106.26  128.06 0.30419D-09  1  0  0.03531  258.39  260.33 0.11349D+15  2.296    4.159    3.612    0.696   28.364   13.24   15.74  106.26
  106.58  128.45 0.30333D-09  1  0  0.03553  258.31  260.28 0.11362D+15  2.297    4.145    3.598    0.647   28.321   13.25   15.75  106.58
  106.90  128.84 0.30248D-09  1  0  0.03576  258.23  260.23 0.11376D+15  2.298    4.131    3.585    0.597   28.277   13.26   15.77  106.90
  107.23  129.23 0.30164D-09  1  0  0.03598  258.15  260.17 0.11390D+15  2.298    4.118    3.571    0.547   28.234   13.27   15.79  107.23
  107.55  129.62 0.30080D-09  1  0  0.03621  258.07  260.12 0.11404D+15  2.299    4.104    3.558    0.497   28.190   13.28   15.81  107.55
  107.87  130.00 0.29997D-09  1  0  0.03644  257.99  260.07 0.11419D+15  2.300    4.091    3.545    0.446   28.146   13.29   15.83  107.87
  108.19  130.39 0.29914D-09  1  0  0.03667  257.91  260.01 0.11435D+15  2.301    4.077    3.532    0.395   28.101   13.30   15.85  108.19
  108.51  130.78 0.29831D-09  1  0  0.03691  257.83  259.96 0.11450D+15  2.301    4.064    3.519    0.344   28.056   13.31   15.87  108.51
  108.84  131.17 0.29749D-09  1  0  0.03715  257.75  259.90 0.11466D+15  2.302    4.051    3.506    0.292   28.011   13.32   15.89  108.84
  109.16  131.56 0.29668D-09  1  0  0.03739  257.67  259.84 0.11483D+15  2.303    4.038    3.493    0.239   27.966   13.34   15.91  109.16
  109.48  131.95 0.29587D-09  1  0  0.03764  257.58  259.79 0.11500D+15  2.303    4.025    3.480    0.187   27.920   13.35   15.93  109.48
  109.80  132.33 0.29506D-09  1  0  0.03789  257.50  259.73 0.11518D+15  2.304    4.012    3.467    0.134   27.874   13.36   15.95  109.80
  110.12  132.72 0.29426D-09  1  0  0.03814  257.42  259.67 0.11536D+15  2.305    3.999    3.454    0.080   27.828   13.37   15.97  110.12
  110.45  133.11 0.29346D-09  1  0  0.03839  257.33  259.62 0.11554D+15  2.306    3.986    3.442    0.026   27.781   13.38   15.99  110.45
  110.77  133.50 0.29267D-09  1  0  0.03865  257.25  259.83 0.11249D+15  2.306    3.973    3.429    0.000   27.759   13.25   16.02  110.77
  111.09  133.89 0.29189D-09  1  0  0.03891  257.16  259.79 0.11246D+15  2.307    3.960    3.416    0.000   27.759   13.26   16.01  111.09
  111.41  134.27 0.29110D-09  1  0  0.03918  257.07  259.75 0.11242D+15  2.308    3.947    3.404    0.000   27.759   13.26   16.00  111.41
  111.73  134.66 0.29033D-09  1  0  0.03945  256.99  259.71 0.11239D+15  2.309    3.935    3.391    0.000   27.759   13.26   16.00  111.73
  112.06  135.05 0.28955D-09  1  0  0.03972  256.90  259.67 0.11236D+15  2.310    3.922    3.379    0.000   27.759   13.26   15.99  112.06
  112.38  135.44 0.28878D-09  1  0  0.04000  256.81  259.62 0.11234D+15  2.310    3.909    3.367    0.000   27.759   13.27   15.98  112.38
  112.70  135.83 0.28802D-09  1  0  0.04028  256.72  259.58 0.11232D+15  2.311    3.897    3.354    0.000   27.759   13.27   15.97  112.70
  113.02  136.21 0.28726D-09  1  0  0.04056  256.63  259.54 0.11230D+15  2.312    3.884    3.342    0.000   27.759   13.27   15.97  113.02
  113.34  136.60 0.28651D-09  1  0  0.04085  256.54  259.50 0.11229D+15  2.313    3.872    3.330    0.000   27.759   13.27   15.96  113.34
  113.67  136.99 0.28575D-09  1  0  0.04114  256.44  259.46 0.11228D+15  2.314    3.860    3.318    0.000   27.759   13.28   15.95  113.67
  113.99  137.38 0.28501D-09  1  0  0.04143  256.35  259.41 0.11228D+15  2.315    3.847    3.306    0.000   27.759   13.28   15.94  113.99
  114.31  137.77 0.28426D-09  1  0  0.04173  256.26  259.37 0.11228D+15  2.315    3.835    3.294    0.000   27.759   13.28   15.93  114.31
  114.63  138.15 0.28353D-09  1  0  0.04204  256.16  259.33 0.11228D+15  2.316    3.823    3.282    0.000   27.759   13.29   15.93  114.63
  114.95  138.54 0.28279D-09  1  0  0.04235  256.07  259.28 0.11229D+15  2.317    3.810    3.270    0.000   27.759   13.29   15.92  114.95
  115.28  138.93 0.28206D-09  1  0  0.04266  255.97  259.24 0.11230D+15  2.318    3.798    3.258    0.000   27.759   13.29   15.91  115.28
  115.60  139.32 0.28133D-09  1  0  0.04298  255.87  259.19 0.11232D+15  2.319    3.786    3.246    0.000   27.759   13.30   15.90  115.60
  115.92  139.71 0.28061D-09  1  0  0.04330  255.77  259.15 0.11235D+15  2.320    3.774    3.234    0.000   27.759   13.30   15.89  115.92
  116.24  140.09 0.27989D-09  1  0  0.04362  255.68  259.10 0.11237D+15  2.321    3.762    3.223    0.000   27.759   13.31   15.89  116.24
  116.56  140.48 0.27918D-09  1  0  0.04396  255.58  259.06 0.11241D+15  2.321    3.750    3.211    0.000   27.759   13.31   15.88  116.56
  116.89  140.87 0.27847D-09  1  0  0.04429  255.47  259.01 0.11245D+15  2.322    3.738    3.199    0.000   27.759   13.31   15.87  116.89
  117.21  141.26 0.27776D-09  1  0  0.04463  255.37  258.96 0.11249D+15  2.323    3.726    3.188    0.000   27.759   13.32   15.86  117.21
  117.53  141.65 0.27706D-09  1  0  0.04498  255.27  258.91 0.11254D+15  2.324    3.715    3.176    0.000   27.759   13.32   15.85  117.53
  117.85  142.04 0.27636D-09  1  0  0.04533  255.16  258.87 0.11259D+15  2.325    3.703    3.165    0.000   27.759   13.33   15.85  117.85
  118.17  142.42 0.27567D-09  1  0  0.04569  255.06  258.82 0.11265D+15  2.326    3.691    3.153    0.000   27.759   13.33   15.84  118.17
  118.50  142.81 0.27498D-09  1  0  0.04605  254.95  258.77 0.11272D+15  2.327    3.679    3.142    0.000   27.759   13.34   15.83  118.50
  118.82  143.20 0.27429D-09  1  0  0.04642  254.84  258.72 0.11279D+15  2.328    3.667    3.130    0.000   27.759   13.34   15.82  118.82
  119.14  143.59 0.27361D-09  1  0  0.04679  254.74  258.67 0.11287D+15  2.329    3.656    3.119    0.000   27.759   13.35   15.81  119.14
  119.46  143.98 0.27293D-09  1  0  0.04717  254.63  258.62 0.11295D+15  2.330    3.644    3.108    0.000   27.759   13.35   15.81  119.46
  119.78  144.36 0.27225D-09  1  0  0.04756  254.51  258.56 0.11304D+15  2.331    3.633    3.096    0.000   27.759   13.36   15.80  119.78
  120.11  144.75 0.27158D-09  1  0  0.04795  254.40  258.51 0.11314D+15  2.332    3.621    3.085    0.000   27.759   13.36   15.79  120.11
  120.43  145.14 0.27091D-09  1  0  0.04835  254.29  258.46 0.11324D+15  2.333    3.609    3.074    0.000   27.759   13.37   15.78  120.43
  120.75  145.53 0.27024D-09  1  0  0.04875  254.17  258.41 0.11335D+15  2.334    3.598    3.063    0.000   27.759   13.38   15.77  120.75
  121.07  145.92 0.26958D-09  1  0  0.04917  254.06  258.35 0.11347D+15  2.335    3.586    3.052    0.000   27.759   13.38   15.76  121.07
  121.39  146.30 0.26892D-09  1  0  0.04958  253.94  258.30 0.11360D+15  2.336    3.575    3.041    0.000   27.759   13.39   15.75  121.39
  121.72  146.69 0.26827D-09  1  0  0.05001  253.82  258.24 0.11373D+15  2.337    3.564    3.030    0.000   27.759   13.40   15.75  121.72
  122.04  147.08 0.26762D-09  1  0  0.05044  253.70  258.19 0.11387D+15  2.339    3.552    3.019    0.000   27.759   13.40   15.74  122.04
  122.36  147.47 0.26697D-09  1  0  0.05088  253.58  258.13 0.11402D+15  2.340    3.541    3.007    0.000   27.759   13.41   15.73  122.36
  122.68  147.86 0.26633D-09  1  0  0.05133  253.45  258.07 0.11417D+15  2.341    3.529    2.997    0.000   27.759   13.42   15.72  122.68
  123.00  148.24 0.26568D-09  1  0  0.05179  253.33  258.01 0.11434D+15  2.342    3.518    2.986    0.000   27.759   13.42   15.71  123.00
  123.33  148.63 0.26505D-09  1  0  0.05225  253.20  257.95 0.11451D+15  2.343    3.507    2.975    0.000   27.759   13.43   15.70  123.33
  123.65  149.02 0.26441D-09  1  0  0.05272  253.07  257.89 0.11469D+15  2.344    3.496    2.964    0.000   27.759   13.44   15.69  123.65
  123.97  149.41 0.26378D-09  1  0  0.05320  252.94  257.83 0.11488D+15  2.345    3.484    2.953    0.000   27.759   13.45   15.68  123.97
  124.29  149.80 0.26315D-09  1  0  0.05369  252.81  257.77 0.11508D+15  2.347    3.473    2.942    0.000   27.759   13.46   15.68  124.29
  124.61  150.18 0.26253D-09  1  0  0.05418  252.67  257.71 0.11529D+15  2.348    3.462    2.931    0.000   27.759   13.47   15.67  124.61
  124.94  150.57 0.26191D-09  1  0  0.05469  252.54  257.65 0.11551D+15  2.349    3.451    2.920    0.000   27.759   13.47   15.66  124.94
  125.26  150.96 0.26129D-09  1  0  0.05521  252.40  257.59 0.11574D+15  2.350    3.439    2.910    0.000   27.759   13.48   15.65  125.26
  125.58  151.35 0.26068D-09  1  0  0.05573  252.26  257.52 0.11599D+15  2.352    3.428    2.899    0.000   27.759   13.49   15.64  125.58
  125.90  151.74 0.26006D-09  1  0  0.05627  252.12  257.46 0.11624D+15  2.353    3.417    2.888    0.000   27.759   13.50   15.63  125.90
  126.22  152.13 0.25946D-09  1  0  0.05681  251.97  257.39 0.11650D+15  2.354    3.406    2.877    0.000   27.759   13.51   15.62  126.22
  126.55  152.51 0.25885D-09  1  0  0.05737  251.83  257.32 0.11678D+15  2.356    3.395    2.867    0.000   27.759   13.52   15.61  126.55
  126.87  152.90 0.25825D-09  1  0  0.05793  251.68  257.25 0.11707D+15  2.357    3.383    2.856    0.000   27.759   13.53   15.60  126.87
  127.19 -252.76 0.25765D-09  1  0  0.05851  251.53  257.19 0.11733D+15  2.358    3.372    2.845   -0.032   27.732   13.73   15.61 -546.64
  127.51   62.47 0.25705D-09  1  0  0.05910  251.38  257.12 0.11764D+15  2.360    3.361    2.834   -0.109   27.667   13.74   15.64  -23.85
  127.83  102.43 0.25646D-09  1  0  0.05970  251.22  257.05 0.11797D+15  2.361    3.350    2.824   -0.187   27.601   13.76   15.68   42.15
  128.16  118.32 0.25587D-09  1  0  0.06031  251.06  256.97 0.11831D+15  2.363    3.339    2.813   -0.267   27.534   13.77   15.71   68.19
  128.48  126.98 0.25528D-09  1  0  0.06093  250.90  256.90 0.11867D+15  2.364    3.328    2.802   -0.348   27.466   13.79   15.74   82.23
  128.80  132.50 0.25470D-09  1  0  0.06157  250.74  256.83 0.11904D+15  2.366    3.316    2.792   -0.431   27.396   13.81   15.78   91.09
  129.12  136.40 0.25412D-09  1  0  0.06222  250.57  256.75 0.11942D+15  2.367    3.305    2.781   -0.515   27.326   13.82   15.81   97.23
  129.44  139.33 0.25354D-09  1  0  0.06289  250.40  256.67 0.11983D+15  2.369    3.294    2.770   -0.601   27.254   13.84   15.85  101.77
  129.77  141.65 0.25296D-09  1  0  0.06356  250.23  256.60 0.12025D+15  2.370    3.283    2.760   -0.688   27.181   13.86   15.89  105.30
  130.09  143.55 0.25239D-09  1  0  0.06426  250.05  256.52 0.12068D+15  2.372    3.272    2.749   -0.777   27.106   13.88   15.92  108.13
  130.41  145.16 0.25182D-09  1  0  0.06496  249.88  256.44 0.12114D+15  2.374    3.260    2.738   -0.868   27.030   13.90   15.96  110.48
  130.73  146.55 0.25125D-09  1  0  0.06569  249.69  256.36 0.12161D+15  2.375    3.249    2.728   -0.960   26.953   13.92   16.00  112.47
  131.05  147.78 0.25069D-09  1  0  0.06643  249.51  256.27 0.12211D+15  2.377    3.238    2.717   -1.054   26.874   13.94   16.05  114.18
  131.38  148.88 0.25013D-09  1  0  0.06718  249.32  256.19 0.12262D+15  2.379    3.227    2.706   -1.150   26.794   13.96   16.09  115.69
  131.70  149.88 0.24957D-09  1  0  0.06795  249.13  256.10 0.12316D+15  2.381    3.215    2.696   -1.248   26.712   13.98   16.13  117.03
  132.02  150.80 0.24901D-09  1  0  0.06874  248.93  256.01 0.12372D+15  2.382    3.204    2.685   -1.348   26.629   14.00   16.18  118.23
  132.34  151.66 0.24846D-09  1  0  0.06955  248.73  255.92 0.12430D+15  2.384    3.193    2.674   -1.450   26.544   14.03   16.22  119.33
  132.66  152.46 0.24791D-09  1  0  0.07038  248.53  255.83 0.12491D+15  2.386    3.181    2.664   -1.555   26.457   14.05   16.27  120.34
  132.99  153.21 0.24736D-09  1  0  0.07123  248.32  255.74 0.12554D+15  2.388    3.170    2.653   -1.661   26.369   14.07   16.32  121.27
  133.31  153.93 0.24682D-09  1  0  0.07209  248.11  255.65 0.12620D+15  2.390    3.158    2.642   -1.769   26.279   14.10   16.37  122.14
  133.63  154.62 0.24627D-09  1  0  0.07298  247.89  255.55 0.12689D+15  2.392    3.147    2.631   -1.880   26.187   14.12   16.42  122.95
  133.95  155.27 0.24573D-09  1  0  0.07389  247.67  255.45 0.12760D+15  2.394    3.135    2.620   -1.993   26.093   14.15   16.47  123.72
  134.27  155.90 0.24520D-09  1  0  0.07482  247.44  255.35 0.12835D+15  2.396    3.124    2.609   -2.109   25.997   14.18   16.53  124.45
  134.60  156.52 0.24466D-09  1  0  0.07578  247.21  255.25 0.12913D+15  2.399    3.112    2.598   -2.227   25.900   14.20   16.59  125.14
  134.92  157.11 0.24413D-09  1  0  0.07676  246.97  255.15 0.12994D+15  2.401    3.100    2.587   -2.347   25.800   14.23   16.65  125.80
  135.24  157.68 0.24360D-09  1  0  0.07776  246.72  255.04 0.13079D+15  2.403    3.088    2.576   -2.471   25.698   14.26   16.71  126.43
  135.56  158.24 0.24307D-09  1  0  0.07879  246.47  254.94 0.13168D+15  2.406    3.076    2.565   -2.597   25.594   14.29   16.77  127.04
  135.88  158.79 0.24255D-09  1  0  0.07985  246.22  254.83 0.13260D+15  2.408    3.064    2.554   -2.726   25.487   14.32   16.83  127.63
  136.21  159.33 0.24203D-09  1  0  0.08094  245.96  254.71 0.13357D+15  2.410    3.052    2.543   -2.858   25.378   14.36   16.90  128.19
  136.53  159.85 0.24151D-09  1  0  0.08205  245.69  254.60 0.13458D+15  2.413    3.040    2.532   -2.993   25.267   14.39   16.97  128.74
  136.85  160.37 0.24099D-09  1  0  0.08320  245.41  254.48 0.13563D+15  2.416    3.028    2.520   -3.131   25.153   14.42   17.04  129.28
  137.17  160.88 0.24048D-09  1  0  0.08438  245.13  254.36 0.13674D+15  2.418    3.016    2.509   -3.273   25.036   14.46   17.11  129.80
  137.49  161.38 0.23996D-09  1  0  0.08559  244.84  254.24 0.13789D+15  2.421    3.003    2.498   -3.417   24.917   14.50   17.19  130.30
  137.82  161.87 0.23945D-09  1  0  0.08684  244.54  254.11 0.13910D+15  2.424    2.991    2.486   -3.566   24.795   14.54   17.27  130.80
  138.14  162.35 0.23895D-09  1  0  0.08812  244.23  253.99 0.14036D+15  2.427    2.978    2.474   -3.718   24.670   14.57   17.35  131.28
  138.46  162.83 0.23844D-09  1  0  0.08944  243.91  253.85 0.14169D+15  2.430    2.965    2.463   -3.874   24.542   14.61   17.44  131.76
  138.78  163.31 0.23794D-09  1  0  0.09080  243.59  253.72 0.14308D+15  2.433    2.953    2.451   -4.033   24.411   14.66   17.52  132.22
  139.10  163.77 0.23744D-09  1  0  0.09220  243.25  253.58 0.14453D+15  2.436    2.939    2.439   -4.197   24.277   14.70   17.62  132.68
  139.43  164.24 0.23694D-09  1  0  0.09365  242.91  253.44 0.14606D+15  2.440    2.926    2.427   -4.365   24.139   14.74   17.71  133.12
  139.75  164.70 0.23644D-09  1  0  0.09514  242.55  253.30 0.14766D+15  2.443    2.913    2.415   -4.537   23.998   14.79   17.81  133.56
  140.07  165.15 0.23595D-09  1  0  0.09667  242.18  253.15 0.14935D+15  2.447    2.899    2.402   -4.714   23.853   14.84   17.91  133.99
  140.39  165.60 0.23546D-09  1  0  0.09826  241.80  253.00 0.15112D+15  2.451    2.886    2.390   -4.895   23.705   14.89   18.02  134.42
  140.71  166.05 0.23497D-09  1  0  0.09990  241.41  252.84 0.15298D+15  2.454    2.872    2.377   -5.081   23.553   14.94   18.13  134.84
  141.04  166.49 0.23448D-09  1  0  0.10160  241.00  252.68 0.15494D+15  2.458    2.858    2.364   -5.272   23.397   14.99   18.25  135.25
  141.36  166.93 0.23400D-09  1  0  0.10335  240.58  252.51 0.15701D+15  2.463    2.843    2.352   -5.468   23.236   15.05   18.37  135.66
  141.68  167.37 0.23352D-09  1  0  0.10516  240.14  252.34 0.15919D+15  2.467    2.829    2.338   -5.670   23.071   15.11   18.50  136.06
  142.00  167.80 0.23304D-09  1  0  0.10704  239.69  252.17 0.16149D+15  2.471    2.814    2.325   -5.877   22.902   15.16   18.63  136.46
  142.32  168.23 0.23256D-09  1  0  0.10898  239.22  251.99 0.16391D+15  2.476    2.799    2.311   -6.091   22.728   15.23   18.77  136.85
  142.65  168.66 0.23208D-09  1  0  0.11100  238.74  251.81 0.16648D+15  2.481    2.783    2.298   -6.310   22.550   15.29   18.92  137.24
  142.97  169.08 0.23161D-09  1  0  0.11309  238.23  251.62 0.16919D+15  2.486    2.767    2.284   -6.535   22.366   15.35   19.07  137.62
  143.29  169.51 0.23114D-09  1  0  0.11526  237.70  251.42 0.17206D+15  2.491    2.751    2.269   -6.767   22.177   15.42   19.23  138.00
  143.61  169.92 0.23067D-09  1  0  0.11751  237.15  251.22 0.17511D+15  2.497    2.735    2.255   -7.005   21.983   15.49   19.40  138.37
  143.93  170.34 0.23020D-09  1  0  0.11985  236.58  251.01 0.17834D+15  2.503    2.718    2.240   -7.251   21.784   15.57   19.58  138.74
  144.26  170.75 0.22974D-09  1  0  0.12229  235.99  250.80 0.18177D+15  2.509    2.701    2.224   -7.504   21.578   15.64   19.76  139.11
  144.58  171.16 0.22928D-09  1  0  0.12483  235.36  250.58 0.18542D+15  2.515    2.683    2.209   -7.764   21.366   15.72   19.96  139.46
  144.90  171.57 0.22881D-09  1  0  0.12747  234.71  250.35 0.18930D+15  2.522    2.665    2.193   -8.032   21.149   15.80   20.17  139.82
  145.22  171.98 0.22836D-09  1  0  0.13022  234.03  250.11 0.19344D+15  2.529    2.646    2.176   -8.308   20.925   15.89   20.39  140.17
  145.54  172.38 0.22790D-09  1  0  0.13310  233.31  249.87 0.19786D+15  2.537    2.626    2.159   -8.593   20.694   15.98   20.62  140.52
  145.87  172.78 0.22744D-09  1  0  0.13610  232.56  249.62 0.20258D+15  2.544    2.606    2.142   -8.886   20.456   16.07   20.86  140.86
  146.19  173.18 0.22699D-09  1  0  0.13925  231.77  249.36 0.20763D+15  2.553    2.586    2.124   -9.188   20.211   16.16   21.12  141.19
  146.51  173.57 0.22654D-09  1  0  0.14253  230.94  249.09 0.21303D+15  2.562    2.564    2.106   -9.500   19.959   16.26   21.40  141.53
  146.83  173.96 0.22609D-09  1  0  0.14598  230.07  248.81 0.21882D+15  2.571    2.542    2.086   -9.821   19.699   16.36   21.69  141.85
  147.15  174.35 0.22565D-09  1  0  0.14960  229.14  248.52 0.22505D+15  2.581    2.519    2.067  -10.152   19.431   16.46   22.01  142.17
  147.48  174.73 0.22520D-09  1  0  0.15339  228.16  248.22 0.23173D+15  2.592    2.495    2.046  -10.493   19.155   16.57   22.34  142.49
  147.80  175.11 0.22476D-09  1  0  0.15738  227.13  247.91 0.23893D+15  2.603    2.470    2.025  -10.845   18.871   16.68   22.70  142.80
  148.12  175.49 0.22432D-09  1  0  0.16159  226.03  247.59 0.24669D+15  2.615    2.444    2.002  -11.207   18.578   16.79   23.08  143.10
  148.44  175.86 0.22388D-09  1  0  0.16602  224.86  247.26 0.25506D+15  2.628    2.417    1.979  -11.580   18.277   16.91   23.49  143.39
  148.76  176.23 0.22344D-09  1  0  0.17070  223.61  246.92 0.26409D+15  2.643    2.388    1.954  -11.964   17.967   17.02   23.92  143.68
  149.09  176.59 0.22301D-09  1  0  0.17565  222.28  246.57 0.27385D+15  2.658    2.358    1.929  -12.360   17.648   17.14   24.40  143.96
  149.41  176.94 0.22257D-09  1  0  0.18090  220.85  246.20 0.28441D+15  2.674    2.326    1.902  -12.766   17.320   17.26   24.90  144.23
  149.73  177.29 0.22214D-09  1  0  0.18646  219.33  245.82 0.29583D+15  2.692    2.292    1.873  -13.184   16.983   17.37   25.45  144.49
  150.05  180.84 0.22171D-09  0  0  0.19237  217.68  245.43 0.30817D+15  2.712    2.256    1.843  -13.590   16.656  150.05  150.05  150.05
  150.37  181.23 0.22128D-09  0  0  0.19867  215.91  245.03 0.32150D+15  2.733    2.218    1.811  -13.633   16.626  150.37  150.37  150.37
  150.70  181.62 0.22086D-09  0  0  0.20539  214.00  244.62 0.33588D+15  2.757    2.177    1.777  -13.678   16.594  150.70  150.70  150.70
  151.02  182.00 0.22043D-09  0  0  0.21258  211.92  244.20 0.35135D+15  2.783    2.133    1.740  -13.727   16.560  151.02  151.02  151.02
  151.34  182.39 0.22001D-09  0  0  0.22029  209.66  243.77 0.36790D+15  2.812    2.086    1.701  -13.778   16.523  151.34  151.34  151.34
  151.66  182.78 0.21959D-09  0  0  0.22857  207.19  243.34 0.38549D+15  2.844    2.035    1.659  -13.834   16.483  151.66  151.66  151.66
  151.98  183.17 0.21917D-09  0  0  0.23749  204.48  242.91 0.40400D+15  2.880    1.980    1.613  -13.894   16.439  151.98  151.98  151.98
  152.31  183.56 0.21876D-09  0  0  0.24714  201.50  242.49 0.42315D+15  2.921    1.920    1.564  -13.958   16.391  152.31  152.31  152.31
  152.63  183.94 0.21834D-09  0  0  0.25760  198.21  242.08 0.44249D+15  2.968    1.854    1.509  -14.029   16.339  152.63  152.63  152.63
  152.95  184.33 0.21793D-09  0  0  0.26897  194.55  241.69 0.46125D+15  3.022    1.782    1.450  -14.106   16.282  152.95  152.95  152.95
  153.27  184.72 0.21752D-09  0  0  0.28139  190.46  241.35 0.47819D+15  3.085    1.702    1.384  -14.191   16.218  153.27  153.27  153.27
  153.59  185.11 0.21711D-09  0  0  0.29501  185.87  241.09 0.49144D+15  3.158    1.612    1.311  -14.285   16.147  153.59  153.59  153.59
  153.92  185.50 0.21670D-09  0  0  0.31000  180.68  240.93 0.49818D+15  3.246    1.512    1.229  -14.390   16.067  153.92  153.92  153.92
  154.24  185.89 0.21629D-09  0  0  0.32100  176.79  240.92 0.49616D+15  3.315    1.436    1.167  -14.470   16.007  154.24  154.24  154.24
  154.56  186.27 0.21589D-09  0  0  0.32100  176.79  240.91 0.49340D+15  3.315    1.434    1.164  -14.478   16.006  154.56  154.56  154.56
  154.88  186.66 0.21548D-09  0  0  0.32100  176.80  240.91 0.49065D+15  3.315    1.431    1.161  -14.485   16.006  154.88  154.88  154.88
  155.20  187.05 0.21508D-09  0  0  0.32100  176.81  240.91 0.48793D+15  3.315    1.429    1.159  -14.492   16.005  155.20  155.20  155.20
  155.53  187.44 0.21468D-09  0  0  0.32100  176.81  240.91 0.48522D+15  3.315    1.426    1.156  -14.499   16.005  155.53  155.53  155.53
  155.85  187.83 0.21429D-09  0  0  0.32100  176.82  240.90 0.48252D+15  3.315    1.424    1.154  -14.506   16.005  155.85  155.85  155.85
  156.17  188.21 0.21389D-09  0  0  0.32100  176.82  240.90 0.47985D+15  3.315    1.421    1.151  -14.514   16.004  156.17  156.17  156.17
  156.49  188.60 0.21350D-09  0  0  0.32100  176.83  240.90 0.47719D+15  3.315    1.419    1.148  -14.521   16.004  156.49  156.49  156.49
  156.81  188.99 0.21310D-09  0  0  0.32100  176.83  240.90 0.47454D+15  3.315    1.416    1.146  -14.528   16.003  156.81  156.81  156.81
  157.14  189.38 0.21271D-09  0  0  0.32100  176.84  240.89 0.47191D+15  3.315    1.414    1.143  -14.535   16.003  157.14  157.14  157.14
  157.46  189.77 0.21232D-09  0  0  0.32100  176.85  240.89 0.46930D+15  3.315    1.411    1.141  -14.542   16.002  157.46  157.46  157.46
  157.78  190.15 0.21193D-09  0  0  0.32100  176.85  240.89 0.46670D+15  3.315    1.409    1.138  -14.550   16.002  157.78  157.78  157.78
  158.10  190.54 0.21155D-09  0  0  0.32100  176.86  240.88 0.46412D+15  3.315    1.406    1.136  -14.557   16.002  158.10  158.10  158.10
  158.42  190.93 0.21116D-09  0  0  0.32100  176.86  240.88 0.46156D+15  3.314    1.404    1.133  -14.564   16.001  158.42  158.42  158.42
  158.75  191.32 0.21078D-09  0  0  0.32100  176.87  240.87 0.45901D+15  3.314    1.402    1.131  -14.571   16.001  158.75  158.75  158.75
  159.07  191.71 0.21040D-09  0  0  0.32100  176.88  240.87 0.45647D+15  3.314    1.399    1.129  -14.578   16.001  159.07  159.07  159.07
  159.39  192.09 0.21002D-09  0  0  0.32100  176.88  240.87 0.45396D+15  3.314    1.397    1.126  -14.585   16.000  159.39  159.39  159.39
  159.71  192.48 0.20964D-09  0  0  0.32100  176.89  240.86 0.45145D+15  3.314    1.394    1.124  -14.592   16.000  159.71  159.71  159.71
  160.03  192.87 0.20926D-09  0  0  0.32100  176.89  240.86 0.44896D+15  3.314    1.392    1.121  -14.599   16.000  160.03  160.03  160.03
  160.36  193.26 0.20888D-09  0  0  0.32100  176.90  240.85 0.44649D+15  3.314    1.390    1.119  -14.607   15.999  160.36  160.36  160.36
  160.68  193.65 0.20851D-09  0  0  0.32100  176.90  240.85 0.44403D+15  3.314    1.387    1.116  -14.614   15.999  160.68  160.68  160.68
  161.00  194.03 0.20814D-09  0  0  0.32100  176.91  240.84 0.44159D+15  3.314    1.385    1.114  -14.621   15.999  161.00  161.00  161.00
