R_tot = 1561.0 R_core =  1400.0  Tsurf =   100.00  g =  1.310
     Pint       etaref      pCLA   dlid_avg dlid_min dlid_max
 0.00000D+00 0.10000D+15   0.0150   44.430   42.962   45.927
 0.15000D+11 0.10000D+15   0.0150   44.584   43.229   45.968
 0.30000D+11 0.10000D+15   0.0150   41.961   40.399   43.582
 0.45000D+11 0.10000D+15   0.0150   39.656   37.942   41.451
 0.60000D+11 0.10000D+15   0.0150   37.613   35.792   39.534
 0.75000D+11 0.10000D+15   0.0150   35.788   33.894   37.799
 0.90000D+11 0.10000D+15   0.0150   34.148   32.206   36.221
 0.10500D+12 0.10000D+15   0.0150   32.666   30.695   34.778
 0.12000D+12 0.10000D+15   0.0150   31.318   29.334   33.454
 0.13500D+12 0.10000D+15   0.0150   30.088   28.102   32.235
 0.15000D+12 0.10000D+15   0.0150   28.961   26.981   31.107
 0.16500D+12 0.10000D+15   0.0150   27.924   25.959   30.060
 0.18000D+12 0.10000D+15   0.0150   26.966   25.022   29.087
 0.19500D+12 0.10000D+15   0.0150   26.079   24.160   28.178
 0.21000D+12 0.10000D+15   0.0150   25.255   23.365   27.328
 0.22500D+12 0.10000D+15   0.0150   24.487   22.630   26.530
 0.24000D+12 0.10000D+15   0.0150   23.771   21.947   25.780
 0.25500D+12 0.10000D+15   0.0150   23.100   21.313   25.074
 0.27000D+12 0.10000D+15   0.0150   22.472   20.722   24.407
 0.28500D+12 0.10000D+15   0.0150   21.881   20.169   23.777
 0.30000D+12 0.10000D+15   0.0150   21.325   19.652   23.180
 0.31500D+12 0.10000D+15   0.0150   20.802   19.168   22.614
 0.33000D+12 0.10000D+15   0.0150   20.307   18.712   22.077
 0.34500D+12 0.10000D+15   0.0150   19.840   18.284   21.566
 0.36000D+12 0.10000D+15   0.0150   19.397   17.879   21.080
 0.37500D+12 0.10000D+15   0.0150   18.978   17.498   20.618
 0.39000D+12 0.10000D+15   0.0150   18.580   17.137   20.177
 0.40500D+12 0.10000D+15   0.0150   18.202   16.795   19.757
 0.42000D+12 0.10000D+15   0.0150   17.843   16.471   19.356
 0.43500D+12 0.10000D+15   0.0150   17.502   16.164   18.974
 0.45000D+12 0.10000D+15   0.0150   17.176   15.871   18.609
 0.46500D+12 0.10000D+15   0.0150   16.866   15.593   18.262
 0.48000D+12 0.10000D+15   0.0150   16.571   15.327   17.930
 0.49500D+12 0.10000D+15   0.0150   16.288   15.073   17.613
 0.51000D+12 0.10000D+15   0.0150   16.019   14.831   17.310
 0.52500D+12 0.10000D+15   0.0150   15.761   14.599   17.021
 0.54000D+12 0.10000D+15   0.0150   15.515   14.377   16.745
 0.55500D+12 0.10000D+15   0.0150   15.279   14.164   16.482
 0.57000D+12 0.10000D+15   0.0150   15.052   13.960   16.229
 0.58500D+12 0.10000D+15   0.0150   14.835   13.763   15.988
 0.60000D+12 0.10000D+15   0.0150   14.627   13.574   15.758
 0.61500D+12 0.10000D+15   0.0150   14.426   13.391   15.537
 0.63000D+12 0.10000D+15   0.0150   14.233   13.215   15.325
 0.64500D+12 0.10000D+15   0.0150   14.047   13.044   15.122
 0.66000D+12 0.10000D+15   0.0150   13.868   12.879   14.926
 0.67500D+12 0.10000D+15   0.0150   13.694   12.719   14.738
 0.69000D+12 0.10000D+15   0.0150   13.527   12.564   14.557
 0.70500D+12 0.10000D+15   0.0150   13.364   12.412   14.382
 0.72000D+12 0.10000D+15   0.0150   13.206   12.264   14.213
 0.73500D+12 0.10000D+15   0.0150   13.052   12.120   14.049
 0.75000D+12 0.10000D+15   0.0150   12.903   11.979   13.891
 0.76500D+12 0.10000D+15   0.0150   12.757   11.840   13.737
 0.78000D+12 0.10000D+15   0.0150   12.615   11.704   13.588
 0.79500D+12 0.10000D+15   0.0150   12.476   11.571   13.443
 0.81000D+12 0.10000D+15   0.0150   12.340   11.439   13.302
 0.82500D+12 0.10000D+15   0.0150   12.207   11.309   13.165
 0.84000D+12 0.10000D+15   0.0150   12.076   11.181   13.032
 0.85500D+12 0.10000D+15   0.0150   11.948   11.054   12.901
 0.87000D+12 0.10000D+15   0.0150   11.822   10.927   12.775
 0.88500D+12 0.10000D+15   0.0150   11.698   10.801   12.652
 0.90000D+12 0.10000D+15   0.0150   11.576   10.676   12.531
 0.91500D+12 0.10000D+15   0.0150   11.456   10.551   12.414
 0.93000D+12 0.10000D+15   0.0150   11.338   10.427   12.299
 0.94500D+12 0.10000D+15   0.0150   11.222   10.304   12.187
 0.96000D+12 0.10000D+15   0.0150   11.107   10.180   12.078
 0.97500D+12 0.10000D+15   0.0150   10.995   10.057   11.971
 0.99000D+12 0.10000D+15   0.0150   10.884    9.934   11.867
 0.10050D+13 0.10000D+15   0.0150   10.774    9.812   11.765
 0.10200D+13 0.10000D+15   0.0150   10.667    9.691   11.665
 0.10350D+13 0.10000D+15   0.0150   10.561    9.571   11.567
 0.10500D+13 0.10000D+15   0.0150   10.835    9.461   17.509
 0.10650D+13 0.10000D+15   0.0150   11.385    9.392   17.716
 0.10800D+13 0.10000D+15   0.0150   11.640    9.334   17.725
 0.10950D+13 0.10000D+15   0.0150   11.828    9.295   17.709
 0.11100D+13 0.10000D+15   0.0150   11.988    9.273   17.854
 0.11250D+13 0.10000D+15   0.0150   12.114    9.242   17.875
 0.11400D+13 0.10000D+15   0.0150   12.247    9.292   18.092
 0.11550D+13 0.10000D+15   0.0150   12.370    9.276   17.983
 0.11700D+13 0.10000D+15   0.0150   12.403    9.268   17.931
 0.11850D+13 0.10000D+15   0.0150   12.467    9.267   17.926
 0.12000D+13 0.10000D+15   0.0150   12.533    9.273   17.959
