R_tot = 1561.0 R_core =  1400.0  Tsurf =   100.00  g =  1.310
     Pint       Hint       etaref      pCLA conv   zbot     %vol    Tbot     Tm      Fbot     Ftop     dlid
 0.26600D-09 0.54000D+12 0.10000D+16   0.0150  1   75.670  0.02207  264.17  265.35    0.235   17.848   22.26
 0.27120D-09 0.55500D+12 0.89125D+15   0.0150  1   76.314  0.02225  264.07  265.28    0.266   18.365   21.61
 0.31587D-09 0.55500D+12 0.10000D+16   0.0150  1   65.044  0.01946  265.74  266.57    0.548   18.628   21.69
 0.27414D-09 0.57000D+12 0.79433D+15   0.0150  1   77.602  0.02261  263.87  265.13    0.265   18.854   21.01
 0.32136D-09 0.57000D+12 0.89125D+15   0.0150  1   65.688  0.01960  265.65  266.50    0.598   19.164   21.06
 0.36433D-09 0.57000D+12 0.10000D+16   0.0150  1   57.638  0.01796  266.75  267.40    0.679   19.245   21.22
 0.27592D-09 0.58500D+12 0.70795D+15   0.0150  1   79.212  0.02309  263.61  264.94    0.251   19.331   20.43
 0.32524D-09 0.58500D+12 0.79433D+15   0.0150  1   66.654  0.01982  265.51  266.39    0.639   19.690   20.47
 0.36994D-09 0.58500D+12 0.89125D+15   0.0150  1   58.282  0.01808  266.67  267.32    0.742   19.792   20.62
 0.41667D-09 0.58500D+12 0.10000D+16   0.0150  1   51.520  0.01688  267.55  268.06    0.750   19.806   20.81
 0.27557D-09 0.60000D+12 0.63096D+15   0.0150  1   81.466  0.02379  263.25  264.67    0.198   19.772   19.90
 0.32753D-09 0.60000D+12 0.70795D+15   0.0150  1   67.942  0.02011  265.33  266.25    0.669   20.206   19.90
 0.37348D-09 0.60000D+12 0.79433D+15   0.0150  1   59.248  0.01827  266.54  267.22    0.795   20.331   20.04
 0.41975D-09 0.60000D+12 0.89125D+15   0.0150  1   52.486  0.01704  267.43  267.96    0.801   20.343   20.23
 0.47009D-09 0.60000D+12 0.10000D+16   0.0150  1   46.690  0.01611  268.16  268.58    0.757   20.307   20.43
 0.27229D-09 0.61500D+12 0.56234D+15   0.0150  1   84.686  0.02486  262.71  264.28    0.077   20.153   19.42
 0.32975D-09 0.61500D+12 0.63096D+15   0.0150  1   69.230  0.02041  265.14  266.09    0.708   20.731   19.36
 0.37691D-09 0.61500D+12 0.70795D+15   0.0150  1   60.214  0.01846  266.41  267.11    0.860   20.879   19.49
 0.42273D-09 0.61500D+12 0.79433D+15   0.0150  1   53.452  0.01721  267.30  267.86    0.863   20.889   19.67
 0.47548D-09 0.61500D+12 0.89125D+15   0.0150  1   47.334  0.01621  268.08  268.51    0.838   20.872   19.86
 0.53178D-09 0.61500D+12 0.10000D+16   0.0150  1   42.182  0.01545  268.70  269.05    0.764   20.808   20.06
 0.32903D-09 0.63000D+12 0.56234D+15   0.0150  1   71.162  0.02089  264.86  265.88    0.712   21.223   18.86
 0.37833D-09 0.63000D+12 0.63096D+15   0.0150  1   61.502  0.01872  266.23  266.96    0.912   21.416   18.96
 0.42562D-09 0.63000D+12 0.70795D+15   0.0150  1   54.418  0.01738  267.18  267.75    0.937   21.447   19.13
 0.47764D-09 0.63000D+12 0.79433D+15   0.0150  1   48.300  0.01636  267.96  268.41    0.907   21.426   19.32
 0.53289D-09 0.63000D+12 0.89125D+15   0.0150  1   43.148  0.01558  268.59  268.96    0.827   21.356   19.52
 0.57019D-09 0.63000D+12 0.10000D+16   0.0150  1   40.250  0.01518  268.94  269.36    0.586   21.130   19.81
 0.32700D-09 0.64500D+12 0.50119D+15   0.0150  1   73.416  0.02146  264.52  265.62    0.699   21.699   18.38
 0.37785D-09 0.64500D+12 0.56234D+15   0.0150  1   63.112  0.01905  266.01  266.79    0.952   21.941   18.47
 0.42603D-09 0.64500D+12 0.63096D+15   0.0150  1   55.706  0.01761  267.01  267.61    0.998   21.992   18.62
 0.47972D-09 0.64500D+12 0.70795D+15   0.0150  1   49.266  0.01651  267.84  268.30    0.988   21.991   18.80
 0.53396D-09 0.64500D+12 0.79433D+15   0.0150  1   44.114  0.01572  268.47  268.86    0.901   21.915   19.00
 0.59774D-09 0.64500D+12 0.89125D+15   0.0150  1   39.284  0.01505  269.05  269.36    0.812   21.836   19.19
 0.57925D-09 0.64500D+12 0.10000D+16   0.0150  1   40.572  0.01522  268.90  269.56    0.227   21.279   19.66
 0.32381D-09 0.66000D+12 0.44668D+15   0.0150  1   75.992  0.02216  264.12  265.31    0.667   22.158   17.92
 0.37563D-09 0.66000D+12 0.50119D+15   0.0150  1   65.044  0.01946  265.74  266.58    0.978   22.453   17.99
 0.42645D-09 0.66000D+12 0.56234D+15   0.0150  1   56.994  0.01784  266.84  267.47    1.071   22.548   18.13
 0.47877D-09 0.66000D+12 0.63096D+15   0.0150  1   50.554  0.01672  267.67  268.17    1.056   22.543   18.30
 0.53501D-09 0.66000D+12 0.70795D+15   0.0150  1   45.080  0.01587  268.35  268.75    0.988   22.486   18.49
 0.59734D-09 0.66000D+12 0.79433D+15   0.0150  1   40.250  0.01518  268.94  269.26    0.891   22.400   18.69
 0.62158D-09 0.66000D+12 0.89125D+15   0.0150  1   38.640  0.01496  269.13  269.59    0.536   22.064   19.01
 0.31868D-09 0.66000D+12 0.10000D+16   0.0150  1   77.280  0.02252  263.92  265.32   -2.249   19.522   21.83
 0.31715D-09 0.67500D+12 0.39811D+15   0.0150  1   79.534  0.02319  263.56  264.90    0.563   22.551   17.51
 0.37355D-09 0.67500D+12 0.44668D+15   0.0150  1   66.976  0.01989  265.47  266.35    1.013   22.972   17.53
 0.42460D-09 0.67500D+12 0.50119D+15   0.0150  1   58.604  0.01815  266.63  267.29    1.130   23.091   17.66
 0.47788D-09 0.67500D+12 0.56234D+15   0.0150  1   51.842  0.01693  267.51  268.03    1.136   23.106   17.83
 0.53602D-09 0.67500D+12 0.63096D+15   0.0150  1   46.046  0.01601  268.24  268.64    1.087   23.068   18.00
 0.59697D-09 0.67500D+12 0.70795D+15   0.0150  1   41.216  0.01531  268.82  269.16    0.982   22.975   18.19
 0.66266D-09 0.67500D+12 0.79433D+15   0.0150  1   37.030  0.01475  269.31  269.60    0.847   22.851   18.40
 0.63059D-09 0.67500D+12 0.89125D+15   0.0150  1   38.962  0.01500  269.09  269.79    0.176   22.211   18.88
 0.34510D-09 0.67500D+12 0.10000D+16   0.0150  1   72.772  0.02129  264.62  265.81   -2.393   19.868   21.60
 0.30440D-09 0.69000D+12 0.35481D+15   0.0150  1   85.008  0.02497  262.65  264.24    0.294   22.797   17.16
 0.36832D-09 0.69000D+12 0.39811D+15   0.0150  1   69.552  0.02049  265.09  266.06    1.006   23.452   17.11
 0.42071D-09 0.69000D+12 0.44668D+15   0.0150  1   60.536  0.01852  266.36  267.08    1.175   23.619   17.22
 0.47428D-09 0.69000D+12 0.50119D+15   0.0150  1   53.452  0.01721  267.30  267.86    1.202   23.655   17.37
 0.53347D-09 0.69000D+12 0.56234D+15   0.0150  1   47.334  0.01621  268.08  268.51    1.172   23.635   17.54
 0.59663D-09 0.69000D+12 0.63096D+15   0.0150  1   42.182  0.01545  268.70  269.05    1.086   23.562   17.72
 0.66057D-09 0.69000D+12 0.70795D+15   0.0150  1   37.996  0.01487  269.20  269.50    0.942   23.430   17.92
 0.67168D-09 0.69000D+12 0.79433D+15   0.0150  1   37.352  0.01479  269.28  269.79    0.486   22.997   18.27
 0.34982D-09 0.69000D+12 0.89125D+15   0.0150  1   73.416  0.02146  264.52  265.78   -2.278   20.465   20.95
 0.36996D-09 0.69000D+12 0.10000D+16   0.0150  1   69.230  0.02041  265.14  266.23   -2.573   20.184   21.38
 0.36350D-09 0.70500D+12 0.35481D+15   0.0150  1   72.128  0.02113  264.71  265.76    1.005   23.938   16.69
 0.41708D-09 0.70500D+12 0.39811D+15   0.0150  1   62.468  0.01891  266.10  266.86    1.229   24.156   16.79
 0.47092D-09 0.70500D+12 0.44668D+15   0.0150  1   55.062  0.01749  267.09  267.68    1.279   24.214   16.93
 0.52768D-09 0.70500D+12 0.50119D+15   0.0150  1   48.944  0.01646  267.88  268.35    1.241   24.188   17.10
 0.59203D-09 0.70500D+12 0.56234D+15   0.0150  1   43.470  0.01563  268.55  268.92    1.175   24.134   17.27
 0.65861D-09 0.70500D+12 0.63096D+15   0.0150  1   38.962  0.01500  269.09  269.39    1.049   24.021   17.46
 0.71645D-09 0.70500D+12 0.70795D+15   0.0150  1   35.742  0.01458  269.46  269.78    0.826   23.812   17.69
 0.68056D-09 0.70500D+12 0.79433D+15   0.0150  1   37.674  0.01483  269.24  269.98    0.125   23.142   18.15
 0.37800D-09 0.70500D+12 0.89125D+15   0.0150  1   69.230  0.02041  265.14  266.22   -2.435   20.800   20.75
 0.39934D-09 0.70500D+12 0.10000D+16   0.0150  1   65.366  0.01953  265.70  266.63   -2.750   20.499   21.18
 0.35467D-09 0.72000D+12 0.31623D+15   0.0150  1   75.670  0.02207  264.17  265.35    0.928   24.354   16.31
 0.41173D-09 0.72000D+12 0.35481D+15   0.0150  1   64.722  0.01939  265.79  266.61    1.267   24.678   16.38
 0.46776D-09 0.72000D+12 0.39811D+15   0.0150  1   56.672  0.01778  266.88  267.50    1.367   24.783   16.50
 0.52553D-09 0.72000D+12 0.44668D+15   0.0150  1   50.232  0.01667  267.71  268.20    1.351   24.779   16.66
 0.58772D-09 0.72000D+12 0.50119D+15   0.0150  1   44.758  0.01582  268.39  268.78    1.275   24.717   16.83
 0.65164D-09 0.72000D+12 0.56234D+15   0.0150  1   40.250  0.01518  268.94  269.26    1.139   24.595   17.02
 0.72532D-09 0.72000D+12 0.63096D+15   0.0150  1   36.064  0.01462  269.43  269.70    1.000   24.468   17.20
 0.73170D-09 0.72000D+12 0.70795D+15   0.0150  1   35.742  0.01458  269.46  269.98    0.495   23.986   17.56
 0.38434D-09 0.72000D+12 0.79433D+15   0.0150  1   69.552  0.02049  265.09  266.19   -2.292   21.421   20.14
 0.40784D-09 0.72000D+12 0.89125D+15   0.0150  1   65.366  0.01953  265.70  266.61   -2.608   21.119   20.56
 0.42808D-09 0.72000D+12 0.10000D+16   0.0150  1   62.146  0.01885  266.14  266.98   -2.949   20.795   20.98
 0.34141D-09 0.73500D+12 0.28184D+15   0.0150  1   80.500  0.02348  263.41  264.79    0.739   24.668   15.98
 0.40489D-09 0.73500D+12 0.31623D+15   0.0150  1   67.298  0.01996  265.42  266.31    1.287   25.181   15.99
 0.45991D-09 0.73500D+12 0.35481D+15   0.0150  1   58.926  0.01821  266.58  267.26    1.413   25.311   16.11
 0.51726D-09 0.73500D+12 0.39811D+15   0.0150  1   52.164  0.01699  267.47  268.00    1.417   25.327   16.26
 0.57974D-09 0.73500D+12 0.44668D+15   0.0150  1   46.368  0.01606  268.20  268.61    1.360   25.284   16.42
 0.64513D-09 0.73500D+12 0.50119D+15   0.0150  1   41.538  0.01536  268.78  269.13    1.243   25.181   16.59
 0.72156D-09 0.73500D+12 0.56234D+15   0.0150  1   37.030  0.01475  269.31  269.59    1.124   25.074   16.77
 0.78136D-09 0.73500D+12 0.63096D+15   0.0150  1   34.132  0.01438  269.65  269.96    0.868   24.834   16.99
 0.74043D-09 0.73500D+12 0.70795D+15   0.0150  1   36.064  0.01462  269.43  270.16    0.132   24.129   17.45
 0.41438D-09 0.73500D+12 0.79433D+15   0.0150  1   65.688  0.01960  265.65  266.58   -2.460   21.746   19.96
 0.43483D-09 0.73500D+12 0.89125D+15   0.0150  1   62.468  0.01891  266.10  266.95   -2.812   21.412   20.37
 0.45991D-09 0.73500D+12 0.10000D+16   0.0150  1   58.926  0.01821  266.58  267.30   -3.152   21.085   20.79
 0.31621D-09 0.75000D+12 0.25119D+15   0.0150  1   89.194  0.02652  261.92  263.73    0.174   24.648   15.75
 0.39512D-09 0.75000D+12 0.28184D+15   0.0150  1   70.518  0.02073  264.95  265.95    1.258   25.640   15.62
 0.45267D-09 0.75000D+12 0.31623D+15   0.0150  1   61.180  0.01865  266.28  267.00    1.468   25.848   15.72
 0.50960D-09 0.75000D+12 0.35481D+15   0.0150  1   54.096  0.01732  267.22  267.79    1.494   25.886   15.86
 0.57231D-09 0.75000D+12 0.39811D+15   0.0150  1   47.978  0.01631  268.00  268.44    1.457   25.862   16.01
 0.63903D-09 0.75000D+12 0.44668D+15   0.0150  1   42.826  0.01554  268.63  268.99    1.359   25.779   16.18
 0.71213D-09 0.75000D+12 0.50119D+15   0.0150  1   38.318  0.01492  269.16  269.46    1.229   25.662   16.35
 0.79002D-09 0.75000D+12 0.56234D+15   0.0150  1   34.454  0.01442  269.61  269.87    1.063   25.509   16.54
 0.79002D-09 0.75000D+12 0.63096D+15   0.0150  1   34.454  0.01442  269.61  270.13    0.504   24.975   16.89
 0.41891D-09 0.75000D+12 0.70795D+15   0.0150  1   66.332  0.01975  265.56  266.54   -2.306   22.379   19.37
 0.44152D-09 0.75000D+12 0.79433D+15   0.0150  1   62.790  0.01898  266.06  266.91   -2.659   22.043   19.77
 0.46684D-09 0.75000D+12 0.89125D+15   0.0150  1   59.248  0.01827  266.54  267.26   -3.011   21.707   20.19
 0.48993D-09 0.75000D+12 0.10000D+16   0.0150  1   56.350  0.01772  266.93  267.59   -3.374   21.358   20.60
 0.38304D-09 0.76500D+12 0.25119D+15   0.0150  1   74.382  0.02172  264.37  265.51    1.176   26.050   15.28
 0.44381D-09 0.76500D+12 0.28184D+15   0.0150  1   63.756  0.01918  265.92  266.72    1.505   26.368   15.35
 0.50250D-09 0.76500D+12 0.31623D+15   0.0150  1   56.028  0.01767  266.97  267.57    1.584   26.455   15.48
 0.56186D-09 0.76500D+12 0.35481D+15   0.0150  1   49.910  0.01662  267.75  268.24    1.538   26.424   15.63
 0.62885D-09 0.76500D+12 0.39811D+15   0.0150  1   44.436  0.01577  268.43  268.82    1.459   26.360   15.79
 0.70334D-09 0.76500D+12 0.44668D+15   0.0150  1   39.606  0.01509  269.01  269.32    1.347   26.263   15.95
 0.78433D-09 0.76500D+12 0.50119D+15   0.0150  1   35.420  0.01454  269.50  269.75    1.202   26.132   16.12
 0.84445D-09 0.76500D+12 0.56234D+15   0.0150  1   32.844  0.01422  269.80  270.10    0.910   25.855   16.35
 0.79853D-09 0.76500D+12 0.63096D+15   0.0150  1   34.776  0.01446  269.57  270.30    0.139   25.116   16.79
 0.44815D-09 0.76500D+12 0.70795D+15   0.0150  1   63.112  0.01905  266.01  266.87   -2.492   22.688   19.20
 0.47126D-09 0.76500D+12 0.79433D+15   0.0150  1   59.892  0.01840  266.45  267.23   -2.863   22.336   19.60
 0.49699D-09 0.76500D+12 0.89125D+15   0.0150  1   56.672  0.01778  266.88  267.55   -3.229   21.984   20.01
 0.52280D-09 0.76500D+12 0.10000D+16   0.0150  1   53.774  0.01727  267.26  267.86   -3.599   21.628   20.42
 0.36790D-09 0.78000D+12 0.22387D+15   0.0150  1   79.212  0.02309  263.61  264.94    1.003   26.377   14.98
 0.43365D-09 0.78000D+12 0.25119D+15   0.0150  1   66.654  0.01982  265.51  266.39    1.522   26.868   15.00
 0.49326D-09 0.78000D+12 0.28184D+15   0.0150  1   58.282  0.01808  266.67  267.32    1.655   27.007   15.11
 0.55222D-09 0.78000D+12 0.31623D+15   0.0150  1   51.842  0.01693  267.51  268.03    1.631   26.997   15.26
 0.61940D-09 0.78000D+12 0.35481D+15   0.0150  1   46.046  0.01601  268.24  268.65    1.571   26.953   15.41
 0.68983D-09 0.78000D+12 0.39811D+15   0.0150  1   41.216  0.01531  268.82  269.16    1.447   26.845   15.57
 0.77229D-09 0.78000D+12 0.44668D+15   0.0150  1   36.708  0.01471  269.35  269.62    1.322   26.733   15.73
 0.86100D-09 0.78000D+12 0.50119D+15   0.0150  1   32.844  0.01422  269.80  270.01    1.161   26.586   15.90
 0.85282D-09 0.78000D+12 0.56234D+15   0.0150  1   33.166  0.01426  269.76  270.27    0.543   25.994   16.26
 0.45471D-09 0.78000D+12 0.63096D+15   0.0150  1   63.434  0.01912  265.97  266.83   -2.309   23.347   18.65
 0.47803D-09 0.78000D+12 0.70795D+15   0.0150  1   60.214  0.01846  266.41  267.18   -2.691   22.985   19.04
 0.50398D-09 0.78000D+12 0.79433D+15   0.0150  1   56.994  0.01784  266.84  267.51   -3.070   22.623   19.43
 0.52998D-09 0.78000D+12 0.89125D+15   0.0150  1   54.096  0.01732  267.22  267.82   -3.451   22.257   19.84
 0.55556D-09 0.78000D+12 0.10000D+16   0.0150  1   51.520  0.01688  267.55  268.11   -3.834   21.888   20.24
 0.33981D-09 0.79500D+12 0.19953D+15   0.0150  1   87.906  0.02602  262.15  263.89    0.436   26.351   14.77
 0.42066D-09 0.79500D+12 0.22387D+15   0.0150  1   70.196  0.02065  265.00  265.99    1.487   27.319   14.67
 0.48227D-09 0.79500D+12 0.25119D+15   0.0150  1   60.858  0.01859  266.32  267.04    1.709   27.541   14.76
 0.54330D-09 0.79500D+12 0.28184D+15   0.0150  1   53.774  0.01727  267.26  267.82    1.736   27.582   14.89
 0.60665D-09 0.79500D+12 0.31623D+15   0.0150  1   47.978  0.01631  268.00  268.45    1.666   27.528   15.04
 0.67737D-09 0.79500D+12 0.35481D+15   0.0150  1   42.826  0.01554  268.63  268.99    1.561   27.439   15.20
 0.75486D-09 0.79500D+12 0.39811D+15   0.0150  1   38.318  0.01492  269.16  269.47    1.421   27.315   15.36
 0.84515D-09 0.79500D+12 0.44668D+15   0.0150  1   34.132  0.01438  269.65  269.88    1.281   27.188   15.52
 0.91262D-09 0.79500D+12 0.50119D+15   0.0150  1   31.556  0.01407  269.94  270.22    0.984   26.907   15.74
 0.86104D-09 0.79500D+12 0.56234D+15   0.0150  1   33.488  0.01430  269.72  270.43    0.177   26.132   16.16
 0.48227D-09 0.79500D+12 0.63096D+15   0.0150  1   60.858  0.01859  266.32  267.13   -2.513   23.642   18.49
 0.51089D-09 0.79500D+12 0.70795D+15   0.0150  1   57.316  0.01790  266.80  267.46   -2.894   23.277   18.88
 0.53404D-09 0.79500D+12 0.79433D+15   0.0150  1   54.740  0.01743  267.14  267.78   -3.295   22.895   19.27
 0.56284D-09 0.79500D+12 0.89125D+15   0.0150  1   51.842  0.01693  267.51  268.07   -3.682   22.521   19.67
 0.59128D-09 0.79500D+12 0.10000D+16   0.0150  1   49.266  0.01651  267.84  268.34   -4.071   22.145   20.07
 0.40558D-09 0.81000D+12 0.19953D+15   0.0150  1   74.382  0.02172  264.37  265.50    1.394   27.717   14.36
 0.46765D-09 0.81000D+12 0.22387D+15   0.0150  1   64.078  0.01925  265.88  266.69    1.712   28.027   14.43
 0.53206D-09 0.81000D+12 0.25119D+15   0.0150  1   56.028  0.01767  266.97  267.57    1.824   28.148   14.54
 0.59491D-09 0.81000D+12 0.28184D+15   0.0150  1   49.910  0.01662  267.75  268.24    1.774   28.115   14.69
 0.66584D-09 0.81000D+12 0.31623D+15   0.0150  1   44.436  0.01577  268.43  268.82    1.689   28.047   14.84
 0.74471D-09 0.81000D+12 0.35481D+15   0.0150  1   39.606  0.01509  269.01  269.32    1.569   27.944   14.99
 0.83047D-09 0.81000D+12 0.39811D+15   0.0150  1   35.420  0.01454  269.50  269.75    1.415   27.804   15.15
 0.92064D-09 0.81000D+12 0.44668D+15   0.0150  1   31.878  0.01411  269.90  270.12    1.219   27.623   15.32
 0.92064D-09 0.81000D+12 0.50119D+15   0.0150  1   31.878  0.01411  269.90  270.38    0.616   27.043   15.65
 0.48888D-09 0.81000D+12 0.56234D+15   0.0150  1   61.180  0.01865  266.28  267.08   -2.311   24.320   17.97
 0.51223D-09 0.81000D+12 0.63096D+15   0.0150  1   58.282  0.01808  266.67  267.41   -2.720   23.932   18.34
 0.54105D-09 0.81000D+12 0.70795D+15   0.0150  1   55.062  0.01749  267.09  267.73   -3.117   23.552   18.72
 0.56666D-09 0.81000D+12 0.79433D+15   0.0150  1   52.486  0.01704  267.43  268.02   -3.524   23.162   19.10
 0.59865D-09 0.81000D+12 0.89125D+15   0.0150  1   49.588  0.01656  267.80  268.30   -3.916   22.781   19.50
 0.62214D-09 0.81000D+12 0.10000D+16   0.0150  1   47.656  0.01626  268.04  268.57   -4.325   22.388   19.90
 0.38467D-09 0.82500D+12 0.17783D+15   0.0150  1   80.178  0.02338  263.46  264.82    1.139   27.967   14.10
 0.45447D-09 0.82500D+12 0.19953D+15   0.0150  1   67.298  0.01996  265.42  266.32    1.722   28.519   14.12
 0.51623D-09 0.82500D+12 0.22387D+15   0.0150  1   58.926  0.01821  266.58  267.26    1.862   28.666   14.22
 0.58059D-09 0.82500D+12 0.25119D+15   0.0150  1   52.164  0.01699  267.47  268.00    1.864   28.684   14.35
 0.65072D-09 0.82500D+12 0.28184D+15   0.0150  1   46.368  0.01606  268.20  268.62    1.798   28.635   14.50
 0.72963D-09 0.82500D+12 0.31623D+15   0.0150  1   41.216  0.01531  268.82  269.15    1.698   28.552   14.64
 0.80992D-09 0.82500D+12 0.35481D+15   0.0150  1   37.030  0.01475  269.31  269.59    1.527   28.398   14.80
 0.90202D-09 0.82500D+12 0.39811D+15   0.0150  1   33.166  0.01426  269.76  269.99    1.353   28.239   14.96
 0.98654D-09 0.82500D+12 0.44668D+15   0.0150  1   30.268  0.01391  270.09  270.33    1.093   27.993   15.15
 0.92850D-09 0.82500D+12 0.50119D+15   0.0150  1   32.200  0.01414  269.87  270.55    0.247   27.180   15.57
 0.51623D-09 0.82500D+12 0.56234D+15   0.0150  1   58.926  0.01821  266.58  267.36   -2.523   24.607   17.82
 0.54493D-09 0.82500D+12 0.63096D+15   0.0150  1   55.706  0.01761  267.01  267.67   -2.931   24.217   18.19
 0.57375D-09 0.82500D+12 0.70795D+15   0.0150  1   52.808  0.01710  267.39  267.97   -3.342   23.823   18.57
 0.60217D-09 0.82500D+12 0.79433D+15   0.0150  1   50.232  0.01667  267.71  268.25   -3.754   23.426   18.95
 0.63366D-09 0.82500D+12 0.89125D+15   0.0150  1   47.656  0.01626  268.04  268.51   -4.160   23.033   19.34
 0.62954D-09 0.82500D+12 0.10000D+16   0.0150  1   47.978  0.01631  268.00  268.85   -4.622   22.600   19.71
 0.29977D-09 0.84000D+12 0.15849D+15   0.0150  1  106.582  0.03553  258.31  261.53    0.000   27.432   14.27
 0.43871D-09 0.84000D+12 0.17783D+15   0.0150  1   71.162  0.02089  264.86  265.87    1.675   28.958   13.82
 0.50192D-09 0.84000D+12 0.19953D+15   0.0150  1   61.824  0.01878  266.19  266.94    1.909   29.194   13.90
 0.56749D-09 0.84000D+12 0.22387D+15   0.0150  1   54.418  0.01738  267.18  267.75    1.967   29.264   14.02
 0.63685D-09 0.84000D+12 0.25119D+15   0.0150  1   48.300  0.01636  267.96  268.41    1.921   29.237   14.16
 0.71052D-09 0.84000D+12 0.28184D+15   0.0150  1   43.148  0.01558  268.59  268.96    1.807   29.140   14.31
 0.79110D-09 0.84000D+12 0.31623D+15   0.0150  1   38.640  0.01496  269.13  269.43    1.655   29.006   14.46
 0.88482D-09 0.84000D+12 0.35481D+15   0.0150  1   34.454  0.01442  269.61  269.85    1.502   28.869   14.61
 0.98396D-09 0.84000D+12 0.39811D+15   0.0150  1   30.912  0.01399  270.01  270.21    1.308   28.689   14.77
 0.99411D-09 0.84000D+12 0.44668D+15   0.0150  1   30.590  0.01395  270.05  270.48    0.722   28.127   15.08
 0.52287D-09 0.84000D+12 0.50119D+15   0.0150  1   59.248  0.01827  266.54  267.29   -2.300   25.304   17.32
 0.55176D-09 0.84000D+12 0.56234D+15   0.0150  1   56.028  0.01767  266.97  267.61   -2.720   24.904   17.68
 0.57739D-09 0.84000D+12 0.63096D+15   0.0150  1   53.452  0.01721  267.30  267.92   -3.152   24.493   18.04
 0.60934D-09 0.84000D+12 0.70795D+15   0.0150  1   50.554  0.01672  267.67  268.20   -3.569   24.091   18.42
 0.64099D-09 0.84000D+12 0.79433D+15   0.0150  1   47.978  0.01631  268.00  268.46   -3.986   23.687   18.80
 0.67161D-09 0.84000D+12 0.89125D+15   0.0150  1   45.724  0.01596  268.28  268.71   -4.405   23.282   19.19
 0.63685D-09 0.84000D+12 0.10000D+16   0.0150  1   48.300  0.01636  267.96  269.13   -4.918   22.814   19.51
 0.29761D-09 0.85500D+12 0.14125D+15   0.0150  1  109.480  0.03764  257.58  261.15    0.000   27.922   13.88
 0.41948D-09 0.85500D+12 0.15849D+15   0.0150  1   75.992  0.02216  264.12  265.31    1.532   29.309   13.55
 0.48661D-09 0.85500D+12 0.17783D+15   0.0150  1   65.044  0.01946  265.74  266.57    1.934   29.699   13.60
 0.55244D-09 0.85500D+12 0.19953D+15   0.0150  1   56.994  0.01784  266.84  267.47    2.050   29.825   13.71
 0.62022D-09 0.85500D+12 0.22387D+15   0.0150  1   50.554  0.01672  267.67  268.17    2.025   29.819   13.84
 0.69308D-09 0.85500D+12 0.25119D+15   0.0150  1   45.080  0.01587  268.35  268.75    1.930   29.743   13.98
 0.77383D-09 0.85500D+12 0.28184D+15   0.0150  1   40.250  0.01518  268.94  269.26    1.798   29.629   14.13
 0.86131D-09 0.85500D+12 0.31623D+15   0.0150  1   36.064  0.01462  269.43  269.69    1.628   29.476   14.28
 0.96227D-09 0.85500D+12 0.35481D+15   0.0150  1   32.200  0.01414  269.87  270.08    1.456   29.319   14.43
 0.10555D-08 0.85500D+12 0.39811D+15   0.0150  1   29.302  0.01380  270.19  270.41    1.194   29.072   14.61
 0.10015D-08 0.85500D+12 0.44668D+15   0.0150  1   30.912  0.01399  270.01  270.64    0.352   28.260   15.00
 0.55244D-09 0.85500D+12 0.50119D+15   0.0150  1   56.994  0.01784  266.84  267.55   -2.511   25.591   17.18
 0.58430D-09 0.85500D+12 0.56234D+15   0.0150  1   53.774  0.01727  267.26  267.85   -2.938   25.183   17.54
 0.61268D-09 0.85500D+12 0.63096D+15   0.0150  1   51.198  0.01683  267.59  268.14   -3.375   24.765   17.90
 0.64822D-09 0.85500D+12 0.70795D+15   0.0150  1   48.300  0.01636  267.96  268.40   -3.798   24.356   18.28
 0.67896D-09 0.85500D+12 0.79433D+15   0.0150  1   46.046  0.01601  268.24  268.66   -4.228   23.940   18.65
 0.67896D-09 0.85500D+12 0.89125D+15   0.0150  1   46.046  0.01601  268.24  268.99   -4.702   23.493   19.01
 0.64822D-09 0.85500D+12 0.10000D+16   0.0150  1   48.300  0.01636  267.96  269.40   -5.206   23.033   19.33
 0.39081D-09 0.87000D+12 0.14125D+15   0.0150  1   83.398  0.02442  262.93  264.44    1.108   29.405   13.34
 0.46855D-09 0.87000D+12 0.15849D+15   0.0150  1   68.908  0.02034  265.19  266.14    1.902   30.150   13.32
 0.53594D-09 0.87000D+12 0.17783D+15   0.0150  1   59.892  0.01840  266.45  267.15    2.112   30.365   13.41
 0.60151D-09 0.87000D+12 0.19953D+15   0.0150  1   53.130  0.01715  267.34  267.90    2.110   30.381   13.53
 0.67710D-09 0.87000D+12 0.22387D+15   0.0150  1   47.012  0.01616  268.12  268.54    2.069   30.358   13.66
 0.75228D-09 0.87000D+12 0.25119D+15   0.0150  1   42.182  0.01545  268.70  269.06    1.921   30.231   13.81
 0.83984D-09 0.87000D+12 0.28184D+15   0.0150  1   37.674  0.01483  269.24  269.53    1.770   30.098   13.96
 0.93349D-09 0.87000D+12 0.31623D+15   0.0150  1   33.810  0.01434  269.69  269.93    1.579   29.924   14.11
 0.10404D-08 0.87000D+12 0.35481D+15   0.0150  1   30.268  0.01391  270.09  270.29    1.385   29.744   14.26
 0.10740D-08 0.87000D+12 0.39811D+15   0.0150  1   29.302  0.01380  270.19  270.57    0.865   29.245   14.52
 0.10191D-08 0.87000D+12 0.44668D+15   0.0150  1   30.912  0.01399  270.01  270.80    0.022   28.433   14.91
 0.58776D-09 0.87000D+12 0.50119D+15   0.0150  1   54.418  0.01738  267.18  267.79   -2.716   25.882   17.05
 0.61594D-09 0.87000D+12 0.56234D+15   0.0150  1   51.842  0.01693  267.51  268.08   -3.166   25.453   17.40
 0.64706D-09 0.87000D+12 0.63096D+15   0.0150  1   49.266  0.01651  267.84  268.35   -3.609   25.027   17.76
 0.68163D-09 0.87000D+12 0.70795D+15   0.0150  1   46.690  0.01611  268.16  268.61   -4.044   24.606   18.13
 0.71516D-09 0.87000D+12 0.79433D+15   0.0150  1   44.436  0.01577  268.43  268.85   -4.480   24.184   18.51
 0.69087D-09 0.87000D+12 0.89125D+15   0.0150  1   46.046  0.01601  268.24  269.25   -4.992   23.711   18.83
 0.65536D-09 0.87000D+12 0.10000D+16   0.0150  1   48.622  0.01641  267.92  269.69   -5.499   23.251   19.14
 0.32592D-09 0.88500D+12 0.12589D+15   0.0150  1  103.040  0.03325  259.13  262.00    0.000   28.902   13.35
 0.44868D-09 0.88500D+12 0.14125D+15   0.0150  1   73.416  0.02146  264.52  265.61    1.806   30.542   13.06
 0.51845D-09 0.88500D+12 0.15849D+15   0.0150  1   63.112  0.01905  266.01  266.78    2.151   30.883   13.12
 0.58456D-09 0.88500D+12 0.17783D+15   0.0150  1   55.706  0.01761  267.01  267.61    2.208   30.955   13.23
 0.65822D-09 0.88500D+12 0.19953D+15   0.0150  1   49.266  0.01651  267.84  268.30    2.187   30.953   13.36
 0.73265D-09 0.88500D+12 0.22387D+15   0.0150  1   44.114  0.01572  268.47  268.86    2.059   30.846   13.50
 0.82016D-09 0.88500D+12 0.25119D+15   0.0150  1   39.284  0.01505  269.05  269.35    1.929   30.735   13.64
 0.91550D-09 0.88500D+12 0.28184D+15   0.0150  1   35.098  0.01450  269.54  269.78    1.760   30.584   13.78
 0.10159D-08 0.88500D+12 0.31623D+15   0.0150  1   31.556  0.01407  269.94  270.15    1.548   30.388   13.94
 0.11290D-08 0.88500D+12 0.35481D+15   0.0150  1   28.336  0.01369  270.30  270.48    1.329   30.183   14.09
 0.10808D-08 0.88500D+12 0.39811D+15   0.0150  1   29.624  0.01384  270.16  270.72    0.492   29.376   14.45
 0.59115D-09 0.88500D+12 0.44668D+15   0.0150  1   55.062  0.01749  267.09  267.72   -2.477   26.596   16.58
 0.61913D-09 0.88500D+12 0.50119D+15   0.0150  1   52.486  0.01704  267.43  268.02   -2.941   26.156   16.92
 0.65000D-09 0.88500D+12 0.56234D+15   0.0150  1   49.910  0.01662  267.75  268.29   -3.397   25.719   17.27
 0.68877D-09 0.88500D+12 0.63096D+15   0.0150  1   47.012  0.01616  268.12  268.54   -3.837   25.293   17.63
 0.72241D-09 0.88500D+12 0.70795D+15   0.0150  1   44.758  0.01582  268.39  268.79   -4.285   24.859   17.99
 0.73265D-09 0.88500D+12 0.79433D+15   0.0150  1   44.114  0.01572  268.47  269.09   -4.762   24.405   18.35
 0.69805D-09 0.88500D+12 0.89125D+15   0.0150  1   46.368  0.01606  268.20  269.52   -5.286   23.925   18.66
 0.66666D-09 0.88500D+12 0.10000D+16   0.0150  1   48.622  0.01641  267.92  269.96   -5.785   23.472   18.96
 0.32391D-09 0.90000D+12 0.11220D+15   0.0150  1  105.616  0.03488  258.54  261.66    0.000   29.392   12.98
 0.42286D-09 0.90000D+12 0.12589D+15   0.0150  1   79.534  0.02319  263.56  264.90    1.532   30.771   12.83
 0.49807D-09 0.90000D+12 0.14125D+15   0.0150  1   66.976  0.01989  265.47  266.35    2.133   31.345   12.85
 0.56613D-09 0.90000D+12 0.15849D+15   0.0150  1   58.604  0.01815  266.63  267.29    2.284   31.507   12.95
 0.63718D-09 0.90000D+12 0.17783D+15   0.0150  1   51.842  0.01693  267.51  268.03    2.286   31.528   13.06
 0.71470D-09 0.90000D+12 0.19953D+15   0.0150  1   46.046  0.01601  268.24  268.64    2.213   31.476   13.19
 0.79596D-09 0.90000D+12 0.22387D+15   0.0150  1   41.216  0.01531  268.82  269.16    2.066   31.350   13.33
 0.88354D-09 0.90000D+12 0.25119D+15   0.0150  1   37.030  0.01475  269.31  269.60    1.877   31.181   13.48
 0.98402D-09 0.90000D+12 0.28184D+15   0.0150  1   33.166  0.01426  269.76  270.00    1.685   31.006   13.63
 0.10992D-08 0.90000D+12 0.31623D+15   0.0150  1   29.624  0.01384  270.16  270.35    1.490   30.826   13.77
 0.11611D-08 0.90000D+12 0.35481D+15   0.0150  1   28.014  0.01366  270.34  270.64    1.048   30.402   13.99
 0.10992D-08 0.90000D+12 0.39811D+15   0.0150  1   29.624  0.01384  270.16  270.88    0.163   29.549   14.37
 0.62225D-09 0.90000D+12 0.44668D+15   0.0150  1   53.130  0.01715  267.34  267.94   -2.698   26.874   16.45
 0.65287D-09 0.90000D+12 0.50119D+15   0.0150  1   50.554  0.01672  267.67  268.23   -3.167   26.426   16.79
 0.69127D-09 0.90000D+12 0.56234D+15   0.0150  1   47.656  0.01626  268.04  268.48   -3.621   25.989   17.14
 0.72453D-09 0.90000D+12 0.63096D+15   0.0150  1   45.402  0.01591  268.31  268.73   -4.082   25.544   17.50
 0.76127D-09 0.90000D+12 0.70795D+15   0.0150  1   43.148  0.01558  268.59  268.97   -4.535   25.104   17.86
 0.73982D-09 0.90000D+12 0.79433D+15   0.0150  1   44.436  0.01577  268.43  269.35   -5.059   24.617   18.18
 0.70988D-09 0.90000D+12 0.89125D+15   0.0150  1   46.368  0.01606  268.20  269.78   -5.573   24.145   18.49
 0.67364D-09 0.90000D+12 0.10000D+16   0.0150  1   48.944  0.01646  267.88  270.24   -6.074   23.692   18.77
 0.32024D-09 0.91500D+12 0.10000D+15   0.0150  1  108.836  0.03715  257.75  261.23    0.000   29.882   12.63
 0.35135D-09 0.91500D+12 0.11220D+15   0.0150  1   98.532  0.03073  260.11  262.57    0.000   29.882   12.86
 0.47583D-09 0.91500D+12 0.12589D+15   0.0150  1   71.484  0.02097  264.81  265.84    2.049   31.748   12.60
 0.54673D-09 0.91500D+12 0.14125D+15   0.0150  1   61.824  0.01878  266.19  266.93    2.337   32.037   12.67
 0.61465D-09 0.91500D+12 0.15849D+15   0.0150  1   54.740  0.01743  267.14  267.72    2.363   32.082   12.79
 0.68926D-09 0.91500D+12 0.17783D+15   0.0150  1   48.622  0.01641  267.92  268.38    2.310   32.050   12.91
 0.77396D-09 0.91500D+12 0.19953D+15   0.0150  1   43.148  0.01558  268.59  268.95    2.219   31.980   13.04
 0.86174D-09 0.91500D+12 0.22387D+15   0.0150  1   38.640  0.01496  269.13  269.42    2.051   31.833   13.18
 0.95510D-09 0.91500D+12 0.25119D+15   0.0150  1   34.776  0.01446  269.57  269.83    1.840   31.640   13.33
 0.10718D-08 0.91500D+12 0.28184D+15   0.0150  1   30.912  0.01399  270.01  270.21    1.668   31.485   13.46
 0.11940D-08 0.91500D+12 0.31623D+15   0.0150  1   27.692  0.01362  270.37  270.53    1.449   31.279   13.61
 0.11673D-08 0.91500D+12 0.35481D+15   0.0150  1   28.336  0.01369  270.30  270.78    0.672   30.529   13.93
 0.62530D-09 0.91500D+12 0.39811D+15   0.0150  1   53.774  0.01727  267.26  267.87   -2.439   27.608   16.00
 0.65567D-09 0.91500D+12 0.44668D+15   0.0150  1   51.198  0.01683  267.59  268.16   -2.922   27.149   16.33
 0.68926D-09 0.91500D+12 0.50119D+15   0.0150  1   48.622  0.01641  267.92  268.42   -3.396   26.694   16.67
 0.72661D-09 0.91500D+12 0.56234D+15   0.0150  1   46.046  0.01601  268.24  268.67   -3.863   26.244   17.02
 0.76289D-09 0.91500D+12 0.63096D+15   0.0150  1   43.792  0.01568  268.51  268.91   -4.329   25.792   17.37
 0.79119D-09 0.91500D+12 0.70795D+15   0.0150  1   42.182  0.01545  268.70  269.16   -4.802   25.336   17.72
 0.75215D-09 0.91500D+12 0.79433D+15   0.0150  1   44.436  0.01577  268.43  269.60   -5.347   24.835   18.02
 0.71688D-09 0.91500D+12 0.89125D+15   0.0150  1   46.690  0.01611  268.16  270.05   -5.865   24.363   18.31
 0.68487D-09 0.91500D+12 0.10000D+16   0.0150  1   48.944  0.01646  267.88  270.51   -6.358   23.916   18.60
 0.34964D-09 0.93000D+12 0.10000D+15   0.0150  1  100.786  0.03194  259.63  262.28    0.000   30.372   12.51
 0.44905D-09 0.93000D+12 0.11220D+15   0.0150  1   77.280  0.02252  263.92  265.16    1.822   32.017   12.38
 0.52432D-09 0.93000D+12 0.12589D+15   0.0150  1   65.688  0.01960  265.65  266.50    2.331   32.511   12.41
 0.59444D-09 0.93000D+12 0.14125D+15   0.0150  1   57.638  0.01796  266.75  267.40    2.454   32.647   12.51
 0.67050D-09 0.93000D+12 0.15849D+15   0.0150  1   50.876  0.01677  267.63  268.13    2.459   32.672   12.62
 0.74868D-09 0.93000D+12 0.17783D+15   0.0150  1   45.402  0.01591  268.31  268.71    2.351   32.588   12.75
 0.83520D-09 0.93000D+12 0.19953D+15   0.0150  1   40.572  0.01522  268.90  269.22    2.202   32.461   12.89
 0.92877D-09 0.93000D+12 0.22387D+15   0.0150  1   36.386  0.01466  269.39  269.66    2.012   32.291   13.03
 0.10365D-08 0.93000D+12 0.25119D+15   0.0150  1   32.522  0.01418  269.83  270.05    1.819   32.116   13.17
 0.11480D-08 0.93000D+12 0.28184D+15   0.0150  1   29.302  0.01380  270.19  270.39    1.576   31.889   13.32
 0.12419D-08 0.93000D+12 0.31623D+15   0.0150  1   27.048  0.01355  270.44  270.69    1.221   31.550   13.50
 0.11734D-08 0.93000D+12 0.35481D+15   0.0150  1   28.658  0.01373  270.27  270.93    0.296   30.657   13.87
 0.65842D-09 0.93000D+12 0.39811D+15   0.0150  1   51.842  0.01693  267.51  268.08   -2.659   27.887   15.88
 0.69169D-09 0.93000D+12 0.44668D+15   0.0150  1   49.266  0.01651  267.84  268.35   -3.147   27.420   16.21
 0.72864D-09 0.93000D+12 0.50119D+15   0.0150  1   46.690  0.01611  268.16  268.61   -3.627   26.958   16.55
 0.76448D-09 0.93000D+12 0.56234D+15   0.0150  1   44.436  0.01577  268.43  268.85   -4.106   26.496   16.89
 0.80416D-09 0.93000D+12 0.63096D+15   0.0150  1   42.182  0.01545  268.70  269.07   -4.577   26.038   17.24
 0.79823D-09 0.93000D+12 0.70795D+15   0.0150  1   42.504  0.01549  268.67  269.42   -5.098   25.547   17.56
 0.76448D-09 0.93000D+12 0.79433D+15   0.0150  1   44.436  0.01577  268.43  269.85   -5.634   25.054   17.86
 0.72864D-09 0.93000D+12 0.89125D+15   0.0150  1   46.690  0.01611  268.16  270.31   -6.150   24.584   18.15
 0.69169D-09 0.93000D+12 0.10000D+16   0.0150  1   49.266  0.01651  267.84  270.79   -6.645   24.139   18.42
 0.34701D-09 0.94500D+12 0.89125D+14   0.0150  1  103.362  0.03345  259.06  261.95    0.000   30.861   12.17
 0.40532D-09 0.94500D+12 0.10000D+15   0.0150  1   87.584  0.02590  262.20  263.93    1.043   31.791   12.25
 0.50003D-09 0.94500D+12 0.11220D+15   0.0150  1   70.196  0.02065  265.00  265.99    2.259   32.922   12.17
 0.57326D-09 0.94500D+12 0.12589D+15   0.0150  1   60.858  0.01859  266.32  267.04    2.521   33.189   12.25
 0.64581D-09 0.94500D+12 0.14125D+15   0.0150  1   53.774  0.01727  267.26  267.82    2.550   33.239   12.36
 0.72111D-09 0.94500D+12 0.15849D+15   0.0150  1   47.978  0.01631  268.00  268.45    2.462   33.174   12.48
 0.80517D-09 0.94500D+12 0.17783D+15   0.0150  1   42.826  0.01554  268.63  269.00    2.332   33.067   12.61
 0.89728D-09 0.94500D+12 0.19953D+15   0.0150  1   38.318  0.01492  269.16  269.47    2.161   32.917   12.75
 0.10046D-08 0.94500D+12 0.22387D+15   0.0150  1   34.132  0.01438  269.65  269.89    1.989   32.764   12.88
 0.11184D-08 0.94500D+12 0.25119D+15   0.0150  1   30.590  0.01395  270.05  270.25    1.771   32.563   13.02
 0.12474D-08 0.94500D+12 0.28184D+15   0.0150  1   27.370  0.01358  270.41  270.57    1.547   32.355   13.16
 0.12619D-08 0.94500D+12 0.31623D+15   0.0150  1   27.048  0.01355  270.44  270.83    0.893   31.723   13.43
 0.66110D-09 0.94500D+12 0.35481D+15   0.0150  1   52.486  0.01704  267.43  268.00   -2.378   28.641   15.45
 0.69407D-09 0.94500D+12 0.39811D+15   0.0150  1   49.910  0.01662  267.75  268.28   -2.880   28.163   15.77
 0.72583D-09 0.94500D+12 0.44668D+15   0.0150  1   47.656  0.01626  268.04  268.54   -3.382   27.682   16.09
 0.76603D-09 0.94500D+12 0.50119D+15   0.0150  1   45.080  0.01587  268.35  268.78   -3.867   27.214   16.43
 0.80517D-09 0.94500D+12 0.56234D+15   0.0150  1   42.826  0.01554  268.63  269.01   -4.352   26.745   16.77
 0.84867D-09 0.94500D+12 0.63096D+15   0.0150  1   40.572  0.01522  268.90  269.22   -4.827   26.282   17.12
 0.81111D-09 0.94500D+12 0.70795D+15   0.0150  1   42.504  0.01549  268.67  269.66   -5.387   25.764   17.42
 0.77138D-09 0.94500D+12 0.79433D+15   0.0150  1   44.758  0.01582  268.39  270.12   -5.926   25.271   17.70
 0.73547D-09 0.94500D+12 0.89125D+15   0.0150  1   47.012  0.01616  268.12  270.58   -6.438   24.805   17.98
 0.70285D-09 0.94500D+12 0.10000D+16   0.0150  1   49.266  0.01651  267.84  271.06   -6.927   24.365   18.24
 0.34163D-09 0.96000D+12 0.79433D+14   0.0150  1  106.904  0.03576  258.23  261.50    0.000   31.351   11.84
 0.36751D-09 0.96000D+12 0.89125D+14   0.0150  1   98.854  0.03090  260.04  262.60    0.000   31.351   12.06
 0.47290D-09 0.96000D+12 0.10000D+15   0.0150  1   75.670  0.02207  264.17  265.35    2.077   33.231   11.96
 0.54897D-09 0.96000D+12 0.11220D+15   0.0150  1   64.722  0.01939  265.79  266.61    2.527   33.673   12.00
 0.62029D-09 0.96000D+12 0.12589D+15   0.0150  1   56.994  0.01784  266.84  267.47    2.619   33.782   12.10
 0.69639D-09 0.96000D+12 0.14125D+15   0.0150  1   50.554  0.01672  267.67  268.17    2.589   33.775   12.22
 0.78363D-09 0.96000D+12 0.15849D+15   0.0150  1   44.758  0.01582  268.39  268.78    2.517   33.727   12.33
 0.86886D-09 0.96000D+12 0.17783D+15   0.0150  1   40.250  0.01518  268.94  269.26    2.327   33.560   12.47
 0.96709D-09 0.96000D+12 0.19953D+15   0.0150  1   36.064  0.01462  269.43  269.70    2.133   33.387   12.61
 0.10804D-08 0.96000D+12 0.22387D+15   0.0150  1   32.200  0.01414  269.87  270.09    1.937   33.209   12.74
 0.11980D-08 0.96000D+12 0.25119D+15   0.0150  1   28.980  0.01377  270.23  270.42    1.689   32.978   12.88
 0.13450D-08 0.96000D+12 0.28184D+15   0.0150  1   25.760  0.01341  270.59  270.73    1.485   32.788   13.01
 0.12672D-08 0.96000D+12 0.31623D+15   0.0150  1   27.370  0.01358  270.41  270.97    0.514   31.847   13.37
 0.69213D-09 0.96000D+12 0.35481D+15   0.0150  1   50.876  0.01677  267.63  268.20   -2.605   28.914   15.34
 0.72783D-09 0.96000D+12 0.39811D+15   0.0150  1   48.300  0.01636  267.96  268.47   -3.112   28.429   15.66
 0.76755D-09 0.96000D+12 0.44668D+15   0.0150  1   45.724  0.01596  268.28  268.71   -3.611   27.949   15.98
 0.80617D-09 0.96000D+12 0.50119D+15   0.0150  1   43.470  0.01563  268.55  268.95   -4.109   27.468   16.32
 0.84902D-09 0.96000D+12 0.56234D+15   0.0150  1   41.216  0.01531  268.82  269.16   -4.598   26.993   16.65
 0.86214D-09 0.96000D+12 0.63096D+15   0.0150  1   40.572  0.01522  268.90  269.45   -5.117   26.497   16.98
 0.81796D-09 0.96000D+12 0.70795D+15   0.0150  1   42.826  0.01554  268.63  269.91   -5.681   25.978   17.27
 0.78363D-09 0.96000D+12 0.79433D+15   0.0150  1   44.758  0.01582  268.39  270.36   -6.211   25.491   17.55
 0.74714D-09 0.96000D+12 0.89125D+15   0.0150  1   47.012  0.01616  268.12  270.84   -6.721   25.029   17.82
 0.71400D-09 0.96000D+12 0.10000D+16   0.0150  1   49.266  0.01651  267.84  271.32   -7.208   24.591   18.08
 0.33302D-09 0.97500D+12 0.70795D+14   0.0150  1  111.734  0.03945  256.99  260.85    0.000   31.841   11.54
 0.36438D-09 0.97500D+12 0.79433D+14   0.0150  1  101.430  0.03231  259.49  262.27    0.000   31.841   11.73
 0.43168D-09 0.97500D+12 0.89125D+14   0.0150  1   84.686  0.02486  262.71  264.28    1.456   33.143   11.81
 0.52277D-09 0.97500D+12 0.10000D+15   0.0150  1   69.230  0.02041  265.14  266.10    2.466   34.093   11.77
 0.59754D-09 0.97500D+12 0.11220D+15   0.0150  1   60.214  0.01846  266.41  267.11    2.699   34.336   11.85
 0.67410D-09 0.97500D+12 0.12589D+15   0.0150  1   53.130  0.01715  267.34  267.88    2.731   34.389   11.96
 0.75381D-09 0.97500D+12 0.14125D+15   0.0150  1   47.334  0.01621  268.08  268.51    2.642   34.326   12.08
 0.84307D-09 0.97500D+12 0.15849D+15   0.0150  1   42.182  0.01545  268.70  269.05    2.512   34.219   12.20
 0.94120D-09 0.97500D+12 0.17783D+15   0.0150  1   37.674  0.01483  269.24  269.52    2.340   34.069   12.33
 0.10462D-08 0.97500D+12 0.19953D+15   0.0150  1   33.810  0.01434  269.69  269.92    2.122   33.872   12.47
 0.11659D-08 0.97500D+12 0.22387D+15   0.0150  1   30.268  0.01391  270.09  270.28    1.900   33.668   12.60
 0.12870D-08 0.97500D+12 0.25119D+15   0.0150  1   27.370  0.01358  270.41  270.59    1.620   33.405   12.75
 0.13494D-08 0.97500D+12 0.28184D+15   0.0150  1   26.082  0.01344  270.55  270.86    1.103   32.908   12.96
 0.12870D-08 0.97500D+12 0.31623D+15   0.0150  1   27.370  0.01358  270.41  271.12    0.185   32.020   13.30
 0.72978D-09 0.97500D+12 0.35481D+15   0.0150  1   48.944  0.01646  267.88  268.38   -2.824   29.191   15.24
 0.76904D-09 0.97500D+12 0.39811D+15   0.0150  1   46.368  0.01606  268.20  268.63   -3.338   28.699   15.55
 0.80715D-09 0.97500D+12 0.44668D+15   0.0150  1   44.114  0.01572  268.47  268.87   -3.850   28.206   15.87
 0.84938D-09 0.97500D+12 0.50119D+15   0.0150  1   41.860  0.01540  268.74  269.10   -4.353   27.719   16.20
 0.88936D-09 0.97500D+12 0.56234D+15   0.0150  1   39.928  0.01513  268.97  269.32   -4.854   27.232   16.54
 0.86890D-09 0.97500D+12 0.63096D+15   0.0150  1   40.894  0.01527  268.86  269.70   -5.413   26.709   16.84
 0.83074D-09 0.97500D+12 0.70795D+15   0.0150  1   42.826  0.01554  268.63  270.15   -5.967   26.197   17.12
 0.79035D-09 0.97500D+12 0.79433D+15   0.0150  1   45.080  0.01587  268.35  270.63   -6.500   25.711   17.39
 0.75381D-09 0.97500D+12 0.89125D+15   0.0150  1   47.334  0.01621  268.08  271.11   -7.007   25.252   17.65
 0.72060D-09 0.97500D+12 0.10000D+16   0.0150  1   49.588  0.01656  267.80  271.61   -7.491   24.819   17.90
 0.36144D-09 0.99000D+12 0.70795D+14   0.0150  1  104.006  0.03385  258.92  261.92    0.000   32.331   11.42
 0.37784D-09 0.99000D+12 0.79433D+14   0.0150  1   99.176  0.03106  259.97  262.70    0.000   32.331   11.63
 0.49367D-09 0.99000D+12 0.89125D+14   0.0150  1   74.704  0.02180  264.32  265.46    2.292   34.409   11.56
 0.57157D-09 0.99000D+12 0.10000D+15   0.0150  1   64.078  0.01925  265.88  266.68    2.717   34.830   11.62
 0.64671D-09 0.99000D+12 0.11220D+15   0.0150  1   56.350  0.01772  266.93  267.54    2.813   34.944   11.71
 0.72712D-09 0.99000D+12 0.12589D+15   0.0150  1   49.910  0.01662  267.75  268.23    2.784   34.940   11.82
 0.81380D-09 0.99000D+12 0.14125D+15   0.0150  1   44.436  0.01577  268.43  268.81    2.674   34.855   11.94
 0.90305D-09 0.99000D+12 0.15849D+15   0.0150  1   39.928  0.01513  268.97  269.30    2.479   34.685   12.07
 0.10061D-08 0.99000D+12 0.17783D+15   0.0150  1   35.742  0.01458  269.46  269.73    2.281   34.509   12.20
 0.11252D-08 0.99000D+12 0.19953D+15   0.0150  1   31.878  0.01411  269.90  270.11    2.081   34.328   12.33
 0.12491D-08 0.99000D+12 0.22387D+15   0.0150  1   28.658  0.01373  270.27  270.45    1.828   34.093   12.47
 0.13870D-08 0.99000D+12 0.25119D+15   0.0150  1   25.760  0.01341  270.59  270.74    1.566   33.846   12.61
 0.13701D-08 0.99000D+12 0.28184D+15   0.0150  1   26.082  0.01344  270.55  271.00    0.775   33.080   12.89
 0.72712D-09 0.99000D+12 0.31623D+15   0.0150  1   49.910  0.01662  267.75  268.30   -2.527   29.963   14.82
 0.76541D-09 0.99000D+12 0.35481D+15   0.0150  1   47.334  0.01621  268.08  268.56   -3.055   29.459   15.13
 0.80811D-09 0.99000D+12 0.39811D+15   0.0150  1   44.758  0.01582  268.39  268.80   -3.573   28.960   15.45
 0.84973D-09 0.99000D+12 0.44668D+15   0.0150  1   42.504  0.01549  268.67  269.03   -4.090   28.460   15.77
 0.88908D-09 0.99000D+12 0.50119D+15   0.0150  1   40.572  0.01522  268.90  269.25   -4.606   27.961   16.09
 0.92486D-09 0.99000D+12 0.56234D+15   0.0150  1   38.962  0.01500  269.09  269.48   -5.120   27.464   16.42
 0.88227D-09 0.99000D+12 0.63096D+15   0.0150  1   40.894  0.01527  268.86  269.93   -5.700   26.926   16.70
 0.83740D-09 0.99000D+12 0.70795D+15   0.0150  1   43.148  0.01558  268.59  270.41   -6.258   26.414   16.97
 0.80251D-09 0.99000D+12 0.79433D+15   0.0150  1   45.080  0.01587  268.35  270.88   -6.783   25.934   17.24
 0.76541D-09 0.99000D+12 0.89125D+15   0.0150  1   47.334  0.01621  268.08  271.37   -7.288   25.478   17.50
 0.73169D-09 0.99000D+12 0.10000D+16   0.0150  1   49.588  0.01656  267.80  271.87   -7.770   25.047   17.74
 0.35966D-09 0.10050D+13 0.63096D+14   0.0150  1  106.260  0.03531  258.39  261.58    0.000   32.821   11.12
 0.37449D-09 0.10050D+13 0.70795D+14   0.0150  1  101.752  0.03249  259.42  262.37    0.000   32.821   11.32
 0.45311D-09 0.10050D+13 0.79433D+14   0.0150  1   83.076  0.02431  262.98  264.48    1.750   34.390   11.41
 0.54369D-09 0.10050D+13 0.89125D+14   0.0150  1   68.586  0.02026  265.23  266.17    2.667   35.259   11.40
 0.61910D-09 0.10050D+13 0.10000D+15   0.0150  1   59.892  0.01840  266.45  267.15    2.870   35.475   11.48
 0.69894D-09 0.10050D+13 0.11220D+15   0.0150  1   52.808  0.01710  267.39  267.92    2.903   35.531   11.58
 0.78217D-09 0.10050D+13 0.12589D+15   0.0150  1   47.012  0.01616  268.12  268.54    2.813   35.467   11.69
 0.87551D-09 0.10050D+13 0.14125D+15   0.0150  1   41.860  0.01540  268.74  269.08    2.680   35.359   11.81
 0.97016D-09 0.10050D+13 0.15849D+15   0.0150  1   37.674  0.01483  269.24  269.53    2.460   35.163   11.95
 0.10783D-08 0.10050D+13 0.17783D+15   0.0150  1   33.810  0.01434  269.69  269.93    2.235   34.960   12.08
 0.12018D-08 0.10050D+13 0.19953D+15   0.0150  1   30.268  0.01391  270.09  270.29    2.005   34.749   12.21
 0.13421D-08 0.10050D+13 0.22387D+15   0.0150  1   27.048  0.01355  270.44  270.61    1.771   34.531   12.34
 0.14435D-08 0.10050D+13 0.25119D+15   0.0150  1   25.116  0.01334  270.66  270.88    1.353   34.130   12.51
 0.13742D-08 0.10050D+13 0.28184D+15   0.0150  1   26.404  0.01348  270.52  271.14    0.393   33.201   12.84
 0.76690D-09 0.10050D+13 0.31623D+15   0.0150  1   47.978  0.01631  268.00  268.47   -2.745   30.242   14.73
 0.80906D-09 0.10050D+13 0.35481D+15   0.0150  1   45.402  0.01591  268.31  268.72   -3.278   29.731   15.03
 0.85008D-09 0.10050D+13 0.39811D+15   0.0150  1   43.148  0.01558  268.59  268.95   -3.810   29.219   15.34
 0.88882D-09 0.10050D+13 0.44668D+15   0.0150  1   41.216  0.01531  268.82  269.18   -4.340   28.707   15.66
 0.93137D-09 0.10050D+13 0.50119D+15   0.0150  1   39.284  0.01505  269.05  269.40   -4.860   28.202   15.98
 0.93137D-09 0.10050D+13 0.56234D+15   0.0150  1   39.284  0.01505  269.05  269.72   -5.416   27.674   16.29
 0.88882D-09 0.10050D+13 0.63096D+15   0.0150  1   41.216  0.01531  268.82  270.18   -5.993   27.140   16.56
 0.85008D-09 0.10050D+13 0.70795D+15   0.0150  1   43.148  0.01558  268.59  270.65   -6.542   26.635   16.83
 0.80906D-09 0.10050D+13 0.79433D+15   0.0150  1   45.402  0.01591  268.31  271.14   -7.069   26.157   17.09
 0.77701D-09 0.10050D+13 0.89125D+15   0.0150  1   47.334  0.01621  268.08  271.63   -7.568   25.704   17.34
 0.73813D-09 0.10050D+13 0.10000D+16   0.0150  1   49.910  0.01662  267.75  272.15   -8.050   25.278   17.57
 0.35026D-09 0.10200D+13 0.56234D+14   0.0150  1  111.090  0.03891  257.16  260.93    0.000   33.311   10.84
 0.37132D-09 0.10200D+13 0.63096D+14   0.0150  1  104.328  0.03405  258.84  262.01    0.000   33.311   11.02
 0.38811D-09 0.10200D+13 0.70795D+14   0.0150  1   99.498  0.03124  259.91  262.80    0.000   33.311   11.22
 0.51073D-09 0.10200D+13 0.79433D+14   0.0150  1   74.382  0.02172  264.37  265.50    2.464   35.545   11.20
 0.59174D-09 0.10200D+13 0.89125D+14   0.0150  1   63.756  0.01918  265.92  266.71    2.901   35.979   11.25
 0.67000D-09 0.10200D+13 0.10000D+15   0.0150  1   56.028  0.01767  266.97  267.57    2.999   36.098   11.34
 0.74915D-09 0.10200D+13 0.11220D+15   0.0150  1   49.910  0.01662  267.75  268.24    2.930   36.056   11.45
 0.83846D-09 0.10200D+13 0.12589D+15   0.0150  1   44.436  0.01577  268.43  268.82    2.816   35.968   11.57
 0.93778D-09 0.10200D+13 0.14125D+15   0.0150  1   39.606  0.01509  269.01  269.32    2.659   35.836   11.69
 0.10458D-08 0.10200D+13 0.15849D+15   0.0150  1   35.420  0.01454  269.50  269.75    2.456   35.657   11.82
 0.11593D-08 0.10200D+13 0.17783D+15   0.0150  1   31.878  0.01411  269.90  270.12    2.203   35.425   11.95
 0.12869D-08 0.10200D+13 0.19953D+15   0.0150  1   28.658  0.01373  270.27  270.46    1.942   35.182   12.08
 0.14468D-08 0.10200D+13 0.22387D+15   0.0150  1   25.438  0.01337  270.62  270.76    1.729   34.984   12.20
 0.14651D-08 0.10200D+13 0.25119D+15   0.0150  1   25.116  0.01334  270.66  271.02    1.025   34.303   12.45
 0.13947D-08 0.10200D+13 0.28184D+15   0.0150  1   26.404  0.01348  270.52  271.28    0.064   33.373   12.78
 0.80453D-09 0.10200D+13 0.31623D+15   0.0150  1   46.368  0.01606  268.20  268.64   -2.974   30.511   14.63
 0.84441D-09 0.10200D+13 0.35481D+15   0.0150  1   44.114  0.01572  268.47  268.88   -3.521   29.986   14.93
 0.88858D-09 0.10200D+13 0.39811D+15   0.0150  1   41.860  0.01540  268.74  269.11   -4.057   29.468   15.24
 0.93041D-09 0.10200D+13 0.44668D+15   0.0150  1   39.928  0.01513  268.97  269.33   -4.592   28.951   15.55
 0.97650D-09 0.10200D+13 0.50119D+15   0.0150  1   37.996  0.01487  269.20  269.53   -5.116   28.441   15.87
 0.94527D-09 0.10200D+13 0.56234D+15   0.0150  1   39.284  0.01505  269.05  269.94   -5.704   27.890   16.16
 0.90209D-09 0.10200D+13 0.63096D+15   0.0150  1   41.216  0.01531  268.82  270.41   -6.279   27.359   16.43
 0.86277D-09 0.10200D+13 0.70795D+15   0.0150  1   43.148  0.01558  268.59  270.88   -6.826   26.857   16.69
 0.82113D-09 0.10200D+13 0.79433D+15   0.0150  1   45.402  0.01591  268.31  271.39   -7.351   26.381   16.94
 0.78344D-09 0.10200D+13 0.89125D+15   0.0150  1   47.656  0.01626  268.04  271.90   -7.850   25.932   17.18
 0.74915D-09 0.10200D+13 0.10000D+16   0.0150  1   49.910  0.01662  267.75  272.42   -8.327   25.508   17.41
 0.36935D-09 0.10350D+13 0.56234D+14   0.0150  1  106.582  0.03553  258.31  261.66    0.000   33.801   10.73
 0.38453D-09 0.10350D+13 0.63096D+14   0.0150  1  102.074  0.03268  259.35  262.46    0.000   33.801   10.92
 0.46835D-09 0.10350D+13 0.70795D+14   0.0150  1   82.754  0.02420  263.03  264.52    1.919   35.521   11.05
 0.55992D-09 0.10350D+13 0.79433D+14   0.0150  1   68.586  0.02026  265.23  266.17    2.823   36.381   11.04
 0.64090D-09 0.10350D+13 0.89125D+14   0.0150  1   59.570  0.01833  266.50  267.18    3.070   36.640   11.12
 0.71980D-09 0.10350D+13 0.10000D+15   0.0150  1   52.808  0.01710  267.39  267.93    3.064   36.661   11.22
 0.80551D-09 0.10350D+13 0.11220D+15   0.0150  1   47.012  0.01616  268.12  268.55    2.970   36.595   11.33
 0.90165D-09 0.10350D+13 0.12589D+15   0.0150  1   41.860  0.01540  268.74  269.09    2.833   36.484   11.45
 0.10075D-08 0.10350D+13 0.14125D+15   0.0150  1   37.352  0.01479  269.28  269.55    2.651   36.327   11.57
 0.11210D-08 0.10350D+13 0.15849D+15   0.0150  1   33.488  0.01430  269.72  269.95    2.422   36.120   11.69
 0.12507D-08 0.10350D+13 0.17783D+15   0.0150  1   29.946  0.01388  270.12  270.30    2.188   35.906   11.82
 0.13821D-08 0.10350D+13 0.19953D+15   0.0150  1   27.048  0.01355  270.44  270.61    1.893   35.629   11.96
 0.15451D-08 0.10350D+13 0.22387D+15   0.0150  1   24.150  0.01323  270.76  270.89    1.644   35.394   12.08
 0.14866D-08 0.10350D+13 0.25119D+15   0.0150  1   25.116  0.01334  270.66  271.15    0.697   34.476   12.39
 0.80020D-09 0.10350D+13 0.28184D+15   0.0150  1   47.334  0.01621  268.08  268.56   -2.651   31.308   14.24
 0.84485D-09 0.10350D+13 0.31623D+15   0.0150  1   44.758  0.01582  268.39  268.80   -3.204   30.778   14.53
 0.88835D-09 0.10350D+13 0.35481D+15   0.0150  1   42.504  0.01549  268.67  269.02   -3.756   30.247   14.84
 0.92950D-09 0.10350D+13 0.39811D+15   0.0150  1   40.572  0.01522  268.90  269.25   -4.305   29.716   15.14
 0.97475D-09 0.10350D+13 0.44668D+15   0.0150  1   38.640  0.01496  269.13  269.46   -4.844   29.193   15.45
 0.99912D-09 0.10350D+13 0.50119D+15   0.0150  1   37.674  0.01483  269.24  269.72   -5.397   28.661   15.76
 0.95917D-09 0.10350D+13 0.56234D+15   0.0150  1   39.284  0.01505  269.05  270.16   -5.991   28.107   16.04
 0.91535D-09 0.10350D+13 0.63096D+15   0.0150  1   41.216  0.01531  268.82  270.64   -6.564   27.579   16.30
 0.86916D-09 0.10350D+13 0.70795D+15   0.0150  1   43.470  0.01563  268.55  271.14   -7.113   27.079   16.55
 0.83321D-09 0.10350D+13 0.79433D+15   0.0150  1   45.402  0.01591  268.31  271.63   -7.631   26.607   16.80
 0.79496D-09 0.10350D+13 0.89125D+15   0.0150  1   47.656  0.01626  268.04  272.15   -8.129   26.161   17.03
 0.76017D-09 0.10350D+13 0.10000D+16   0.0150  1   49.910  0.01662  267.75  272.68   -8.603   25.739   17.26
 0.36749D-09 0.10500D+13 0.50119D+14   0.0150  1  108.836  0.03715  257.75  261.30    0.000   34.290   10.46
 0.38114D-09 0.10500D+13 0.56234D+14   0.0150  1  104.650  0.03425  258.77  262.09    0.000   34.290   10.63
 0.39713D-09 0.10500D+13 0.63096D+14   0.0150  1  100.142  0.03159  259.77  262.86    0.000   34.290   10.83
 0.52575D-09 0.10500D+13 0.70795D+14   0.0150  1   74.382  0.02172  264.37  265.51    2.624   36.670   10.86
 0.60915D-09 0.10500D+13 0.79433D+14   0.0150  1   63.756  0.01918  265.92  266.72    3.073   37.118   10.90
 0.68970D-09 0.10500D+13 0.89125D+14   0.0150  1   56.028  0.01767  266.97  267.57    3.174   37.241   10.99
 0.77603D-09 0.10500D+13 0.10000D+15   0.0150  1   49.588  0.01656  267.80  268.26    3.143   37.237   11.10
 0.86312D-09 0.10500D+13 0.11220D+15   0.0150  1   44.436  0.01577  268.43  268.82    2.984   37.107   11.22
 0.96536D-09 0.10500D+13 0.12589D+15   0.0150  1   39.606  0.01509  269.01  269.32    2.821   36.970   11.33
 0.10765D-08 0.10500D+13 0.14125D+15   0.0150  1   35.420  0.01454  269.50  269.75    2.612   36.785   11.45
 0.11934D-08 0.10500D+13 0.15849D+15   0.0150  1   31.878  0.01411  269.90  270.13    2.350   36.546   11.58
 0.13248D-08 0.10500D+13 0.17783D+15   0.0150  1   28.658  0.01373  270.27  270.46    2.081   36.295   11.71
 0.14894D-08 0.10500D+13 0.19953D+15   0.0150  1   25.438  0.01337  270.62  270.76    1.861   36.091   11.83
 0.15675D-08 0.10500D+13 0.22387D+15   0.0150  1   24.150  0.01323  270.76  271.02    1.317   35.567   12.02
 0.14894D-08 0.10500D+13 0.25119D+15   0.0150  1   25.438  0.01337  270.62  271.28    0.312   34.592   12.34
 0.83951D-09 0.10500D+13 0.28184D+15   0.0150  1   45.724  0.01596  268.28  268.72   -2.877   31.579   14.15
 0.88175D-09 0.10500D+13 0.31623D+15   0.0150  1   43.470  0.01563  268.55  268.95   -3.444   31.035   14.44
 0.92862D-09 0.10500D+13 0.35481D+15   0.0150  1   41.216  0.01531  268.82  269.17   -4.001   30.498   14.74
 0.97307D-09 0.10500D+13 0.39811D+15   0.0150  1   39.284  0.01505  269.05  269.39   -4.555   29.962   15.04
 0.10221D-08 0.10500D+13 0.44668D+15   0.0150  1   37.352  0.01479  269.28  269.59   -5.098   29.433   15.35
 0.10136D-08 0.10500D+13 0.50119D+15   0.0150  1   37.674  0.01483  269.24  269.93   -5.685   28.876   15.64
 0.96536D-09 0.10500D+13 0.56234D+15   0.0150  1   39.606  0.01509  269.01  270.41   -6.284   28.322   15.91
 0.92161D-09 0.10500D+13 0.63096D+15   0.0150  1   41.538  0.01536  268.78  270.89   -6.852   27.798   16.16
 0.88175D-09 0.10500D+13 0.70795D+15   0.0150  1   43.470  0.01563  268.55  271.38   -7.394   27.302   16.41
 0.83951D-09 0.10500D+13 0.79433D+15   0.0150  1   45.724  0.01596  268.28  271.90   -7.913   26.834   16.65
 0.80648D-09 0.10500D+13 0.89125D+15   0.0150  1   47.656  0.01626  268.04  272.41   -8.406   26.389   16.88
 0.76640D-09 0.10500D+13 0.10000D+16   0.0150  1   50.232  0.01667  267.71  272.96   -8.880   25.973   17.09
 0.36087D-09 0.10650D+13 0.44668D+14   0.0150  1  112.700  0.04028  256.72  260.72    0.000   34.780   10.20
 0.37794D-09 0.10650D+13 0.50119D+14   0.0150  1  107.226  0.03598  258.15  261.70    0.000   34.780   10.36
 0.39336D-09 0.10650D+13 0.56234D+14   0.0150  1  102.718  0.03306  259.21  262.50    0.000   34.780   10.54
 0.48193D-09 0.10650D+13 0.63096D+14   0.0150  1   82.754  0.02420  263.03  264.51    2.073   36.640   10.72
 0.57615D-09 0.10650D+13 0.70795D+14   0.0150  1   68.586  0.02026  265.23  266.17    3.004   37.526   10.71
 0.65606D-09 0.10650D+13 0.79433D+14   0.0150  1   59.892  0.01840  266.45  267.15    3.218   37.756   10.78
 0.74066D-09 0.10650D+13 0.89125D+14   0.0150  1   52.808  0.01710  267.39  267.92    3.251   37.816   10.88
 0.82886D-09 0.10650D+13 0.10000D+15   0.0150  1   47.012  0.01616  268.12  268.55    3.154   37.747   10.99
 0.92778D-09 0.10650D+13 0.11220D+15   0.0150  1   41.860  0.01540  268.74  269.08    3.012   37.633   11.10
 0.10281D-08 0.10650D+13 0.12589D+15   0.0150  1   37.674  0.01483  269.24  269.53    2.776   37.424   11.22
 0.11535D-08 0.10650D+13 0.14125D+15   0.0150  1   33.488  0.01430  269.72  269.95    2.587   37.257   11.34
 0.12735D-08 0.10650D+13 0.15849D+15   0.0150  1   30.268  0.01391  270.09  270.29    2.291   36.983   11.47
 0.14222D-08 0.10650D+13 0.17783D+15   0.0150  1   27.048  0.01355  270.44  270.61    2.041   36.751   11.59
 0.15899D-08 0.10650D+13 0.19953D+15   0.0150  1   24.150  0.01323  270.76  270.89    1.783   36.509   11.71
 0.15899D-08 0.10650D+13 0.22387D+15   0.0150  1   24.150  0.01323  270.76  271.15    0.990   35.739   11.96
 0.83440D-09 0.10650D+13 0.25119D+15   0.0150  1   46.690  0.01611  268.16  268.63   -2.532   32.398   13.77
 0.88166D-09 0.10650D+13 0.28184D+15   0.0150  1   44.114  0.01572  268.47  268.86   -3.105   31.848   14.06
 0.92778D-09 0.10650D+13 0.31623D+15   0.0150  1   41.860  0.01540  268.74  269.08   -3.677   31.298   14.35
 0.97146D-09 0.10650D+13 0.35481D+15   0.0150  1   39.928  0.01513  268.97  269.31   -4.247   30.748   14.65
 0.10196D-08 0.10650D+13 0.39811D+15   0.0150  1   37.996  0.01487  269.20  269.51   -4.806   30.206   14.95
 0.10729D-08 0.10650D+13 0.44668D+15   0.0150  1   36.064  0.01462  269.43  269.70   -5.353   29.672   15.26
 0.10281D-08 0.10650D+13 0.50119D+15   0.0150  1   37.674  0.01483  269.24  270.15   -5.973   29.092   15.53
 0.97915D-09 0.10650D+13 0.56234D+15   0.0150  1   39.606  0.01509  269.01  270.63   -6.569   28.541   15.78
 0.93478D-09 0.10650D+13 0.63096D+15   0.0150  1   41.538  0.01536  268.78  271.12   -7.135   28.020   16.04
 0.89435D-09 0.10650D+13 0.70795D+15   0.0150  1   43.470  0.01563  268.55  271.62   -7.675   27.527   16.28
 0.85150D-09 0.10650D+13 0.79433D+15   0.0150  1   45.724  0.01596  268.28  272.14   -8.192   27.061   16.51
 0.81268D-09 0.10650D+13 0.89125D+15   0.0150  1   47.978  0.01631  268.00  272.68   -8.685   26.621   16.73
 0.77735D-09 0.10650D+13 0.10000D+16   0.0150  1   50.232  0.01667  267.71  273.22   -9.155   26.205   16.94
 0.37592D-09 0.10800D+13 0.44668D+14   0.0150  1  109.480  0.03764  257.58  261.32    0.000   35.270   10.10
 0.38980D-09 0.10800D+13 0.50119D+14   0.0150  1  105.294  0.03467  258.62  262.13    0.000   35.270   10.27
 0.40603D-09 0.10800D+13 0.56234D+14   0.0150  1  100.786  0.03194  259.63  262.90    0.000   35.270   10.45
 0.54077D-09 0.10800D+13 0.63096D+14   0.0150  1   74.382  0.02172  264.37  265.50    2.811   37.820   10.53
 0.62353D-09 0.10800D+13 0.70795D+14   0.0150  1   64.078  0.01925  265.88  266.68    3.233   38.243   10.58
 0.70550D-09 0.10800D+13 0.79433D+14   0.0150  1   56.350  0.01772  266.93  267.54    3.335   38.369   10.67
 0.79322D-09 0.10800D+13 0.89125D+14   0.0150  1   49.910  0.01662  267.75  268.24    3.301   38.364   10.77
 0.88778D-09 0.10800D+13 0.10000D+15   0.0150  1   44.436  0.01577  268.43  268.82    3.178   38.270   10.87
 0.99294D-09 0.10800D+13 0.11220D+15   0.0150  1   39.606  0.01509  269.01  269.32    3.010   38.129   10.99
 0.11073D-08 0.10800D+13 0.12589D+15   0.0150  1   35.420  0.01454  269.50  269.75    2.794   37.939   11.11
 0.12275D-08 0.10800D+13 0.14125D+15   0.0150  1   31.878  0.01411  269.90  270.12    2.524   37.692   11.23
 0.13626D-08 0.10800D+13 0.15849D+15   0.0150  1   28.658  0.01373  270.27  270.45    2.245   37.434   11.36
 0.15131D-08 0.10800D+13 0.17783D+15   0.0150  1   25.760  0.01341  270.59  270.75    1.956   37.162   11.48
 0.16784D-08 0.10800D+13 0.19953D+15   0.0150  1   23.184  0.01313  270.87  271.01    1.652   36.874   11.61
 0.15914D-08 0.10800D+13 0.22387D+15   0.0150  1   24.472  0.01327  270.73  271.28    0.600   35.852   11.92
 0.87546D-09 0.10800D+13 0.25119D+15   0.0150  1   45.080  0.01587  268.35  268.78   -2.756   32.671   13.69
 0.92020D-09 0.10800D+13 0.28184D+15   0.0150  1   42.826  0.01554  268.63  269.01   -3.344   32.107   13.97
 0.96991D-09 0.10800D+13 0.31623D+15   0.0150  1   40.572  0.01522  268.90  269.22   -3.921   31.551   14.26
 0.10171D-08 0.10800D+13 0.35481D+15   0.0150  1   38.640  0.01496  269.13  269.43   -4.495   30.995   14.55
 0.10693D-08 0.10800D+13 0.39811D+15   0.0150  1   36.708  0.01471  269.35  269.63   -5.058   30.448   14.85
 0.10880D-08 0.10800D+13 0.44668D+15   0.0150  1   36.064  0.01462  269.43  269.90   -5.642   29.886   15.15
 0.10339D-08 0.10800D+13 0.50119D+15   0.0150  1   37.996  0.01487  269.20  270.38   -6.266   29.306   15.41
 0.99294D-09 0.10800D+13 0.56234D+15   0.0150  1   39.606  0.01509  269.01  270.85   -6.853   28.760   15.66
 0.94794D-09 0.10800D+13 0.63096D+15   0.0150  1   41.538  0.01536  268.78  271.34   -7.418   28.242   15.91
 0.90046D-09 0.10800D+13 0.70795D+15   0.0150  1   43.792  0.01568  268.51  271.87   -7.958   27.752   16.14
 0.86349D-09 0.10800D+13 0.79433D+15   0.0150  1   45.724  0.01596  268.28  272.39   -8.470   27.289   16.37
 0.82413D-09 0.10800D+13 0.89125D+15   0.0150  1   47.978  0.01631  268.00  272.93   -8.961   26.852   16.58
 0.78830D-09 0.10800D+13 0.10000D+16   0.0150  1   50.232  0.01667  267.71  273.48   -9.429   26.439   16.79
 0.37401D-09 0.10950D+13 0.39811D+14   0.0150  1  111.734  0.03945  256.99  260.92    0.000   35.760    9.85
 0.38643D-09 0.10950D+13 0.44668D+14   0.0150  1  107.870  0.03644  257.99  261.73    0.000   35.760   10.00
 0.40209D-09 0.10950D+13 0.50119D+14   0.0150  1  103.362  0.03345  259.06  262.53    0.000   35.760   10.18
 0.49010D-09 0.10950D+13 0.56234D+14   0.0150  1   83.720  0.02453  262.87  264.40    2.126   37.664   10.41
 0.58973D-09 0.10950D+13 0.63096D+14   0.0150  1   68.908  0.02034  265.19  266.13    3.173   38.659   10.39
 0.67455D-09 0.10950D+13 0.70795D+14   0.0150  1   59.892  0.01840  266.45  267.14    3.433   38.935   10.46
 0.75707D-09 0.10950D+13 0.79433D+14   0.0150  1   53.130  0.01715  267.34  267.89    3.424   38.955   10.55
 0.84659D-09 0.10950D+13 0.89125D+14   0.0150  1   47.334  0.01621  268.08  268.52    3.321   38.883   10.66
 0.94683D-09 0.10950D+13 0.10000D+15   0.0150  1   42.182  0.01545  268.70  269.06    3.171   38.762   10.77
 0.10570D-08 0.10950D+13 0.11220D+15   0.0150  1   37.674  0.01483  269.24  269.52    2.974   38.593   10.88
 0.11749D-08 0.10950D+13 0.12589D+15   0.0150  1   33.810  0.01434  269.69  269.93    2.726   38.369   11.00
 0.13094D-08 0.10950D+13 0.14125D+15   0.0150  1   30.268  0.01391  270.09  270.28    2.473   38.138   11.12
 0.14623D-08 0.10950D+13 0.15849D+15   0.0150  1   27.048  0.01355  270.44  270.60    2.215   37.899   11.24
 0.16135D-08 0.10950D+13 0.17783D+15   0.0150  1   24.472  0.01327  270.73  270.88    1.883   37.585   11.37
 0.17017D-08 0.10950D+13 0.19953D+15   0.0150  1   23.184  0.01313  270.87  271.14    1.325   37.046   11.56
 0.16135D-08 0.10950D+13 0.22387D+15   0.0150  1   24.472  0.01327  270.73  271.41    0.272   36.024   11.86
 0.91954D-09 0.10950D+13 0.25119D+15   0.0150  1   43.470  0.01563  268.55  268.92   -2.982   32.942   13.60
 0.96111D-09 0.10950D+13 0.28184D+15   0.0150  1   41.538  0.01536  268.78  269.15   -3.584   32.364   13.88
 0.10067D-08 0.10950D+13 0.31623D+15   0.0150  1   39.606  0.01509  269.01  269.37   -4.174   31.795   14.17
 0.10570D-08 0.10950D+13 0.35481D+15   0.0150  1   37.674  0.01483  269.24  269.57   -4.752   31.234   14.46
 0.11128D-08 0.10950D+13 0.39811D+15   0.0150  1   35.742  0.01458  269.46  269.75   -5.319   30.682   14.76
 0.11031D-08 0.10950D+13 0.44668D+15   0.0150  1   36.064  0.01462  269.43  270.10   -5.930   30.101   15.04
 0.10483D-08 0.10950D+13 0.50119D+15   0.0150  1   37.996  0.01487  269.20  270.59   -6.552   29.524   15.29
 0.99882D-09 0.10950D+13 0.56234D+15   0.0150  1   39.928  0.01513  268.97  271.09   -7.141   28.979   15.54
 0.95391D-09 0.10950D+13 0.63096D+15   0.0150  1   41.860  0.01540  268.74  271.59   -7.703   28.465   15.78
 0.91297D-09 0.10950D+13 0.70795D+15   0.0150  1   43.792  0.01568  268.51  272.11   -8.237   27.979   16.01
 0.86955D-09 0.10950D+13 0.79433D+15   0.0150  1   46.046  0.01601  268.24  272.65   -8.749   27.520   16.23
 0.83557D-09 0.10950D+13 0.89125D+15   0.0150  1   47.978  0.01631  268.00  273.18   -9.236   27.083   16.44
 0.79925D-09 0.10950D+13 0.10000D+16   0.0150  1   50.232  0.01667  267.71  273.74   -9.702   26.673   16.64
 0.38427D-09 0.11100D+13 0.39811D+14   0.0150  1  110.124  0.03814  257.42  261.34    0.000   36.250    9.76
 0.39836D-09 0.11100D+13 0.44668D+14   0.0150  1  105.938  0.03510  258.46  262.15    0.000   36.250    9.92
 0.41484D-09 0.11100D+13 0.50119D+14   0.0150  1  101.430  0.03231  259.49  262.93    0.000   36.250   10.10
 0.55125D-09 0.11100D+13 0.56234D+14   0.0150  1   75.026  0.02189  264.27  265.43    2.942   38.916   10.22
 0.63778D-09 0.11100D+13 0.63096D+14   0.0150  1   64.400  0.01932  265.83  266.65    3.418   39.392   10.27
 0.72113D-09 0.11100D+13 0.70795D+14   0.0150  1   56.672  0.01778  266.88  267.51    3.522   39.521   10.35
 0.81019D-09 0.11100D+13 0.79433D+14   0.0150  1   50.232  0.01667  267.71  268.21    3.484   39.514   10.45
 0.90607D-09 0.11100D+13 0.89125D+14   0.0150  1   44.758  0.01582  268.39  268.79    3.355   39.415   10.55
 0.10125D-08 0.11100D+13 0.10000D+15   0.0150  1   39.928  0.01513  268.97  269.29    3.178   39.267   10.66
 0.11280D-08 0.11100D+13 0.11220D+15   0.0150  1   35.742  0.01458  269.46  269.72    2.952   39.068   10.78
 0.12616D-08 0.11100D+13 0.12589D+15   0.0150  1   31.878  0.01411  269.90  270.11    2.724   38.864   10.89
 0.14005D-08 0.11100D+13 0.14125D+15   0.0150  1   28.658  0.01373  270.27  270.44    2.436   38.597   11.01
 0.15551D-08 0.11100D+13 0.15849D+15   0.0150  1   25.760  0.01341  270.59  270.74    2.138   38.318   11.14
 0.17250D-08 0.11100D+13 0.17783D+15   0.0150  1   23.184  0.01313  270.87  271.00    1.824   38.020   11.26
 0.17250D-08 0.11100D+13 0.19953D+15   0.0150  1   23.184  0.01313  270.87  271.26    0.998   37.219   11.50
 0.90607D-09 0.11100D+13 0.22387D+15   0.0150  1   44.758  0.01582  268.39  268.84   -2.620   33.778   13.24
 0.95980D-09 0.11100D+13 0.25119D+15   0.0150  1   42.182  0.01545  268.70  269.05   -3.219   33.203   13.52
 0.10046D-08 0.11100D+13 0.28184D+15   0.0150  1   40.250  0.01518  268.94  269.28   -3.825   32.619   13.80
 0.10540D-08 0.11100D+13 0.31623D+15   0.0150  1   38.318  0.01492  269.16  269.49   -4.420   32.045   14.08
 0.11085D-08 0.11100D+13 0.35481D+15   0.0150  1   36.386  0.01466  269.39  269.68   -5.002   31.478   14.37
 0.11692D-08 0.11100D+13 0.39811D+15   0.0150  1   34.454  0.01442  269.61  269.85   -5.573   30.920   14.67
 0.11085D-08 0.11100D+13 0.44668D+15   0.0150  1   36.386  0.01466  269.39  270.33   -6.224   30.312   14.93
 0.10627D-08 0.11100D+13 0.50119D+15   0.0150  1   37.996  0.01487  269.20  270.80   -6.837   29.742   15.18
 0.10125D-08 0.11100D+13 0.56234D+15   0.0150  1   39.928  0.01513  268.97  271.31   -7.424   29.201   15.42
 0.96698D-09 0.11100D+13 0.63096D+15   0.0150  1   41.860  0.01540  268.74  271.82   -7.983   28.689   15.65
 0.92548D-09 0.11100D+13 0.70795D+15   0.0150  1   43.792  0.01568  268.51  272.34   -8.516   28.205   15.88
 0.88146D-09 0.11100D+13 0.79433D+15   0.0150  1   46.046  0.01601  268.24  272.90   -9.025   27.750   16.09
 0.84155D-09 0.11100D+13 0.89125D+15   0.0150  1   48.300  0.01636  267.96  273.46   -9.510   27.319   16.29
 0.80520D-09 0.11100D+13 0.10000D+16   0.0150  1   50.554  0.01672  267.67  274.02   -9.974   26.912   16.49
 0.38222D-09 0.11250D+13 0.35481D+14   0.0150  1  112.378  0.04000  256.81  260.93    0.000   36.740    9.52
 0.39482D-09 0.11250D+13 0.39811D+14   0.0150  1  108.514  0.03691  257.83  261.74    0.000   36.740    9.67
 0.40954D-09 0.11250D+13 0.44668D+14   0.0150  1  104.328  0.03405  258.84  262.52    0.000   36.740    9.83
 0.49454D-09 0.11250D+13 0.50119D+14   0.0150  1   85.330  0.02508  262.60  264.20    2.107   38.622   10.12
 0.60053D-09 0.11250D+13 0.56234D+14   0.0150  1   69.552  0.02049  265.09  266.06    3.325   39.775   10.09
 0.68594D-09 0.11250D+13 0.63096D+14   0.0150  1   60.536  0.01852  266.36  267.08    3.592   40.058   10.15
 0.77329D-09 0.11250D+13 0.70795D+14   0.0150  1   53.452  0.01721  267.30  267.86    3.623   40.119   10.24
 0.86409D-09 0.11250D+13 0.79433D+14   0.0150  1   47.656  0.01626  268.04  268.48    3.514   40.043   10.35
 0.96560D-09 0.11250D+13 0.89125D+14   0.0150  1   42.504  0.01549  268.67  269.03    3.356   39.916   10.45
 0.10770D-08 0.11250D+13 0.10000D+15   0.0150  1   37.996  0.01487  269.20  269.50    3.150   39.738   10.57
 0.12071D-08 0.11250D+13 0.11220D+15   0.0150  1   33.810  0.01434  269.69  269.91    2.943   39.557   10.67
 0.13314D-08 0.11250D+13 0.12589D+15   0.0150  1   30.590  0.01395  270.05  270.26    2.624   39.262   10.80
 0.14849D-08 0.11250D+13 0.14125D+15   0.0150  1   27.370  0.01358  270.41  270.58    2.353   39.011   10.92
 0.16577D-08 0.11250D+13 0.15849D+15   0.0150  1   24.472  0.01327  270.73  270.86    2.073   38.748   11.03
 0.18232D-08 0.11250D+13 0.17783D+15   0.0150  1   22.218  0.01303  270.97  271.12    1.708   38.399   11.16
 0.17248D-08 0.11250D+13 0.19953D+15   0.0150  1   23.506  0.01317  270.83  271.39    0.605   37.327   11.46
 0.94473D-09 0.11250D+13 0.22387D+15   0.0150  1   43.470  0.01563  268.55  268.98   -2.853   34.044   13.16
 0.10026D-08 0.11250D+13 0.25119D+15   0.0150  1   40.894  0.01527  268.86  269.18   -3.457   33.462   13.44
 0.10510D-08 0.11250D+13 0.28184D+15   0.0150  1   38.962  0.01500  269.09  269.40   -4.068   32.873   13.72
 0.11044D-08 0.11250D+13 0.31623D+15   0.0150  1   37.030  0.01475  269.31  269.59   -4.667   32.292   14.00
 0.11534D-08 0.11250D+13 0.35481D+15   0.0150  1   35.420  0.01454  269.50  269.80   -5.262   31.714   14.29
 0.11743D-08 0.11250D+13 0.39811D+15   0.0150  1   34.776  0.01446  269.57  270.07   -5.870   31.128   14.57
 0.11235D-08 0.11250D+13 0.44668D+15   0.0150  1   36.386  0.01466  269.39  270.54   -6.511   30.529   14.82
 0.10682D-08 0.11250D+13 0.50119D+15   0.0150  1   38.318  0.01492  269.16  271.04   -7.125   29.960   15.06
 0.10262D-08 0.11250D+13 0.56234D+15   0.0150  1   39.928  0.01513  268.97  271.53   -7.706   29.423   15.30
 0.98005D-09 0.11250D+13 0.63096D+15   0.0150  1   41.860  0.01540  268.74  272.05   -8.263   28.914   15.53
 0.93133D-09 0.11250D+13 0.70795D+15   0.0150  1   44.114  0.01572  268.47  272.60   -8.795   28.435   15.75
 0.89337D-09 0.11250D+13 0.79433D+15   0.0150  1   46.046  0.01601  268.24  273.14   -9.300   27.980   15.96
 0.85292D-09 0.11250D+13 0.89125D+15   0.0150  1   48.300  0.01636  267.96  273.71   -9.784   27.552   16.16
 0.81608D-09 0.11250D+13 0.10000D+16   0.0150  1   50.554  0.01672  267.67  274.28  -10.245   27.147   16.35
 0.38125D-09 0.11400D+13 0.31623D+14   0.0150  1  114.310  0.04173  256.26  260.53    0.000   37.230    9.29
 0.39253D-09 0.11400D+13 0.35481D+14   0.0150  1  110.768  0.03865  257.25  261.34    0.000   37.230    9.43
 0.40569D-09 0.11400D+13 0.39811D+14   0.0150  1  106.904  0.03576  258.23  262.13    0.000   37.230    9.58
 0.42230D-09 0.11400D+13 0.44668D+14   0.0150  1  102.396  0.03287  259.28  262.92    0.000   37.230    9.75
 0.55706D-09 0.11400D+13 0.50119D+14   0.0150  1   76.314  0.02225  264.07  265.28    3.010   39.952    9.93
 0.64881D-09 0.11400D+13 0.56234D+14   0.0150  1   65.044  0.01946  265.74  266.57    3.588   40.524    9.97
 0.73659D-09 0.11400D+13 0.63096D+14   0.0150  1   56.994  0.01784  266.84  267.46    3.735   40.697   10.05
 0.82696D-09 0.11400D+13 0.70795D+14   0.0150  1   50.554  0.01672  267.67  268.17    3.694   40.688   10.14
 0.92410D-09 0.11400D+13 0.79433D+14   0.0150  1   45.080  0.01587  268.35  268.75    3.557   40.584   10.25
 0.10318D-08 0.11400D+13 0.89125D+14   0.0150  1   40.250  0.01518  268.94  269.26    3.371   40.429   10.35
 0.11484D-08 0.11400D+13 0.10000D+15   0.0150  1   36.064  0.01462  269.43  269.69    3.134   40.221   10.47
 0.12830D-08 0.11400D+13 0.11220D+15   0.0150  1   32.200  0.01414  269.87  270.08    2.895   40.006   10.58
 0.14226D-08 0.11400D+13 0.12589D+15   0.0150  1   28.980  0.01377  270.23  270.41    2.594   39.728   10.70
 0.15777D-08 0.11400D+13 0.14125D+15   0.0150  1   26.082  0.01344  270.55  270.72    2.281   39.435   10.82
 0.17717D-08 0.11400D+13 0.15849D+15   0.0150  1   23.184  0.01313  270.87  270.98    2.022   39.192   10.92
 0.18475D-08 0.11400D+13 0.17783D+15   0.0150  1   22.218  0.01303  270.97  271.24    1.381   38.572   11.11
 0.17477D-08 0.11400D+13 0.19953D+15   0.0150  1   23.506  0.01317  270.83  271.51    0.277   37.499   11.41
 0.99312D-09 0.11400D+13 0.22387D+15   0.0150  1   41.860  0.01540  268.74  269.10   -3.078   34.315   13.09
 0.10399D-08 0.11400D+13 0.25119D+15   0.0150  1   39.928  0.01513  268.97  269.32   -3.705   33.712   13.36
 0.10914D-08 0.11400D+13 0.28184D+15   0.0150  1   37.996  0.01487  269.20  269.53   -4.320   33.117   13.63
 0.11484D-08 0.11400D+13 0.31623D+15   0.0150  1   36.064  0.01462  269.43  269.72   -4.923   32.531   13.91
 0.12119D-08 0.11400D+13 0.35481D+15   0.0150  1   34.132  0.01438  269.65  269.88   -5.514   31.954   14.20
 0.11900D-08 0.11400D+13 0.39811D+15   0.0150  1   34.776  0.01446  269.57  270.26   -6.158   31.343   14.47
 0.11385D-08 0.11400D+13 0.44668D+15   0.0150  1   36.386  0.01466  269.39  270.74   -6.796   30.747   14.72
 0.10824D-08 0.11400D+13 0.50119D+15   0.0150  1   38.318  0.01492  269.16  271.25   -7.409   30.180   14.95
 0.10318D-08 0.11400D+13 0.56234D+15   0.0150  1   40.250  0.01518  268.94  271.77   -7.990   29.646   15.18
 0.98574D-09 0.11400D+13 0.63096D+15   0.0150  1   42.182  0.01545  268.70  272.30   -8.544   29.142   15.41
 0.94375D-09 0.11400D+13 0.70795D+15   0.0150  1   44.114  0.01572  268.47  272.83   -9.071   28.664   15.62
 0.90528D-09 0.11400D+13 0.79433D+15   0.0150  1   46.046  0.01601  268.24  273.38   -9.575   28.211   15.83
 0.86429D-09 0.11400D+13 0.89125D+15   0.0150  1   48.300  0.01636  267.96  273.95  -10.057   27.786   16.02
 0.82696D-09 0.11400D+13 0.10000D+16   0.0150  1   50.554  0.01672  267.67  274.54  -10.516   27.384   16.20
 0.39034D-09 0.11550D+13 0.31623D+14   0.0150  1  113.022  0.04056  256.63  260.92    0.000   37.720    9.20
 0.40313D-09 0.11550D+13 0.35481D+14   0.0150  1  109.158  0.03739  257.67  261.74    0.000   37.720    9.35
 0.41806D-09 0.11550D+13 0.39811D+14   0.0150  1  104.972  0.03446  258.69  262.53    0.000   37.720    9.51
 0.48696D-09 0.11550D+13 0.44668D+14   0.0150  1   89.194  0.02652  261.92  263.73    1.767   39.290    9.88
 0.60848D-09 0.11550D+13 0.50119D+14   0.0150  1   70.518  0.02073  264.95  265.95    3.458   40.872    9.80
 0.69711D-09 0.11550D+13 0.56234D+14   0.0150  1   61.180  0.01865  266.28  267.01    3.775   41.204    9.86
 0.78478D-09 0.11550D+13 0.63096D+14   0.0150  1   54.096  0.01732  267.22  267.79    3.803   41.264    9.95
 0.88136D-09 0.11550D+13 0.70795D+14   0.0150  1   47.978  0.01631  268.00  268.44    3.733   41.226   10.05
 0.98410D-09 0.11550D+13 0.79433D+14   0.0150  1   42.826  0.01554  268.63  268.99    3.567   41.093   10.15
 0.10967D-08 0.11550D+13 0.89125D+14   0.0150  1   38.318  0.01492  269.16  269.46    3.350   40.907   10.26
 0.12279D-08 0.11550D+13 0.10000D+15   0.0150  1   34.132  0.01438  269.65  269.88    3.133   40.717   10.37
 0.13669D-08 0.11550D+13 0.11220D+15   0.0150  1   30.590  0.01395  270.05  270.24    2.859   40.468   10.48
 0.15071D-08 0.11550D+13 0.12589D+15   0.0150  1   27.692  0.01362  270.37  270.55    2.516   40.147   10.60
 0.16802D-08 0.11550D+13 0.14125D+15   0.0150  1   24.794  0.01330  270.69  270.84    2.222   39.871   10.72
 0.18718D-08 0.11550D+13 0.15849D+15   0.0150  1   22.218  0.01303  270.97  271.10    1.913   39.579   10.83
 0.18455D-08 0.11550D+13 0.17783D+15   0.0150  1   22.540  0.01306  270.94  271.36    0.983   38.675   11.08
 0.98410D-09 0.11550D+13 0.19953D+15   0.0150  1   42.826  0.01554  268.63  269.01   -2.678   35.186   12.75
 0.10373D-08 0.11550D+13 0.22387D+15   0.0150  1   40.572  0.01522  268.90  269.23   -3.313   34.576   13.01
 0.10878D-08 0.11550D+13 0.25119D+15   0.0150  1   38.640  0.01496  269.13  269.44   -3.945   33.967   13.28
 0.11436D-08 0.11550D+13 0.28184D+15   0.0150  1   36.708  0.01471  269.35  269.63   -4.565   33.367   13.55
 0.11948D-08 0.11550D+13 0.31623D+15   0.0150  1   35.098  0.01450  269.54  269.83   -5.181   32.769   13.83
 0.12628D-08 0.11550D+13 0.35481D+15   0.0150  1   33.166  0.01426  269.76  269.99   -5.776   32.186   14.12
 0.12056D-08 0.11550D+13 0.39811D+15   0.0150  1   34.776  0.01446  269.57  270.46   -6.445   31.558   14.37
 0.11436D-08 0.11550D+13 0.44668D+15   0.0150  1   36.708  0.01471  269.35  270.97   -7.086   30.963   14.61
 0.10967D-08 0.11550D+13 0.50119D+15   0.0150  1   38.318  0.01492  269.16  271.46   -7.691   30.402   14.84
 0.10453D-08 0.11550D+13 0.56234D+15   0.0150  1   40.250  0.01518  268.94  271.99   -8.270   29.870   15.07
 0.99871D-09 0.11550D+13 0.63096D+15   0.0150  1   42.182  0.01545  268.70  272.52   -8.822   29.368   15.29
 0.95617D-09 0.11550D+13 0.70795D+15   0.0150  1   44.114  0.01572  268.47  273.07   -9.348   28.893   15.50
 0.91101D-09 0.11550D+13 0.79433D+15   0.0150  1   46.368  0.01606  268.20  273.64   -9.849   28.447   15.69
 0.87567D-09 0.11550D+13 0.89125D+15   0.0150  1   48.300  0.01636  267.96  274.20  -10.329   28.020   15.89
 0.83785D-09 0.11550D+13 0.10000D+16   0.0150  1   50.554  0.01672  267.67  274.79  -10.787   27.620   16.07
 0.38925D-09 0.11700D+13 0.28184D+14   0.0150  1  114.954  0.04235  256.07  260.51    0.000   38.209    8.99
 0.40070D-09 0.11700D+13 0.31623D+14   0.0150  1  111.412  0.03918  257.07  261.33    0.000   38.209    9.12
 0.41404D-09 0.11700D+13 0.35481D+14   0.0150  1  107.548  0.03621  258.07  262.12    0.000   38.209    9.27
 0.42963D-09 0.11700D+13 0.39811D+14   0.0150  1  103.362  0.03345  259.06  262.89    0.000   38.209    9.43
 0.56270D-09 0.11700D+13 0.44668D+14   0.0150  1   77.602  0.02261  263.87  265.12    3.096   41.005    9.66
 0.65655D-09 0.11700D+13 0.50119D+14   0.0150  1   66.010  0.01967  265.60  266.47    3.738   41.638    9.69
 0.74784D-09 0.11700D+13 0.56234D+14   0.0150  1   57.638  0.01796  266.75  267.39    3.930   41.855    9.76
 0.83840D-09 0.11700D+13 0.63096D+14   0.0150  1   51.198  0.01683  267.59  268.10    3.884   41.843    9.85
 0.93545D-09 0.11700D+13 0.70795D+14   0.0150  1   45.724  0.01596  268.28  268.69    3.738   41.732    9.96
 0.10507D-08 0.11700D+13 0.79433D+14   0.0150  1   40.572  0.01522  268.90  269.22    3.591   41.616   10.05
 0.11685D-08 0.11700D+13 0.89125D+14   0.0150  1   36.386  0.01466  269.39  269.65    3.343   41.398   10.16
 0.13040D-08 0.11700D+13 0.10000D+15   0.0150  1   32.522  0.01418  269.83  270.04    3.091   41.173   10.27
 0.14443D-08 0.11700D+13 0.11220D+15   0.0150  1   29.302  0.01380  270.19  270.38    2.777   40.883   10.39
 0.16193D-08 0.11700D+13 0.12589D+15   0.0150  1   26.082  0.01344  270.55  270.69    2.516   40.642   10.49
 0.17937D-08 0.11700D+13 0.14125D+15   0.0150  1   23.506  0.01317  270.83  270.96    2.176   40.321   10.61
 0.19811D-08 0.11700D+13 0.15849D+15   0.0150  1   21.252  0.01293  271.07  271.20    1.814   39.974   10.74
 0.18695D-08 0.11700D+13 0.17783D+15   0.0150  1   22.540  0.01306  270.94  271.48    0.656   38.847   11.03
 0.10269D-08 0.11700D+13 0.19953D+15   0.0150  1   41.538  0.01536  268.78  269.14   -2.910   35.452   12.67
 0.10757D-08 0.11700D+13 0.22387D+15   0.0150  1   39.606  0.01509  269.01  269.36   -3.560   34.828   12.94
 0.11294D-08 0.11700D+13 0.25119D+15   0.0150  1   37.674  0.01483  269.24  269.56   -4.196   34.213   13.20
 0.11890D-08 0.11700D+13 0.28184D+15   0.0150  1   35.742  0.01458  269.46  269.74   -4.820   33.608   13.47
 0.12438D-08 0.11700D+13 0.31623D+15   0.0150  1   34.132  0.01438  269.65  269.94   -5.440   33.004   13.75
 0.12672D-08 0.11700D+13 0.35481D+15   0.0150  1   33.488  0.01430  269.72  270.20   -6.073   32.394   14.02
 0.12103D-08 0.11700D+13 0.39811D+15   0.0150  1   35.098  0.01450  269.54  270.68   -6.738   31.771   14.27
 0.11584D-08 0.11700D+13 0.44668D+15   0.0150  1   36.708  0.01471  269.35  271.17   -7.370   31.182   14.50
 0.11109D-08 0.11700D+13 0.50119D+15   0.0150  1   38.318  0.01492  269.16  271.67   -7.973   30.623   14.74
 0.10589D-08 0.11700D+13 0.56234D+15   0.0150  1   40.250  0.01518  268.94  272.20   -8.550   30.095   14.96
 0.10117D-08 0.11700D+13 0.63096D+15   0.0150  1   42.182  0.01545  268.70  272.75   -9.099   29.595   15.17
 0.96858D-09 0.11700D+13 0.70795D+15   0.0150  1   44.114  0.01572  268.47  273.30   -9.623   29.123   15.37
 0.92284D-09 0.11700D+13 0.79433D+15   0.0150  1   46.368  0.01606  268.20  273.88  -10.122   28.679   15.56
 0.88135D-09 0.11700D+13 0.89125D+15   0.0150  1   48.622  0.01641  267.92  274.47  -10.599   28.261   15.74
 0.84353D-09 0.11700D+13 0.10000D+16   0.0150  1   50.876  0.01677  267.63  275.07  -11.054   27.864   15.92
 0.39837D-09 0.11850D+13 0.28184D+14   0.0150  1  113.666  0.04114  256.44  260.90    0.000   38.699    8.90
 0.41023D-09 0.11850D+13 0.31623D+14   0.0150  1  110.124  0.03814  257.42  261.69    0.000   38.699    9.04
 0.42527D-09 0.11850D+13 0.35481D+14   0.0150  1  105.938  0.03510  258.46  262.50    0.000   38.699    9.19
 0.44287D-09 0.11850D+13 0.39811D+14   0.0150  1  101.430  0.03231  259.49  263.27    0.000   38.699    9.36
 0.61360D-09 0.11850D+13 0.44668D+14   0.0150  1   71.806  0.02105  264.76  265.80    3.569   41.948    9.53
 0.70454D-09 0.11850D+13 0.50119D+14   0.0150  1   62.146  0.01885  266.14  266.90    3.938   42.330    9.58
 0.79603D-09 0.11850D+13 0.56234D+14   0.0150  1   54.740  0.01743  267.14  267.72    4.009   42.432    9.67
 0.89265D-09 0.11850D+13 0.63096D+14   0.0150  1   48.622  0.01641  267.92  268.38    3.932   42.390    9.76
 0.99512D-09 0.11850D+13 0.70795D+14   0.0150  1   43.470  0.01563  268.55  268.93    3.755   42.248    9.86
 0.11160D-08 0.11850D+13 0.79433D+14   0.0150  1   38.640  0.01496  269.13  269.42    3.578   42.102    9.96
 0.12369D-08 0.11850D+13 0.89125D+14   0.0150  1   34.776  0.01446  269.57  269.83    3.293   41.848   10.08
 0.13741D-08 0.11850D+13 0.10000D+15   0.0150  1   31.234  0.01403  269.98  270.19    3.003   41.583   10.19
 0.15288D-08 0.11850D+13 0.11220D+15   0.0150  1   28.014  0.01366  270.34  270.52    2.704   41.307   10.30
 0.17020D-08 0.11850D+13 0.12589D+15   0.0150  1   25.116  0.01334  270.66  270.81    2.395   41.018   10.41
 0.18934D-08 0.11850D+13 0.14125D+15   0.0150  1   22.540  0.01306  270.94  271.07    2.071   40.711   10.52
 0.19770D-08 0.11850D+13 0.15849D+15   0.0150  1   21.574  0.01296  271.04  271.32    1.411   40.072   10.71
 0.18934D-08 0.11850D+13 0.17783D+15   0.0150  1   22.540  0.01306  270.94  271.60    0.329   39.019   10.98
 0.10725D-08 0.11850D+13 0.19953D+15   0.0150  1   40.250  0.01518  268.94  269.26   -3.144   35.715   12.60
 0.11252D-08 0.11850D+13 0.22387D+15   0.0150  1   38.318  0.01492  269.16  269.46   -3.798   35.086   12.86
 0.11834D-08 0.11850D+13 0.25119D+15   0.0150  1   36.386  0.01466  269.39  269.65   -4.439   34.465   13.13
 0.12369D-08 0.11850D+13 0.28184D+15   0.0150  1   34.776  0.01446  269.57  269.85   -5.076   33.847   13.40
 0.12956D-08 0.11850D+13 0.31623D+15   0.0150  1   33.166  0.01426  269.76  270.04   -5.700   33.239   13.67
 0.12834D-08 0.11850D+13 0.35481D+15   0.0150  1   33.488  0.01430  269.72  270.39   -6.360   32.609   13.93
 0.12258D-08 0.11850D+13 0.39811D+15   0.0150  1   35.098  0.01450  269.54  270.88   -7.023   31.989   14.17
 0.11733D-08 0.11850D+13 0.44668D+15   0.0150  1   36.708  0.01471  269.35  271.37   -7.653   31.402   14.40
 0.11160D-08 0.11850D+13 0.50119D+15   0.0150  1   38.640  0.01496  269.13  271.91   -8.256   30.847   14.62
 0.10725D-08 0.11850D+13 0.56234D+15   0.0150  1   40.250  0.01518  268.94  272.42   -8.829   30.320   14.85
 0.10247D-08 0.11850D+13 0.63096D+15   0.0150  1   42.182  0.01545  268.70  272.97   -9.376   29.823   15.05
 0.97410D-09 0.11850D+13 0.70795D+15   0.0150  1   44.436  0.01577  268.43  273.56   -9.897   29.358   15.24
 0.93468D-09 0.11850D+13 0.79433D+15   0.0150  1   46.368  0.01606  268.20  274.12  -10.395   28.913   15.44
 0.89265D-09 0.11850D+13 0.89125D+15   0.0150  1   48.622  0.01641  267.92  274.72  -10.869   28.496   15.61
 0.85434D-09 0.11850D+13 0.10000D+16   0.0150  1   50.876  0.01677  267.63  275.33  -11.323   28.103   15.78
 0.39718D-09 0.12000D+13 0.25119D+14   0.0150  1  115.598  0.04298  255.87  260.48    0.000   39.189    8.70
 0.40770D-09 0.12000D+13 0.28184D+14   0.0150  1  112.378  0.04000  256.81  261.27    0.000   39.189    8.82
 0.42115D-09 0.12000D+13 0.31623D+14   0.0150  1  108.514  0.03691  257.83  262.08    0.000   39.189    8.96
 0.43684D-09 0.12000D+13 0.35481D+14   0.0150  1  104.328  0.03405  258.84  262.86    0.000   39.189    9.12
 0.56166D-09 0.12000D+13 0.39811D+14   0.0150  1   79.856  0.02328  263.51  264.86    3.061   41.945    9.41
 0.66409D-09 0.12000D+13 0.44668D+14   0.0150  1   66.976  0.01989  265.47  266.35    3.910   42.771    9.42
 0.75484D-09 0.12000D+13 0.50119D+14   0.0150  1   58.604  0.01815  266.63  267.29    4.106   42.992    9.49
 0.84957D-09 0.12000D+13 0.56234D+14   0.0150  1   51.842  0.01693  267.51  268.03    4.099   43.021    9.57
 0.95293D-09 0.12000D+13 0.63096D+14   0.0150  1   46.046  0.01601  268.24  268.64    3.993   42.950    9.67
 0.10613D-08 0.12000D+13 0.70795D+14   0.0150  1   41.216  0.01531  268.82  269.15    3.786   42.777    9.77
 0.11781D-08 0.12000D+13 0.79433D+14   0.0150  1   37.030  0.01475  269.31  269.60    3.523   42.547    9.88
 0.13120D-08 0.12000D+13 0.89125D+14   0.0150  1   33.166  0.01426  269.76  269.99    3.256   42.308    9.99
 0.14656D-08 0.12000D+13 0.10000D+15   0.0150  1   29.624  0.01384  270.16  270.35    2.985   42.062   10.09
 0.16214D-08 0.12000D+13 0.11220D+15   0.0150  1   26.726  0.01351  270.48  270.65    2.643   41.742   10.21
 0.18152D-08 0.12000D+13 0.12589D+15   0.0150  1   23.828  0.01320  270.80  270.93    2.355   41.473   10.31
 0.20319D-08 0.12000D+13 0.14125D+15   0.0150  1   21.252  0.01293  271.07  271.17    2.055   41.188   10.42
 0.20020D-08 0.12000D+13 0.15849D+15   0.0150  1   21.574  0.01296  271.04  271.44    1.085   40.244   10.66
 0.10613D-08 0.12000D+13 0.17783D+15   0.0150  1   41.216  0.01531  268.82  269.17   -2.717   36.614   12.28
 0.11121D-08 0.12000D+13 0.19953D+15   0.0150  1   39.284  0.01505  269.05  269.38   -3.388   35.969   12.53
 0.11681D-08 0.12000D+13 0.22387D+15   0.0150  1   37.352  0.01479  269.28  269.58   -4.046   35.334   12.79
 0.12303D-08 0.12000D+13 0.25119D+15   0.0150  1   35.420  0.01454  269.50  269.76   -4.692   34.708   13.05
 0.12876D-08 0.12000D+13 0.28184D+15   0.0150  1   33.810  0.01434  269.69  269.95   -5.333   34.085   13.32
 0.13506D-08 0.12000D+13 0.31623D+15   0.0150  1   32.200  0.01414  269.87  270.13   -5.961   33.471   13.59
 0.12997D-08 0.12000D+13 0.35481D+15   0.0150  1   33.488  0.01430  269.72  270.58   -6.647   32.824   13.84
 0.12414D-08 0.12000D+13 0.39811D+15   0.0150  1   35.098  0.01450  269.54  271.07   -7.307   32.207   14.07
 0.11881D-08 0.12000D+13 0.44668D+15   0.0150  1   36.708  0.01471  269.35  271.57   -7.936   31.622   14.30
 0.11301D-08 0.12000D+13 0.50119D+15   0.0150  1   38.640  0.01496  269.13  272.12   -8.536   31.070   14.52
 0.10777D-08 0.12000D+13 0.56234D+15   0.0150  1   40.572  0.01522  268.90  272.67   -9.108   30.549   14.73
 0.10300D-08 0.12000D+13 0.63096D+15   0.0150  1   42.504  0.01549  268.67  273.22   -9.652   30.056   14.93
 0.98643D-09 0.12000D+13 0.70795D+15   0.0150  1   44.436  0.01577  268.43  273.79  -10.171   29.589   15.13
 0.94651D-09 0.12000D+13 0.79433D+15   0.0150  1   46.368  0.01606  268.20  274.36  -10.667   29.146   15.31
 0.90395D-09 0.12000D+13 0.89125D+15   0.0150  1   48.622  0.01641  267.92  274.97  -11.139   28.733   15.49
 0.86516D-09 0.12000D+13 0.10000D+16   0.0150  1   50.876  0.01677  267.63  275.58  -11.591   28.341   15.65
