R_tot = 1561.0 R_core =  1400.0  Tsurf =   100.00  g =  1.310
   zbot    P(MPa) Hint     conv melt pCLA   Tbot     Tm     etam        k   Fcond_bot Fcond_top   Fbot     Ftop    dlid z_topTBL z_botTBL
    0.00   -0.00 0.11024D-05  0  0  0.01847  273.16  261.49 0.32472D+15  2.168    0.000    0.000    0.000    0.000    0.00    0.00    0.00
    0.32    0.39 0.11026D-06  0  0  0.01851  273.12  265.26 0.21885D+15  2.168 1398.183 1397.607 1381.850 1413.938    0.32    0.32    0.32
    0.64    0.77 0.55143D-07  0  0  0.01856  273.09  265.87 0.20505D+15  2.168  699.103  698.526  682.765  714.859    0.64    0.64    0.64
    0.97    1.16 0.36770D-07  0  0  0.01860  273.06  266.26 0.19656D+15  2.168  466.076  465.499  449.734  481.835    0.97    0.97    0.97
    1.29    1.55 0.27583D-07  0  0  0.01864  273.02  266.54 0.19036D+15  2.169  349.562  348.986  333.215  365.323    1.29    1.29    1.29
    1.61    1.94 0.22071D-07  0  0  0.01868  272.99  266.77 0.18548D+15  2.169  279.654  279.077  263.303  295.417    1.61    1.61    1.61
    1.93    2.33 0.18396D-07  0  0  0.01872  272.96  266.96 0.18144D+15  2.169  233.048  232.472  216.693  248.814    1.93    1.93    1.93
    2.25    2.71 0.15771D-07  0  0  0.01877  272.93  267.12 0.17799D+15  2.170  199.759  199.182  183.398  215.527    2.25    2.25    2.25
    2.58    3.10 0.13803D-07  0  0  0.01881  272.89  267.26 0.17497D+15  2.170  174.791  174.215  158.426  190.562    2.58    2.58    2.58
    2.90    3.49 0.12272D-07  0  0  0.01885  272.86  267.39 0.17230D+15  2.170  155.372  154.796  139.003  171.145    2.90    2.90    2.90
    3.22    3.88 0.11047D-07  0  0  0.01889  272.83  267.50 0.16990D+15  2.170  139.837  139.261  123.463  155.612    3.22    3.22    3.22
    3.54    4.27 0.10045D-07  0  0  0.01894  272.79  267.60 0.16772D+15  2.171  127.126  126.550  110.748  142.903    3.54    3.54    3.54
    3.86    4.65 0.92095D-08  0  0  0.01898  272.76  267.69 0.16573D+15  2.171  116.534  115.957  100.151  132.313    3.86    3.86    3.86
    4.19    5.04 0.85028D-08  0  0  0.01902  272.72  267.77 0.16389D+15  2.171  107.571  106.995   91.184  123.353    4.19    4.19    4.19
    4.51    5.43 0.78971D-08  0  0  0.01907  272.69  267.84 0.16218D+15  2.171   99.888   99.312   83.497  115.673    4.51    4.51    4.51
    4.83    5.82 0.73721D-08  0  0  0.01911  272.66  267.91 0.16058D+15  2.172   93.230   92.654   76.834  109.017    4.83    4.83    4.83
    5.15    6.21 0.69128D-08  0  0  0.01916  272.62  267.98 0.15909D+15  2.172   87.404   86.828   71.004  103.193    5.15    5.15    5.15
    5.47    6.59 0.65075D-08  0  0  0.01920  272.59  268.03 0.15768D+15  2.172   82.264   81.688   65.858   98.055    5.47    5.47    5.47
    5.80    6.98 0.61473D-08  0  0  0.01924  272.56  268.09 0.15636D+15  2.173   77.695   77.119   61.285   93.488    5.80    5.80    5.80
    6.12    7.37 0.58249D-08  0  0  0.01929  272.52  268.14 0.15510D+15  2.173   73.606   73.030   57.192   89.402    6.12    6.12    6.12
    6.44    7.76 0.55348D-08  0  0  0.01933  272.49  268.19 0.15391D+15  2.173   69.926   69.351   53.507   85.725    6.44    6.44    6.44
    6.76    8.15 0.52723D-08  0  0  0.01938  272.45  268.23 0.15277D+15  2.173   66.597   66.022   50.174   82.398    6.76    6.76    6.76
    7.08    8.54 0.50337D-08  0  0  0.01942  272.42  268.27 0.15169D+15  2.174   63.571   62.995   47.143   79.373    7.08    7.08    7.08
    7.41    8.92 0.48159D-08  0  0  0.01947  272.39  268.31 0.15065D+15  2.174   60.807   60.232   44.375   76.612    7.41    7.41    7.41
    7.73    9.31 0.46162D-08  0  0  0.01951  272.35  268.35 0.14966D+15  2.174   58.274   57.699   41.837   74.081    7.73    7.73    7.73
    8.05    9.70 0.44324D-08  0  0  0.01956  272.32  268.38 0.14871D+15  2.175   55.944   55.368   39.502   71.753    8.05    8.05    8.05
    8.37   10.09 0.42628D-08  0  0  0.01961  272.28  268.42 0.14780D+15  2.175   53.792   53.217   37.346   69.604    8.37    8.37    8.37
    8.69   10.48 0.41058D-08  0  0  0.01965  272.25  268.45 0.14692D+15  2.175   51.801   51.225   35.350   67.615    8.69    8.69    8.69
    9.02   10.86 0.39600D-08  0  0  0.01970  272.21  268.47 0.14607D+15  2.176   49.951   49.376   33.496   65.767    9.02    9.02    9.02
    9.34   11.25 0.38242D-08  0  0  0.01975  272.18  268.50 0.14525D+15  2.176   48.229   47.653   31.769   64.048    9.34    9.34    9.34
    9.66   11.64 0.36975D-08  0  0  0.01979  272.14  268.53 0.14446D+15  2.176   46.621   46.046   30.157   62.443    9.66    9.66    9.66
    9.98   12.03 0.35790D-08  0  0  0.01984  272.11  268.55 0.14369D+15  2.176   45.118   44.543   28.649   60.941    9.98    9.98    9.98
   10.30   12.42 0.34679D-08  0  0  0.01989  272.08  268.57 0.14295D+15  2.177   43.708   43.133   27.235   59.534   10.30   10.30   10.30
   10.63   12.80 0.33635D-08  0  0  0.01993  272.04  268.59 0.14223D+15  2.177   42.384   41.809   25.906   58.212   10.63   10.63   10.63
   10.95   13.19 0.32652D-08  0  0  0.01998  272.01  268.61 0.14154D+15  2.177   41.137   40.562   24.655   56.968   10.95   10.95   10.95
   11.27   13.58 0.31726D-08  0  0  0.02003  271.97  268.63 0.14086D+15  2.178   39.962   39.387   23.475   55.795   11.27   11.27   11.27
   11.59   13.97 0.30851D-08  0  0  0.02008  271.94  268.64 0.14020D+15  2.178   38.852   38.277   22.361   54.687   11.59   11.59   11.59
   11.91   14.36 0.30023D-08  0  0  0.02013  271.90  268.66 0.13956D+15  2.178   37.802   37.228   21.306   53.640   11.91   11.91   11.91
   12.24   14.74 0.29239D-08  0  0  0.02017  271.87  268.68 0.13894D+15  2.178   36.808   36.233   20.307   52.647   12.24   12.24   12.24
   12.56   15.13 0.28495D-08  0  0  0.02022  271.83  268.69 0.13834D+15  2.179   35.864   35.289   19.359   51.706   12.56   12.56   12.56
   12.88   15.52 0.27789D-08  0  0  0.02027  271.79  268.70 0.13775D+15  2.179   34.968   34.393   18.458   50.812   12.88   12.88   12.88
   13.20   15.91 0.27117D-08  0  0  0.02032  271.76  268.71 0.13717D+15  2.179   34.115   33.540   17.600   49.961   13.20   13.20   13.20
   13.52   16.30 0.26476D-08  0  0  0.02037  271.72  268.72 0.13661D+15  2.180   33.303   32.728   16.784   49.152   13.52   13.52   13.52
   13.85   16.68 0.25866D-08  0  0  0.02042  271.69  268.73 0.13606D+15  2.180   32.528   31.954   16.005   48.379   13.85   13.85   13.85
   14.17   17.07 0.25283D-08  0  0  0.02047  271.65  268.74 0.13553D+15  2.180   31.789   31.215   15.261   47.643   14.17   14.17   14.17
   14.49   17.46 0.24727D-08  0  0  0.02052  271.62  268.75 0.13501D+15  2.181   31.083   30.508   14.550   46.938   14.49   14.49   14.49
   14.81   17.85 0.24194D-08  0  0  0.02057  271.58  268.76 0.13450D+15  2.181   30.407   29.833   13.869   46.265   14.81   14.81   14.81
   15.13   18.24 0.23684D-08  0  0  0.02062  271.55  268.77 0.13400D+15  2.181   29.760   29.186   13.218   45.620   15.13   15.13   15.13
   15.46   18.63 0.23196D-08  0  0  0.02067  271.51  268.77 0.13351D+15  2.181   29.140   28.566   12.593   45.003   15.46   15.46   15.46
   15.78   19.01 0.22727D-08  0  0  0.02072  271.47  268.78 0.13303D+15  2.182   28.545   27.971   11.994   44.410   15.78   15.78   15.78
   16.10   19.40 0.22277D-08  0  0  0.02077  271.44  268.78 0.13256D+15  2.182   27.974   27.400   11.419   43.842   16.10   16.10   16.10
   16.42   19.79 0.21845D-08  0  0  0.02082  271.40  268.79 0.13210D+15  2.182   27.426   26.852   10.865   43.296   16.42   16.42   16.42
   16.74   20.18 0.21429D-08  0  0  0.02087  271.37  268.79 0.13165D+15  2.183   26.898   26.324   10.333   42.770   16.74   16.74   16.74
   17.07   20.18 0.21029D-08  1  0  0.02093  271.33  268.79 0.13121D+15  2.183   26.391   25.817   10.203   42.639   10.11   14.53   16.42
   17.39   20.57 0.20644D-08  1  0  0.02098  271.29  268.80 0.13078D+15  2.183   25.902   25.328   10.092   42.526   10.13   14.47   16.74
   17.71   20.96 0.20273D-08  1  0  0.02103  271.26  268.80 0.13036D+15  2.184   25.431   24.857    9.983   42.416   10.15   14.40   17.07
   18.03   21.35 0.19915D-08  1  0  0.02108  271.22  268.80 0.12994D+15  2.184   24.977   24.403    9.876   42.307   10.17   14.35   17.39
   18.35   21.74 0.19570D-08  1  0  0.02114  271.18  268.80 0.12953D+15  2.184   24.538   23.965    9.772   42.201   10.20   14.29   17.72
   18.68   22.13 0.19236D-08  1  0  0.02119  271.15  268.80 0.12913D+15  2.185   24.115   23.542    9.669   42.096   10.22   14.24   18.04
   19.00   22.52 0.18914D-08  1  0  0.02124  271.11  268.80 0.12874D+15  2.185   23.706   23.133    9.568   41.994   10.24   14.20   18.37
   19.32   22.91 0.18603D-08  1  0  0.02129  271.07  268.80 0.12835D+15  2.185   23.311   22.738    9.468   41.893   10.26   14.15   18.69
   19.64   23.30 0.18302D-08  1  0  0.02135  271.04  268.80 0.12797D+15  2.185   22.929   22.355    9.371   41.794   10.28   14.11   19.02
   19.96   23.69 0.18010D-08  1  0  0.02140  271.00  268.80 0.12760D+15  2.186   22.559   21.985    9.275   41.697   10.30   14.07   19.35
   20.29   24.08 0.17728D-08  1  0  0.02146  270.96  268.79 0.12723D+15  2.186   22.201   21.627    9.180   41.601   10.32   14.04   19.67
   20.61   24.47 0.17454D-08  1  0  0.02151  270.93  268.79 0.12687D+15  2.186   21.854   21.280    9.087   41.507   10.34   14.00   20.00
   20.93   24.86 0.17190D-08  1  0  0.02157  270.89  268.79 0.12652D+15  2.187   21.517   20.944    8.996   41.414   10.35   13.97   20.32
   21.25   25.25 0.16933D-08  1  0  0.02162  270.85  268.78 0.12617D+15  2.187   21.191   20.618    8.906   41.323   10.37   13.94   20.65
   21.57   25.64 0.16683D-08  1  0  0.02168  270.82  268.78 0.12583D+15  2.187   20.874   20.301    8.817   41.233   10.39   13.91   20.97
   21.90   26.03 0.16441D-08  1  0  0.02173  270.78  268.78 0.12549D+15  2.188   20.567   19.994    8.730   41.144   10.41   13.88   21.30
   22.22   26.42 0.16206D-08  1  0  0.02179  270.74  268.77 0.12516D+15  2.188   20.269   19.696    8.644   41.057   10.43   13.86   21.63
   22.54   26.81 0.15978D-08  1  0  0.02184  270.70  268.77 0.12483D+15  2.188   19.979   19.406    8.559   40.971   10.44   13.83   21.95
   22.86   27.20 0.15756D-08  1  0  0.02190  270.67  268.76 0.12451D+15  2.189   19.698   19.125    8.476   40.887   10.46   13.81   22.28
   23.18   27.59 0.15541D-08  1  0  0.02196  270.63  268.76 0.12419D+15  2.189   19.424   18.851    8.393   40.803   10.48   13.79   22.60
   23.51   27.98 0.15331D-08  1  0  0.02201  270.59  268.75 0.12388D+15  2.189   19.158   18.585    8.312   40.721   10.49   13.77   22.93
   23.83   28.37 0.15127D-08  1  0  0.02207  270.55  268.74 0.12357D+15  2.190   18.899   18.326    8.231   40.640   10.51   13.75   23.26
   24.15   28.76 0.14928D-08  1  0  0.02213  270.52  268.74 0.12326D+15  2.190   18.646   18.074    8.152   40.560   10.53   13.73   23.58
   24.47   29.15 0.14735D-08  1  0  0.02218  270.48  268.73 0.12297D+15  2.190   18.401   17.828    8.074   40.480   10.54   13.72   23.91
   24.79   29.55 0.14547D-08  1  0  0.02224  270.44  268.72 0.12267D+15  2.191   18.162   17.589    7.997   40.402   10.56   13.70   24.24
   25.12   29.94 0.14363D-08  1  0  0.02230  270.40  268.71 0.12238D+15  2.191   17.928   17.356    7.921   40.325   10.57   13.68   24.56
   25.44   30.33 0.14184D-08  1  0  0.02236  270.36  268.71 0.12209D+15  2.191   17.701   17.129    7.845   40.249   10.59   13.67   24.89
   25.76   30.72 0.14010D-08  1  0  0.02242  270.33  268.70 0.12181D+15  2.192   17.480   16.908    7.771   40.174   10.60   13.66   25.22
   26.08   31.11 0.13840D-08  1  0  0.02248  270.29  268.69 0.12153D+15  2.192   17.264   16.692    7.697   40.100   10.62   13.65   25.54
   26.40   31.50 0.13674D-08  1  0  0.02254  270.25  268.68 0.12126D+15  2.192   17.053   16.481    7.624   40.026   10.63   13.63   25.87
   26.73   31.89 0.13512D-08  1  0  0.02259  270.21  268.67 0.12099D+15  2.193   16.847   16.275    7.552   39.954   10.65   13.62   26.20
   27.05   32.28 0.13354D-08  1  0  0.02265  270.17  268.66 0.12072D+15  2.193   16.646   16.074    7.481   39.882   10.66   13.61   26.52
   27.37   32.67 0.13200D-08  1  0  0.02271  270.13  268.65 0.12045D+15  2.193   16.450   15.878    7.411   39.811   10.68   13.60   26.85
   27.69   33.06 0.13049D-08  1  0  0.02278  270.09  268.64 0.12019D+15  2.194   16.259   15.687    7.341   39.741   10.69   13.59   27.18
   28.01   33.46 0.12901D-08  1  0  0.02284  270.06  268.63 0.11994D+15  2.194   16.071   15.500    7.273   39.672   10.71   13.59   27.50
   28.34   33.85 0.12757D-08  1  0  0.02290  270.02  268.62 0.11968D+15  2.194   15.889   15.317    7.204   39.603   10.72   13.58   27.83
   28.66   34.24 0.12617D-08  1  0  0.02296  269.98  268.61 0.11943D+15  2.195   15.710   15.138    7.137   39.535   10.73   13.57   28.16
   28.98   34.63 0.12479D-08  1  0  0.02302  269.94  268.60 0.11919D+15  2.195   15.535   14.963    7.070   39.468   10.75   13.56   28.49
   29.30   35.02 0.12345D-08  1  0  0.02308  269.90  268.59 0.11894D+15  2.195   15.364   14.792    7.004   39.401   10.76   13.56   28.81
   29.62   35.41 0.12213D-08  1  0  0.02314  269.86  268.58 0.11870D+15  2.196   15.196   14.625    6.939   39.335   10.77   13.55   29.14
   29.95   35.80 0.12084D-08  1  0  0.02321  269.82  268.56 0.11846D+15  2.196   15.033   14.462    6.874   39.270   10.79   13.55   29.47
   30.27   36.20 0.11958D-08  1  0  0.02327  269.78  268.55 0.11823D+15  2.196   14.873   14.301    6.810   39.206   10.80   13.54   29.80
   30.59   36.59 0.11835D-08  1  0  0.02333  269.74  268.54 0.11800D+15  2.197   14.716   14.145    6.746   39.142   10.81   13.54   30.13
   30.91   36.98 0.11714D-08  1  0  0.02340  269.70  268.53 0.11777D+15  2.197   14.562   13.991    6.683   39.078   10.83   13.53   30.45
   31.23   37.37 0.11595D-08  1  0  0.02346  269.66  268.51 0.11754D+15  2.197   14.412   13.841    6.620   39.016   10.84   13.53   30.78
   31.56   37.76 0.11480D-08  1  0  0.02352  269.62  268.50 0.11732D+15  2.198   14.264   13.693    6.558   38.953   10.85   13.53   31.11
   31.88   38.15 0.11366D-08  1  0  0.02359  269.58  268.49 0.11710D+15  2.198   14.120   13.549    6.497   38.892   10.86   13.52   31.44
   32.20   38.55 0.11255D-08  1  0  0.02365  269.54  268.47 0.11688D+15  2.198   13.978   13.407    6.436   38.831   10.88   13.52   31.77
   32.52   38.94 0.11145D-08  1  0  0.02372  269.50  268.46 0.11667D+15  2.199   13.839   13.269    6.375   38.770   10.89   13.52   32.10
   32.84   39.33 0.11039D-08  1  0  0.02378  269.46  268.44 0.11645D+15  2.199   13.703   13.133    6.316   38.710   10.90   13.52   32.42
   33.17   39.72 0.10934D-08  1  0  0.02385  269.42  268.43 0.11624D+15  2.199   13.570   12.999    6.256   38.651   10.91   13.51   32.75
   33.49   40.12 0.10831D-08  1  0  0.02392  269.38  268.42 0.11604D+15  2.200   13.439   12.869    6.197   38.592   10.92   13.51   33.08
   33.81   40.51 0.10730D-08  1  0  0.02398  269.34  268.40 0.11583D+15  2.200   13.311   12.740    6.139   38.533   10.94   13.51   33.41
   34.13   40.90 0.10631D-08  1  0  0.02405  269.30  268.39 0.11563D+15  2.200   13.185   12.615    6.080   38.475   10.95   13.51   33.74
   34.45   41.29 0.10534D-08  1  0  0.02412  269.26  268.37 0.11543D+15  2.201   13.061   12.491    6.023   38.417   10.96   13.51   34.07
   34.78   41.68 0.10438D-08  1  0  0.02418  269.22  268.36 0.11523D+15  2.201   12.940   12.370    5.966   38.360   10.97   13.51   34.40
   35.10   42.08 0.10345D-08  1  0  0.02425  269.18  268.34 0.11504D+15  2.201   12.821   12.251    5.909   38.304   10.98   13.51   34.73
   35.42   42.47 0.10253D-08  1  0  0.02432  269.14  268.32 0.11484D+15  2.202   12.704   12.134    5.852   38.247   10.99   13.51   35.06
   35.74   42.86 0.10162D-08  1  0  0.02439  269.10  268.31 0.11465D+15  2.202   12.589   12.019    5.796   38.191   11.00   13.51   35.39
   36.06   43.26 0.10074D-08  1  0  0.02446  269.06  268.29 0.11446D+15  2.202   12.476   11.906    5.741   38.136   11.01   13.51   35.72
   36.39   43.65 0.99868D-09  1  0  0.02453  269.02  268.28 0.11428D+15  2.203   12.365   11.796    5.685   38.081   11.02   13.51   36.05
   36.71   44.04 0.99012D-09  1  0  0.02460  268.97  268.26 0.11409D+15  2.203   12.257   11.687    5.630   38.026   11.04   13.51   36.38
   37.03   44.43 0.98172D-09  1  0  0.02467  268.93  268.24 0.11391D+15  2.203   12.150   11.580    5.576   37.972   11.05   13.51   36.71
   37.35   44.83 0.97346D-09  1  0  0.02474  268.89  268.22 0.11373D+15  2.204   12.044   11.475    5.522   37.918   11.06   13.52   37.04
   37.67   45.22 0.96534D-09  1  0  0.02481  268.85  268.21 0.11355D+15  2.204   11.941   11.372    5.468   37.865   11.07   13.52   37.37
   38.00   45.61 0.95735D-09  1  0  0.02488  268.81  268.19 0.11337D+15  2.205   11.839   11.270    5.414   37.811   11.08   13.52   37.70
   38.32   46.01 0.94951D-09  1  0  0.02495  268.77  268.17 0.11320D+15  2.205   11.740   11.170    5.361   37.759   11.09   13.52   38.03
   38.64   46.40 0.94179D-09  1  0  0.02502  268.72  268.15 0.11303D+15  2.205   11.641   11.072    5.308   37.706   11.10   13.52   38.36
   38.96   46.79 0.93420D-09  1  0  0.02509  268.68  268.14 0.11286D+15  2.206   11.545   10.976    5.255   37.654   11.11   13.52   38.69
   39.28   47.19 0.92674D-09  1  0  0.02517  268.64  268.12 0.11269D+15  2.206   11.450   10.881    5.203   37.602   11.12   13.53   39.02
   39.61   47.58 0.91939D-09  1  0  0.02524  268.60  268.10 0.11252D+15  2.206   11.356   10.787    5.151   37.551   11.13   13.53   39.35
   39.93   47.98 0.91217D-09  1  0  0.02531  268.56  268.08 0.11236D+15  2.207   11.264   10.695    5.099   37.499   11.14   13.53   39.69
   40.25   48.37 0.90506D-09  1  0  0.02539  268.51  268.06 0.11220D+15  2.207   11.173   10.605    5.048   37.449   11.15   13.54   40.02
   40.57   48.76 0.89806D-09  1  0  0.02546  268.47  268.04 0.11204D+15  2.207   11.084   10.516    4.997   37.398   11.16   13.54   40.35
   40.89   49.16 0.89118D-09  1  0  0.02554  268.43  268.02 0.11188D+15  2.208   10.997   10.428    4.946   37.348   11.17   13.54   40.68
   41.22   49.55 0.88440D-09  1  0  0.02561  268.39  268.00 0.11172D+15  2.208   10.910   10.342    4.895   37.298   11.18   13.54   41.01
   41.54   49.95 0.87773D-09  1  0  0.02569  268.34  267.99 0.11157D+15  2.208   10.825   10.257    4.845   37.248   11.19   13.55   41.35
   41.86   50.34 0.87115D-09  1  0  0.02576  268.30  267.97 0.11141D+15  2.209   10.741   10.173    4.795   37.198   11.20   13.55   41.68
   42.18   50.73 0.86468D-09  1  0  0.02584  268.26  267.95 0.11126D+15  2.209   10.659   10.091    4.745   37.149   11.21   13.56   42.01
   42.50   51.13 0.85831D-09  1  0  0.02592  268.21  267.93 0.11111D+15  2.210   10.578   10.010    4.695   37.100   11.22   13.56   42.34
   42.83   51.52 0.85204D-09  1  0  0.02599  268.17  267.91 0.11096D+15  2.210   10.498    9.930    4.645   37.052   11.23   13.56   42.68
   43.15   51.92 0.84585D-09  1  0  0.02607  268.13  267.89 0.11082D+15  2.210   10.419    9.851    4.596   37.003   11.24   13.57   43.01
   43.47   52.31 0.83976D-09  1  0  0.02615  268.08  267.86 0.11067D+15  2.211   10.341    9.773    4.547   36.955   11.25   13.57   43.34
   43.79   52.71 0.83376D-09  1  0  0.02623  268.04  267.84 0.11053D+15  2.211   10.265    9.697    4.498   36.907   11.26   13.58   43.68
   44.11   53.11 0.82785D-09  1  0  0.02631  268.00  267.82 0.11039D+15  2.211   10.189    9.622    4.450   36.859   11.26   13.58   44.01
   44.44   53.50 0.82202D-09  1  0  0.02639  267.95  267.80 0.11025D+15  2.212   10.115    9.547    4.401   36.812   11.27   13.58   44.35
   44.76   53.90 0.81628D-09  1  0  0.02646  267.91  267.78 0.11011D+15  2.212   10.042    9.474    4.353   36.765   11.28   13.59   44.68
   45.08   54.29 0.81062D-09  1  0  0.02655  267.86  267.76 0.10997D+15  2.213    9.970    9.402    4.305   36.718   11.29   13.59   45.02
   45.40   54.69 0.80503D-09  1  0  0.02663  267.82  267.74 0.10984D+15  2.213    9.898    9.331    4.257   36.671   11.30   13.60   45.35
   45.72   55.08 0.79953D-09  1  0  0.02671  267.78  267.72 0.10971D+15  2.213    9.828    9.261    4.210   36.624   11.31   13.60   45.69
   46.05   55.48 0.79411D-09  1  0  0.02679  267.73  267.69 0.10957D+15  2.214    9.759    9.192    4.162   36.578   11.32   13.61   46.02
   46.37   55.88 0.78876D-09  1  0  0.02687  267.69  267.67 0.10944D+15  2.214    9.691    9.123    4.115   36.532   11.33   13.61   46.36
   46.69   56.27 0.78348D-09  1  0  0.02695  267.64  267.65 0.10932D+15  2.215    9.623    9.056    4.068   36.486   11.34   13.62   46.69
   47.01   56.66 0.77827D-09  1  0  0.02704  267.60  267.63 0.10919D+15  2.215    9.557    8.990    4.021   36.440   11.35   13.62   47.01
   47.33   57.05 0.77314D-09  1  0  0.02712  267.55  267.60 0.10906D+15  2.215    9.491    8.924    3.974   36.394   11.35   13.63   47.33
   47.66   57.44 0.76808D-09  1  0  0.02720  267.51  267.58 0.10894D+15  2.216    9.427    8.860    3.927   36.349   11.36   13.63   47.66
   47.98   57.82 0.76308D-09  1  0  0.02729  267.46  267.56 0.10882D+15  2.216    9.363    8.796    3.881   36.304   11.37   13.64   47.98
   48.30   58.21 0.75815D-09  1  0  0.02737  267.42  267.54 0.10870D+15  2.216    9.300    8.733    3.835   36.258   11.38   13.65   48.30
   48.62   58.60 0.75329D-09  1  0  0.02746  267.37  267.51 0.10858D+15  2.217    9.238    8.671    3.788   36.214   11.39   13.65   48.62
   48.94   58.99 0.74849D-09  1  0  0.02754  267.33  267.49 0.10846D+15  2.217    9.176    8.610    3.742   36.169   11.40   13.66   48.94
   49.27   59.38 0.74375D-09  1  0  0.02763  267.28  267.47 0.10834D+15  2.218    9.116    8.550    3.696   36.124   11.41   13.66   49.27
   49.59   59.76 0.73908D-09  1  0  0.02772  267.23  267.44 0.10823D+15  2.218    9.056    8.490    3.650   36.080   11.41   13.67   49.59
   49.91   60.15 0.73446D-09  1  0  0.02781  267.19  267.42 0.10812D+15  2.218    8.997    8.431    3.605   36.036   11.42   13.67   49.91
   50.23   60.54 0.72990D-09  1  0  0.02789  267.14  267.39 0.10800D+15  2.219    8.939    8.373    3.559   35.991   11.43   13.68   50.23
   50.55   60.93 0.72541D-09  1  0  0.02798  267.10  267.37 0.10789D+15  2.219    8.881    8.315    3.514   35.947   11.44   13.69   50.55
   50.88   61.32 0.72097D-09  1  0  0.02807  267.05  267.35 0.10778D+15  2.220    8.825    8.259    3.468   35.904   11.45   13.69   50.88
   51.20   61.70 0.71658D-09  1  0  0.02816  267.00  267.32 0.10768D+15  2.220    8.769    8.203    3.423   35.860   11.46   13.70   51.20
   51.52   62.09 0.71225D-09  1  0  0.02825  266.96  267.30 0.10757D+15  2.220    8.713    8.148    3.378   35.816   11.46   13.71   51.52
   51.84   62.48 0.70797D-09  1  0  0.02834  266.91  267.27 0.10747D+15  2.221    8.659    8.093    3.333   35.773   11.47   13.71   51.84
   52.16   62.87 0.70375D-09  1  0  0.02843  266.86  267.25 0.10736D+15  2.221    8.604    8.039    3.288   35.730   11.48   13.72   52.16
   52.49   63.26 0.69958D-09  1  0  0.02852  266.82  267.22 0.10726D+15  2.222    8.551    7.986    3.243   35.686   11.49   13.73   52.49
   52.81   63.64 0.69546D-09  1  0  0.02862  266.77  267.20 0.10716D+15  2.222    8.498    7.933    3.199   35.643   11.50   13.73   52.81
   53.13   64.03 0.69139D-09  1  0  0.02871  266.72  267.17 0.10706D+15  2.222    8.446    7.881    3.154   35.600   11.51   13.74   53.13
   53.45   64.42 0.68737D-09  1  0  0.02880  266.67  267.14 0.10696D+15  2.223    8.395    7.830    3.109   35.558   11.51   13.75   53.45
   53.77   64.81 0.68339D-09  1  0  0.02890  266.63  267.12 0.10687D+15  2.223    8.344    7.779    3.065   35.515   11.52   13.75   53.77
   54.10   65.20 0.67947D-09  1  0  0.02899  266.58  267.09 0.10677D+15  2.224    8.294    7.729    3.020   35.472   11.53   13.76   54.10
   54.42   65.58 0.67559D-09  1  0  0.02909  266.53  267.07 0.10668D+15  2.224    8.244    7.679    2.976   35.430   11.54   13.77   54.42
   54.74   65.97 0.67175D-09  1  0  0.02918  266.48  267.04 0.10659D+15  2.224    8.195    7.630    2.932   35.387   11.55   13.77   54.74
   55.06   66.36 0.66796D-09  1  0  0.02928  266.44  267.01 0.10650D+15  2.225    8.146    7.582    2.888   35.345   11.55   13.78   55.06
   55.38   66.75 0.66422D-09  1  0  0.02937  266.39  266.99 0.10641D+15  2.225    8.098    7.534    2.844   35.303   11.56   13.79   55.38
   55.71   67.14 0.66052D-09  1  0  0.02947  266.34  266.96 0.10632D+15  2.226    8.051    7.487    2.800   35.261   11.57   13.79   55.71
   56.03   67.52 0.65686D-09  1  0  0.02957  266.29  266.93 0.10623D+15  2.226    8.004    7.440    2.756   35.219   11.58   13.80   56.03
   56.35   67.91 0.65324D-09  1  0  0.02967  266.24  266.91 0.10615D+15  2.227    7.958    7.393    2.712   35.177   11.59   13.81   56.35
   56.67   68.30 0.64967D-09  1  0  0.02977  266.19  266.88 0.10606D+15  2.227    7.912    7.348    2.668   35.135   11.59   13.82   56.67
   56.99   68.69 0.64613D-09  1  0  0.02987  266.14  266.85 0.10598D+15  2.227    7.866    7.303    2.624   35.093   11.60   13.82   56.99
   57.32   69.08 0.64264D-09  1  0  0.02997  266.09  266.82 0.10590D+15  2.228    7.822    7.258    2.580   35.052   11.61   13.83   57.32
   57.64   69.47 0.63918D-09  1  0  0.03007  266.04  266.80 0.10582D+15  2.228    7.777    7.214    2.536   35.010   11.62   13.84   57.64
   57.96   69.85 0.63576D-09  1  0  0.03017  265.99  266.77 0.10574D+15  2.229    7.733    7.170    2.493   34.969   11.62   13.85   57.96
   58.28   70.24 0.63238D-09  1  0  0.03027  265.95  266.74 0.10566D+15  2.229    7.690    7.127    2.449   34.927   11.63   13.86   58.28
   58.60   70.63 0.62904D-09  1  0  0.03038  265.90  266.71 0.10559D+15  2.230    7.647    7.084    2.405   34.886   11.64   13.86   58.60
   58.93   71.02 0.62573D-09  1  0  0.03048  265.85  266.68 0.10551D+15  2.230    7.605    7.041    2.362   34.845   11.65   13.87   58.93
   59.25   71.41 0.62246D-09  1  0  0.03059  265.80  266.65 0.10544D+15  2.230    7.563    6.999    2.318   34.803   11.66   13.88   59.25
   59.57   71.79 0.61922D-09  1  0  0.03069  265.74  266.63 0.10537D+15  2.231    7.521    6.958    2.275   34.762   11.66   13.89   59.57
   59.89   72.18 0.61602D-09  1  0  0.03080  265.69  266.60 0.10530D+15  2.231    7.480    6.917    2.231   34.721   11.67   13.90   59.89
   60.21   72.57 0.61286D-09  1  0  0.03090  265.64  266.57 0.10523D+15  2.232    7.439    6.876    2.188   34.680   11.68   13.90   60.21
   60.54   72.96 0.60972D-09  1  0  0.03101  265.59  266.54 0.10516D+15  2.232    7.399    6.836    2.144   34.639   11.69   13.91   60.54
   60.86   73.35 0.60663D-09  1  0  0.03112  265.54  266.51 0.10510D+15  2.233    7.359    6.797    2.101   34.598   11.69   13.92   60.86
   61.18   73.73 0.60356D-09  1  0  0.03123  265.49  266.48 0.10503D+15  2.233    7.320    6.757    2.058   34.557   11.70   13.93   61.18
   61.50   74.12 0.60052D-09  1  0  0.03134  265.44  266.45 0.10497D+15  2.233    7.281    6.718    2.014   34.516   11.71   13.94   61.50
   61.82   74.51 0.59752D-09  1  0  0.03145  265.39  266.42 0.10491D+15  2.234    7.242    6.680    1.971   34.475   11.72   13.95   61.82
   62.15   74.90 0.59455D-09  1  0  0.03156  265.34  266.39 0.10485D+15  2.234    7.204    6.642    1.927   34.435   11.73   13.95   62.15
   62.47   75.29 0.59161D-09  1  0  0.03167  265.28  266.36 0.10479D+15  2.235    7.166    6.604    1.884   34.394   11.73   13.96   62.47
   62.79   75.67 0.58870D-09  1  0  0.03178  265.23  266.33 0.10473D+15  2.235    7.129    6.567    1.841   34.353   11.74   13.97   62.79
   63.11   76.06 0.58582D-09  1  0  0.03189  265.18  266.30 0.10467D+15  2.236    7.092    6.530    1.797   34.312   11.75   13.98   63.11
   63.43   76.45 0.58296D-09  1  0  0.03201  265.13  266.27 0.10462D+15  2.236    7.055    6.493    1.754   34.272   11.76   13.99   63.43
   63.76   76.84 0.58014D-09  1  0  0.03212  265.07  266.24 0.10456D+15  2.237    7.018    6.457    1.710   34.231   11.76   14.00   63.76
   64.08   77.23 0.57735D-09  1  0  0.03224  265.02  266.21 0.10451D+15  2.237    6.982    6.421    1.667   34.191   11.77   14.01   64.08
   64.40   77.61 0.57458D-09  1  0  0.03235  264.97  266.17 0.10446D+15  2.238    6.947    6.385    1.624   34.150   11.78   14.02   64.40
   64.72   78.00 0.57184D-09  1  0  0.03247  264.92  266.14 0.10441D+15  2.238    6.912    6.350    1.580   34.109   11.79   14.02   64.72
   65.04   78.39 0.56913D-09  1  0  0.03259  264.86  266.11 0.10436D+15  2.238    6.877    6.315    1.537   34.069   11.79   14.03   65.04
   65.37   78.78 0.56644D-09  1  0  0.03271  264.81  266.08 0.10432D+15  2.239    6.842    6.281    1.493   34.028   11.80   14.04   65.37
   65.69   79.17 0.56379D-09  1  0  0.03283  264.75  266.05 0.10427D+15  2.239    6.808    6.247    1.450   33.988   11.81   14.05   65.69
   66.01   79.56 0.56115D-09  1  0  0.03295  264.70  266.02 0.10423D+15  2.240    6.774    6.213    1.406   33.947   11.82   14.06   66.01
   66.33   79.94 0.55855D-09  1  0  0.03307  264.65  265.98 0.10418D+15  2.240    6.740    6.179    1.363   33.907   11.83   14.07   66.33
   66.65   80.33 0.55596D-09  1  0  0.03319  264.59  265.95 0.10414D+15  2.241    6.707    6.146    1.319   33.866   11.83   14.08   66.65
   66.98   80.72 0.55341D-09  1  0  0.03331  264.54  265.92 0.10410D+15  2.241    6.674    6.113    1.275   33.826   11.84   14.09   66.98
   67.30   81.11 0.55087D-09  1  0  0.03343  264.48  265.89 0.10406D+15  2.242    6.641    6.081    1.232   33.786   11.85   14.10   67.30
   67.62   81.50 0.54837D-09  1  0  0.03356  264.43  265.85 0.10403D+15  2.242    6.609    6.048    1.188   33.745   11.86   14.11   67.62
   67.94   81.88 0.54588D-09  1  0  0.03368  264.37  265.82 0.10399D+15  2.243    6.576    6.016    1.144   33.705   11.86   14.12   67.94
   68.26   82.27 0.54342D-09  1  0  0.03381  264.32  265.79 0.10396D+15  2.243    6.545    5.985    1.101   33.664   11.87   14.13   68.26
   68.59   82.66 0.54098D-09  1  0  0.03394  264.26  265.75 0.10392D+15  2.244    6.513    5.953    1.057   33.624   11.88   14.14   68.59
   68.91   83.05 0.53857D-09  1  0  0.03406  264.21  265.72 0.10389D+15  2.244    6.482    5.922    1.013   33.583   11.89   14.15   68.91
   69.23   83.44 0.53617D-09  1  0  0.03419  264.15  265.68 0.10386D+15  2.245    6.451    5.891    0.969   33.543   11.89   14.16   69.23
   69.55   83.82 0.53380D-09  1  0  0.03432  264.09  265.65 0.10384D+15  2.245    6.420    5.861    0.925   33.502   11.90   14.17   69.55
   69.87   84.21 0.53145D-09  1  0  0.03445  264.04  265.62 0.10381D+15  2.246    6.390    5.831    0.881   33.462   11.91   14.18   69.87
   70.20   84.60 0.52913D-09  1  0  0.03459  263.98  265.58 0.10378D+15  2.246    6.360    5.801    0.837   33.421   11.92   14.19   70.20
   70.52   84.99 0.52682D-09  1  0  0.03472  263.92  265.55 0.10376D+15  2.247    6.330    5.771    0.793   33.380   11.93   14.20   70.52
   70.84   85.38 0.52454D-09  1  0  0.03485  263.87  265.51 0.10374D+15  2.247    6.300    5.741    0.749   33.340   11.93   14.21   70.84
   71.16   85.76 0.52227D-09  1  0  0.03499  263.81  265.48 0.10372D+15  2.248    6.271    5.712    0.704   33.299   11.94   14.22   71.16
   71.48   86.15 0.52003D-09  1  0  0.03512  263.75  265.44 0.10370D+15  2.248    6.242    5.683    0.660   33.259   11.95   14.23   71.48
   71.81   86.54 0.51781D-09  1  0  0.03526  263.69  265.41 0.10368D+15  2.249    6.213    5.655    0.616   33.218   11.96   14.24   71.81
   72.13   86.93 0.51560D-09  1  0  0.03540  263.64  265.37 0.10367D+15  2.249    6.184    5.626    0.571   33.177   11.96   14.25   72.13
   72.45   87.32 0.51342D-09  1  0  0.03553  263.58  265.34 0.10365D+15  2.250    6.156    5.598    0.527   33.136   11.97   14.26   72.45
   72.77   87.70 0.51125D-09  1  0  0.03567  263.52  265.30 0.10364D+15  2.250    6.128    5.570    0.482   33.096   11.98   14.27   72.77
   73.09   88.09 0.50911D-09  1  0  0.03581  263.46  265.26 0.10363D+15  2.251    6.100    5.542    0.437   33.055   11.99   14.28   73.09
   73.42   88.48 0.50698D-09  1  0  0.03596  263.40  265.23 0.10362D+15  2.251    6.072    5.515    0.392   33.014   12.00   14.30   73.42
   73.74   88.87 0.50487D-09  1  0  0.03610  263.34  265.19 0.10361D+15  2.252    6.045    5.487    0.348   32.973   12.00   14.31   73.74
   74.06   89.26 0.50278D-09  1  0  0.03624  263.28  265.15 0.10360D+15  2.252    6.018    5.460    0.303   32.932   12.01   14.32   74.06
   74.38   89.65 0.50071D-09  1  0  0.03639  263.22  265.12 0.10360D+15  2.253    5.991    5.434    0.257   32.891   12.02   14.33   74.38
   74.70   90.03 0.49866D-09  1  0  0.03653  263.16  265.08 0.10360D+15  2.253    5.964    5.407    0.212   32.850   12.03   14.34   74.70
   75.03   90.42 0.49662D-09  1  0  0.03668  263.10  265.04 0.10359D+15  2.254    5.938    5.381    0.167   32.809   12.04   14.35   75.03
   75.35   90.81 0.49460D-09  1  0  0.03683  263.04  265.01 0.10359D+15  2.254    5.911    5.354    0.122   32.768   12.04   14.36   75.35
   75.67   91.20 0.49260D-09  1  0  0.03698  262.98  264.97 0.10360D+15  2.255    5.885    5.329    0.076   32.727   12.05   14.37   75.67
   75.99   91.59 0.49062D-09  1  0  0.03713  262.92  264.93 0.10360D+15  2.255    5.859    5.303    0.031   32.685   12.06   14.39   75.99
   76.31   91.97 0.48865D-09  1  0  0.03728  262.86  264.21 0.11109D+15  2.256    5.834    5.277    0.000   32.658   12.39   14.34   76.31
   76.64   92.36 0.48670D-09  1  0  0.03743  262.80  264.20 0.11087D+15  2.256    5.808    5.252    0.000   32.658   12.39   14.33   76.64
   76.96   92.75 0.48476D-09  1  0  0.03759  262.74  264.18 0.11065D+15  2.257    5.783    5.227    0.000   32.658   12.39   14.32   76.96
   77.28   93.14 0.48284D-09  1  0  0.03774  262.67  264.16 0.11043D+15  2.258    5.758    5.202    0.000   32.658   12.39   14.31   77.28
   77.60   93.53 0.48094D-09  1  0  0.03790  262.61  264.14 0.11022D+15  2.258    5.733    5.177    0.000   32.658   12.39   14.31   77.60
   77.92   93.91 0.47905D-09  1  0  0.03805  262.55  264.12 0.11001D+15  2.259    5.709    5.153    0.000   32.658   12.38   14.30   77.92
   78.25   94.30 0.47718D-09  1  0  0.03821  262.49  264.10 0.10979D+15  2.259    5.684    5.129    0.000   32.658   12.38   14.29   78.25
   78.57   94.69 0.47533D-09  1  0  0.03837  262.42  264.08 0.10959D+15  2.260    5.660    5.104    0.000   32.658   12.38   14.28   78.57
   78.89   95.08 0.47349D-09  1  0  0.03853  262.36  264.06 0.10938D+15  2.260    5.636    5.080    0.000   32.658   12.38   14.27   78.89
   79.21   95.47 0.47166D-09  1  0  0.03870  262.30  264.04 0.10917D+15  2.261    5.612    5.057    0.000   32.658   12.38   14.27   79.21
   79.53   95.85 0.46985D-09  1  0  0.03886  262.23  264.02 0.10897D+15  2.261    5.588    5.033    0.000   32.658   12.38   14.26   79.53
   79.86   96.24 0.46805D-09  1  0  0.03903  262.17  264.00 0.10877D+15  2.262    5.565    5.010    0.000   32.658   12.38   14.25   79.86
   80.18   96.63 0.46627D-09  1  0  0.03919  262.10  263.98 0.10857D+15  2.263    5.541    4.987    0.000   32.658   12.38   14.24   80.18
   80.50   97.02 0.46450D-09  1  0  0.03936  262.04  263.96 0.10837D+15  2.263    5.518    4.964    0.000   32.658   12.37   14.23   80.50
   80.82   97.41 0.46275D-09  1  0  0.03953  261.97  263.94 0.10818D+15  2.264    5.495    4.941    0.000   32.658   12.37   14.23   80.82
   81.14   97.79 0.46101D-09  1  0  0.03970  261.91  263.92 0.10798D+15  2.264    5.472    4.918    0.000   32.658   12.37   14.22   81.14
   81.47   98.18 0.45929D-09  1  0  0.03987  261.84  263.90 0.10779D+15  2.265    5.450    4.896    0.000   32.658   12.37   14.21   81.47
   81.79   98.57 0.45757D-09  1  0  0.04005  261.77  263.88 0.10760D+15  2.265    5.427    4.873    0.000   32.658   12.37   14.20   81.79
   82.11   98.96 0.45587D-09  1  0  0.04022  261.71  263.86 0.10742D+15  2.266    5.405    4.851    0.000   32.658   12.37   14.20   82.11
   82.43   99.35 0.45419D-09  1  0  0.04040  261.64  263.84 0.10723D+15  2.267    5.383    4.829    0.000   32.658   12.37   14.19   82.43
   82.75   99.74 0.45252D-09  1  0  0.04058  261.57  263.81 0.10705D+15  2.267    5.361    4.807    0.000   32.658   12.37   14.18   82.75
   83.08  100.12 0.45086D-09  1  0  0.04076  261.50  263.79 0.10687D+15  2.268    5.339    4.786    0.000   32.658   12.37   14.17   83.08
   83.40  100.51 0.44921D-09  1  0  0.04094  261.44  263.77 0.10669D+15  2.268    5.317    4.764    0.000   32.658   12.37   14.17   83.40
   83.72  100.90 0.44758D-09  1  0  0.04112  261.37  263.75 0.10651D+15  2.269    5.295    4.743    0.000   32.658   12.36   14.16   83.72
   84.04  101.29 0.44596D-09  1  0  0.04130  261.30  263.72 0.10634D+15  2.270    5.274    4.721    0.000   32.658   12.36   14.15   84.04
   84.36  101.68 0.44435D-09  1  0  0.04149  261.23  263.70 0.10617D+15  2.270    5.253    4.700    0.000   32.658   12.36   14.14   84.36
   84.69  102.06 0.44275D-09  1  0  0.04168  261.16  263.68 0.10600D+15  2.271    5.232    4.679    0.000   32.658   12.36   14.14   84.69
   85.01  102.45 0.44117D-09  1  0  0.04187  261.09  263.66 0.10583D+15  2.271    5.211    4.659    0.000   32.658   12.36   14.13   85.01
   85.33  102.84 0.43959D-09  1  0  0.04206  261.02  263.63 0.10566D+15  2.272    5.190    4.638    0.000   32.658   12.36   14.12   85.33
   85.65  103.23 0.43803D-09  1  0  0.04225  260.95  263.61 0.10550D+15  2.273    5.169    4.618    0.000   32.658   12.36   14.11   85.65
   85.97  103.62 0.43648D-09  1  0  0.04244  260.88  263.58 0.10534D+15  2.273    5.149    4.597    0.000   32.658   12.36   14.11   85.97
   86.30  104.00 0.43495D-09  1  0  0.04264  260.81  263.56 0.10518D+15  2.274    5.128    4.577    0.000   32.658   12.36   14.10   86.30
   86.62  104.39 0.43342D-09  1  0  0.04284  260.74  263.53 0.10502D+15  2.274    5.108    4.557    0.000   32.658   12.36   14.09   86.62
   86.94  104.78 0.43191D-09  1  0  0.04303  260.66  263.51 0.10486D+15  2.275    5.088    4.537    0.000   32.658   12.36   14.09   86.94
   87.26  105.17 0.43040D-09  1  0  0.04324  260.59  263.49 0.10471D+15  2.276    5.068    4.517    0.000   32.658   12.36   14.08   87.26
   87.58  105.56 0.42891D-09  1  0  0.04344  260.52  263.46 0.10456D+15  2.276    5.048    4.498    0.000   32.658   12.35   14.07   87.58
   87.91  105.94 0.42743D-09  1  0  0.04364  260.45  263.43 0.10441D+15  2.277    5.029    4.478    0.000   32.658   12.35   14.06   87.91
   88.23  106.33 0.42596D-09  1  0  0.04385  260.37  263.41 0.10426D+15  2.278    5.009    4.459    0.000   32.658   12.35   14.06   88.23
   88.55  106.72 0.42450D-09  1  0  0.04406  260.30  263.38 0.10412D+15  2.278    4.990    4.440    0.000   32.658   12.35   14.05   88.55
   88.87  107.11 0.42305D-09  1  0  0.04427  260.22  263.36 0.10398D+15  2.279    4.970    4.421    0.000   32.658   12.35   14.04   88.87
   89.19  107.50 0.42161D-09  1  0  0.04448  260.15  263.33 0.10384D+15  2.280    4.951    4.402    0.000   32.658   12.35   14.04   89.19
   89.52  107.88 0.42018D-09  1  0  0.04469  260.07  263.30 0.10370D+15  2.280    4.932    4.383    0.000   32.658   12.35   14.03   89.52
   89.84  108.27 0.41876D-09  1  0  0.04491  260.00  263.28 0.10356D+15  2.281    4.913    4.364    0.000   32.658   12.35   14.02   89.84
   90.16  108.66 0.41736D-09  1  0  0.04513  259.92  263.25 0.10343D+15  2.282    4.894    4.345    0.000   32.658   12.35   14.02   90.16
   90.48  109.05 0.41596D-09  1  0  0.04535  259.84  263.22 0.10330D+15  2.282    4.876    4.327    0.000   32.658   12.35   14.01   90.48
   90.80  109.44 0.41457D-09  1  0  0.04557  259.77  263.19 0.10317D+15  2.283    4.857    4.309    0.000   32.658   12.35   14.00   90.80
   91.13  109.83 0.41319D-09  1  0  0.04579  259.69  263.17 0.10304D+15  2.284    4.839    4.290    0.000   32.658   12.35   13.99   91.13
   91.45  110.21 0.41183D-09  1  0  0.04602  259.61  263.14 0.10292D+15  2.284    4.820    4.272    0.000   32.658   12.35   13.99   91.45
   91.77  110.60 0.41047D-09  1  0  0.04625  259.53  263.11 0.10280D+15  2.285    4.802    4.254    0.000   32.658   12.35   13.98   91.77
   92.09  110.99 0.40912D-09  1  0  0.04648  259.45  263.08 0.10268D+15  2.286    4.784    4.236    0.000   32.658   12.35   13.97   92.09
   92.41  111.38 0.40778D-09  1  0  0.04671  259.37  263.05 0.10256D+15  2.287    4.766    4.218    0.000   32.658   12.35   13.97   92.41
   92.74  111.77 0.40645D-09  1  0  0.04694  259.29  263.02 0.10245D+15  2.287    4.748    4.201    0.000   32.658   12.35   13.96   92.74
   93.06  112.15 0.40513D-09  1  0  0.04718  259.21  262.99 0.10234D+15  2.288    4.730    4.183    0.000   32.658   12.35   13.95   93.06
   93.38  112.54 0.40381D-09  1  0  0.04742  259.13  262.96 0.10223D+15  2.289    4.713    4.166    0.000   32.658   12.35   13.95   93.38
   93.70  112.93 0.40251D-09  1  0  0.04766  259.05  262.93 0.10212D+15  2.289    4.695    4.148    0.000   32.658   12.35   13.94   93.70
   94.02  113.32 0.40122D-09  1  0  0.04791  258.97  262.90 0.10201D+15  2.290    4.678    4.131    0.000   32.658   12.35   13.93   94.02
   94.35  113.71 0.39993D-09  1  0  0.04815  258.89  262.87 0.10191D+15  2.291    4.660    4.114    0.000   32.658   12.35   13.93   94.35
   94.67  114.09 0.39866D-09  1  0  0.04840  258.80  262.84 0.10181D+15  2.292    4.643    4.097    0.000   32.658   12.35   13.92   94.67
   94.99  114.48 0.39739D-09  1  0  0.04865  258.72  262.81 0.10172D+15  2.292    4.626    4.080    0.000   32.658   12.35   13.91   94.99
   95.31  114.87 0.39613D-09  1  0  0.04891  258.63  262.78 0.10162D+15  2.293    4.609    4.063    0.000   32.658   12.35   13.91   95.31
   95.63  115.26 0.39488D-09  1  0  0.04916  258.55  262.75 0.10153D+15  2.294    4.592    4.046    0.000   32.658   12.35   13.90   95.63
   95.96  115.65 0.39364D-09  1  0  0.04942  258.46  262.72 0.10144D+15  2.295    4.575    4.030    0.000   32.658   12.35   13.89   95.96
   96.28  116.03 0.39240D-09  1  0  0.04969  258.38  262.68 0.10135D+15  2.295    4.558    4.013    0.000   32.658   12.35   13.89   96.28
   96.60  116.42 0.39118D-09  1  0  0.04995  258.29  262.65 0.10127D+15  2.296    4.541    3.997    0.000   32.658   12.35   13.88   96.60
   96.92 ******* 0.38996D-09  1  0  0.05022  258.20  262.62 0.10118D+15  2.297    4.525    3.980   -0.013   32.646   12.43   13.88 *******
   97.24  -43.93 0.38875D-09  1  0  0.05049  258.12  262.58 0.10110D+15  2.298    4.508    3.964   -0.051   32.612   12.43   13.89 -170.14
   97.57   31.51 0.38755D-09  1  0  0.05076  258.03  262.55 0.10102D+15  2.298    4.492    3.948   -0.090   32.578   12.44   13.90  -45.28
   97.89   58.97 0.38635D-09  1  0  0.05103  257.94  262.52 0.10095D+15  2.299    4.476    3.932   -0.130   32.544   12.44   13.91   -0.03
   98.21   73.32 0.38517D-09  1  0  0.05131  257.85  262.48 0.10088D+15  2.300    4.459    3.916   -0.169   32.509   12.44   13.92   23.46
   98.53   82.22 0.38399D-09  1  0  0.05159  257.76  262.45 0.10081D+15  2.301    4.443    3.900   -0.210   32.474   12.45   13.93   37.91
   98.85   88.35 0.38282D-09  1  0  0.05188  257.67  262.41 0.10075D+15  2.302    4.427    3.884   -0.250   32.438   12.45   13.94   47.76
   99.18   92.87 0.38166D-09  1  0  0.05217  257.57  262.38 0.10069D+15  2.302    4.411    3.869   -0.291   32.403   12.46   13.95   54.93
   99.50   96.37 0.38050D-09  1  0  0.05246  257.48  262.34 0.10063D+15  2.303    4.395    3.853   -0.332   32.366   12.46   13.96   60.42
   99.82   99.19 0.37936D-09  1  0  0.05275  257.39  262.31 0.10057D+15  2.304    4.380    3.837   -0.374   32.330   12.46   13.97   64.78
  100.14  101.53 0.37822D-09  1  0  0.05305  257.29  262.27 0.10052D+15  2.305    4.364    3.822   -0.416   32.293   12.47   13.99   68.35
  100.46  103.52 0.37708D-09  1  0  0.05335  257.20  262.23 0.10047D+15  2.306    4.348    3.806   -0.458   32.256   12.47   14.00   71.33
  100.79  105.25 0.37596D-09  1  0  0.05365  257.10  262.20 0.10042D+15  2.307    4.333    3.791   -0.501   32.219   12.47   14.01   73.88
  101.11  106.78 0.37484D-09  1  0  0.05396  257.01  262.16 0.10038D+15  2.308    4.317    3.776   -0.544   32.181   12.48   14.02   76.08
  101.43  108.14 0.37373D-09  1  0  0.05427  256.91  262.12 0.10034D+15  2.308    4.302    3.761   -0.588   32.143   12.48   14.03   78.02
  101.75  109.37 0.37262D-09  1  0  0.05458  256.81  262.09 0.10030D+15  2.309    4.286    3.746   -0.632   32.105   12.49   14.05   79.75
  102.07  110.51 0.37153D-09  1  0  0.05490  256.72  262.05 0.10027D+15  2.310    4.271    3.731   -0.677   32.066   12.49   14.06   81.31
  102.40  111.55 0.37044D-09  1  0  0.05522  256.62  262.01 0.10024D+15  2.311    4.256    3.716   -0.722   32.027   12.50   14.07   82.72
  102.72  112.52 0.36935D-09  1  0  0.05554  256.52  261.97 0.10021D+15  2.312    4.241    3.701   -0.768   31.988   12.50   14.08   84.01
  103.04  113.43 0.36828D-09  1  0  0.05587  256.42  261.93 0.10019D+15  2.313    4.226    3.686   -0.814   31.948   12.51   14.10   85.20
  103.36  114.29 0.36721D-09  1  0  0.05620  256.31  261.89 0.10017D+15  2.314    4.211    3.672   -0.860   31.908   12.51   14.11   86.31
  103.68  115.11 0.36614D-09  1  0  0.05654  256.21  261.85 0.10015D+15  2.315    4.196    3.657   -0.907   31.867   12.52   14.12   87.34
  104.01  115.89 0.36509D-09  1  0  0.05688  256.11  261.81 0.10014D+15  2.316    4.181    3.642   -0.954   31.826   12.52   14.14   88.31
  104.33  116.63 0.36404D-09  1  0  0.05722  256.00  261.77 0.10013D+15  2.317    4.166    3.628   -1.002   31.785   12.53   14.15   89.22
  104.65  117.35 0.36299D-09  1  0  0.05757  255.90  261.73 0.10012D+15  2.317    4.152    3.614   -1.051   31.743   12.53   14.16   90.09
  104.97  118.04 0.36196D-09  1  0  0.05792  255.79  261.69 0.10012D+15  2.318    4.137    3.599   -1.100   31.701   12.54   14.18   90.91
  105.29  118.70 0.36092D-09  1  0  0.05827  255.68  261.64 0.10012D+15  2.319    4.122    3.585   -1.149   31.658   12.54   14.19   91.69
  105.62  119.35 0.35990D-09  1  0  0.05863  255.58  261.60 0.10013D+15  2.320    4.108    3.571   -1.199   31.615   12.55   14.21   92.44
  105.94  119.98 0.35888D-09  1  0  0.05900  255.47  261.56 0.10014D+15  2.321    4.093    3.557   -1.250   31.571   12.55   14.22   93.16
  106.26  120.59 0.35787D-09  1  0  0.05936  255.36  261.51 0.10015D+15  2.322    4.079    3.543   -1.301   31.527   12.56   14.24   93.85
  106.58  121.19 0.35686D-09  1  0  0.05974  255.25  261.47 0.10017D+15  2.323    4.065    3.529   -1.353   31.483   12.57   14.25   94.52
  106.90  121.77 0.35586D-09  1  0  0.06011  255.13  261.43 0.10019D+15  2.324    4.050    3.515   -1.405   31.438   12.57   14.27   95.17
  107.23  122.34 0.35487D-09  1  0  0.06050  255.02  261.38 0.10022D+15  2.325    4.036    3.501   -1.458   31.393   12.58   14.29   95.80
  107.55  122.90 0.35388D-09  1  0  0.06088  254.91  261.34 0.10025D+15  2.326    4.022    3.487   -1.512   31.347   12.58   14.30   96.41
  107.87  123.45 0.35290D-09  1  0  0.06127  254.79  261.29 0.10028D+15  2.327    4.008    3.473   -1.566   31.301   12.59   14.32   97.00
  108.19  124.00 0.35192D-09  1  0  0.06167  254.68  261.24 0.10032D+15  2.328    3.994    3.459   -1.620   31.254   12.60   14.34   97.58
  108.51  124.53 0.35095D-09  1  0  0.06207  254.56  261.20 0.10036D+15  2.330    3.980    3.446   -1.676   31.207   12.60   14.35   98.14
  108.84  125.06 0.34999D-09  1  0  0.06248  254.44  261.15 0.10041D+15  2.331    3.966    3.432   -1.732   31.159   12.61   14.37   98.69
  109.16  125.57 0.34903D-09  1  0  0.06289  254.32  261.10 0.10047D+15  2.332    3.952    3.419   -1.788   31.111   12.62   14.39   99.23
  109.48  126.09 0.34808D-09  1  0  0.06331  254.20  261.05 0.10052D+15  2.333    3.938    3.405   -1.846   31.062   12.62   14.41   99.76
  109.80  126.59 0.34713D-09  1  0  0.06373  254.08  261.01 0.10059D+15  2.334    3.924    3.392   -1.904   31.012   12.63   14.43  100.28
  110.12  127.09 0.34619D-09  1  0  0.06416  253.95  260.96 0.10065D+15  2.335    3.911    3.378   -1.962   30.963   12.64   14.44  100.78
  110.45  127.59 0.34525D-09  1  0  0.06459  253.83  260.91 0.10073D+15  2.336    3.897    3.365   -2.021   30.912   12.65   14.46  101.28
  110.77  128.08 0.34432D-09  1  0  0.06503  253.70  260.86 0.10081D+15  2.337    3.883    3.352   -2.081   30.861   12.65   14.48  101.78
  111.09  128.57 0.34340D-09  1  0  0.06547  253.58  260.81 0.10089D+15  2.338    3.870    3.339   -2.142   30.809   12.66   14.50  102.26
  111.41  129.05 0.34248D-09  1  0  0.06592  253.45  260.75 0.10098D+15  2.340    3.856    3.325   -2.204   30.757   12.67   14.52  102.74
  111.73  129.52 0.34156D-09  1  0  0.06638  253.32  260.70 0.10107D+15  2.341    3.843    3.312   -2.266   30.704   12.68   14.54  103.21
  112.06  130.00 0.34065D-09  1  0  0.06684  253.18  260.65 0.10117D+15  2.342    3.829    3.299   -2.329   30.651   12.69   14.56  103.67
  112.38  130.47 0.33975D-09  1  0  0.06731  253.05  260.60 0.10128D+15  2.343    3.816    3.286   -2.393   30.597   12.70   14.58  104.13
  112.70  130.94 0.33885D-09  1  0  0.06779  252.92  260.54 0.10139D+15  2.344    3.802    3.273   -2.457   30.542   12.70   14.61  104.59
  113.02  131.40 0.33795D-09  1  0  0.06827  252.78  260.49 0.10151D+15  2.346    3.789    3.260   -2.523   30.487   12.71   14.63  105.03
  113.34  131.86 0.33706D-09  1  0  0.06876  252.64  260.43 0.10163D+15  2.347    3.776    3.247   -2.589   30.431   12.72   14.65  105.48
  113.67  132.32 0.33618D-09  1  0  0.06925  252.50  260.38 0.10176D+15  2.348    3.762    3.234   -2.656   30.374   12.73   14.67  105.92
  113.99  132.78 0.33530D-09  1  0  0.06976  252.36  260.32 0.10190D+15  2.350    3.749    3.222   -2.724   30.317   12.74   14.70  106.35
  114.31  133.23 0.33443D-09  1  0  0.07027  252.22  260.27 0.10204D+15  2.351    3.736    3.209   -2.793   30.259   12.75   14.72  106.78
  114.63  133.68 0.33356D-09  1  0  0.07078  252.08  260.21 0.10219D+15  2.352    3.723    3.196   -2.862   30.200   12.76   14.74  107.21
  114.95  134.13 0.33270D-09  1  0  0.07131  251.93  260.15 0.10235D+15  2.353    3.710    3.183   -2.933   30.141   12.77   14.77  107.63
  115.28  134.58 0.33184D-09  1  0  0.07184  251.78  260.09 0.10251D+15  2.355    3.696    3.171   -3.004   30.081   12.78   14.79  108.05
  115.60  135.02 0.33098D-09  1  0  0.07238  251.63  260.03 0.10268D+15  2.356    3.683    3.158   -3.077   30.020   12.79   14.82  108.47
  115.92  135.46 0.33013D-09  1  0  0.07293  251.48  259.97 0.10286D+15  2.358    3.670    3.145   -3.150   29.958   12.80   14.84  108.88
  116.24  135.91 0.32929D-09  1  0  0.07348  251.33  259.91 0.10305D+15  2.359    3.657    3.133   -3.224   29.896   12.81   14.87  109.29
  116.56  136.34 0.32845D-09  1  0  0.07405  251.18  259.85 0.10324D+15  2.360    3.644    3.120   -3.299   29.832   12.82   14.90  109.70
  116.89  136.78 0.32761D-09  1  0  0.07462  251.02  259.79 0.10345D+15  2.362    3.631    3.108   -3.376   29.768   12.84   14.92  110.10
  117.21  137.22 0.32678D-09  1  0  0.07520  250.86  259.72 0.10366D+15  2.363    3.618    3.095   -3.453   29.704   12.85   14.95  110.50
  117.53  137.65 0.32595D-09  1  0  0.07579  250.70  259.66 0.10388D+15  2.365    3.605    3.083   -3.532   29.638   12.86   14.98  110.90
  117.85  138.09 0.32513D-09  1  0  0.07639  250.53  259.60 0.10411D+15  2.366    3.592    3.070   -3.611   29.571   12.87   15.01  111.30
  118.17  138.52 0.32431D-09  1  0  0.07700  250.37  259.53 0.10434D+15  2.368    3.579    3.058   -3.692   29.504   12.88   15.04  111.69
  118.50  138.95 0.32350D-09  1  0  0.07762  250.20  259.46 0.10459D+15  2.369    3.566    3.046   -3.773   29.435   12.90   15.07  112.09
  118.82  139.38 0.32269D-09  1  0  0.07824  250.03  259.40 0.10484D+15  2.371    3.554    3.033   -3.856   29.366   12.91   15.10  112.48
  119.14  139.81 0.32189D-09  1  0  0.07888  249.86  259.33 0.10511D+15  2.373    3.541    3.021   -3.940   29.296   12.92   15.13  112.86
  119.46  140.23 0.32109D-09  1  0  0.07953  249.68  259.26 0.10539D+15  2.374    3.528    3.008   -4.025   29.225   12.94   15.16  113.25
  119.78  140.66 0.32029D-09  1  0  0.08019  249.51  259.19 0.10567D+15  2.376    3.515    2.996   -4.112   29.153   12.95   15.20  113.63
  120.11  141.08 0.31950D-09  1  0  0.08086  249.33  259.12 0.10597D+15  2.378    3.502    2.984   -4.199   29.080   12.96   15.23  114.02
  120.43  141.51 0.31872D-09  1  0  0.08154  249.14  259.05 0.10627D+15  2.379    3.489    2.972   -4.288   29.006   12.98   15.27  114.40
  120.75  141.93 0.31793D-09  1  0  0.08223  248.96  258.98 0.10659D+15  2.381    3.476    2.959   -4.378   28.931   12.99   15.30  114.78
  121.07  142.35 0.31716D-09  1  0  0.08293  248.77  258.90 0.10692D+15  2.383    3.463    2.947   -4.469   28.855   13.01   15.34  115.15
  121.39  142.77 0.31638D-09  1  0  0.08364  248.58  258.83 0.10727D+15  2.385    3.451    2.935   -4.562   28.777   13.02   15.37  115.53
  121.72  143.19 0.31561D-09  1  0  0.08437  248.39  258.75 0.10762D+15  2.386    3.438    2.923   -4.656   28.699   13.04   15.41  115.90
  122.04  143.61 0.31484D-09  1  0  0.08511  248.19  258.68 0.10799D+15  2.388    3.425    2.910   -4.752   28.620   13.05   15.45  116.28
  122.36  144.03 0.31408D-09  1  0  0.08586  247.99  258.60 0.10837D+15  2.390    3.412    2.898   -4.849   28.539   13.07   15.49  116.65
  122.68  144.44 0.31332D-09  1  0  0.08662  247.79  258.52 0.10876D+15  2.392    3.399    2.886   -4.947   28.457   13.09   15.53  117.02
  123.00  144.86 0.31257D-09  1  0  0.08740  247.58  258.44 0.10917D+15  2.394    3.386    2.874   -5.047   28.375   13.10   15.57  117.39
  123.33  145.28 0.31182D-09  1  0  0.08819  247.37  258.36 0.10959D+15  2.396    3.373    2.861   -5.149   28.290   13.12   15.61  117.76
  123.65  145.69 0.31107D-09  1  0  0.08900  247.16  258.28 0.11002D+15  2.398    3.361    2.849   -5.252   28.205   13.14   15.65  118.12
  123.97  146.10 0.31033D-09  1  0  0.08982  246.94  258.20 0.11048D+15  2.400    3.348    2.837   -5.356   28.119   13.16   15.69  118.49
  124.29  146.52 0.30959D-09  1  0  0.09065  246.72  258.11 0.11094D+15  2.402    3.335    2.825   -5.462   28.031   13.18   15.74  118.85
  124.61  146.93 0.30886D-09  1  0  0.09151  246.50  258.03 0.11143D+15  2.404    3.322    2.813   -5.570   27.941   13.19   15.78  119.21
  124.94  147.34 0.30813D-09  1  0  0.09237  246.27  257.94 0.11193D+15  2.406    3.309    2.800   -5.679   27.851   13.21   15.83  119.57
  125.26  147.75 0.30740D-09  1  0  0.09325  246.04  257.85 0.11245D+15  2.409    3.296    2.788   -5.791   27.759   13.23   15.88  119.93
  125.58  148.16 0.30668D-09  1  0  0.09415  245.80  257.76 0.11298D+15  2.411    3.283    2.776   -5.904   27.666   13.25   15.93  120.29
  125.90  148.57 0.30596D-09  1  0  0.09507  245.56  257.67 0.11354D+15  2.413    3.270    2.764   -6.018   27.571   13.27   15.98  120.65
  126.22  148.98 0.30524D-09  1  0  0.09600  245.32  257.58 0.11411D+15  2.415    3.257    2.751   -6.135   27.475   13.30   16.03  121.01
  126.55  149.39 0.30453D-09  1  0  0.09695  245.07  257.49 0.11471D+15  2.418    3.243    2.739   -6.253   27.377   13.32   16.08  121.36
  126.87  149.80 0.30382D-09  1  0  0.09792  244.81  257.39 0.11532D+15  2.420    3.230    2.727   -6.374   27.278   13.34   16.14  121.72
  127.19  150.20 0.30312D-09  1  0  0.09891  244.55  257.30 0.11596D+15  2.423    3.217    2.714   -6.496   27.177   13.36   16.19  122.07
  127.51  150.61 0.30242D-09  1  0  0.09992  244.29  257.20 0.11662D+15  2.425    3.204    2.702   -6.620   27.075   13.38   16.25  122.42
  127.83  151.02 0.30172D-09  1  0  0.10095  244.02  257.10 0.11731D+15  2.428    3.190    2.689   -6.747   26.971   13.41   16.31  122.78
  128.16  151.42 0.30102D-09  1  0  0.10200  243.74  257.00 0.11801D+15  2.431    3.177    2.677   -6.875   26.865   13.43   16.37  123.13
  128.48  151.83 0.30033D-09  1  0  0.10307  243.46  256.89 0.11875D+15  2.433    3.164    2.664   -7.006   26.757   13.46   16.43  123.48
  128.80  152.23 0.29964D-09  1  0  0.10417  243.18  256.79 0.11951D+15  2.436    3.150    2.652   -7.139   26.648   13.48   16.49  123.82
  129.12  152.64 0.29896D-09  1  0  0.10529  242.89  256.68 0.12029D+15  2.439    3.137    2.639   -7.274   26.537   13.51   16.56  124.17
  129.44  153.04 0.29828D-09  1  0  0.10643  242.59  256.58 0.12111D+15  2.442    3.123    2.626   -7.411   26.425   13.53   16.62  124.52
  129.77  153.44 0.29760D-09  1  0  0.10759  242.28  256.47 0.12195D+15  2.445    3.109    2.614   -7.551   26.310   13.56   16.69  124.86
  130.09  153.84 0.29693D-09  1  0  0.10878  241.97  256.36 0.12282D+15  2.448    3.095    2.601   -7.693   26.193   13.59   16.76  125.21
  130.41  154.24 0.29626D-09  1  0  0.11000  241.65  256.24 0.12373D+15  2.451    3.082    2.588   -7.837   26.075   13.62   16.83  125.55
  130.73  154.64 0.29559D-09  1  0  0.11124  241.33  256.13 0.12467D+15  2.454    3.068    2.575   -7.985   25.954   13.65   16.91  125.90
  131.05  155.04 0.29493D-09  1  0  0.11252  240.99  256.01 0.12565D+15  2.457    3.054    2.562   -8.134   25.832   13.67   16.98  126.24
  131.38  155.44 0.29427D-09  1  0  0.11382  240.65  255.89 0.12666D+15  2.461    3.039    2.549   -8.286   25.707   13.70   17.06  126.58
  131.70  155.84 0.29361D-09  1  0  0.11515  240.31  255.77 0.12770D+15  2.464    3.025    2.536   -8.441   25.581   13.74   17.14  126.92
  132.02  156.24 0.29296D-09  1  0  0.11651  239.95  255.65 0.12879D+15  2.468    3.011    2.523   -8.599   25.452   13.77   17.23  127.26
  132.34  156.64 0.29231D-09  1  0  0.11790  239.58  255.52 0.12992D+15  2.471    2.996    2.510   -8.759   25.321   13.80   17.31  127.59
  132.66  157.03 0.29166D-09  1  0  0.11933  239.21  255.40 0.13109D+15  2.475    2.982    2.496   -8.923   25.187   13.83   17.40  127.93
  132.99  157.43 0.29101D-09  1  0  0.12079  238.83  255.27 0.13231D+15  2.479    2.967    2.483   -9.089   25.051   13.86   17.49  128.27
  133.31  157.83 0.29037D-09  1  0  0.12228  238.43  255.13 0.13357D+15  2.483    2.952    2.469   -9.258   24.913   13.90   17.59  128.60
  133.63  158.22 0.28973D-09  1  0  0.12382  238.03  255.00 0.13489D+15  2.487    2.937    2.456   -9.431   24.773   13.93   17.68  128.94
  133.95  158.62 0.28910D-09  1  0  0.12539  237.61  254.86 0.13625D+15  2.491    2.922    2.442   -9.606   24.630   13.97   17.79  129.27
  134.27  159.01 0.28847D-09  1  0  0.12700  237.19  254.72 0.13767D+15  2.496    2.906    2.428   -9.785   24.484   14.01   17.89  129.60
  134.60  159.40 0.28784D-09  1  0  0.12865  236.75  254.58 0.13914D+15  2.500    2.891    2.414   -9.967   24.336   14.04   18.00  129.93
  134.92  159.80 0.28721D-09  1  0  0.13034  236.30  254.43 0.14068D+15  2.505    2.875    2.400  -10.152   24.185   14.08   18.11  130.26
  135.24  160.19 0.28659D-09  1  0  0.13208  235.84  254.29 0.14227D+15  2.509    2.859    2.385  -10.340   24.031   14.12   18.22  130.59
  135.56  160.58 0.28597D-09  1  0  0.13387  235.36  254.14 0.14393D+15  2.514    2.843    2.371  -10.533   23.875   14.16   18.34  130.91
  135.88  160.97 0.28535D-09  1  0  0.13570  234.88  253.98 0.14566D+15  2.519    2.827    2.356  -10.728   23.716   14.20   18.46  131.24
  136.21  161.36 0.28474D-09  1  0  0.13758  234.37  253.83 0.14746D+15  2.525    2.810    2.341  -10.928   23.554   14.24   18.59  131.56
  136.53  161.75 0.28413D-09  1  0  0.13952  233.85  253.67 0.14933D+15  2.530    2.793    2.326  -11.131   23.389   14.28   18.72  131.88
  136.85  162.13 0.28352D-09  1  0  0.14151  233.32  253.50 0.15128D+15  2.536    2.776    2.311  -11.338   23.221   14.33   18.85  132.21
  137.17  162.52 0.28291D-09  1  0  0.14355  232.77  253.34 0.15332D+15  2.541    2.759    2.295  -11.548   23.050   14.37   19.00  132.53
  137.49  162.91 0.28231D-09  1  0  0.14566  232.20  253.17 0.15544D+15  2.547    2.741    2.280  -11.763   22.876   14.41   19.14  132.84
  137.82  163.29 0.28171D-09  1  0  0.14783  231.61  253.00 0.15765D+15  2.554    2.723    2.264  -11.981   22.698   14.46   19.29  133.16
  138.14  163.67 0.28111D-09  1  0  0.15006  231.01  252.82 0.15996D+15  2.560    2.705    2.248  -12.204   22.518   14.50   19.45  133.48
  138.46  164.06 0.28052D-09  1  0  0.15236  230.38  252.64 0.16237D+15  2.567    2.687    2.231  -12.431   22.334   14.55   19.61  133.79
  138.78  164.44 0.27993D-09  1  0  0.15473  229.73  252.46 0.16488D+15  2.574    2.668    2.214  -12.662   22.147   14.60   19.78  134.10
  139.10  164.82 0.27934D-09  1  0  0.15717  229.06  252.27 0.16751D+15  2.581    2.648    2.197  -12.897   21.957   14.64   19.96  134.41
  139.43  165.20 0.27875D-09  1  0  0.15969  228.37  252.08 0.17025D+15  2.589    2.629    2.180  -13.137   21.763   14.69   20.14  134.72
  139.75  165.58 0.27817D-09  1  0  0.16229  227.65  251.89 0.17311D+15  2.597    2.608    2.162  -13.381   21.566   14.74   20.33  135.02
  140.07  165.95 0.27759D-09  1  0  0.16498  226.90  251.69 0.17610D+15  2.605    2.588    2.144  -13.629   21.365   14.79   20.53  135.32
  140.39  166.33 0.27701D-09  1  0  0.16775  226.12  251.49 0.17923D+15  2.613    2.567    2.126  -13.882   21.161   14.84   20.74  135.63
  140.71  166.70 0.27644D-09  1  0  0.17062  225.32  251.29 0.18249D+15  2.622    2.545    2.107  -14.139   20.953   14.88   20.95  135.92
  141.04  167.07 0.27586D-09  1  0  0.17359  224.48  251.08 0.18590D+15  2.632    2.523    2.088  -14.401   20.741   14.93   21.18  136.22
  141.36  167.44 0.27529D-09  1  0  0.17666  223.61  250.86 0.18947D+15  2.642    2.500    2.068  -14.667   20.527   14.98   21.41  136.51
  141.68  167.81 0.27473D-09  1  0  0.17984  222.71  250.65 0.19319D+15  2.652    2.477    2.047  -14.938   20.308   15.03   21.65  136.80
  142.00  168.18 0.27416D-09  1  0  0.18313  221.76  250.43 0.19708D+15  2.663    2.453    2.027  -15.213   20.086   15.07   21.91  137.09
  142.32  168.54 0.27360D-09  1  0  0.18655  220.78  250.20 0.20114D+15  2.674    2.428    2.005  -15.493   19.861   15.12   22.17  137.37
  142.65  168.90 0.27304D-09  1  0  0.19010  219.75  249.97 0.20538D+15  2.686    2.402    1.983  -15.777   19.632   15.16   22.45  137.65
  142.97  169.26 0.27248D-09  1  0  0.19378  218.67  249.74 0.20980D+15  2.699    2.376    1.961  -16.066   19.400   15.20   22.74  137.92
  143.29  172.69 0.27193D-09  0  0  0.19760  217.55  249.51 0.21441D+15  2.713    2.348    1.937  -16.179   19.312  143.29  143.29  143.29
  143.61  173.08 0.27138D-09  0  0  0.20158  216.37  249.27 0.21921D+15  2.727    2.320    1.913  -16.213   19.291  143.61  143.61  143.61
  143.93  173.47 0.27083D-09  0  0  0.20571  215.14  249.03 0.22419D+15  2.742    2.291    1.888  -16.247   19.268  143.93  143.93  143.93
  144.26  173.85 0.27028D-09  0  0  0.21002  213.84  248.79 0.22936D+15  2.758    2.261    1.862  -16.283   19.245  144.26  144.26  144.26
  144.58  174.24 0.26974D-09  0  0  0.21451  212.48  248.54 0.23472D+15  2.775    2.229    1.835  -16.320   19.221  144.58  144.58  144.58
  144.90  174.63 0.26919D-09  0  0  0.21920  211.05  248.29 0.24024D+15  2.793    2.196    1.808  -16.358   19.195  144.90  144.90  144.90
  145.22  175.02 0.26865D-09  0  0  0.22409  209.54  248.05 0.24592D+15  2.813    2.162    1.779  -16.398   19.169  145.22  145.22  145.22
  145.54  175.41 0.26812D-09  0  0  0.22920  207.95  247.80 0.25173D+15  2.833    2.127    1.749  -16.439   19.141  145.54  145.54  145.54
  145.87  175.80 0.26758D-09  0  0  0.23455  206.26  247.56 0.25765D+15  2.856    2.089    1.717  -16.482   19.112  145.87  145.87  145.87
  146.19  176.18 0.26705D-09  0  0  0.24016  204.48  247.32 0.26362D+15  2.880    2.050    1.684  -16.526   19.082  146.19  146.19  146.19
  146.51  176.57 0.26652D-09  0  0  0.24603  202.60  247.08 0.26959D+15  2.906    2.009    1.650  -16.573   19.050  146.51  146.51  146.51
  146.83  176.96 0.26599D-09  0  0  0.25219  200.60  246.85 0.27549D+15  2.934    1.966    1.614  -16.621   19.016  146.83  146.83  146.83
  147.15  177.35 0.26546D-09  0  0  0.25867  198.47  246.63 0.28120D+15  2.964    1.921    1.576  -16.672   18.981  147.15  147.15  147.15
  147.48  177.74 0.26494D-09  0  0  0.26549  196.21  246.42 0.28660D+15  2.997    1.873    1.536  -16.725   18.943  147.48  147.48  147.48
  147.80  178.12 0.26442D-09  0  0  0.27268  193.79  246.23 0.29153D+15  3.033    1.822    1.494  -16.781   18.904  147.80  147.80  147.80
  148.12  178.51 0.26390D-09  0  0  0.28026  191.20  246.06 0.29576D+15  3.073    1.769    1.449  -16.841   18.861  148.12  148.12  148.12
  148.44  178.90 0.26339D-09  0  0  0.28827  188.43  245.92 0.29903D+15  3.116    1.712    1.402  -16.903   18.816  148.44  148.44  148.44
  148.76  179.29 0.26287D-09  0  0  0.29674  185.46  245.82 0.30100D+15  3.165    1.651    1.351  -16.969   18.769  148.76  148.76  148.76
  149.09  179.68 0.26236D-09  0  0  0.30573  182.26  245.77 0.30126D+15  3.218    1.586    1.298  -17.040   18.717  149.09  149.09  149.09
  149.41  180.06 0.26185D-09  0  0  0.31527  178.81  245.77 0.29929D+15  3.279    1.517    1.240  -17.115   18.662  149.41  149.41  149.41
  149.73  180.45 0.26134D-09  0  0  0.32100  176.71  245.81 0.29622D+15  3.316    1.473    1.204  -17.163   18.629  149.73  149.73  149.73
  150.05  180.84 0.26084D-09  0  0  0.32100  176.71  245.81 0.29456D+15  3.316    1.471    1.201  -17.172   18.629  150.05  150.05  150.05
  150.37  181.23 0.26033D-09  0  0  0.32100  176.72  245.81 0.29291D+15  3.316    1.468    1.199  -17.180   18.628  150.37  150.37  150.37
  150.70  181.62 0.25983D-09  0  0  0.32100  176.72  245.81 0.29127D+15  3.316    1.465    1.196  -17.188   18.628  150.70  150.70  150.70
  151.02  182.00 0.25933D-09  0  0  0.32100  176.73  245.81 0.28964D+15  3.316    1.463    1.193  -17.196   18.628  151.02  151.02  151.02
  151.34  182.39 0.25884D-09  0  0  0.32100  176.74  245.81 0.28802D+15  3.316    1.460    1.191  -17.204   18.628  151.34  151.34  151.34
  151.66  182.78 0.25834D-09  0  0  0.32100  176.74  245.81 0.28641D+15  3.316    1.457    1.188  -17.212   18.627  151.66  151.66  151.66
  151.98  183.17 0.25785D-09  0  0  0.32100  176.75  245.81 0.28481D+15  3.316    1.455    1.185  -17.221   18.627  151.98  151.98  151.98
  152.31  183.56 0.25736D-09  0  0  0.32100  176.75  245.81 0.28322D+15  3.316    1.452    1.182  -17.229   18.627  152.31  152.31  152.31
  152.63  183.94 0.25687D-09  0  0  0.32100  176.76  245.80 0.28164D+15  3.316    1.449    1.180  -17.237   18.627  152.63  152.63  152.63
  152.95  184.33 0.25639D-09  0  0  0.32100  176.77  245.80 0.28007D+15  3.316    1.447    1.177  -17.245   18.626  152.95  152.95  152.95
  153.27  184.72 0.25590D-09  0  0  0.32100  176.77  245.80 0.27851D+15  3.316    1.444    1.174  -17.253   18.626  153.27  153.27  153.27
  153.59  185.11 0.25542D-09  0  0  0.32100  176.78  245.80 0.27696D+15  3.316    1.441    1.172  -17.261   18.626  153.59  153.59  153.59
  153.92  185.50 0.25494D-09  0  0  0.32100  176.78  245.80 0.27542D+15  3.315    1.439    1.169  -17.269   18.626  153.92  153.92  153.92
  154.24  185.89 0.25446D-09  0  0  0.32100  176.79  245.79 0.27389D+15  3.315    1.436    1.167  -17.277   18.626  154.24  154.24  154.24
  154.56  186.27 0.25399D-09  0  0  0.32100  176.79  245.79 0.27237D+15  3.315    1.434    1.164  -17.285   18.626  154.56  154.56  154.56
  154.88  186.66 0.25351D-09  0  0  0.32100  176.80  245.79 0.27085D+15  3.315    1.431    1.161  -17.294   18.626  154.88  154.88  154.88
  155.20  187.05 0.25304D-09  0  0  0.32100  176.81  245.79 0.26935D+15  3.315    1.429    1.159  -17.302   18.625  155.20  155.20  155.20
  155.53  187.44 0.25257D-09  0  0  0.32100  176.81  245.78 0.26786D+15  3.315    1.426    1.156  -17.310   18.625  155.53  155.53  155.53
  155.85  187.83 0.25210D-09  0  0  0.32100  176.82  245.78 0.26637D+15  3.315    1.424    1.154  -17.318   18.625  155.85  155.85  155.85
  156.17  188.21 0.25163D-09  0  0  0.32100  176.82  245.78 0.26490D+15  3.315    1.421    1.151  -17.326   18.625  156.17  156.17  156.17
  156.49  188.60 0.25117D-09  0  0  0.32100  176.83  245.78 0.26343D+15  3.315    1.419    1.148  -17.334   18.625  156.49  156.49  156.49
  156.81  188.99 0.25071D-09  0  0  0.32100  176.83  245.77 0.26197D+15  3.315    1.416    1.146  -17.342   18.625  156.81  156.81  156.81
  157.14  189.38 0.25025D-09  0  0  0.32100  176.84  245.77 0.26053D+15  3.315    1.414    1.143  -17.350   18.625  157.14  157.14  157.14
  157.46  189.77 0.24979D-09  0  0  0.32100  176.85  245.77 0.25909D+15  3.315    1.411    1.141  -17.358   18.625  157.46  157.46  157.46
  157.78  190.15 0.24933D-09  0  0  0.32100  176.85  245.76 0.25766D+15  3.315    1.409    1.138  -17.366   18.625  157.78  157.78  157.78
  158.10  190.54 0.24888D-09  0  0  0.32100  176.86  245.76 0.25623D+15  3.315    1.406    1.136  -17.374   18.625  158.10  158.10  158.10
  158.42  190.93 0.24843D-09  0  0  0.32100  176.86  245.75 0.25482D+15  3.314    1.404    1.133  -17.382   18.625  158.42  158.42  158.42
  158.75  191.32 0.24797D-09  0  0  0.32100  176.87  245.75 0.25341D+15  3.314    1.402    1.131  -17.390   18.625  158.75  158.75  158.75
  159.07  191.71 0.24753D-09  0  0  0.32100  176.88  245.75 0.25202D+15  3.314    1.399    1.129  -17.398   18.625  159.07  159.07  159.07
  159.39  192.09 0.24708D-09  0  0  0.32100  176.88  245.74 0.25063D+15  3.314    1.397    1.126  -17.406   18.625  159.39  159.39  159.39
  159.71  192.48 0.24663D-09  0  0  0.32100  176.89  245.74 0.24925D+15  3.314    1.394    1.124  -17.414   18.625  159.71  159.71  159.71
  160.03  192.87 0.24619D-09  0  0  0.32100  176.89  245.73 0.24788D+15  3.314    1.392    1.121  -17.421   18.625  160.03  160.03  160.03
  160.36  193.26 0.24575D-09  0  0  0.32100  176.90  245.73 0.24652D+15  3.314    1.390    1.119  -17.429   18.625  160.36  160.36  160.36
  160.68  193.65 0.24531D-09  0  0  0.32100  176.90  245.72 0.24516D+15  3.314    1.387    1.116  -17.437   18.625  160.68  160.68  160.68
  161.00  194.03 0.24487D-09  0  0  0.32100  176.91  245.72 0.24381D+15  3.314    1.385    1.114  -17.445   18.625  161.00  161.00  161.00
