R_tot = 1561.0 R_core =  1400.0  Tsurf =   100.00  g =  1.310
   zbot    P(MPa) Hint     conv melt pCLA   Tbot     Tm     etam        k   Fcond_bot Fcond_top   Fbot     Ftop    dlid z_topTBL z_botTBL
    0.00   -0.00 0.88194D-06  0  0  0.01105  273.24  261.57 0.32206D+15  2.167    0.000    0.000    0.000    0.000    0.00    0.00    0.00
    0.32    0.39 0.88210D-07  0  0  0.01108  273.21  264.63 0.23343D+15  2.167 1398.882 1398.305 1385.815 1411.370    0.32    0.32    0.32
    0.64    0.77 0.44114D-07  0  0  0.01110  273.18  265.14 0.22107D+15  2.167  699.459  698.882  686.388  711.948    0.64    0.64    0.64
    0.97    1.16 0.29416D-07  0  0  0.01113  273.15  265.45 0.21336D+15  2.168  466.317  465.740  453.243  478.809    0.97    0.97    0.97
    1.29    1.55 0.22066D-07  0  0  0.01115  273.12  265.69 0.20768D+15  2.168  349.747  349.170  336.669  362.240    1.29    1.29    1.29
    1.61    1.94 0.17657D-07  0  0  0.01118  273.08  265.88 0.20317D+15  2.168  279.804  279.227  266.723  292.299    1.61    1.61    1.61
    1.93    2.33 0.14717D-07  0  0  0.01120  273.05  266.03 0.19941D+15  2.168  233.176  232.599  220.091  245.673    1.93    1.93    1.93
    2.25    2.71 0.12617D-07  0  0  0.01123  273.02  266.16 0.19619D+15  2.169  199.870  199.293  186.781  212.369    2.25    2.25    2.25
    2.58    3.10 0.11042D-07  0  0  0.01125  272.99  266.28 0.19337D+15  2.169  174.890  174.313  161.798  187.391    2.58    2.58    2.58
    2.90    3.49 0.98174D-08  0  0  0.01128  272.96  266.38 0.19085D+15  2.169  155.462  154.885  142.366  167.964    2.90    2.90    2.90
    3.22    3.88 0.88374D-08  0  0  0.01131  272.93  266.46 0.18858D+15  2.170  139.919  139.342  126.820  152.423    3.22    3.22    3.22
    3.54    4.27 0.80357D-08  0  0  0.01133  272.89  266.54 0.18652D+15  2.170  127.202  126.625  114.099  139.708    3.54    3.54    3.54
    3.86    4.65 0.73676D-08  0  0  0.01136  272.86  266.62 0.18462D+15  2.170  116.604  116.028  103.498  129.112    3.86    3.86    3.86
    4.19    5.04 0.68022D-08  0  0  0.01138  272.83  266.68 0.18286D+15  2.170  107.637  107.061   94.527  120.147    4.19    4.19    4.19
    4.51    5.43 0.63177D-08  0  0  0.01141  272.80  266.74 0.18123D+15  2.171   99.951   99.374   86.837  112.463    4.51    4.51    4.51
    4.83    5.82 0.58977D-08  0  0  0.01144  272.77  266.80 0.17970D+15  2.171   93.290   92.713   80.172  105.803    4.83    4.83    4.83
    5.15    6.21 0.55303D-08  0  0  0.01146  272.74  266.85 0.17826D+15  2.171   87.461   86.884   74.340   99.976    5.15    5.15    5.15
    5.47    6.59 0.52060D-08  0  0  0.01149  272.70  266.89 0.17690D+15  2.171   82.318   81.742   69.194   94.835    5.47    5.47    5.47
    5.80    6.98 0.49178D-08  0  0  0.01151  272.67  266.94 0.17562D+15  2.172   77.746   77.170   64.618   90.265    5.80    5.80    5.80
    6.12    7.37 0.46599D-08  0  0  0.01154  272.64  266.98 0.17441D+15  2.172   73.656   73.080   60.524   86.177    6.12    6.12    6.12
    6.44    7.76 0.44279D-08  0  0  0.01157  272.61  267.01 0.17325D+15  2.172   69.975   69.398   56.839   82.497    6.44    6.44    6.44
    6.76    8.15 0.42179D-08  0  0  0.01159  272.57  267.05 0.17215D+15  2.173   66.644   66.068   53.505   79.169    6.76    6.76    6.76
    7.08    8.54 0.40270D-08  0  0  0.01162  272.54  267.08 0.17109D+15  2.173   63.616   63.040   50.473   76.142    7.08    7.08    7.08
    7.41    8.92 0.38527D-08  0  0  0.01165  272.51  267.11 0.17008D+15  2.173   60.851   60.275   47.705   73.380    7.41    7.41    7.41
    7.73    9.31 0.36929D-08  0  0  0.01168  272.48  267.13 0.16911D+15  2.173   58.317   57.741   45.167   70.847    7.73    7.73    7.73
    8.05    9.70 0.35459D-08  0  0  0.01170  272.45  267.16 0.16818D+15  2.174   55.985   55.409   42.832   68.517    8.05    8.05    8.05
    8.37   10.09 0.34103D-08  0  0  0.01173  272.41  267.18 0.16728D+15  2.174   53.833   53.257   40.676   66.367    8.37    8.37    8.37
    8.69   10.48 0.32846D-08  0  0  0.01176  272.38  267.21 0.16642D+15  2.174   51.840   51.264   38.680   64.376    8.69    8.69    8.69
    9.02   10.86 0.31680D-08  0  0  0.01179  272.35  267.23 0.16558D+15  2.174   49.990   49.414   36.825   62.527    9.02    9.02    9.02
    9.34   11.25 0.30594D-08  0  0  0.01181  272.31  267.25 0.16477D+15  2.175   48.267   47.691   35.099   60.806    9.34    9.34    9.34
    9.66   11.64 0.29580D-08  0  0  0.01184  272.28  267.26 0.16399D+15  2.175   46.659   46.083   33.487   59.200    9.66    9.66    9.66
    9.98   12.03 0.28632D-08  0  0  0.01187  272.25  267.28 0.16324D+15  2.175   45.154   44.579   31.979   57.698    9.98    9.98    9.98
   10.30   12.42 0.27743D-08  0  0  0.01190  272.22  267.29 0.16250D+15  2.176   43.744   43.168   30.565   56.289   10.30   10.30   10.30
   10.63   12.80 0.26908D-08  0  0  0.01193  272.18  267.31 0.16179D+15  2.176   42.419   41.844   29.237   54.966   10.63   10.63   10.63
   10.95   13.19 0.26122D-08  0  0  0.01195  272.15  267.32 0.16110D+15  2.176   41.172   40.597   27.986   53.721   10.95   10.95   10.95
   11.27   13.58 0.25381D-08  0  0  0.01198  272.12  267.33 0.16043D+15  2.176   39.997   39.421   26.807   52.547   11.27   11.27   11.27
   11.59   13.97 0.24681D-08  0  0  0.01201  272.09  267.34 0.15977D+15  2.177   38.886   38.311   25.693   51.439   11.59   11.59   11.59
   11.91   14.36 0.24019D-08  0  0  0.01204  272.05  267.35 0.15913D+15  2.177   37.836   37.261   24.639   50.390   11.91   11.91   11.91
   12.24   14.74 0.23391D-08  0  0  0.01207  272.02  267.36 0.15851D+15  2.177   36.841   36.266   23.640   49.397   12.24   12.24   12.24
   12.56   15.13 0.22796D-08  0  0  0.01210  271.99  267.37 0.15791D+15  2.178   35.897   35.321   22.692   48.455   12.56   12.56   12.56
   12.88   15.52 0.22231D-08  0  0  0.01213  271.95  267.38 0.15732D+15  2.178   35.000   34.425   21.792   47.560   12.88   12.88   12.88
   13.20   15.91 0.21693D-08  0  0  0.01216  271.92  267.38 0.15674D+15  2.178   34.147   33.572   20.935   46.709   13.20   13.20   13.20
   13.52   16.30 0.21181D-08  0  0  0.01219  271.89  267.39 0.15618D+15  2.178   33.334   32.759   20.119   45.898   13.52   13.52   13.52
   13.85   16.68 0.20693D-08  0  0  0.01222  271.85  267.40 0.15563D+15  2.179   32.559   31.984   19.341   45.125   13.85   13.85   13.85
   14.17   17.07 0.20227D-08  0  0  0.01224  271.82  267.40 0.15509D+15  2.179   31.820   31.245   18.597   44.387   14.17   14.17   14.17
   14.49   17.46 0.19781D-08  0  0  0.01227  271.79  267.40 0.15456D+15  2.179   31.113   30.538   17.887   43.683   14.49   14.49   14.49
   14.81   17.85 0.19355D-08  0  0  0.01230  271.75  267.41 0.15405D+15  2.180   30.437   29.862   17.207   43.008   14.81   14.81   14.81
   15.13   18.24 0.18947D-08  0  0  0.01233  271.72  267.41 0.15354D+15  2.180   29.790   29.215   16.557   42.363   15.13   15.13   15.13
   15.46   18.63 0.18557D-08  0  0  0.01236  271.69  267.41 0.15305D+15  2.180   29.170   28.595   15.933   41.745   15.46   15.46   15.46
   15.78   19.01 0.18182D-08  0  0  0.01239  271.65  267.41 0.15256D+15  2.180   28.575   28.000   15.334   41.152   15.78   15.78   15.78
   16.10   18.96 0.17822D-08  1  0  0.01243  271.62  267.41 0.15209D+15  2.181   28.004   27.429   14.988   40.807   10.59   14.45   15.37
   16.42   19.35 0.17476D-08  1  0  0.01246  271.59  267.41 0.15162D+15  2.181   27.455   26.880   14.872   40.687   10.61   14.40   15.69
   16.74   19.74 0.17143D-08  1  0  0.01249  271.55  267.41 0.15116D+15  2.181   26.927   26.353   14.758   40.569   10.64   14.36   16.01
   17.07   20.13 0.16823D-08  1  0  0.01252  271.52  267.41 0.15071D+15  2.182   26.420   25.845   14.647   40.455   10.67   14.32   16.34
   17.39   20.52 0.16515D-08  1  0  0.01255  271.48  267.41 0.15027D+15  2.182   25.931   25.356   14.538   40.342   10.69   14.28   16.66
   17.71   20.91 0.16218D-08  1  0  0.01258  271.45  267.41 0.14984D+15  2.182   25.459   24.885   14.431   40.232   10.72   14.24   16.98
   18.03   21.29 0.15932D-08  1  0  0.01261  271.42  267.41 0.14941D+15  2.182   25.005   24.431   14.326   40.123   10.74   14.21   17.30
   18.35   21.68 0.15656D-08  1  0  0.01264  271.38  267.40 0.14900D+15  2.183   24.567   23.992   14.224   40.017   10.76   14.18   17.63
   18.68   22.07 0.15389D-08  1  0  0.01267  271.35  267.40 0.14859D+15  2.183   24.143   23.569   14.123   39.913   10.79   14.15   17.95
   19.00   22.46 0.15131D-08  1  0  0.01271  271.31  267.40 0.14818D+15  2.183   23.734   23.160   14.024   39.811   10.81   14.12   18.27
   19.32   22.85 0.14882D-08  1  0  0.01274  271.28  267.39 0.14778D+15  2.184   23.339   22.765   13.927   39.711   10.83   14.09   18.59
   19.64   23.24 0.14641D-08  1  0  0.01277  271.25  267.39 0.14739D+15  2.184   22.957   22.383   13.832   39.612   10.86   14.07   18.92
   19.96   23.62 0.14408D-08  1  0  0.01280  271.21  267.38 0.14701D+15  2.184   22.587   22.013   13.738   39.515   10.88   14.05   19.24
   20.29   24.01 0.14182D-08  1  0  0.01283  271.18  267.38 0.14663D+15  2.184   22.228   21.654   13.646   39.420   10.90   14.03   19.56
   20.61   24.40 0.13964D-08  1  0  0.01287  271.14  267.37 0.14626D+15  2.185   21.881   21.307   13.556   39.327   10.92   14.01   19.88
   20.93   24.79 0.13752D-08  1  0  0.01290  271.11  267.37 0.14589D+15  2.185   21.545   20.971   13.467   39.235   10.94   13.99   20.21
   21.25   25.18 0.13546D-08  1  0  0.01293  271.07  267.36 0.14553D+15  2.185   21.218   20.645   13.380   39.144   10.96   13.97   20.53
   21.57   25.57 0.13347D-08  1  0  0.01296  271.04  267.36 0.14517D+15  2.186   20.902   20.328   13.294   39.055   10.98   13.96   20.85
   21.90   25.96 0.13153D-08  1  0  0.01300  271.01  267.35 0.14482D+15  2.186   20.595   20.021   13.209   38.967   11.00   13.94   21.18
   22.22   26.34 0.12965D-08  1  0  0.01303  270.97  267.34 0.14447D+15  2.186   20.296   19.723   13.126   38.881   11.02   13.93   21.50
   22.54   26.73 0.12783D-08  1  0  0.01306  270.94  267.33 0.14413D+15  2.187   20.006   19.433   13.044   38.796   11.04   13.92   21.82
   22.86   27.12 0.12605D-08  1  0  0.01310  270.90  267.33 0.14380D+15  2.187   19.725   19.151   12.963   38.712   11.06   13.91   22.14
   23.18   27.51 0.12433D-08  1  0  0.01313  270.87  267.32 0.14347D+15  2.187   19.451   18.877   12.883   38.629   11.08   13.90   22.47
   23.51   27.90 0.12265D-08  1  0  0.01317  270.83  267.31 0.14314D+15  2.187   19.185   18.611   12.805   38.548   11.10   13.89   22.79
   23.83   28.29 0.12102D-08  1  0  0.01320  270.80  267.30 0.14282D+15  2.188   18.925   18.352   12.727   38.468   11.12   13.88   23.11
   24.15   28.68 0.11943D-08  1  0  0.01323  270.76  267.29 0.14250D+15  2.188   18.673   18.100   12.651   38.389   11.14   13.87   23.44
   24.47   29.06 0.11788D-08  1  0  0.01327  270.73  267.28 0.14218D+15  2.188   18.428   17.854   12.576   38.310   11.16   13.86   23.76
   24.79   29.45 0.11637D-08  1  0  0.01330  270.69  267.27 0.14187D+15  2.189   18.188   17.615   12.501   38.233   11.17   13.85   24.08
   25.12   29.84 0.11491D-08  1  0  0.01334  270.66  267.26 0.14157D+15  2.189   17.955   17.382   12.428   38.157   11.19   13.85   24.41
   25.44   30.23 0.11347D-08  1  0  0.01337  270.62  267.25 0.14127D+15  2.189   17.728   17.155   12.356   38.083   11.21   13.84   24.73
   25.76   30.62 0.11208D-08  1  0  0.01341  270.59  267.24 0.14097D+15  2.190   17.506   16.933   12.285   38.008   11.23   13.84   25.05
   26.08   31.01 0.11072D-08  1  0  0.01344  270.55  267.23 0.14067D+15  2.190   17.290   16.717   12.214   37.935   11.24   13.83   25.38
   26.40   31.40 0.10939D-08  1  0  0.01348  270.52  267.22 0.14038D+15  2.190   17.080   16.507   12.145   37.863   11.26   13.83   25.70
   26.73   31.79 0.10810D-08  1  0  0.01351  270.48  267.21 0.14009D+15  2.190   16.874   16.301   12.076   37.792   11.28   13.82   26.02
   27.05   32.17 0.10683D-08  1  0  0.01355  270.44  267.20 0.13981D+15  2.191   16.673   16.100   12.008   37.722   11.29   13.82   26.35
   27.37   32.56 0.10560D-08  1  0  0.01358  270.41  267.19 0.13953D+15  2.191   16.477   15.904   11.941   37.652   11.31   13.82   26.67
   27.69   32.95 0.10439D-08  1  0  0.01362  270.37  267.18 0.13925D+15  2.191   16.285   15.713   11.875   37.583   11.32   13.82   26.99
   28.01   33.34 0.10321D-08  1  0  0.01366  270.34  267.16 0.13898D+15  2.192   16.098   15.525   11.809   37.515   11.34   13.81   27.32
   28.34   33.73 0.10206D-08  1  0  0.01369  270.30  267.15 0.13871D+15  2.192   15.915   15.343   11.744   37.448   11.36   13.81   27.64
   28.66   34.12 0.10093D-08  1  0  0.01373  270.27  267.14 0.13844D+15  2.192   15.736   15.164   11.680   37.382   11.37   13.81   27.96
   28.98   34.51 0.99833D-09  1  0  0.01377  270.23  267.13 0.13818D+15  2.193   15.561   14.989   11.617   37.316   11.39   13.81   28.29
   29.30   34.90 0.98757D-09  1  0  0.01380  270.19  267.11 0.13791D+15  2.193   15.390   14.818   11.555   37.251   11.40   13.81   28.61
   29.62   35.29 0.97704D-09  1  0  0.01384  270.16  267.10 0.13766D+15  2.193   15.223   14.651   11.493   37.187   11.42   13.81   28.93
   29.95   35.67 0.96673D-09  1  0  0.01388  270.12  267.09 0.13740D+15  2.194   15.059   14.487   11.431   37.123   11.43   13.81   29.26
   30.27   36.06 0.95665D-09  1  0  0.01391  270.09  267.07 0.13715D+15  2.194   14.899   14.327   11.371   37.060   11.45   13.81   29.58
   30.59   36.45 0.94677D-09  1  0  0.01395  270.05  267.06 0.13690D+15  2.194   14.742   14.170   11.311   36.998   11.46   13.81   29.90
   30.91   36.84 0.93710D-09  1  0  0.01399  270.01  267.05 0.13665D+15  2.194   14.589   14.017   11.251   36.936   11.47   13.81   30.23
   31.23   37.23 0.92764D-09  1  0  0.01403  269.98  267.03 0.13640D+15  2.195   14.438   13.866   11.192   36.875   11.49   13.81   30.55
   31.56   37.62 0.91836D-09  1  0  0.01407  269.94  267.02 0.13616D+15  2.195   14.291   13.719   11.134   36.815   11.50   13.81   30.87
   31.88   38.01 0.90927D-09  1  0  0.01411  269.90  267.00 0.13592D+15  2.195   14.147   13.575   11.076   36.755   11.52   13.82   31.20
   32.20   38.40 0.90037D-09  1  0  0.01414  269.87  266.99 0.13569D+15  2.196   14.005   13.433   11.019   36.696   11.53   13.82   31.52
   32.52   38.79 0.89164D-09  1  0  0.01418  269.83  266.98 0.13545D+15  2.196   13.866   13.294   10.963   36.637   11.54   13.82   31.84
   32.84   39.18 0.88308D-09  1  0  0.01422  269.80  266.96 0.13522D+15  2.196   13.730   13.159   10.907   36.579   11.56   13.82   32.17
   33.17   39.57 0.87469D-09  1  0  0.01426  269.76  266.94 0.13499D+15  2.197   13.597   13.025   10.851   36.521   11.57   13.82   32.49
   33.49   39.95 0.86646D-09  1  0  0.01430  269.72  266.93 0.13476D+15  2.197   13.466   12.894   10.796   36.464   11.58   13.83   32.82
   33.81   40.34 0.85838D-09  1  0  0.01434  269.69  266.91 0.13454D+15  2.197   13.338   12.766   10.742   36.407   11.60   13.83   33.14
   34.13   40.73 0.85046D-09  1  0  0.01438  269.65  266.90 0.13431D+15  2.198   13.212   12.640   10.687   36.351   11.61   13.83   33.46
   34.45   41.12 0.84269D-09  1  0  0.01442  269.61  266.88 0.13409D+15  2.198   13.088   12.517   10.634   36.296   11.62   13.83   33.79
   34.78   41.51 0.83506D-09  1  0  0.01446  269.57  266.87 0.13388D+15  2.198   12.967   12.396   10.581   36.241   11.64   13.84   34.11
   35.10   41.90 0.82757D-09  1  0  0.01450  269.54  266.85 0.13366D+15  2.199   12.848   12.277   10.528   36.186   11.65   13.84   34.43
   35.42   42.29 0.82022D-09  1  0  0.01454  269.50  266.83 0.13345D+15  2.199   12.731   12.160   10.476   36.132   11.66   13.84   34.76
   35.74   42.68 0.81300D-09  1  0  0.01458  269.46  266.82 0.13323D+15  2.199   12.616   12.045   10.424   36.078   11.67   13.85   35.08
   36.06   43.07 0.80591D-09  1  0  0.01462  269.43  266.80 0.13302D+15  2.199   12.503   11.932   10.372   36.025   11.68   13.85   35.41
   36.39   43.46 0.79894D-09  1  0  0.01466  269.39  266.78 0.13282D+15  2.200   12.393   11.822   10.321   35.972   11.70   13.86   35.73
   36.71   43.85 0.79210D-09  1  0  0.01471  269.35  266.77 0.13261D+15  2.200   12.284   11.713   10.271   35.920   11.71   13.86   36.05
   37.03   44.24 0.78537D-09  1  0  0.01475  269.31  266.75 0.13241D+15  2.200   12.177   11.606   10.221   35.867   11.72   13.86   36.38
   37.35   44.62 0.77876D-09  1  0  0.01479  269.28  266.73 0.13220D+15  2.201   12.072   11.501   10.171   35.816   11.73   13.87   36.70
   37.67   45.01 0.77227D-09  1  0  0.01483  269.24  266.71 0.13201D+15  2.201   11.969   11.398   10.121   35.765   11.74   13.87   37.03
   38.00   45.40 0.76588D-09  1  0  0.01487  269.20  266.70 0.13181D+15  2.201   11.867   11.296   10.072   35.714   11.76   13.88   37.35
   38.32   45.79 0.75961D-09  1  0  0.01492  269.16  266.68 0.13161D+15  2.202   11.767   11.197   10.023   35.663   11.77   13.88   37.67
   38.64   46.18 0.75343D-09  1  0  0.01496  269.13  266.66 0.13142D+15  2.202   11.669   11.098    9.975   35.613   11.78   13.89   38.00
   38.96   46.57 0.74736D-09  1  0  0.01500  269.09  266.64 0.13122D+15  2.202   11.572   11.002    9.927   35.564   11.79   13.89   38.32
   39.28   46.96 0.74139D-09  1  0  0.01505  269.05  266.62 0.13103D+15  2.203   11.477   10.907    9.879   35.514   11.80   13.90   38.65
   39.61   47.35 0.73551D-09  1  0  0.01509  269.01  266.60 0.13084D+15  2.203   11.384   10.814    9.832   35.465   11.81   13.90   38.97
   39.93   47.74 0.72973D-09  1  0  0.01513  268.97  266.59 0.13066D+15  2.203   11.292   10.722    9.785   35.417   11.82   13.91   39.29
   40.25   48.13 0.72405D-09  1  0  0.01518  268.94  266.57 0.13047D+15  2.204   11.201   10.631    9.738   35.368   11.83   13.91   39.62
   40.57   48.52 0.71845D-09  1  0  0.01522  268.90  266.55 0.13029D+15  2.204   11.112   10.542    9.691   35.320   11.85   13.92   39.94
   40.89   48.91 0.71294D-09  1  0  0.01527  268.86  266.53 0.13011D+15  2.204   11.025   10.455    9.645   35.273   11.86   13.92   40.27
   41.22   49.30 0.70752D-09  1  0  0.01531  268.82  266.51 0.12993D+15  2.205   10.938   10.368    9.599   35.225   11.87   13.93   40.59
   41.54   49.69 0.70218D-09  1  0  0.01536  268.78  266.49 0.12975D+15  2.205   10.853   10.283    9.554   35.178   11.88   13.93   40.91
   41.86   50.08 0.69692D-09  1  0  0.01540  268.74  266.47 0.12957D+15  2.205   10.770   10.200    9.509   35.132   11.89   13.94   41.24
   42.18   50.46 0.69175D-09  1  0  0.01545  268.70  266.45 0.12939D+15  2.206   10.687   10.118    9.464   35.085   11.90   13.95   41.56
   42.50   50.85 0.68665D-09  1  0  0.01549  268.67  266.43 0.12922D+15  2.206   10.606   10.036    9.419   35.039   11.91   13.95   41.89
   42.83   51.24 0.68163D-09  1  0  0.01554  268.63  266.41 0.12905D+15  2.206   10.526    9.957    9.374   34.993   11.92   13.96   42.21
   43.15   51.63 0.67668D-09  1  0  0.01558  268.59  266.39 0.12888D+15  2.207   10.448    9.878    9.330   34.948   11.93   13.96   42.54
   43.47   52.02 0.67181D-09  1  0  0.01563  268.55  266.37 0.12871D+15  2.207   10.370    9.800    9.286   34.902   11.94   13.97   42.86
   43.79   52.41 0.66701D-09  1  0  0.01568  268.51  266.35 0.12854D+15  2.207   10.294    9.724    9.242   34.857   11.95   13.98   43.18
   44.11   52.80 0.66228D-09  1  0  0.01572  268.47  266.33 0.12837D+15  2.208   10.218    9.649    9.199   34.813   11.96   13.98   43.51
   44.44   53.19 0.65762D-09  1  0  0.01577  268.43  266.31 0.12821D+15  2.208   10.144    9.575    9.156   34.768   11.97   13.99   43.83
   44.76   53.58 0.65302D-09  1  0  0.01582  268.39  266.29 0.12805D+15  2.208   10.071    9.502    9.113   34.724   11.98   13.99   44.16
   45.08   53.97 0.64849D-09  1  0  0.01587  268.35  266.27 0.12788D+15  2.209    9.999    9.429    9.070   34.680   11.99   14.00   44.48
   45.40   54.36 0.64403D-09  1  0  0.01591  268.31  266.25 0.12772D+15  2.209    9.927    9.358    9.028   34.636   12.00   14.01   44.81
   45.72   54.75 0.63963D-09  1  0  0.01596  268.28  266.23 0.12757D+15  2.209    9.857    9.288    8.985   34.593   12.01   14.01   45.13
   46.05   55.14 0.63528D-09  1  0  0.01601  268.24  266.20 0.12741D+15  2.210    9.788    9.219    8.943   34.549   12.02   14.02   45.46
   46.37   55.53 0.63100D-09  1  0  0.01606  268.20  266.18 0.12725D+15  2.210    9.720    9.151    8.901   34.506   12.03   14.03   45.78
   46.69   55.92 0.62678D-09  1  0  0.01611  268.16  266.16 0.12710D+15  2.210    9.653    9.084    8.860   34.464   12.04   14.03   46.10
   47.01   56.31 0.62262D-09  1  0  0.01616  268.12  266.14 0.12694D+15  2.211    9.586    9.018    8.818   34.421   12.05   14.04   46.43
   47.33   56.70 0.61851D-09  1  0  0.01621  268.08  266.12 0.12679D+15  2.211    9.521    8.952    8.777   34.379   12.06   14.05   46.75
   47.66   57.09 0.61446D-09  1  0  0.01626  268.04  266.10 0.12664D+15  2.211    9.456    8.888    8.736   34.337   12.07   14.05   47.08
   47.98   57.48 0.61047D-09  1  0  0.01631  268.00  266.07 0.12649D+15  2.212    9.393    8.824    8.695   34.295   12.08   14.06   47.40
   48.30   57.87 0.60652D-09  1  0  0.01636  267.96  266.05 0.12634D+15  2.212    9.330    8.761    8.654   34.253   12.09   14.07   47.73
   48.62   58.26 0.60263D-09  1  0  0.01641  267.92  266.03 0.12620D+15  2.213    9.268    8.699    8.614   34.211   12.09   14.07   48.05
   48.94   58.65 0.59879D-09  1  0  0.01646  267.88  266.01 0.12605D+15  2.213    9.207    8.638    8.573   34.170   12.10   14.08   48.38
   49.27   59.04 0.59500D-09  1  0  0.01651  267.84  265.98 0.12591D+15  2.213    9.146    8.578    8.533   34.129   12.11   14.09   48.70
   49.59   59.42 0.59126D-09  1  0  0.01656  267.80  265.96 0.12577D+15  2.214    9.086    8.518    8.493   34.088   12.12   14.09   49.03
   49.91   59.81 0.58757D-09  1  0  0.01662  267.75  265.94 0.12562D+15  2.214    9.028    8.460    8.453   34.047   12.13   14.10   49.35
   50.23   60.20 0.58392D-09  1  0  0.01667  267.71  265.92 0.12548D+15  2.214    8.969    8.402    8.414   34.007   12.14   14.11   49.68
   50.55   60.59 0.58033D-09  1  0  0.01672  267.67  265.89 0.12534D+15  2.215    8.912    8.344    8.374   33.967   12.15   14.11   50.00
   50.88   60.98 0.57677D-09  1  0  0.01677  267.63  265.87 0.12521D+15  2.215    8.855    8.288    8.335   33.926   12.16   14.12   50.33
   51.20   61.37 0.57326D-09  1  0  0.01683  267.59  265.85 0.12507D+15  2.215    8.799    8.232    8.296   33.886   12.17   14.13   50.65
   51.52   61.76 0.56980D-09  1  0  0.01688  267.55  265.82 0.12494D+15  2.216    8.744    8.177    8.256   33.847   12.17   14.14   50.98
   51.84   62.15 0.56638D-09  1  0  0.01693  267.51  265.80 0.12480D+15  2.216    8.690    8.122    8.218   33.807   12.18   14.14   51.30
   52.16   62.54 0.56300D-09  1  0  0.01699  267.47  265.77 0.12467D+15  2.216    8.636    8.068    8.179   33.767   12.19   14.15   51.63
   52.49   62.93 0.55966D-09  1  0  0.01704  267.43  265.75 0.12454D+15  2.217    8.582    8.015    8.140   33.728   12.20   14.16   51.95
   52.81   63.32 0.55637D-09  1  0  0.01710  267.39  265.73 0.12441D+15  2.217    8.530    7.962    8.102   33.689   12.21   14.16   52.28
   53.13   63.71 0.55311D-09  1  0  0.01715  267.34  265.70 0.12428D+15  2.217    8.478    7.911    8.063   33.650   12.22   14.17   52.60
   53.45   64.10 0.54989D-09  1  0  0.01721  267.30  265.68 0.12415D+15  2.218    8.426    7.859    8.025   33.611   12.23   14.18   52.93
   53.77   64.49 0.54671D-09  1  0  0.01727  267.26  265.65 0.12402D+15  2.218    8.376    7.809    7.987   33.572   12.23   14.19   53.25
   54.10   64.88 0.54357D-09  1  0  0.01732  267.22  265.63 0.12390D+15  2.219    8.326    7.759    7.949   33.534   12.24   14.19   53.58
   54.42   65.27 0.54047D-09  1  0  0.01738  267.18  265.60 0.12377D+15  2.219    8.276    7.709    7.911   33.495   12.25   14.20   53.90
   54.74   65.66 0.53740D-09  1  0  0.01743  267.14  265.58 0.12365D+15  2.219    8.227    7.660    7.874   33.457   12.26   14.21   54.23
   55.06   66.05 0.53437D-09  1  0  0.01749  267.09  265.55 0.12353D+15  2.220    8.179    7.612    7.836   33.419   12.27   14.22   54.55
   55.38   66.44 0.53138D-09  1  0  0.01755  267.05  265.53 0.12341D+15  2.220    8.131    7.564    7.799   33.381   12.28   14.22   54.88
   55.71   66.83 0.52841D-09  1  0  0.01761  267.01  265.50 0.12329D+15  2.220    8.083    7.517    7.761   33.343   12.28   14.23   55.20
   56.03   67.22 0.52549D-09  1  0  0.01767  266.97  265.48 0.12317D+15  2.221    8.037    7.470    7.724   33.306   12.29   14.24   55.53
   56.35   67.61 0.52259D-09  1  0  0.01772  266.93  265.45 0.12305D+15  2.221    7.990    7.424    7.687   33.268   12.30   14.25   55.85
   56.67   68.00 0.51973D-09  1  0  0.01778  266.88  265.43 0.12293D+15  2.221    7.945    7.378    7.650   33.231   12.31   14.26   56.18
   56.99   68.39 0.51690D-09  1  0  0.01784  266.84  265.40 0.12282D+15  2.222    7.899    7.333    7.613   33.193   12.32   14.26   56.50
   57.32   68.78 0.51411D-09  1  0  0.01790  266.80  265.38 0.12271D+15  2.222    7.855    7.289    7.576   33.156   12.32   14.27   56.83
   57.64   69.17 0.51134D-09  1  0  0.01796  266.75  265.35 0.12259D+15  2.223    7.811    7.244    7.539   33.119   12.33   14.28   57.15
   57.96   69.56 0.50861D-09  1  0  0.01802  266.71  265.33 0.12248D+15  2.223    7.767    7.201    7.503   33.082   12.34   14.29   57.48
   58.28   69.95 0.50590D-09  1  0  0.01808  266.67  265.30 0.12237D+15  2.223    7.724    7.158    7.466   33.045   12.35   14.29   57.81
   58.60   70.34 0.50323D-09  1  0  0.01815  266.63  265.27 0.12226D+15  2.224    7.681    7.115    7.430   33.008   12.36   14.30   58.13
   58.93   70.73 0.50058D-09  1  0  0.01821  266.58  265.25 0.12215D+15  2.224    7.638    7.073    7.393   32.972   12.36   14.31   58.46
   59.25   71.12 0.49797D-09  1  0  0.01827  266.54  265.22 0.12204D+15  2.224    7.597    7.031    7.357   32.935   12.37   14.32   58.78
   59.57   71.52 0.49538D-09  1  0  0.01833  266.50  265.19 0.12194D+15  2.225    7.555    6.990    7.321   32.899   12.38   14.33   59.11
   59.89   71.91 0.49282D-09  1  0  0.01840  266.45  265.17 0.12183D+15  2.225    7.514    6.949    7.285   32.862   12.39   14.33   59.43
   60.21   72.30 0.49029D-09  1  0  0.01846  266.41  265.14 0.12173D+15  2.226    7.474    6.908    7.248   32.826   12.40   14.34   59.76
   60.54   72.69 0.48778D-09  1  0  0.01852  266.36  265.11 0.12163D+15  2.226    7.434    6.868    7.212   32.790   12.40   14.35   60.08
   60.86   73.08 0.48530D-09  1  0  0.01859  266.32  265.09 0.12152D+15  2.226    7.394    6.829    7.177   32.754   12.41   14.36   60.41
   61.18   73.47 0.48285D-09  1  0  0.01865  266.28  265.06 0.12142D+15  2.227    7.355    6.789    7.141   32.718   12.42   14.37   60.74
   61.50   73.86 0.48042D-09  1  0  0.01872  266.23  265.03 0.12132D+15  2.227    7.316    6.751    7.105   32.682   12.43   14.38   61.06
   61.82   74.25 0.47802D-09  1  0  0.01878  266.19  265.00 0.12122D+15  2.228    7.277    6.712    7.069   32.646   12.43   14.38   61.39
   62.15   74.64 0.47564D-09  1  0  0.01885  266.14  264.98 0.12113D+15  2.228    7.239    6.674    7.034   32.611   12.44   14.39   61.71
   62.47   75.03 0.47329D-09  1  0  0.01891  266.10  264.95 0.12103D+15  2.228    7.202    6.637    6.998   32.575   12.45   14.40   62.04
   62.79   75.42 0.47096D-09  1  0  0.01898  266.06  264.92 0.12093D+15  2.229    7.164    6.599    6.962   32.540   12.46   14.41   62.37
   63.11   75.81 0.46865D-09  1  0  0.01905  266.01  264.89 0.12084D+15  2.229    7.127    6.563    6.927   32.504   12.46   14.42   62.69
   63.43   76.20 0.46637D-09  1  0  0.01912  265.97  264.87 0.12075D+15  2.229    7.091    6.526    6.891   32.469   12.47   14.43   63.02
   63.76   76.59 0.46411D-09  1  0  0.01918  265.92  264.84 0.12065D+15  2.230    7.054    6.490    6.856   32.434   12.48   14.43   63.34
   64.08   76.98 0.46188D-09  1  0  0.01925  265.88  264.81 0.12056D+15  2.230    7.019    6.454    6.821   32.398   12.49   14.44   63.67
   64.40   77.37 0.45966D-09  1  0  0.01932  265.83  264.78 0.12047D+15  2.231    6.983    6.419    6.786   32.363   12.49   14.45   64.00
   64.72   77.76 0.45747D-09  1  0  0.01939  265.79  264.75 0.12038D+15  2.231    6.948    6.384    6.750   32.328   12.50   14.46   64.32
   65.04   78.15 0.45530D-09  1  0  0.01946  265.74  264.72 0.12030D+15  2.231    6.913    6.349    6.715   32.293   12.51   14.47   64.65
   65.37   78.54 0.45316D-09  1  0  0.01953  265.70  264.69 0.12021D+15  2.232    6.879    6.315    6.680   32.258   12.52   14.48   64.98
   65.69   78.93 0.45103D-09  1  0  0.01960  265.65  264.67 0.12012D+15  2.232    6.845    6.281    6.645   32.223   12.52   14.49   65.30
   66.01   79.33 0.44892D-09  1  0  0.01967  265.60  264.64 0.12004D+15  2.233    6.811    6.247    6.610   32.189   12.53   14.49   65.63
   66.33   79.72 0.44684D-09  1  0  0.01975  265.56  264.61 0.11996D+15  2.233    6.777    6.214    6.575   32.154   12.54   14.50   65.96
   66.65   80.11 0.44477D-09  1  0  0.01982  265.51  264.58 0.11987D+15  2.233    6.744    6.181    6.540   32.119   12.55   14.51   66.28
   66.98   80.50 0.44273D-09  1  0  0.01989  265.47  264.55 0.11979D+15  2.234    6.711    6.148    6.505   32.085   12.55   14.52   66.61
   67.30   80.89 0.44070D-09  1  0  0.01996  265.42  264.52 0.11971D+15  2.234    6.679    6.115    6.470   32.050   12.56   14.53   66.94
   67.62   81.28 0.43869D-09  1  0  0.02004  265.37  264.49 0.11963D+15  2.235    6.647    6.083    6.435   32.016   12.57   14.54   67.26
   67.94   81.67 0.43670D-09  1  0  0.02011  265.33  264.46 0.11955D+15  2.235    6.615    6.051    6.400   31.981   12.58   14.55   67.59
   68.26   82.06 0.43474D-09  1  0  0.02019  265.28  264.43 0.11948D+15  2.235    6.583    6.020    6.365   31.947   12.58   14.56   67.92
   68.59   82.45 0.43279D-09  1  0  0.02026  265.23  264.40 0.11940D+15  2.236    6.552    5.989    6.330   31.912   12.59   14.56   68.24
   68.91   82.84 0.43085D-09  1  0  0.02034  265.19  264.37 0.11933D+15  2.236    6.521    5.958    6.296   31.878   12.60   14.57   68.57
   69.23   83.24 0.42894D-09  1  0  0.02041  265.14  264.34 0.11925D+15  2.237    6.490    5.927    6.261   31.844   12.60   14.58   68.90
   69.55   83.63 0.42704D-09  1  0  0.02049  265.09  264.31 0.11918D+15  2.237    6.459    5.897    6.226   31.810   12.61   14.59   69.22
   69.87   84.02 0.42516D-09  1  0  0.02057  265.05  264.28 0.11911D+15  2.237    6.429    5.866    6.191   31.776   12.62   14.60   69.55
   70.20   84.41 0.42330D-09  1  0  0.02065  265.00  264.25 0.11904D+15  2.238    6.399    5.837    6.157   31.741   12.63   14.61   69.88
   70.52   84.80 0.42146D-09  1  0  0.02073  264.95  264.22 0.11897D+15  2.238    6.370    5.807    6.122   31.707   12.63   14.62   70.21
   70.84   85.19 0.41963D-09  1  0  0.02081  264.90  264.19 0.11890D+15  2.239    6.340    5.778    6.087   31.673   12.64   14.63   70.53
   71.16   85.58 0.41782D-09  1  0  0.02089  264.86  264.15 0.11883D+15  2.239    6.311    5.749    6.052   31.639   12.65   14.64   70.86
   71.48   85.97 0.41602D-09  1  0  0.02097  264.81  264.12 0.11877D+15  2.240    6.282    5.720    6.018   31.605   12.66   14.65   71.19
   71.81   86.37 0.41424D-09  1  0  0.02105  264.76  264.09 0.11870D+15  2.240    6.253    5.691    5.983   31.571   12.66   14.66   71.52
   72.13   86.76 0.41248D-09  1  0  0.02113  264.71  264.06 0.11864D+15  2.240    6.225    5.663    5.948   31.537   12.67   14.66   71.84
   72.45   87.15 0.41073D-09  1  0  0.02121  264.66  264.03 0.11858D+15  2.241    6.197    5.635    5.914   31.503   12.68   14.67   72.17
   72.77   87.54 0.40900D-09  1  0  0.02129  264.62  264.00 0.11851D+15  2.241    6.169    5.607    5.879   31.470   12.68   14.68   72.50
   73.09   87.93 0.40729D-09  1  0  0.02138  264.57  263.97 0.11845D+15  2.242    6.141    5.580    5.844   31.436   12.69   14.69   72.83
   73.42   88.32 0.40558D-09  1  0  0.02146  264.52  263.93 0.11839D+15  2.242    6.114    5.552    5.809   31.402   12.70   14.70   73.15
   73.74   88.71 0.40390D-09  1  0  0.02155  264.47  263.90 0.11834D+15  2.243    6.087    5.525    5.775   31.368   12.71   14.71   73.48
   74.06   89.11 0.40223D-09  1  0  0.02163  264.42  263.87 0.11828D+15  2.243    6.060    5.498    5.740   31.334   12.71   14.72   73.81
   74.38   89.50 0.40057D-09  1  0  0.02172  264.37  263.84 0.11822D+15  2.243    6.033    5.472    5.705   31.300   12.72   14.73   74.14
   74.70   89.89 0.39893D-09  1  0  0.02180  264.32  263.80 0.11817D+15  2.244    6.007    5.445    5.670   31.267   12.73   14.74   74.47
   75.03   90.28 0.39730D-09  1  0  0.02189  264.27  263.77 0.11812D+15  2.244    5.980    5.419    5.636   31.233   12.73   14.75   74.79
   75.35   90.67 0.39568D-09  1  0  0.02198  264.22  263.74 0.11806D+15  2.245    5.954    5.393    5.601   31.199   12.74   14.76   75.12
   75.67   91.07 0.39408D-09  1  0  0.02207  264.17  263.71 0.11801D+15  2.245    5.928    5.367    5.566   31.165   12.75   14.77   75.45
   75.99   91.46 0.39249D-09  1  0  0.02216  264.12  263.67 0.11796D+15  2.246    5.903    5.342    5.531   31.132   12.76   14.78   75.78
   76.31   91.85 0.39092D-09  1  0  0.02225  264.07  263.64 0.11791D+15  2.246    5.877    5.317    5.496   31.098   12.76   14.79   76.11
   76.64   92.24 0.38936D-09  1  0  0.02234  264.02  263.61 0.11787D+15  2.246    5.852    5.292    5.461   31.064   12.77   14.80   76.44
   76.96   92.63 0.38781D-09  1  0  0.02243  263.97  263.57 0.11782D+15  2.247    5.827    5.267    5.426   31.031   12.78   14.81   76.77
   77.28   93.03 0.38628D-09  1  0  0.02252  263.92  263.54 0.11777D+15  2.247    5.802    5.242    5.391   30.997   12.78   14.82   77.10
   77.60   93.42 0.38475D-09  1  0  0.02261  263.87  263.50 0.11773D+15  2.248    5.778    5.217    5.356   30.963   12.79   14.83   77.42
   77.92   93.81 0.38324D-09  1  0  0.02271  263.82  263.47 0.11769D+15  2.248    5.753    5.193    5.321   30.929   12.80   14.84   77.75
   78.25   94.20 0.38175D-09  1  0  0.02280  263.77  263.44 0.11765D+15  2.249    5.729    5.169    5.286   30.896   12.81   14.85   78.08
   78.57   94.60 0.38026D-09  1  0  0.02290  263.72  263.40 0.11761D+15  2.249    5.705    5.145    5.251   30.862   12.81   14.86   78.41
   78.89   94.99 0.37879D-09  1  0  0.02299  263.67  263.37 0.11757D+15  2.250    5.681    5.121    5.216   30.828   12.82   14.87   78.74
   79.21   95.38 0.37733D-09  1  0  0.02309  263.61  263.33 0.11753D+15  2.250    5.657    5.098    5.181   30.795   12.83   14.88   79.07
   79.53   95.77 0.37588D-09  1  0  0.02319  263.56  263.30 0.11749D+15  2.250    5.634    5.074    5.146   30.761   12.83   14.89   79.40
   79.86   96.17 0.37444D-09  1  0  0.02328  263.51  263.26 0.11746D+15  2.251    5.611    5.051    5.110   30.727   12.84   14.90   79.73
   80.18   96.56 0.37302D-09  1  0  0.02338  263.46  263.23 0.11743D+15  2.251    5.588    5.028    5.075   30.693   12.85   14.91   80.06
   80.50   96.95 0.37160D-09  1  0  0.02348  263.41  263.19 0.11739D+15  2.252    5.565    5.006    5.040   30.659   12.86   14.92   80.39
   80.82   97.35 0.37020D-09  1  0  0.02358  263.35  263.16 0.11736D+15  2.252    5.542    4.983    5.004   30.626   12.86   14.93   80.72
   81.14   97.74 0.36881D-09  1  0  0.02368  263.30  263.12 0.11733D+15  2.253    5.519    4.960    4.969   30.592   12.87   14.94   81.05
   81.47   98.13 0.36743D-09  1  0  0.02379  263.25  263.09 0.11730D+15  2.253    5.497    4.938    4.933   30.558   12.88   14.95   81.38
   81.79   98.53 0.36606D-09  1  0  0.02389  263.19  263.05 0.11728D+15  2.254    5.475    4.916    4.898   30.524   12.89   14.96   81.71
   82.11   98.92 0.36470D-09  1  0  0.02399  263.14  263.02 0.11725D+15  2.254    5.453    4.894    4.862   30.490   12.89   14.97   82.04
   82.43   99.31 0.36335D-09  1  0  0.02410  263.09  262.98 0.11723D+15  2.255    5.431    4.872    4.826   30.456   12.90   14.98   82.37
   82.75   99.71 0.36201D-09  1  0  0.02420  263.03  262.94 0.11720D+15  2.255    5.409    4.851    4.791   30.422   12.91   15.00   82.70
   83.08  100.10 0.36069D-09  1  0  0.02431  262.98  262.91 0.11718D+15  2.256    5.387    4.829    4.755   30.388   12.91   15.01   83.04
   83.40  100.49 0.35937D-09  1  0  0.02442  262.93  262.87 0.11716D+15  2.256    5.366    4.808    4.719   30.354   12.92   15.02   83.37
   83.72  100.89 0.35806D-09  1  0  0.02453  262.87  262.83 0.11714D+15  2.257    5.345    4.787    4.683   30.320   12.93   15.03   83.70
   84.04  101.28 0.35676D-09  1  0  0.02464  262.82  262.80 0.11713D+15  2.257    5.324    4.766    4.647   30.286   12.94   15.04   84.03
   84.36  101.67 0.35548D-09  1  0  0.02475  262.76  262.76 0.11711D+15  2.257    5.303    4.745    4.611   30.252   12.94   15.05   84.36
   84.69  102.06 0.35420D-09  1  0  0.02486  262.71  262.72 0.11710D+15  2.258    5.282    4.724    4.574   30.218   12.95   15.06   84.69
   85.01  102.45 0.35293D-09  1  0  0.02497  262.65  262.68 0.11708D+15  2.258    5.261    4.704    4.538   30.183   12.96   15.07   85.01
   85.33  102.84 0.35167D-09  1  0  0.02508  262.60  262.65 0.11707D+15  2.259    5.241    4.683    4.502   30.149   12.97   15.08   85.33
   85.65  103.23 0.35043D-09  1  0  0.02519  262.54  262.61 0.11706D+15  2.259    5.220    4.663    4.465   30.115   12.97   15.10   85.65
   85.97  103.62 0.34919D-09  1  0  0.02531  262.49  262.57 0.11705D+15  2.260    5.200    4.643    4.429   30.080   12.98   15.11   85.97
   86.30  104.00 0.34796D-09  1  0  0.02543  262.43  262.53 0.11705D+15  2.260    5.180    4.623    4.392   30.046   12.99   15.12   86.30
   86.62  104.39 0.34674D-09  1  0  0.02554  262.37  262.50 0.11704D+15  2.261    5.160    4.603    4.355   30.012   13.00   15.13   86.62
   86.94  104.78 0.34552D-09  1  0  0.02566  262.32  262.46 0.11704D+15  2.261    5.141    4.584    4.319   29.977   13.00   15.14   86.94
   87.26  105.17 0.34432D-09  1  0  0.02578  262.26  262.42 0.11704D+15  2.262    5.121    4.564    4.282   29.942   13.01   15.15   87.26
   87.58  105.56 0.34313D-09  1  0  0.02590  262.20  262.38 0.11704D+15  2.262    5.101    4.545    4.245   29.908   13.02   15.16   87.58
   87.91  105.94 0.34194D-09  1  0  0.02602  262.15  262.34 0.11704D+15  2.263    5.082    4.526    4.208   29.873   13.03   15.18   87.91
   88.23  106.33 0.34077D-09  1  0  0.02614  262.09  262.30 0.11704D+15  2.263    5.063    4.507    4.170   29.838   13.04   15.19   88.23
   88.55  106.72 0.33960D-09  1  0  0.02627  262.03  262.26 0.11705D+15  2.264    5.044    4.488    4.133   29.804   13.04   15.20   88.55
   88.87  107.11 0.33844D-09  1  0  0.02639  261.97  262.22 0.11705D+15  2.264    5.025    4.469    4.096   29.769   13.05   15.21   88.87
   89.19  107.50 0.33729D-09  1  0  0.02652  261.92  262.18 0.11706D+15  2.265    5.006    4.450    4.058   29.734   13.06   15.22   89.19
   89.52  107.88 0.33615D-09  1  0  0.02664  261.86  262.14 0.11707D+15  2.265    4.987    4.432    4.020   29.699   13.07   15.24   89.52
   89.84  108.27 0.33501D-09  1  0  0.02677  261.80  262.10 0.11708D+15  2.266    4.969    4.413    3.983   29.664   13.07   15.25   89.84
   90.16  108.66 0.33389D-09  1  0  0.02690  261.74  262.06 0.11710D+15  2.266    4.950    4.395    3.945   29.628   13.08   15.26   90.16
   90.48  109.05 0.33277D-09  1  0  0.02703  261.68  262.02 0.11711D+15  2.267    4.932    4.377    3.907   29.593   13.09   15.27   90.48
   90.80  109.44 0.33166D-09  1  0  0.02716  261.62  261.98 0.11713D+15  2.268    4.914    4.359    3.869   29.558   13.10   15.29   90.80
   91.13  109.83 0.33055D-09  1  0  0.02729  261.56  261.94 0.11715D+15  2.268    4.895    4.341    3.830   29.522   13.11   15.30   91.13
   91.45  110.21 0.32946D-09  1  0  0.02743  261.50  261.90 0.11717D+15  2.269    4.877    4.323    3.792   29.487   13.11   15.31   91.45
   91.77  110.60 0.32837D-09  1  0  0.02756  261.44  261.86 0.11719D+15  2.269    4.860    4.305    3.753   29.451   13.12   15.32   91.77
   92.09  110.99 0.32729D-09  1  0  0.02770  261.38  261.82 0.11721D+15  2.270    4.842    4.287    3.715   29.415   13.13   15.34   92.09
   92.41  111.38 0.32622D-09  1  0  0.02784  261.32  261.77 0.11724D+15  2.270    4.824    4.270    3.676   29.380   13.14   15.35   92.41
   92.74  111.77 0.32516D-09  1  0  0.02798  261.26  261.73 0.11727D+15  2.271    4.807    4.253    3.637   29.344   13.15   15.36   92.74
   93.06  112.15 0.32410D-09  1  0  0.02812  261.20  261.69 0.11730D+15  2.271    4.789    4.235    3.598   29.308   13.15   15.38   93.06
   93.38  112.54 0.32305D-09  1  0  0.02826  261.14  261.65 0.11733D+15  2.272    4.772    4.218    3.559   29.272   13.16   15.39   93.38
   93.70  112.93 0.32201D-09  1  0  0.02840  261.07  261.61 0.11737D+15  2.272    4.755    4.201    3.519   29.235   13.17   15.40   93.70
   94.02  113.32 0.32097D-09  1  0  0.02855  261.01  261.56 0.11740D+15  2.273    4.738    4.184    3.480   29.199   13.18   15.42   94.02
   94.35  113.71 0.31995D-09  1  0  0.02869  260.95  261.52 0.11744D+15  2.273    4.721    4.167    3.440   29.163   13.19   15.43   94.35
   94.67  114.09 0.31892D-09  1  0  0.02884  260.89  261.48 0.11748D+15  2.274    4.704    4.151    3.400   29.126   13.20   15.44   94.67
   94.99  114.48 0.31791D-09  1  0  0.02899  260.82  261.43 0.11753D+15  2.275    4.687    4.134    3.360   29.090   13.21   15.46   94.99
   95.31  114.87 0.31690D-09  1  0  0.02914  260.76  261.39 0.11757D+15  2.275    4.671    4.118    3.320   29.053   13.21   15.47   95.31
   95.63  115.26 0.31590D-09  1  0  0.02929  260.70  261.35 0.11762D+15  2.276    4.654    4.101    3.279   29.016   13.22   15.49   95.63
   95.96  115.65 0.31491D-09  1  0  0.02944  260.63  261.30 0.11767D+15  2.276    4.638    4.085    3.239   28.979   13.23   15.50   95.96
   96.28  116.03 0.31392D-09  1  0  0.02960  260.57  261.26 0.11772D+15  2.277    4.621    4.069    3.198   28.942   13.24   15.51   96.28
   96.60  116.42 0.31294D-09  1  0  0.02975  260.50  261.21 0.11777D+15  2.277    4.605    4.053    3.157   28.905   13.25   15.53   96.60
   96.92  116.81 0.31197D-09  1  0  0.02991  260.44  261.17 0.11783D+15  2.278    4.589    4.037    3.116   28.867   13.26   15.54   96.92
   97.24  117.20 0.31100D-09  1  0  0.03007  260.37  261.12 0.11789D+15  2.279    4.573    4.021    3.075   28.830   13.27   15.56   97.24
   97.57  117.59 0.31004D-09  1  0  0.03023  260.31  261.08 0.11795D+15  2.279    4.557    4.005    3.033   28.792   13.28   15.57   97.57
   97.89  117.97 0.30908D-09  1  0  0.03040  260.24  261.03 0.11802D+15  2.280    4.541    3.989    2.992   28.754   13.28   15.59   97.89
   98.21  118.36 0.30813D-09  1  0  0.03056  260.18  260.99 0.11808D+15  2.280    4.525    3.974    2.950   28.716   13.29   15.60   98.21
   98.53  118.75 0.30719D-09  1  0  0.03073  260.11  260.94 0.11815D+15  2.281    4.510    3.958    2.908   28.678   13.30   15.62   98.53
   98.85  119.14 0.30626D-09  1  0  0.03090  260.04  260.90 0.11823D+15  2.282    4.494    3.943    2.865   28.640   13.31   15.63   98.85
   99.18  119.53 0.30533D-09  1  0  0.03106  259.97  260.85 0.11830D+15  2.282    4.478    3.927    2.823   28.602   13.32   15.65   99.18
   99.50  119.91 0.30440D-09  1  0  0.03124  259.91  260.80 0.11838D+15  2.283    4.463    3.912    2.780   28.563   13.33   15.66   99.50
   99.82  120.30 0.30348D-09  1  0  0.03141  259.84  260.76 0.11846D+15  2.283    4.448    3.897    2.737   28.524   13.34   15.68   99.82
  100.14  120.69 0.30257D-09  1  0  0.03159  259.77  260.71 0.11854D+15  2.284    4.432    3.882    2.694   28.485   13.35   15.69  100.14
  100.46  121.08 0.30167D-09  1  0  0.03176  259.70  260.66 0.11863D+15  2.285    4.417    3.867    2.650   28.446   13.36   15.71  100.46
  100.79  121.47 0.30077D-09  1  0  0.03194  259.63  260.61 0.11872D+15  2.285    4.402    3.852    2.607   28.407   13.37   15.73  100.79
  101.11  121.86 0.29987D-09  1  0  0.03212  259.56  260.56 0.11881D+15  2.286    4.387    3.837    2.563   28.368   13.38   15.74  101.11
  101.43  122.24 0.29898D-09  1  0  0.03231  259.49  260.52 0.11890D+15  2.286    4.372    3.823    2.519   28.328   13.39   15.76  101.43
  101.75  122.63 0.29810D-09  1  0  0.03249  259.42  260.47 0.11900D+15  2.287    4.358    3.808    2.474   28.288   13.40   15.77  101.75
  102.07  123.02 0.29722D-09  1  0  0.03268  259.35  260.42 0.11910D+15  2.288    4.343    3.794    2.430   28.248   13.41   15.79  102.07
  102.40  123.41 0.29635D-09  1  0  0.03287  259.28  260.37 0.11921D+15  2.288    4.328    3.779    2.385   28.208   13.42   15.81  102.40
  102.72  123.80 0.29548D-09  1  0  0.03306  259.21  260.32 0.11931D+15  2.289    4.314    3.765    2.340   28.168   13.43   15.82  102.72
  103.04  124.18 0.29462D-09  1  0  0.03325  259.13  260.27 0.11942D+15  2.290    4.299    3.750    2.294   28.127   13.44   15.84  103.04
  103.36  124.57 0.29376D-09  1  0  0.03345  259.06  260.22 0.11954D+15  2.290    4.285    3.736    2.249   28.087   13.45   15.86  103.36
  103.68  124.96 0.29291D-09  1  0  0.03365  258.99  260.17 0.11966D+15  2.291    4.270    3.722    2.203   28.046   13.46   15.88  103.68
  104.01  125.35 0.29207D-09  1  0  0.03385  258.92  260.12 0.11978D+15  2.292    4.256    3.708    2.156   28.005   13.47   15.89  104.01
  104.33  125.74 0.29123D-09  1  0  0.03405  258.84  260.07 0.11990D+15  2.292    4.242    3.694    2.110   27.963   13.48   15.91  104.33
  104.65  126.12 0.29039D-09  1  0  0.03425  258.77  260.02 0.12003D+15  2.293    4.228    3.680    2.063   27.922   13.49   15.93  104.65
  104.97  126.51 0.28956D-09  1  0  0.03446  258.69  259.96 0.12016D+15  2.294    4.214    3.666    2.016   27.880   13.50   15.95  104.97
  105.29  126.90 0.28874D-09  1  0  0.03467  258.62  259.91 0.12030D+15  2.294    4.200    3.652    1.968   27.838   13.51   15.97  105.29
  105.62  127.29 0.28792D-09  1  0  0.03488  258.54  259.86 0.12044D+15  2.295    4.186    3.639    1.921   27.796   13.53   15.98  105.62
  105.94  127.68 0.28711D-09  1  0  0.03510  258.46  259.81 0.12058D+15  2.296    4.172    3.625    1.872   27.753   13.54   16.00  105.94
  106.26  128.06 0.28630D-09  1  0  0.03531  258.39  259.75 0.12073D+15  2.296    4.159    3.612    1.824   27.710   13.55   16.02  106.26
  106.58  128.45 0.28549D-09  1  0  0.03553  258.31  259.70 0.12089D+15  2.297    4.145    3.598    1.775   27.667   13.56   16.04  106.58
  106.90  128.84 0.28469D-09  1  0  0.03576  258.23  259.65 0.12104D+15  2.298    4.131    3.585    1.726   27.624   13.57   16.06  106.90
  107.23  129.23 0.28390D-09  1  0  0.03598  258.15  259.59 0.12120D+15  2.298    4.118    3.571    1.677   27.580   13.58   16.08  107.23
  107.55  129.62 0.28311D-09  1  0  0.03621  258.07  259.54 0.12137D+15  2.299    4.104    3.558    1.627   27.537   13.59   16.10  107.55
  107.87  130.00 0.28232D-09  1  0  0.03644  257.99  259.48 0.12154D+15  2.300    4.091    3.545    1.577   27.492   13.61   16.12  107.87
  108.19  130.39 0.28154D-09  1  0  0.03667  257.91  259.43 0.12171D+15  2.301    4.077    3.532    1.526   27.448   13.62   16.14  108.19
  108.51  130.78 0.28076D-09  1  0  0.03691  257.83  259.37 0.12189D+15  2.301    4.064    3.519    1.475   27.403   13.63   16.16  108.51
  108.84  131.17 0.27999D-09  1  0  0.03715  257.75  259.32 0.12208D+15  2.302    4.051    3.506    1.424   27.358   13.64   16.18  108.84
  109.16  131.56 0.27922D-09  1  0  0.03739  257.67  259.26 0.12226D+15  2.303    4.038    3.493    1.372   27.313   13.65   16.20  109.16
  109.48  131.95 0.27846D-09  1  0  0.03764  257.58  259.20 0.12246D+15  2.303    4.025    3.480    1.320   27.268   13.67   16.22  109.48
  109.80  132.33 0.27770D-09  1  0  0.03789  257.50  259.14 0.12266D+15  2.304    4.012    3.467    1.268   27.222   13.68   16.25  109.80
  110.12  132.72 0.27695D-09  1  0  0.03814  257.42  259.09 0.12286D+15  2.305    3.999    3.454    1.215   27.176   13.69   16.27  110.12
  110.45  133.11 0.27620D-09  1  0  0.03839  257.33  259.03 0.12307D+15  2.306    3.986    3.442    1.162   27.129   13.71   16.29  110.45
  110.77  133.50 0.27546D-09  1  0  0.03865  257.25  258.97 0.12329D+15  2.306    3.973    3.429    1.108   27.082   13.72   16.31  110.77
  111.09  133.89 0.27472D-09  1  0  0.03891  257.16  258.91 0.12351D+15  2.307    3.960    3.416    1.054   27.035   13.73   16.33  111.09
  111.41  134.27 0.27398D-09  1  0  0.03918  257.07  258.85 0.12374D+15  2.308    3.947    3.404    0.999   26.988   13.75   16.36  111.41
  111.73  134.66 0.27325D-09  1  0  0.03945  256.99  258.79 0.12397D+15  2.309    3.935    3.391    0.944   26.940   13.76   16.38  111.73
  112.06  135.05 0.27252D-09  1  0  0.03972  256.90  258.73 0.12421D+15  2.310    3.922    3.379    0.888   26.892   13.77   16.40  112.06
  112.38  135.44 0.27180D-09  1  0  0.04000  256.81  258.67 0.12445D+15  2.310    3.909    3.367    0.832   26.843   13.79   16.43  112.38
  112.70  135.83 0.27108D-09  1  0  0.04028  256.72  258.61 0.12471D+15  2.311    3.897    3.354    0.776   26.794   13.80   16.45  112.70
  113.02  136.21 0.27036D-09  1  0  0.04056  256.63  258.55 0.12496D+15  2.312    3.884    3.342    0.719   26.745   13.82   16.48  113.02
  113.34  136.60 0.26965D-09  1  0  0.04085  256.54  258.48 0.12523D+15  2.313    3.872    3.330    0.661   26.695   13.83   16.50  113.34
  113.67  136.99 0.26894D-09  1  0  0.04114  256.44  258.42 0.12550D+15  2.314    3.860    3.318    0.603   26.645   13.85   16.53  113.67
  113.99  137.38 0.26824D-09  1  0  0.04143  256.35  258.36 0.12578D+15  2.315    3.847    3.306    0.545   26.594   13.86   16.55  113.99
  114.31  137.77 0.26754D-09  1  0  0.04173  256.26  258.29 0.12607D+15  2.315    3.835    3.294    0.486   26.543   13.88   16.58  114.31
  114.63  138.15 0.26685D-09  1  0  0.04204  256.16  258.23 0.12636D+15  2.316    3.823    3.282    0.426   26.492   13.89   16.60  114.63
  114.95  138.54 0.26616D-09  1  0  0.04235  256.07  258.17 0.12666D+15  2.317    3.810    3.270    0.366   26.440   13.91   16.63  114.95
  115.28  138.93 0.26547D-09  1  0  0.04266  255.97  258.10 0.12697D+15  2.318    3.798    3.258    0.305   26.388   13.92   16.66  115.28
  115.60  139.32 0.26479D-09  1  0  0.04298  255.87  258.03 0.12729D+15  2.319    3.786    3.246    0.244   26.335   13.94   16.68  115.60
  115.92  139.71 0.26411D-09  1  0  0.04330  255.77  257.97 0.12761D+15  2.320    3.774    3.234    0.182   26.282   13.96   16.71  115.92
  116.24  140.09 0.26343D-09  1  0  0.04362  255.68  257.90 0.12795D+15  2.321    3.762    3.223    0.119   26.228   13.97   16.74  116.24
  116.56  140.48 0.26276D-09  1  0  0.04396  255.58  257.83 0.12829D+15  2.321    3.750    3.211    0.056   26.174   13.99   16.77  116.56
  116.89  140.87 0.26209D-09  1  0  0.04429  255.47  258.04 0.12482D+15  2.322    3.738    3.199    0.000   26.126   13.85   16.82  116.89
  117.21  141.26 0.26142D-09  1  0  0.04463  255.37  257.99 0.12490D+15  2.323    3.726    3.188    0.000   26.126   13.85   16.81  117.21
  117.53  141.65 0.26076D-09  1  0  0.04498  255.27  257.94 0.12499D+15  2.324    3.715    3.176    0.000   26.126   13.86   16.80  117.53
  117.85  142.04 0.26011D-09  1  0  0.04533  255.16  257.89 0.12508D+15  2.325    3.703    3.165    0.000   26.126   13.87   16.79  117.85
  118.17  142.42 0.25945D-09  1  0  0.04569  255.06  257.84 0.12518D+15  2.326    3.691    3.153    0.000   26.126   13.87   16.78  118.17
  118.50  142.81 0.25880D-09  1  0  0.04605  254.95  257.79 0.12529D+15  2.327    3.679    3.142    0.000   26.126   13.88   16.77  118.50
  118.82  143.20 0.25815D-09  1  0  0.04642  254.84  257.74 0.12540D+15  2.328    3.667    3.130    0.000   26.126   13.88   16.76  118.82
  119.14  143.59 0.25751D-09  1  0  0.04679  254.74  257.68 0.12552D+15  2.329    3.656    3.119    0.000   26.126   13.89   16.76  119.14
  119.46  143.98 0.25687D-09  1  0  0.04717  254.63  257.63 0.12564D+15  2.330    3.644    3.108    0.000   26.126   13.90   16.75  119.46
  119.78  144.36 0.25624D-09  1  0  0.04756  254.51  257.58 0.12578D+15  2.331    3.633    3.096    0.000   26.126   13.91   16.74  119.78
  120.11  144.75 0.25560D-09  1  0  0.04795  254.40  257.52 0.12592D+15  2.332    3.621    3.085    0.000   26.126   13.91   16.73  120.11
  120.43  145.14 0.25497D-09  1  0  0.04835  254.29  257.47 0.12607D+15  2.333    3.609    3.074    0.000   26.126   13.92   16.72  120.43
  120.75  145.53 0.25435D-09  1  0  0.04875  254.17  257.41 0.12623D+15  2.334    3.598    3.063    0.000   26.126   13.93   16.71  120.75
  121.07  145.92 0.25372D-09  1  0  0.04917  254.06  257.36 0.12639D+15  2.335    3.586    3.052    0.000   26.126   13.94   16.70  121.07
  121.39  146.30 0.25310D-09  1  0  0.04958  253.94  257.30 0.12657D+15  2.336    3.575    3.041    0.000   26.126   13.94   16.69  121.39
  121.72  146.69 0.25249D-09  1  0  0.05001  253.82  257.24 0.12675D+15  2.337    3.564    3.030    0.000   26.126   13.95   16.68  121.72
  122.04  147.08 0.25188D-09  1  0  0.05044  253.70  257.18 0.12694D+15  2.339    3.552    3.019    0.000   26.126   13.96   16.67  122.04
  122.36  147.47 0.25127D-09  1  0  0.05088  253.58  257.13 0.12714D+15  2.340    3.541    3.007    0.000   26.126   13.97   16.66  122.36
  122.68  147.86 0.25066D-09  1  0  0.05133  253.45  257.07 0.12735D+15  2.341    3.529    2.997    0.000   26.126   13.98   16.65  122.68
  123.00  148.24 0.25006D-09  1  0  0.05179  253.33  257.01 0.12757D+15  2.342    3.518    2.986    0.000   26.126   13.99   16.64  123.00
  123.33  148.63 0.24946D-09  1  0  0.05225  253.20  256.94 0.12781D+15  2.343    3.507    2.975    0.000   26.126   14.00   16.63  123.33
  123.65  149.02 0.24886D-09  1  0  0.05272  253.07  256.88 0.12805D+15  2.344    3.496    2.964    0.000   26.126   14.01   16.62  123.65
  123.97  149.41 0.24827D-09  1  0  0.05320  252.94  256.82 0.12830D+15  2.345    3.484    2.953    0.000   26.126   14.02   16.61  123.97
  124.29  149.80 0.24767D-09  1  0  0.05369  252.81  256.76 0.12856D+15  2.347    3.473    2.942    0.000   26.126   14.03   16.60  124.29
  124.61  150.18 0.24709D-09  1  0  0.05418  252.67  256.69 0.12884D+15  2.348    3.462    2.931    0.000   26.126   14.04   16.59  124.61
  124.94  150.57 0.24650D-09  1  0  0.05469  252.54  256.63 0.12912D+15  2.349    3.451    2.920    0.000   26.126   14.05   16.58  124.94
  125.26  150.96 0.24592D-09  1  0  0.05521  252.40  256.56 0.12942D+15  2.350    3.439    2.910    0.000   26.126   14.06   16.57  125.26
  125.58  151.35 0.24534D-09  1  0  0.05573  252.26  256.49 0.12973D+15  2.352    3.428    2.899    0.000   26.126   14.07   16.56  125.58
  125.90  151.74 0.24477D-09  1  0  0.05627  252.12  256.43 0.13006D+15  2.353    3.417    2.888    0.000   26.126   14.09   16.55  125.90
  126.22  152.13 0.24419D-09  1  0  0.05681  251.97  256.36 0.13040D+15  2.354    3.406    2.877    0.000   26.126   14.10   16.54  126.22
  126.55  152.51 0.24362D-09  1  0  0.05737  251.83  256.29 0.13075D+15  2.356    3.395    2.867    0.000   26.126   14.11   16.53  126.55
  126.87  152.90 0.24306D-09  1  0  0.05793  251.68  256.22 0.13111D+15  2.357    3.383    2.856    0.000   26.126   14.12   16.52  126.87
  127.19  153.29 0.24249D-09  1  0  0.05851  251.53  256.15 0.13150D+15  2.358    3.372    2.845    0.000   26.126   14.14   16.51  127.19
  127.51  153.68 0.24193D-09  1  0  0.05910  251.38  256.07 0.13189D+15  2.360    3.361    2.834    0.000   26.126   14.15   16.50  127.51
  127.83  154.07 0.24137D-09  1  0  0.05970  251.22  256.00 0.13231D+15  2.361    3.350    2.824    0.000   26.126   14.16   16.49  127.83
  128.16  154.45 0.24082D-09  1  0  0.06031  251.06  255.93 0.13274D+15  2.363    3.339    2.813    0.000   26.126   14.18   16.48  128.16
  128.48  154.84 0.24027D-09  1  0  0.06093  250.90  255.85 0.13318D+15  2.364    3.328    2.802    0.000   26.126   14.19   16.47  128.48
  128.80  155.23 0.23972D-09  1  0  0.06157  250.74  255.77 0.13365D+15  2.366    3.316    2.792    0.000   26.126   14.21   16.46  128.80
  129.12  155.62 0.23917D-09  1  0  0.06222  250.57  255.69 0.13413D+15  2.367    3.305    2.781    0.000   26.126   14.22   16.45  129.12
  129.44  156.01 0.23862D-09  1  0  0.06289  250.40  255.61 0.13464D+15  2.369    3.294    2.770    0.000   26.126   14.24   16.43  129.44
  129.77  156.39 0.23808D-09  1  0  0.06356  250.23  255.54 0.13510D+15  2.370    3.283    2.760   -0.007   26.120   14.42   16.43  129.77
  130.09   58.63 0.23754D-09  1  0  0.06426  250.05  255.46 0.13565D+15  2.372    3.272    2.749   -0.096   26.045   14.44   16.47  -32.80
  130.41  108.48 0.23701D-09  1  0  0.06496  249.88  255.37 0.13621D+15  2.374    3.260    2.738   -0.187   25.969   14.47   16.51   49.61
  130.73  125.01 0.23647D-09  1  0  0.06569  249.69  255.29 0.13680D+15  2.375    3.249    2.728   -0.279   25.892   14.49   16.56   76.71
  131.05  133.40 0.23594D-09  1  0  0.06643  249.51  255.20 0.13741D+15  2.377    3.238    2.717   -0.374   25.813   14.51   16.60   90.32
  131.38  138.57 0.23541D-09  1  0  0.06718  249.32  255.11 0.13805D+15  2.379    3.227    2.706   -0.470   25.732   14.53   16.65   98.58
  131.70  142.14 0.23489D-09  1  0  0.06795  249.13  255.02 0.13871D+15  2.381    3.215    2.696   -0.568   25.650   14.56   16.70  104.18
  132.02  144.80 0.23437D-09  1  0  0.06874  248.93  254.93 0.13940D+15  2.382    3.204    2.685   -0.668   25.566   14.58   16.75  108.26
  132.34  146.88 0.23384D-09  1  0  0.06955  248.73  254.84 0.14012D+15  2.384    3.193    2.674   -0.770   25.481   14.61   16.80  111.40
  132.66  148.59 0.23333D-09  1  0  0.07038  248.53  254.75 0.14087D+15  2.386    3.181    2.664   -0.874   25.395   14.64   16.85  113.91
  132.99  150.03 0.23281D-09  1  0  0.07123  248.32  254.65 0.14164D+15  2.388    3.170    2.653   -0.980   25.306   14.66   16.90  115.98
  133.31  151.28 0.23230D-09  1  0  0.07209  248.11  254.55 0.14245D+15  2.390    3.158    2.642   -1.088   25.216   14.69   16.96  117.73
  133.63  152.38 0.23179D-09  1  0  0.07298  247.89  254.45 0.14330D+15  2.392    3.147    2.631   -1.199   25.124   14.72   17.01  119.25
  133.95  153.38 0.23128D-09  1  0  0.07389  247.67  254.35 0.14417D+15  2.394    3.135    2.620   -1.312   25.030   14.75   17.07  120.57
  134.27  154.28 0.23077D-09  1  0  0.07482  247.44  254.25 0.14509D+15  2.396    3.124    2.609   -1.427   24.934   14.78   17.13  121.75
  134.60  155.12 0.23027D-09  1  0  0.07578  247.21  254.15 0.14604D+15  2.399    3.112    2.598   -1.545   24.836   14.81   17.19  122.82
  134.92  155.90 0.22977D-09  1  0  0.07676  246.97  254.04 0.14704D+15  2.401    3.100    2.587   -1.665   24.736   14.84   17.25  123.79
  135.24  156.63 0.22927D-09  1  0  0.07776  246.72  253.93 0.14807D+15  2.403    3.088    2.576   -1.788   24.634   14.88   17.32  124.69
  135.56  157.33 0.22878D-09  1  0  0.07879  246.47  253.82 0.14916D+15  2.406    3.076    2.565   -1.914   24.530   14.91   17.39  125.52
  135.88  157.99 0.22828D-09  1  0  0.07985  246.22  253.70 0.15029D+15  2.408    3.064    2.554   -2.043   24.424   14.95   17.46  126.29
  136.21  158.62 0.22779D-09  1  0  0.08094  245.96  253.59 0.15146D+15  2.410    3.052    2.543   -2.174   24.315   14.98   17.53  127.02
  136.53  159.23 0.22730D-09  1  0  0.08205  245.69  253.47 0.15269D+15  2.413    3.040    2.532   -2.309   24.204   15.02   17.61  127.71
  136.85  159.82 0.22681D-09  1  0  0.08320  245.41  253.35 0.15398D+15  2.416    3.028    2.520   -2.446   24.090   15.06   17.68  128.37
  137.17  160.39 0.22633D-09  1  0  0.08438  245.13  253.22 0.15533D+15  2.418    3.016    2.509   -2.587   23.974   15.10   17.76  128.99
  137.49  160.94 0.22585D-09  1  0  0.08559  244.84  253.10 0.15673D+15  2.421    3.003    2.498   -2.731   23.855   15.14   17.85  129.59
  137.82  161.48 0.22537D-09  1  0  0.08684  244.54  252.97 0.15820D+15  2.424    2.991    2.486   -2.879   23.733   15.19   17.93  130.16
  138.14  162.01 0.22489D-09  1  0  0.08812  244.23  252.83 0.15974D+15  2.427    2.978    2.474   -3.030   23.608   15.23   18.02  130.72
  138.46  162.53 0.22442D-09  1  0  0.08944  243.91  252.70 0.16136D+15  2.430    2.965    2.463   -3.185   23.481   15.28   18.11  131.25
  138.78  163.04 0.22394D-09  1  0  0.09080  243.59  252.56 0.16305D+15  2.433    2.953    2.451   -3.344   23.350   15.32   18.21  131.77
  139.10  163.53 0.22347D-09  1  0  0.09220  243.25  252.42 0.16482D+15  2.436    2.939    2.439   -3.506   23.217   15.37   18.31  132.28
  139.43  164.02 0.22300D-09  1  0  0.09365  242.91  252.27 0.16668D+15  2.440    2.926    2.427   -3.673   23.080   15.42   18.41  132.77
  139.75  164.51 0.22254D-09  1  0  0.09514  242.55  252.12 0.16863D+15  2.443    2.913    2.415   -3.844   22.939   15.47   18.52  133.25
  140.07  164.98 0.22207D-09  1  0  0.09667  242.18  251.97 0.17068D+15  2.447    2.899    2.402   -4.020   22.795   15.53   18.63  133.71
  140.39  165.45 0.22161D-09  1  0  0.09826  241.80  251.81 0.17284D+15  2.451    2.886    2.390   -4.200   22.648   15.58   18.75  134.17
  140.71  165.91 0.22115D-09  1  0  0.09990  241.41  251.65 0.17511D+15  2.454    2.872    2.377   -4.384   22.496   15.64   18.87  134.62
  141.04  166.37 0.22069D-09  1  0  0.10160  241.00  251.48 0.17750D+15  2.458    2.858    2.364   -4.574   22.341   15.70   19.00  135.05
  141.36  166.82 0.22024D-09  1  0  0.10335  240.58  251.31 0.18002D+15  2.463    2.843    2.352   -4.769   22.182   15.76   19.13  135.48
  141.68  167.27 0.21978D-09  1  0  0.10516  240.14  251.14 0.18267D+15  2.467    2.829    2.338   -4.969   22.018   15.83   19.27  135.91
  142.00  167.72 0.21933D-09  1  0  0.10704  239.69  250.95 0.18548D+15  2.471    2.814    2.325   -5.174   21.850   15.89   19.42  136.32
  142.32  168.16 0.21888D-09  1  0  0.10898  239.22  250.77 0.18844D+15  2.476    2.799    2.311   -5.385   21.678   15.96   19.57  136.73
  142.65  168.59 0.21843D-09  1  0  0.11100  238.74  250.58 0.19157D+15  2.481    2.783    2.298   -5.602   21.501   16.03   19.73  137.13
  142.97  169.02 0.21799D-09  1  0  0.11309  238.23  250.38 0.19488D+15  2.486    2.767    2.284   -5.826   21.319   16.11   19.89  137.52
  143.29  169.45 0.21754D-09  1  0  0.11526  237.70  250.18 0.19840D+15  2.491    2.751    2.269   -6.055   21.132   16.19   20.07  137.91
  143.61  169.88 0.21710D-09  1  0  0.11751  237.15  249.97 0.20212D+15  2.497    2.735    2.255   -6.291   20.939   16.27   20.25  138.30
  143.93  170.30 0.21666D-09  1  0  0.11985  236.58  249.76 0.20608D+15  2.503    2.718    2.240   -6.534   20.741   16.35   20.45  138.67
  144.26  170.72 0.21622D-09  1  0  0.12229  235.99  249.53 0.21028D+15  2.509    2.701    2.224   -6.784   20.538   16.44   20.65  139.05
  144.58  171.13 0.21579D-09  1  0  0.12483  235.36  249.30 0.21476D+15  2.515    2.683    2.209   -7.041   20.329   16.52   20.87  139.41
  144.90  171.54 0.21535D-09  1  0  0.12747  234.71  249.07 0.21953D+15  2.522    2.665    2.193   -7.306   20.113   16.62   21.09  139.77
  145.22  171.95 0.21492D-09  1  0  0.13022  234.03  248.82 0.22461D+15  2.529    2.646    2.176   -7.579   19.892   16.71   21.33  140.13
  145.54  172.36 0.21449D-09  1  0  0.13310  233.31  248.57 0.23005D+15  2.537    2.626    2.159   -7.860   19.663   16.81   21.59  140.48
  145.87  172.76 0.21406D-09  1  0  0.13610  232.56  248.31 0.23586D+15  2.544    2.606    2.142   -8.149   19.429   16.92   21.86  140.82
  146.19  173.16 0.21364D-09  1  0  0.13925  231.77  248.04 0.24208D+15  2.553    2.586    2.124   -8.448   19.187   17.02   22.14  141.16
  146.51  173.55 0.21321D-09  1  0  0.14253  230.94  247.76 0.24875D+15  2.562    2.564    2.106   -8.755   18.938   17.14   22.45  141.50
  146.83  173.94 0.21279D-09  1  0  0.14598  230.07  247.47 0.25592D+15  2.571    2.542    2.086   -9.071   18.681   17.25   22.77  141.82
  147.15  174.33 0.21237D-09  1  0  0.14960  229.14  247.17 0.26363D+15  2.581    2.519    2.067   -9.397   18.417   17.37   23.12  142.15
  147.48  174.72 0.21195D-09  1  0  0.15339  228.16  246.86 0.27192D+15  2.592    2.495    2.046   -9.733   18.145   17.49   23.49  142.46
  147.80  175.10 0.21154D-09  1  0  0.15738  227.13  246.54 0.28087D+15  2.603    2.470    2.025  -10.079   17.865   17.62   23.88  142.77
  148.12  175.47 0.21112D-09  1  0  0.16159  226.03  246.21 0.29053D+15  2.615    2.444    2.002  -10.435   17.577   17.75   24.30  143.07
  148.44  175.84 0.21071D-09  1  0  0.16602  224.86  245.87 0.30097D+15  2.628    2.417    1.979  -10.802   17.281   17.88   24.76  143.37
  148.76  176.21 0.21030D-09  1  0  0.17070  223.61  245.51 0.31227D+15  2.643    2.388    1.954  -11.179   16.976   18.02   25.24  143.65
  149.09  176.57 0.20989D-09  1  0  0.17565  222.28  245.15 0.32451D+15  2.658    2.358    1.929  -11.568   16.663   18.15   25.77  143.93
  149.41  176.92 0.20948D-09  1  0  0.18090  220.85  244.76 0.33777D+15  2.674    2.326    1.902  -11.967   16.341   18.29   26.34  144.19
  149.73  177.27 0.20907D-09  1  0  0.18646  219.33  244.37 0.35216D+15  2.692    2.292    1.873  -12.376   16.010   18.43   26.95  144.45
  150.05  180.84 0.20867D-09  0  0  0.19237  217.68  243.97 0.36776D+15  2.712    2.256    1.843  -12.658   15.785  150.05  150.05  150.05
  150.37  181.23 0.20827D-09  0  0  0.19867  215.91  243.55 0.38468D+15  2.733    2.218    1.811  -12.700   15.755  150.37  150.37  150.37
  150.70  181.62 0.20787D-09  0  0  0.20539  214.00  243.12 0.40298D+15  2.757    2.177    1.777  -12.746   15.723  150.70  150.70  150.70
  151.02  182.00 0.20747D-09  0  0  0.21258  211.92  242.68 0.42274D+15  2.783    2.133    1.740  -12.794   15.688  151.02  151.02  151.02
  151.34  182.39 0.20707D-09  0  0  0.22029  209.66  242.24 0.44399D+15  2.812    2.086    1.701  -12.845   15.651  151.34  151.34  151.34
  151.66  182.78 0.20667D-09  0  0  0.22857  207.19  241.78 0.46670D+15  2.844    2.035    1.659  -12.900   15.611  151.66  151.66  151.66
  151.98  183.17 0.20628D-09  0  0  0.23749  204.48  241.33 0.49073D+15  2.880    1.980    1.613  -12.960   15.567  151.98  151.98  151.98
  152.31  183.56 0.20589D-09  0  0  0.24714  201.50  240.88 0.51579D+15  2.921    1.920    1.564  -13.024   15.519  152.31  152.31  152.31
  152.63  183.94 0.20550D-09  0  0  0.25760  198.21  240.45 0.54133D+15  2.968    1.854    1.509  -13.095   15.467  152.63  152.63  152.63
  152.95  184.33 0.20511D-09  0  0  0.26897  194.55  240.04 0.56643D+15  3.022    1.782    1.450  -13.171   15.409  152.95  152.95  152.95
  153.27  184.72 0.20472D-09  0  0  0.28139  190.46  239.67 0.58958D+15  3.085    1.702    1.384  -13.256   15.345  153.27  153.27  153.27
  153.59  185.11 0.20434D-09  0  0  0.29501  185.87  239.38 0.60843D+15  3.158    1.612    1.311  -13.350   15.274  153.59  153.59  153.59
  153.92  185.50 0.20395D-09  0  0  0.31000  180.68  239.19 0.61942D+15  3.246    1.512    1.229  -13.455   15.194  153.92  153.92  153.92
  154.24  185.89 0.20357D-09  0  0  0.32100  176.79  239.15 0.61873D+15  3.315    1.436    1.167  -13.535   15.134  154.24  154.24  154.24
  154.56  186.27 0.20319D-09  0  0  0.32100  176.79  239.15 0.61528D+15  3.315    1.434    1.164  -13.542   15.133  154.56  154.56  154.56
  154.88  186.66 0.20281D-09  0  0  0.32100  176.80  239.15 0.61186D+15  3.315    1.431    1.161  -13.549   15.133  154.88  154.88  154.88
  155.20  187.05 0.20243D-09  0  0  0.32100  176.81  239.15 0.60846D+15  3.315    1.429    1.159  -13.556   15.132  155.20  155.20  155.20
  155.53  187.44 0.20206D-09  0  0  0.32100  176.81  239.14 0.60508D+15  3.315    1.426    1.156  -13.562   15.132  155.53  155.53  155.53
  155.85  187.83 0.20168D-09  0  0  0.32100  176.82  239.14 0.60172D+15  3.315    1.424    1.154  -13.569   15.131  155.85  155.85  155.85
  156.17  188.21 0.20131D-09  0  0  0.32100  176.82  239.14 0.59837D+15  3.315    1.421    1.151  -13.576   15.130  156.17  156.17  156.17
  156.49  188.60 0.20094D-09  0  0  0.32100  176.83  239.13 0.59505D+15  3.315    1.419    1.148  -13.583   15.130  156.49  156.49  156.49
  156.81  188.99 0.20057D-09  0  0  0.32100  176.83  239.13 0.59175D+15  3.315    1.416    1.146  -13.590   15.129  156.81  156.81  156.81
  157.14  189.38 0.20020D-09  0  0  0.32100  176.84  239.13 0.58847D+15  3.315    1.414    1.143  -13.597   15.129  157.14  157.14  157.14
  157.46  189.77 0.19983D-09  0  0  0.32100  176.85  239.13 0.58521D+15  3.315    1.411    1.141  -13.604   15.128  157.46  157.46  157.46
  157.78  190.15 0.19947D-09  0  0  0.32100  176.85  239.12 0.58197D+15  3.315    1.409    1.138  -13.611   15.128  157.78  157.78  157.78
  158.10  190.54 0.19910D-09  0  0  0.32100  176.86  239.12 0.57875D+15  3.315    1.406    1.136  -13.618   15.127  158.10  158.10  158.10
  158.42  190.93 0.19874D-09  0  0  0.32100  176.86  239.12 0.57555D+15  3.314    1.404    1.133  -13.625   15.127  158.42  158.42  158.42
  158.75  191.32 0.19838D-09  0  0  0.32100  176.87  239.11 0.57237D+15  3.314    1.402    1.131  -13.631   15.126  158.75  158.75  158.75
  159.07  191.71 0.19802D-09  0  0  0.32100  176.88  239.11 0.56921D+15  3.314    1.399    1.129  -13.638   15.126  159.07  159.07  159.07
  159.39  192.09 0.19766D-09  0  0  0.32100  176.88  239.10 0.56607D+15  3.314    1.397    1.126  -13.645   15.125  159.39  159.39  159.39
  159.71  192.48 0.19731D-09  0  0  0.32100  176.89  239.10 0.56294D+15  3.314    1.394    1.124  -13.652   15.125  159.71  159.71  159.71
  160.03  192.87 0.19695D-09  0  0  0.32100  176.89  239.10 0.55984D+15  3.314    1.392    1.121  -13.659   15.124  160.03  160.03  160.03
  160.36  193.26 0.19660D-09  0  0  0.32100  176.90  239.09 0.55675D+15  3.314    1.390    1.119  -13.666   15.124  160.36  160.36  160.36
  160.68  193.65 0.19625D-09  0  0  0.32100  176.90  239.09 0.55368D+15  3.314    1.387    1.116  -13.672   15.123  160.68  160.68  160.68
  161.00  194.03 0.19589D-09  0  0  0.32100  176.91  239.08 0.55063D+15  3.314    1.385    1.114  -13.679   15.123  161.00  161.00  161.00
