R_tot = 1561.0 R_core =  1400.0  Tsurf =   100.00  g =  1.310
   zbot    P(MPa) Hint     conv melt pCLA   Tbot     Tm     etam        k   Fcond_bot Fcond_top   Fbot     Ftop    dlid z_topTBL z_botTBL
    0.00   -0.00 0.11024D-05  0  0  0.01476  273.21  261.55 0.32295D+15  2.167    0.000    0.000    0.000    0.000    0.00    0.00    0.00
    0.32    0.39 0.11026D-06  0  0  0.01479  273.18  265.31 0.21779D+15  2.167 1398.647 1398.070 1382.314 1414.401    0.32    0.32    0.32
    0.64    0.77 0.55143D-07  0  0  0.01482  273.15  265.92 0.20406D+15  2.168  699.338  698.761  683.000  715.094    0.64    0.64    0.64
    0.97    1.16 0.36770D-07  0  0  0.01486  273.12  266.30 0.19561D+15  2.168  466.235  465.658  449.893  481.994    0.97    0.97    0.97
    1.29    1.55 0.27583D-07  0  0  0.01489  273.08  266.59 0.18944D+15  2.168  349.683  349.107  333.337  365.444    1.29    1.29    1.29
    1.61    1.94 0.22071D-07  0  0  0.01492  273.05  266.82 0.18458D+15  2.168  279.752  279.176  263.401  295.516    1.61    1.61    1.61
    1.93    2.33 0.18396D-07  0  0  0.01496  273.02  267.01 0.18055D+15  2.169  233.132  232.555  216.776  248.897    1.93    1.93    1.93
    2.25    2.71 0.15771D-07  0  0  0.01499  272.99  267.17 0.17711D+15  2.169  199.831  199.254  183.471  215.599    2.25    2.25    2.25
    2.58    3.10 0.13803D-07  0  0  0.01503  272.96  267.31 0.17410D+15  2.169  174.855  174.279  158.491  190.626    2.58    2.58    2.58
    2.90    3.49 0.12272D-07  0  0  0.01506  272.92  267.44 0.17144D+15  2.170  155.430  154.853  139.061  171.202    2.90    2.90    2.90
    3.22    3.88 0.11047D-07  0  0  0.01509  272.89  267.55 0.16904D+15  2.170  139.890  139.313  123.516  155.664    3.22    3.22    3.22
    3.54    4.27 0.10045D-07  0  0  0.01513  272.86  267.65 0.16687D+15  2.170  127.175  126.598  110.796  142.952    3.54    3.54    3.54
    3.86    4.65 0.92095D-08  0  0  0.01516  272.83  267.74 0.16487D+15  2.170  116.579  116.002  100.196  132.358    3.86    3.86    3.86
    4.19    5.04 0.85028D-08  0  0  0.01520  272.79  267.82 0.16303D+15  2.171  107.613  107.037   91.226  123.395    4.19    4.19    4.19
    4.51    5.43 0.78971D-08  0  0  0.01523  272.76  267.89 0.16132D+15  2.171   99.928   99.352   83.536  115.712    4.51    4.51    4.51
    4.83    5.82 0.73721D-08  0  0  0.01527  272.73  267.96 0.15973D+15  2.171   93.268   92.692   76.872  109.054    4.83    4.83    4.83
    5.15    6.21 0.69128D-08  0  0  0.01530  272.69  268.03 0.15823D+15  2.172   87.440   86.864   71.039  103.229    5.15    5.15    5.15
    5.47    6.59 0.65075D-08  0  0  0.01534  272.66  268.09 0.15682D+15  2.172   82.298   81.722   65.893   98.089    5.47    5.47    5.47
    5.80    6.98 0.61473D-08  0  0  0.01537  272.63  268.14 0.15550D+15  2.172   77.727   77.151   61.317   93.520    5.80    5.80    5.80
    6.12    7.37 0.58249D-08  0  0  0.01541  272.60  268.20 0.15424D+15  2.172   73.637   73.061   57.223   89.433    6.12    6.12    6.12
    6.44    7.76 0.55348D-08  0  0  0.01545  272.56  268.24 0.15304D+15  2.173   69.957   69.381   53.538   85.754    6.44    6.44    6.44
    6.76    8.15 0.52723D-08  0  0  0.01548  272.53  268.29 0.15190D+15  2.173   66.626   66.050   50.203   82.427    6.76    6.76    6.76
    7.08    8.54 0.50337D-08  0  0  0.01552  272.50  268.33 0.15082D+15  2.173   63.599   63.023   47.171   79.401    7.08    7.08    7.08
    7.41    8.92 0.48159D-08  0  0  0.01555  272.46  268.37 0.14978D+15  2.173   60.835   60.259   44.402   76.639    7.41    7.41    7.41
    7.73    9.31 0.46162D-08  0  0  0.01559  272.43  268.41 0.14878D+15  2.174   58.301   57.725   41.864   74.108    7.73    7.73    7.73
    8.05    9.70 0.44324D-08  0  0  0.01563  272.40  268.44 0.14783D+15  2.174   55.970   55.394   39.528   71.779    8.05    8.05    8.05
    8.37   10.09 0.42628D-08  0  0  0.01566  272.36  268.48 0.14691D+15  2.174   53.818   53.242   37.371   69.629    8.37    8.37    8.37
    8.69   10.48 0.41058D-08  0  0  0.01570  272.33  268.51 0.14602D+15  2.175   51.825   51.249   35.374   67.639    8.69    8.69    8.69
    9.02   10.86 0.39600D-08  0  0  0.01574  272.30  268.54 0.14517D+15  2.175   49.975   49.399   33.520   65.791    9.02    9.02    9.02
    9.34   11.25 0.38242D-08  0  0  0.01577  272.26  268.56 0.14435D+15  2.175   48.252   47.677   31.792   64.071    9.34    9.34    9.34
    9.66   11.64 0.36975D-08  0  0  0.01581  272.23  268.59 0.14355D+15  2.175   46.644   46.069   30.180   62.465    9.66    9.66    9.66
    9.98   12.03 0.35790D-08  0  0  0.01585  272.20  268.61 0.14278D+15  2.176   45.140   44.565   28.671   60.963    9.98    9.98    9.98
   10.30   12.42 0.34679D-08  0  0  0.01589  272.16  268.63 0.14203D+15  2.176   43.730   43.155   27.257   59.556   10.30   10.30   10.30
   10.63   12.80 0.33635D-08  0  0  0.01592  272.13  268.66 0.14131D+15  2.176   42.405   41.830   25.927   58.233   10.63   10.63   10.63
   10.95   13.19 0.32652D-08  0  0  0.01596  272.09  268.68 0.14061D+15  2.177   41.159   40.583   24.676   56.989   10.95   10.95   10.95
   11.27   13.58 0.31726D-08  0  0  0.01600  272.06  268.69 0.13993D+15  2.177   39.983   39.408   23.496   55.816   11.27   11.27   11.27
   11.59   13.97 0.30851D-08  0  0  0.01604  272.03  268.71 0.13926D+15  2.177   38.873   38.298   22.381   54.708   11.59   11.59   11.59
   11.91   14.36 0.30023D-08  0  0  0.01608  271.99  268.73 0.13862D+15  2.177   37.823   37.248   21.327   53.660   11.91   11.91   11.91
   12.24   14.74 0.29239D-08  0  0  0.01612  271.96  268.74 0.13799D+15  2.178   36.828   36.253   20.327   52.667   12.24   12.24   12.24
   12.56   15.13 0.28495D-08  0  0  0.01615  271.92  268.76 0.13738D+15  2.178   35.884   35.309   19.378   51.726   12.56   12.56   12.56
   12.88   15.52 0.27789D-08  0  0  0.01619  271.89  268.77 0.13678D+15  2.178   34.987   34.412   18.477   50.831   12.88   12.88   12.88
   13.20   15.91 0.27117D-08  0  0  0.01623  271.86  268.78 0.13620D+15  2.179   34.134   33.559   17.620   49.980   13.20   13.20   13.20
   13.52   16.30 0.26476D-08  0  0  0.01627  271.82  268.80 0.13564D+15  2.179   33.322   32.747   16.803   49.170   13.52   13.52   13.52
   13.85   16.68 0.25866D-08  0  0  0.01631  271.79  268.81 0.13508D+15  2.179   32.547   31.972   16.023   48.398   13.85   13.85   13.85
   14.17   17.07 0.25283D-08  0  0  0.01635  271.75  268.82 0.13454D+15  2.180   31.808   31.233   15.279   47.661   14.17   14.17   14.17
   14.49   17.46 0.24727D-08  0  0  0.01639  271.72  268.83 0.13401D+15  2.180   31.101   30.526   14.568   46.957   14.49   14.49   14.49
   14.81   17.85 0.24194D-08  0  0  0.01643  271.68  268.83 0.13349D+15  2.180   30.425   29.850   13.888   46.283   14.81   14.81   14.81
   15.13   18.24 0.23684D-08  0  0  0.01647  271.65  268.84 0.13299D+15  2.180   29.778   29.203   13.236   45.638   15.13   15.13   15.13
   15.46   18.63 0.23196D-08  0  0  0.01651  271.62  268.85 0.13249D+15  2.181   29.158   28.583   12.611   45.020   15.46   15.46   15.46
   15.78   19.01 0.22727D-08  0  0  0.01655  271.58  268.85 0.13201D+15  2.181   28.563   27.988   12.012   44.428   15.78   15.78   15.78
   16.10   19.40 0.22277D-08  0  0  0.01659  271.55  268.86 0.13153D+15  2.181   27.992   27.417   11.436   43.859   16.10   16.10   16.10
   16.42   19.79 0.21845D-08  0  0  0.01663  271.51  268.87 0.13107D+15  2.182   27.443   26.869   10.883   43.313   16.42   16.42   16.42
   16.74   19.79 0.21429D-08  1  0  0.01667  271.48  268.87 0.13061D+15  2.182   26.915   26.341   10.451   42.885   10.06   14.52   16.10
   17.07   20.18 0.21029D-08  1  0  0.01672  271.44  268.87 0.13016D+15  2.182   26.408   25.834   10.339   42.771   10.08   14.45   16.42
   17.39   20.57 0.20644D-08  1  0  0.01676  271.41  268.88 0.12972D+15  2.182   25.919   25.345   10.229   42.660   10.11   14.39   16.74
   17.71   20.96 0.20273D-08  1  0  0.01680  271.37  268.88 0.12929D+15  2.183   25.448   24.874   10.121   42.550   10.13   14.32   17.07
   18.03   21.35 0.19915D-08  1  0  0.01684  271.34  268.88 0.12887D+15  2.183   24.993   24.419   10.015   42.443   10.15   14.27   17.39
   18.35   21.74 0.19570D-08  1  0  0.01688  271.30  268.88 0.12845D+15  2.183   24.555   23.981    9.912   42.338   10.17   14.21   17.72
   18.68   22.13 0.19236D-08  1  0  0.01692  271.27  268.88 0.12804D+15  2.184   24.132   23.558    9.810   42.234   10.19   14.17   18.04
   19.00   22.52 0.18914D-08  1  0  0.01697  271.23  268.89 0.12764D+15  2.184   23.723   23.149    9.710   42.133   10.21   14.12   18.37
   19.32   22.91 0.18603D-08  1  0  0.01701  271.20  268.89 0.12725D+15  2.184   23.327   22.754    9.612   42.033   10.23   14.07   18.69
   19.64   23.30 0.18302D-08  1  0  0.01705  271.16  268.89 0.12686D+15  2.185   22.945   22.371    9.515   41.935   10.25   14.03   19.02
   19.96   23.69 0.18010D-08  1  0  0.01710  271.12  268.88 0.12648D+15  2.185   22.575   22.001    9.421   41.839   10.27   13.99   19.35
   20.29   24.08 0.17728D-08  1  0  0.01714  271.09  268.88 0.12610D+15  2.185   22.217   21.643    9.327   41.744   10.29   13.96   19.67
   20.61   24.47 0.17454D-08  1  0  0.01718  271.05  268.88 0.12573D+15  2.185   21.870   21.296    9.236   41.651   10.31   13.92   20.00
   20.93   24.86 0.17190D-08  1  0  0.01723  271.02  268.88 0.12537D+15  2.186   21.533   20.960    9.146   41.560   10.33   13.89   20.32
   21.25   25.25 0.16933D-08  1  0  0.01727  270.98  268.88 0.12501D+15  2.186   21.207   20.633    9.057   41.470   10.34   13.86   20.65
   21.57   25.64 0.16683D-08  1  0  0.01731  270.95  268.87 0.12466D+15  2.186   20.890   20.317    8.970   41.381   10.36   13.83   20.97
   21.90   26.03 0.16441D-08  1  0  0.01736  270.91  268.87 0.12432D+15  2.187   20.583   20.010    8.884   41.294   10.38   13.81   21.30
   22.22   26.42 0.16206D-08  1  0  0.01740  270.87  268.87 0.12397D+15  2.187   20.285   19.712    8.799   41.208   10.40   13.78   21.62
   22.54   26.81 0.15978D-08  1  0  0.01745  270.84  268.86 0.12364D+15  2.187   19.995   19.422    8.715   41.123   10.41   13.76   21.95
   22.86   27.20 0.15756D-08  1  0  0.01749  270.80  268.86 0.12331D+15  2.188   19.713   19.140    8.633   41.040   10.43   13.73   22.28
   23.18   27.59 0.15541D-08  1  0  0.01754  270.77  268.85 0.12298D+15  2.188   19.440   18.866    8.552   40.957   10.45   13.71   22.60
   23.51   27.98 0.15331D-08  1  0  0.01758  270.73  268.85 0.12266D+15  2.188   19.173   18.600    8.472   40.876   10.46   13.69   22.93
   23.83   28.37 0.15127D-08  1  0  0.01763  270.69  268.84 0.12234D+15  2.189   18.914   18.341    8.393   40.796   10.48   13.67   23.25
   24.15   28.76 0.14928D-08  1  0  0.01767  270.66  268.84 0.12203D+15  2.189   18.662   18.089    8.315   40.717   10.49   13.66   23.58
   24.47   29.15 0.14735D-08  1  0  0.01772  270.62  268.83 0.12172D+15  2.189   18.416   17.843    8.238   40.640   10.51   13.64   23.91
   24.79   29.54 0.14547D-08  1  0  0.01776  270.59  268.83 0.12142D+15  2.189   18.177   17.604    8.162   40.563   10.53   13.62   24.23
   25.12   29.93 0.14363D-08  1  0  0.01781  270.55  268.82 0.12112D+15  2.190   17.944   17.371    8.087   40.487   10.54   13.61   24.56
   25.44   30.33 0.14184D-08  1  0  0.01786  270.51  268.81 0.12082D+15  2.190   17.717   17.144    8.014   40.412   10.56   13.59   24.89
   25.76   30.72 0.14010D-08  1  0  0.01790  270.48  268.80 0.12053D+15  2.190   17.495   16.922    7.941   40.338   10.57   13.58   25.21
   26.08   31.11 0.13840D-08  1  0  0.01795  270.44  268.80 0.12024D+15  2.191   17.279   16.706    7.868   40.265   10.59   13.57   25.54
   26.40   31.50 0.13674D-08  1  0  0.01800  270.40  268.79 0.11995D+15  2.191   17.068   16.496    7.797   40.193   10.60   13.56   25.87
   26.73   31.89 0.13512D-08  1  0  0.01805  270.36  268.78 0.11967D+15  2.191   16.862   16.290    7.727   40.122   10.61   13.54   26.19
   27.05   32.28 0.13354D-08  1  0  0.01809  270.33  268.77 0.11940D+15  2.192   16.662   16.089    7.657   40.052   10.63   13.53   26.52
   27.37   32.67 0.13200D-08  1  0  0.01814  270.29  268.76 0.11912D+15  2.192   16.465   15.893    7.588   39.982   10.64   13.52   26.85
   27.69   33.06 0.13049D-08  1  0  0.01819  270.25  268.75 0.11885D+15  2.192   16.274   15.702    7.520   39.913   10.66   13.51   27.17
   28.01   33.45 0.12901D-08  1  0  0.01824  270.22  268.74 0.11859D+15  2.193   16.087   15.514    7.453   39.845   10.67   13.51   27.50
   28.34   33.84 0.12757D-08  1  0  0.01829  270.18  268.74 0.11832D+15  2.193   15.904   15.332    7.386   39.778   10.68   13.50   27.83
   28.66   34.24 0.12617D-08  1  0  0.01834  270.14  268.73 0.11806D+15  2.193   15.725   15.153    7.320   39.712   10.70   13.49   28.15
   28.98   34.63 0.12479D-08  1  0  0.01839  270.10  268.72 0.11780D+15  2.194   15.550   14.978    7.255   39.646   10.71   13.48   28.48
   29.30   35.02 0.12345D-08  1  0  0.01843  270.07  268.71 0.11755D+15  2.194   15.379   14.807    7.190   39.581   10.72   13.48   28.81
   29.62   35.41 0.12213D-08  1  0  0.01848  270.03  268.69 0.11730D+15  2.194   15.212   14.640    7.127   39.516   10.74   13.47   29.14
   29.95   35.80 0.12084D-08  1  0  0.01853  269.99  268.68 0.11705D+15  2.195   15.048   14.476    7.063   39.452   10.75   13.46   29.46
   30.27   36.19 0.11958D-08  1  0  0.01858  269.95  268.67 0.11680D+15  2.195   14.888   14.316    7.001   39.389   10.76   13.46   29.79
   30.59   36.58 0.11835D-08  1  0  0.01863  269.92  268.66 0.11656D+15  2.195   14.731   14.159    6.939   39.327   10.77   13.45   30.12
   30.91   36.97 0.11714D-08  1  0  0.01869  269.88  268.65 0.11632D+15  2.195   14.577   14.006    6.877   39.265   10.79   13.45   30.45
   31.23   37.37 0.11595D-08  1  0  0.01874  269.84  268.64 0.11608D+15  2.196   14.427   13.855    6.816   39.204   10.80   13.45   30.77
   31.56   37.76 0.11480D-08  1  0  0.01879  269.80  268.63 0.11585D+15  2.196   14.279   13.708    6.756   39.143   10.81   13.44   31.10
   31.88   38.15 0.11366D-08  1  0  0.01884  269.77  268.61 0.11562D+15  2.196   14.135   13.563    6.696   39.083   10.82   13.44   31.43
   32.20   38.54 0.11255D-08  1  0  0.01889  269.73  268.60 0.11539D+15  2.197   13.993   13.422    6.637   39.023   10.83   13.44   31.76
   32.52   38.93 0.11145D-08  1  0  0.01894  269.69  268.59 0.11516D+15  2.197   13.855   13.283    6.578   38.964   10.85   13.43   32.09
   32.84   39.33 0.11039D-08  1  0  0.01899  269.65  268.58 0.11494D+15  2.197   13.719   13.147    6.520   38.906   10.86   13.43   32.42
   33.17   39.72 0.10934D-08  1  0  0.01905  269.61  268.56 0.11472D+15  2.198   13.585   13.014    6.462   38.848   10.87   13.43   32.74
   33.49   40.11 0.10831D-08  1  0  0.01910  269.57  268.55 0.11450D+15  2.198   13.454   12.883    6.405   38.791   10.88   13.43   33.07
   33.81   40.50 0.10730D-08  1  0  0.01915  269.54  268.54 0.11428D+15  2.198   13.326   12.755    6.348   38.734   10.89   13.42   33.40
   34.13   40.89 0.10631D-08  1  0  0.01921  269.50  268.52 0.11407D+15  2.199   13.200   12.629    6.292   38.677   10.90   13.42   33.73
   34.45   41.29 0.10534D-08  1  0  0.01926  269.46  268.51 0.11385D+15  2.199   13.076   12.506    6.236   38.621   10.91   13.42   34.06
   34.78   41.68 0.10438D-08  1  0  0.01931  269.42  268.49 0.11365D+15  2.199   12.955   12.384    6.180   38.566   10.92   13.42   34.39
   35.10   42.07 0.10345D-08  1  0  0.01937  269.38  268.48 0.11344D+15  2.200   12.836   12.265    6.125   38.510   10.93   13.42   34.72
   35.42   42.46 0.10253D-08  1  0  0.01942  269.34  268.46 0.11323D+15  2.200   12.719   12.148    6.071   38.456   10.95   13.42   35.04
   35.74   42.85 0.10162D-08  1  0  0.01948  269.30  268.45 0.11303D+15  2.200   12.604   12.034    6.016   38.402   10.96   13.42   35.37
   36.06   43.25 0.10074D-08  1  0  0.01953  269.26  268.44 0.11283D+15  2.201   12.492   11.921    5.963   38.348   10.97   13.42   35.70
   36.39   43.64 0.99868D-09  1  0  0.01959  269.22  268.42 0.11263D+15  2.201   12.381   11.810    5.909   38.294   10.98   13.42   36.03
   36.71   44.03 0.99012D-09  1  0  0.01964  269.19  268.40 0.11243D+15  2.201   12.272   11.701    5.856   38.241   10.99   13.42   36.36
   37.03   44.42 0.98172D-09  1  0  0.01970  269.15  268.39 0.11224D+15  2.202   12.165   11.595    5.803   38.189   11.00   13.42   36.69
   37.35   44.82 0.97346D-09  1  0  0.01975  269.11  268.37 0.11204D+15  2.202   12.060   11.490    5.751   38.137   11.01   13.42   37.02
   37.67   45.21 0.96534D-09  1  0  0.01981  269.07  268.36 0.11185D+15  2.202   11.956   11.386    5.699   38.085   11.02   13.42   37.35
   38.00   45.60 0.95735D-09  1  0  0.01987  269.03  268.34 0.11166D+15  2.203   11.855   11.285    5.647   38.033   11.03   13.42   37.68
   38.32   46.00 0.94951D-09  1  0  0.01992  268.99  268.33 0.11148D+15  2.203   11.755   11.185    5.596   37.982   11.04   13.42   38.01
   38.64   46.39 0.94179D-09  1  0  0.01998  268.95  268.31 0.11129D+15  2.203   11.657   11.087    5.545   37.932   11.05   13.43   38.34
   38.96   46.78 0.93420D-09  1  0  0.02004  268.91  268.29 0.11111D+15  2.204   11.560   10.990    5.495   37.881   11.06   13.43   38.67
   39.28   47.17 0.92674D-09  1  0  0.02010  268.87  268.28 0.11093D+15  2.204   11.465   10.895    5.444   37.831   11.07   13.43   39.00
   39.61   47.57 0.91939D-09  1  0  0.02016  268.83  268.26 0.11075D+15  2.204   11.372   10.802    5.394   37.782   11.08   13.43   39.33
   39.93   47.96 0.91217D-09  1  0  0.02021  268.79  268.24 0.11057D+15  2.205   11.280   10.710    5.344   37.732   11.09   13.43   39.66
   40.25   48.35 0.90506D-09  1  0  0.02027  268.75  268.22 0.11039D+15  2.205   11.189   10.619    5.295   37.683   11.10   13.44   39.99
   40.57   48.75 0.89806D-09  1  0  0.02033  268.71  268.21 0.11022D+15  2.206   11.100   10.530    5.246   37.634   11.10   13.44   40.32
   40.89   49.14 0.89118D-09  1  0  0.02039  268.67  268.19 0.11005D+15  2.206   11.012   10.443    5.197   37.586   11.11   13.44   40.65
   41.22   49.53 0.88440D-09  1  0  0.02045  268.63  268.17 0.10988D+15  2.206   10.926   10.357    5.148   37.538   11.12   13.44   40.99
   41.54   49.93 0.87773D-09  1  0  0.02051  268.59  268.15 0.10971D+15  2.207   10.841   10.272    5.100   37.490   11.13   13.45   41.32
   41.86   50.32 0.87115D-09  1  0  0.02057  268.55  268.13 0.10954D+15  2.207   10.757   10.188    5.052   37.442   11.14   13.45   41.65
   42.18   50.72 0.86468D-09  1  0  0.02063  268.51  268.12 0.10937D+15  2.207   10.675   10.106    5.004   37.395   11.15   13.45   41.98
   42.50   51.11 0.85831D-09  1  0  0.02069  268.46  268.10 0.10921D+15  2.208   10.594   10.025    4.957   37.348   11.16   13.45   42.31
   42.83   51.50 0.85204D-09  1  0  0.02076  268.42  268.08 0.10905D+15  2.208   10.514    9.945    4.909   37.301   11.17   13.46   42.64
   43.15   51.90 0.84585D-09  1  0  0.02082  268.38  268.06 0.10888D+15  2.208   10.435    9.866    4.862   37.255   11.18   13.46   42.98
   43.47   52.29 0.83976D-09  1  0  0.02088  268.34  268.04 0.10873D+15  2.209   10.357    9.788    4.815   37.209   11.19   13.46   43.31
   43.79   52.69 0.83376D-09  1  0  0.02094  268.30  268.02 0.10857D+15  2.209   10.281    9.712    4.769   37.163   11.19   13.47   43.64
   44.11   53.08 0.82785D-09  1  0  0.02100  268.26  268.00 0.10841D+15  2.209   10.205    9.637    4.722   37.117   11.20   13.47   43.97
   44.44   53.48 0.82202D-09  1  0  0.02107  268.22  267.98 0.10826D+15  2.210   10.131    9.562    4.676   37.071   11.21   13.47   44.31
   44.76   53.87 0.81628D-09  1  0  0.02113  268.18  267.96 0.10810D+15  2.210   10.058    9.489    4.630   37.026   11.22   13.48   44.64
   45.08   54.27 0.81062D-09  1  0  0.02120  268.13  267.94 0.10795D+15  2.210    9.986    9.417    4.585   36.981   11.23   13.48   44.97
   45.40   54.66 0.80503D-09  1  0  0.02126  268.09  267.92 0.10780D+15  2.211    9.914    9.346    4.539   36.936   11.24   13.49   45.31
   45.72   55.06 0.79953D-09  1  0  0.02132  268.05  267.90 0.10765D+15  2.211    9.844    9.276    4.494   36.892   11.25   13.49   45.64
   46.05   55.45 0.79411D-09  1  0  0.02139  268.01  267.88 0.10750D+15  2.212    9.775    9.207    4.448   36.848   11.25   13.49   45.97
   46.37   55.85 0.78876D-09  1  0  0.02145  267.97  267.86 0.10736D+15  2.212    9.707    9.139    4.404   36.803   11.26   13.50   46.31
   46.69   56.24 0.78348D-09  1  0  0.02152  267.93  267.84 0.10721D+15  2.212    9.640    9.071    4.359   36.759   11.27   13.50   46.64
   47.01   56.64 0.77827D-09  1  0  0.02159  267.88  267.82 0.10707D+15  2.213    9.573    9.005    4.314   36.716   11.28   13.51   46.98
   47.33   57.03 0.77314D-09  1  0  0.02165  267.84  267.80 0.10693D+15  2.213    9.508    8.940    4.270   36.672   11.29   13.51   47.31
   47.66   57.43 0.76808D-09  1  0  0.02172  267.80  267.78 0.10679D+15  2.213    9.443    8.875    4.225   36.629   11.30   13.52   47.64
   47.98   57.82 0.76308D-09  1  0  0.02179  267.76  267.76 0.10665D+15  2.214    9.379    8.812    4.181   36.586   11.30   13.52   47.98
   48.30   58.21 0.75815D-09  1  0  0.02185  267.71  267.74 0.10651D+15  2.214    9.316    8.749    4.137   36.543   11.31   13.53   48.30
   48.62   58.60 0.75329D-09  1  0  0.02192  267.67  267.72 0.10638D+15  2.214    9.254    8.687    4.094   36.500   11.32   13.53   48.62
   48.94   58.99 0.74849D-09  1  0  0.02199  267.63  267.69 0.10624D+15  2.215    9.193    8.626    4.050   36.458   11.33   13.53   48.94
   49.27   59.38 0.74375D-09  1  0  0.02206  267.59  267.67 0.10611D+15  2.215    9.133    8.565    4.007   36.415   11.34   13.54   49.27
   49.59   59.76 0.73908D-09  1  0  0.02213  267.54  267.65 0.10598D+15  2.216    9.073    8.506    3.963   36.373   11.34   13.54   49.59
   49.91   60.15 0.73446D-09  1  0  0.02220  267.50  267.63 0.10585D+15  2.216    9.014    8.447    3.920   36.331   11.35   13.55   49.91
   50.23   60.54 0.72990D-09  1  0  0.02227  267.46  267.61 0.10572D+15  2.216    8.956    8.389    3.877   36.289   11.36   13.55   50.23
   50.55   60.93 0.72541D-09  1  0  0.02234  267.41  267.58 0.10559D+15  2.217    8.898    8.331    3.834   36.247   11.37   13.56   50.55
   50.88   61.32 0.72097D-09  1  0  0.02241  267.37  267.56 0.10546D+15  2.217    8.842    8.275    3.791   36.206   11.37   13.57   50.88
   51.20   61.70 0.71658D-09  1  0  0.02248  267.33  267.54 0.10534D+15  2.217    8.785    8.219    3.749   36.165   11.38   13.57   51.20
   51.52   62.09 0.71225D-09  1  0  0.02255  267.28  267.52 0.10521D+15  2.218    8.730    8.163    3.706   36.123   11.39   13.58   51.52
   51.84   62.48 0.70797D-09  1  0  0.02263  267.24  267.49 0.10509D+15  2.218    8.676    8.109    3.664   36.082   11.40   13.58   51.84
   52.16   62.87 0.70375D-09  1  0  0.02270  267.19  267.47 0.10497D+15  2.219    8.622    8.055    3.622   36.041   11.40   13.59   52.16
   52.49   63.26 0.69958D-09  1  0  0.02277  267.15  267.45 0.10485D+15  2.219    8.568    8.002    3.580   36.000   11.41   13.59   52.49
   52.81   63.64 0.69546D-09  1  0  0.02285  267.11  267.42 0.10473D+15  2.219    8.516    7.949    3.538   35.960   11.42   13.60   52.81
   53.13   64.03 0.69139D-09  1  0  0.02292  267.06  267.40 0.10461D+15  2.220    8.464    7.897    3.496   35.919   11.43   13.60   53.13
   53.45   64.42 0.68737D-09  1  0  0.02299  267.02  267.38 0.10449D+15  2.220    8.412    7.846    3.454   35.879   11.43   13.61   53.45
   53.77   64.81 0.68339D-09  1  0  0.02307  266.97  267.35 0.10438D+15  2.220    8.361    7.795    3.412   35.839   11.44   13.62   53.77
   54.10   65.20 0.67947D-09  1  0  0.02314  266.93  267.33 0.10426D+15  2.221    8.311    7.745    3.371   35.799   11.45   13.62   54.10
   54.42   65.58 0.67559D-09  1  0  0.02322  266.88  267.30 0.10415D+15  2.221    8.261    7.695    3.329   35.759   11.46   13.63   54.42
   54.74   65.97 0.67175D-09  1  0  0.02330  266.84  267.28 0.10404D+15  2.222    8.212    7.647    3.288   35.719   11.46   13.63   54.74
   55.06   66.36 0.66796D-09  1  0  0.02337  266.79  267.26 0.10393D+15  2.222    8.164    7.598    3.246   35.679   11.47   13.64   55.06
   55.38   66.75 0.66422D-09  1  0  0.02345  266.75  267.23 0.10382D+15  2.222    8.116    7.550    3.205   35.639   11.48   13.64   55.38
   55.71   67.14 0.66052D-09  1  0  0.02353  266.70  267.21 0.10371D+15  2.223    8.069    7.503    3.164   35.600   11.48   13.65   55.71
   56.03   67.52 0.65686D-09  1  0  0.02361  266.66  267.18 0.10360D+15  2.223    8.022    7.456    3.123   35.560   11.49   13.66   56.03
   56.35   67.91 0.65324D-09  1  0  0.02368  266.61  267.16 0.10350D+15  2.224    7.975    7.410    3.082   35.521   11.50   13.66   56.35
   56.67   68.30 0.64967D-09  1  0  0.02376  266.57  267.13 0.10339D+15  2.224    7.930    7.364    3.041   35.482   11.51   13.67   56.67
   56.99   68.69 0.64613D-09  1  0  0.02384  266.52  267.11 0.10329D+15  2.224    7.884    7.319    3.000   35.443   11.51   13.68   56.99
   57.32   69.08 0.64264D-09  1  0  0.02392  266.48  267.08 0.10319D+15  2.225    7.840    7.275    2.959   35.404   11.52   13.68   57.32
   57.64   69.47 0.63918D-09  1  0  0.02400  266.43  267.05 0.10309D+15  2.225    7.795    7.230    2.919   35.365   11.53   13.69   57.64
   57.96   69.85 0.63576D-09  1  0  0.02408  266.38  267.03 0.10299D+15  2.226    7.752    7.187    2.878   35.326   11.53   13.70   57.96
   58.28   70.24 0.63238D-09  1  0  0.02417  266.34  267.00 0.10289D+15  2.226    7.708    7.143    2.837   35.287   11.54   13.70   58.28
   58.60   70.63 0.62904D-09  1  0  0.02425  266.29  266.98 0.10279D+15  2.226    7.665    7.101    2.797   35.248   11.55   13.71   58.60
   58.93   71.02 0.62573D-09  1  0  0.02433  266.25  266.95 0.10269D+15  2.227    7.623    7.058    2.756   35.210   11.56   13.72   58.93
   59.25   71.41 0.62246D-09  1  0  0.02441  266.20  266.92 0.10260D+15  2.227    7.581    7.017    2.716   35.171   11.56   13.72   59.25
   59.57   71.79 0.61922D-09  1  0  0.02450  266.15  266.90 0.10250D+15  2.228    7.540    6.975    2.676   35.133   11.57   13.73   59.57
   59.89   72.18 0.61602D-09  1  0  0.02458  266.11  266.87 0.10241D+15  2.228    7.499    6.934    2.635   35.095   11.58   13.74   59.89
   60.21   72.57 0.61286D-09  1  0  0.02467  266.06  266.84 0.10232D+15  2.228    7.458    6.894    2.595   35.056   11.58   13.74   60.21
   60.54   72.96 0.60972D-09  1  0  0.02475  266.01  266.82 0.10223D+15  2.229    7.418    6.854    2.555   35.018   11.59   13.75   60.54
   60.86   73.35 0.60663D-09  1  0  0.02484  265.96  266.79 0.10214D+15  2.229    7.378    6.814    2.515   34.980   11.60   13.76   60.86
   61.18   73.73 0.60356D-09  1  0  0.02492  265.92  266.76 0.10205D+15  2.230    7.339    6.775    2.475   34.942   11.60   13.76   61.18
   61.50   74.12 0.60052D-09  1  0  0.02501  265.87  266.74 0.10196D+15  2.230    7.300    6.736    2.435   34.904   11.61   13.77   61.50
   61.82   74.51 0.59752D-09  1  0  0.02510  265.82  266.71 0.10188D+15  2.230    7.261    6.697    2.395   34.866   11.62   13.78   61.82
   62.15   74.90 0.59455D-09  1  0  0.02519  265.77  266.68 0.10179D+15  2.231    7.223    6.659    2.355   34.828   11.62   13.78   62.15
   62.47   75.29 0.59161D-09  1  0  0.02528  265.73  266.65 0.10171D+15  2.231    7.185    6.622    2.315   34.791   11.63   13.79   62.47
   62.79   75.67 0.58870D-09  1  0  0.02537  265.68  266.63 0.10163D+15  2.232    7.148    6.584    2.275   34.753   11.64   13.80   62.79
   63.11   76.06 0.58582D-09  1  0  0.02546  265.63  266.60 0.10154D+15  2.232    7.111    6.548    2.235   34.715   11.64   13.81   63.11
   63.43   76.45 0.58296D-09  1  0  0.02555  265.58  266.57 0.10146D+15  2.233    7.074    6.511    2.195   34.678   11.65   13.81   63.43
   63.76   76.84 0.58014D-09  1  0  0.02564  265.53  266.54 0.10138D+15  2.233    7.038    6.475    2.155   34.640   11.66   13.82   63.76
   64.08   77.23 0.57735D-09  1  0  0.02573  265.48  266.51 0.10131D+15  2.233    7.002    6.439    2.115   34.603   11.66   13.83   64.08
   64.40   77.61 0.57458D-09  1  0  0.02582  265.44  266.48 0.10123D+15  2.234    6.966    6.404    2.075   34.565   11.67   13.84   64.40
   64.72   78.00 0.57184D-09  1  0  0.02591  265.39  266.45 0.10115D+15  2.234    6.931    6.368    2.035   34.528   11.68   13.84   64.72
   65.04   78.39 0.56913D-09  1  0  0.02601  265.34  266.43 0.10108D+15  2.235    6.896    6.334    1.996   34.490   11.68   13.85   65.04
   65.37   78.78 0.56644D-09  1  0  0.02610  265.29  266.40 0.10101D+15  2.235    6.862    6.299    1.956   34.453   11.69   13.86   65.37
   65.69   79.17 0.56379D-09  1  0  0.02620  265.24  266.37 0.10093D+15  2.236    6.828    6.265    1.916   34.416   11.70   13.87   65.69
   66.01   79.56 0.56115D-09  1  0  0.02629  265.19  266.34 0.10086D+15  2.236    6.794    6.231    1.876   34.379   11.70   13.87   66.01
   66.33   79.94 0.55855D-09  1  0  0.02639  265.14  266.31 0.10079D+15  2.236    6.760    6.198    1.836   34.341   11.71   13.88   66.33
   66.65   80.33 0.55596D-09  1  0  0.02649  265.09  266.28 0.10072D+15  2.237    6.727    6.165    1.797   34.304   11.72   13.89   66.65
   66.98   80.72 0.55341D-09  1  0  0.02658  265.04  266.25 0.10066D+15  2.237    6.694    6.132    1.757   34.267   11.72   13.90   66.98
   67.30   81.11 0.55087D-09  1  0  0.02668  264.99  266.22 0.10059D+15  2.238    6.661    6.099    1.717   34.230   11.73   13.91   67.30
   67.62   81.50 0.54837D-09  1  0  0.02678  264.94  266.19 0.10052D+15  2.238    6.629    6.067    1.677   34.193   11.74   13.91   67.62
   67.94   81.88 0.54588D-09  1  0  0.02688  264.89  266.16 0.10046D+15  2.239    6.597    6.035    1.637   34.156   11.74   13.92   67.94
   68.26   82.27 0.54342D-09  1  0  0.02698  264.84  266.13 0.10040D+15  2.239    6.565    6.004    1.598   34.119   11.75   13.93   68.26
   68.59   82.66 0.54098D-09  1  0  0.02708  264.79  266.10 0.10033D+15  2.239    6.534    5.972    1.558   34.081   11.76   13.94   68.59
   68.91   83.05 0.53857D-09  1  0  0.02718  264.74  266.07 0.10027D+15  2.240    6.503    5.941    1.518   34.044   11.76   13.95   68.91
   69.23   83.44 0.53617D-09  1  0  0.02729  264.68  266.04 0.10021D+15  2.240    6.472    5.911    1.478   34.007   11.77   13.95   69.23
   69.55   83.82 0.53380D-09  1  0  0.02739  264.63  266.00 0.10015D+15  2.241    6.441    5.880    1.438   33.970   11.78   13.96   69.55
   69.87   84.21 0.53145D-09  1  0  0.02749  264.58  265.97 0.10010D+15  2.241    6.411    5.850    1.398   33.933   11.78   13.97   69.87
   70.20   84.60 0.52913D-09  1  0  0.02760  264.53  265.94 0.10004D+15  2.242    6.381    5.820    1.358   33.896   11.79   13.98   70.20
   70.52   84.99 0.52682D-09  1  0  0.02770  264.48  265.91 0.99986D+14  2.242    6.351    5.790    1.318   33.859   11.80   13.99   70.52
   70.84   85.38 0.52454D-09  1  0  0.02781  264.43  265.88 0.99933D+14  2.243    6.322    5.761    1.278   33.822   11.80   14.00   70.84
   71.16   85.76 0.52227D-09  1  0  0.02792  264.37  265.85 0.99880D+14  2.243    6.292    5.732    1.238   33.785   11.81   14.00   71.16
   71.48   86.15 0.52003D-09  1  0  0.02803  264.32  265.81 0.99829D+14  2.243    6.263    5.703    1.198   33.748   11.82   14.01   71.48
   71.81   86.54 0.51781D-09  1  0  0.02813  264.27  265.78 0.99779D+14  2.244    6.235    5.674    1.158   33.712   11.82   14.02   71.81
   72.13   86.93 0.51560D-09  1  0  0.02824  264.22  265.75 0.99730D+14  2.244    6.206    5.646    1.118   33.675   11.83   14.03   72.13
   72.45   87.32 0.51342D-09  1  0  0.02835  264.16  265.72 0.99682D+14  2.245    6.178    5.618    1.078   33.638   11.84   14.04   72.45
   72.77   87.70 0.51125D-09  1  0  0.02846  264.11  265.68 0.99636D+14  2.245    6.150    5.590    1.037   33.601   11.84   14.05   72.77
   73.09   88.09 0.50911D-09  1  0  0.02858  264.06  265.65 0.99591D+14  2.246    6.122    5.562    0.997   33.564   11.85   14.06   73.09
   73.42   88.48 0.50698D-09  1  0  0.02869  264.00  265.62 0.99547D+14  2.246    6.095    5.535    0.957   33.527   11.86   14.07   73.42
   73.74   88.87 0.50487D-09  1  0  0.02880  263.95  265.59 0.99504D+14  2.247    6.067    5.508    0.916   33.490   11.86   14.08   73.74
   74.06   89.26 0.50278D-09  1  0  0.02892  263.89  265.55 0.99463D+14  2.247    6.040    5.481    0.876   33.452   11.87   14.08   74.06
   74.38   89.65 0.50071D-09  1  0  0.02903  263.84  265.52 0.99423D+14  2.248    6.014    5.454    0.836   33.415   11.88   14.09   74.38
   74.70   90.03 0.49866D-09  1  0  0.02915  263.79  265.49 0.99384D+14  2.248    5.987    5.428    0.795   33.378   11.88   14.10   74.70
   75.03   90.42 0.49662D-09  1  0  0.02927  263.73  265.45 0.99346D+14  2.249    5.961    5.401    0.754   33.341   11.89   14.11   75.03
   75.35   90.81 0.49460D-09  1  0  0.02938  263.68  265.42 0.99310D+14  2.249    5.934    5.375    0.714   33.304   11.90   14.12   75.35
   75.67   91.20 0.49260D-09  1  0  0.02950  263.62  265.38 0.99275D+14  2.250    5.908    5.349    0.673   33.267   11.90   14.13   75.67
   75.99   91.59 0.49062D-09  1  0  0.02962  263.57  265.35 0.99241D+14  2.250    5.883    5.324    0.632   33.230   11.91   14.14   75.99
   76.31   91.97 0.48865D-09  1  0  0.02974  263.51  265.31 0.99209D+14  2.251    5.857    5.298    0.591   33.193   11.92   14.15   76.31
   76.64   92.36 0.48670D-09  1  0  0.02986  263.46  265.28 0.99177D+14  2.251    5.832    5.273    0.550   33.155   11.92   14.16   76.64
   76.96   92.75 0.48476D-09  1  0  0.02999  263.40  265.24 0.99148D+14  2.252    5.807    5.248    0.509   33.118   11.93   14.17   76.96
   77.28   93.14 0.48284D-09  1  0  0.03011  263.34  265.21 0.99119D+14  2.252    5.782    5.223    0.468   33.081   11.94   14.18   77.28
   77.60   93.53 0.48094D-09  1  0  0.03023  263.29  265.17 0.99092D+14  2.253    5.757    5.199    0.427   33.043   11.94   14.19   77.60
   77.92   93.91 0.47905D-09  1  0  0.03036  263.23  265.14 0.99066D+14  2.253    5.732    5.174    0.386   33.006   11.95   14.20   77.92
   78.25   94.30 0.47718D-09  1  0  0.03049  263.17  265.10 0.99042D+14  2.254    5.708    5.150    0.345   32.968   11.96   14.21   78.25
   78.57   94.69 0.47533D-09  1  0  0.03061  263.12  265.07 0.99019D+14  2.254    5.684    5.126    0.303   32.931   11.96   14.22   78.57
   78.89   95.08 0.47349D-09  1  0  0.03074  263.06  265.03 0.98997D+14  2.255    5.660    5.102    0.262   32.893   11.97   14.23   78.89
   79.21   95.47 0.47166D-09  1  0  0.03087  263.00  265.00 0.98977D+14  2.255    5.636    5.079    0.220   32.856   11.98   14.24   79.21
   79.53   95.85 0.46985D-09  1  0  0.03100  262.94  264.96 0.98958D+14  2.256    5.613    5.055    0.178   32.818   11.98   14.25   79.53
   79.86   96.24 0.46805D-09  1  0  0.03113  262.89  264.92 0.98941D+14  2.256    5.589    5.032    0.137   32.781   11.99   14.26   79.86
   80.18   96.63 0.46627D-09  1  0  0.03127  262.83  264.89 0.98925D+14  2.257    5.566    5.009    0.095   32.743   12.00   14.27   80.18
   80.50   97.02 0.46450D-09  1  0  0.03140  262.77  264.85 0.98910D+14  2.257    5.543    4.986    0.053   32.705   12.01   14.28   80.50
   80.82   97.41 0.46275D-09  1  0  0.03153  262.71  264.81 0.98897D+14  2.258    5.520    4.963    0.011   32.667   12.01   14.29   80.82
   81.14   97.79 0.46101D-09  1  0  0.03167  262.65  264.33 0.10349D+15  2.258    5.497    4.941    0.000   32.658   12.23   14.25   81.14
   81.47   98.18 0.45929D-09  1  0  0.03181  262.59  264.32 0.10327D+15  2.259    5.475    4.918    0.000   32.658   12.23   14.25   81.47
   81.79   98.57 0.45757D-09  1  0  0.03195  262.53  264.30 0.10305D+15  2.259    5.453    4.896    0.000   32.658   12.22   14.24   81.79
   82.11   98.96 0.45587D-09  1  0  0.03208  262.47  264.28 0.10284D+15  2.260    5.430    4.874    0.000   32.658   12.22   14.23   82.11
   82.43   99.35 0.45419D-09  1  0  0.03222  262.41  264.26 0.10263D+15  2.260    5.408    4.852    0.000   32.658   12.22   14.22   82.43
   82.75   99.74 0.45252D-09  1  0  0.03237  262.35  264.24 0.10242D+15  2.261    5.386    4.831    0.000   32.658   12.22   14.22   82.75
   83.08  100.12 0.45086D-09  1  0  0.03251  262.29  264.22 0.10221D+15  2.261    5.365    4.809    0.000   32.658   12.22   14.21   83.08
   83.40  100.51 0.44921D-09  1  0  0.03265  262.23  264.20 0.10200D+15  2.262    5.343    4.788    0.000   32.658   12.21   14.20   83.40
   83.72  100.90 0.44758D-09  1  0  0.03280  262.17  264.19 0.10180D+15  2.262    5.322    4.766    0.000   32.658   12.21   14.19   83.72
   84.04  101.29 0.44596D-09  1  0  0.03294  262.11  264.17 0.10159D+15  2.263    5.301    4.745    0.000   32.658   12.21   14.19   84.04
   84.36  101.68 0.44435D-09  1  0  0.03309  262.05  264.15 0.10139D+15  2.263    5.280    4.724    0.000   32.658   12.21   14.18   84.36
   84.69  102.06 0.44275D-09  1  0  0.03324  261.99  264.13 0.10119D+15  2.264    5.259    4.703    0.000   32.658   12.21   14.17   84.69
   85.01  102.45 0.44117D-09  1  0  0.03339  261.93  264.11 0.10099D+15  2.264    5.238    4.683    0.000   32.658   12.20   14.17   85.01
   85.33  102.84 0.43959D-09  1  0  0.03354  261.86  264.09 0.10080D+15  2.265    5.217    4.662    0.000   32.658   12.20   14.16   85.33
   85.65  103.23 0.43803D-09  1  0  0.03370  261.80  264.07 0.10060D+15  2.266    5.197    4.642    0.000   32.658   12.20   14.15   85.65
   85.97  103.62 0.43648D-09  1  0  0.03385  261.74  264.05 0.10041D+15  2.266    5.176    4.622    0.000   32.658   12.20   14.15   85.97
   86.30  104.00 0.43495D-09  1  0  0.03401  261.67  264.03 0.10022D+15  2.267    5.156    4.602    0.000   32.658   12.20   14.14   86.30
   86.62  104.39 0.43342D-09  1  0  0.03416  261.61  264.00 0.10003D+15  2.267    5.136    4.582    0.000   32.658   12.19   14.13   86.62
   86.94  104.78 0.43191D-09  1  0  0.03432  261.55  263.98 0.99841D+14  2.268    5.116    4.562    0.000   32.658   12.19   14.12   86.94
   87.26  105.17 0.43040D-09  1  0  0.03448  261.48  263.96 0.99655D+14  2.268    5.096    4.542    0.000   32.658   12.19   14.12   87.26
   87.58  105.56 0.42891D-09  1  0  0.03464  261.42  263.94 0.99472D+14  2.269    5.077    4.523    0.000   32.658   12.19   14.11   87.58
   87.91  105.94 0.42743D-09  1  0  0.03480  261.35  263.92 0.99290D+14  2.269    5.057    4.504    0.000   32.658   12.19   14.10   87.91
   88.23  106.33 0.42596D-09  1  0  0.03497  261.29  263.90 0.99110D+14  2.270    5.038    4.484    0.000   32.658   12.18   14.10   88.23
   88.55  106.72 0.42450D-09  1  0  0.03513  261.22  263.88 0.98931D+14  2.271    5.019    4.465    0.000   32.658   12.18   14.09   88.55
   88.87  107.11 0.42305D-09  1  0  0.03530  261.16  263.85 0.98755D+14  2.271    4.999    4.446    0.000   32.658   12.18   14.08   88.87
   89.19  107.50 0.42161D-09  1  0  0.03547  261.09  263.83 0.98580D+14  2.272    4.980    4.428    0.000   32.658   12.18   14.08   89.19
   89.52  107.88 0.42018D-09  1  0  0.03564  261.03  263.81 0.98408D+14  2.272    4.962    4.409    0.000   32.658   12.18   14.07   89.52
   89.84  108.27 0.41876D-09  1  0  0.03581  260.96  263.79 0.98237D+14  2.273    4.943    4.390    0.000   32.658   12.18   14.06   89.84
   90.16  108.66 0.41736D-09  1  0  0.03598  260.89  263.76 0.98068D+14  2.274    4.924    4.372    0.000   32.658   12.17   14.06   90.16
   90.48  109.05 0.41596D-09  1  0  0.03616  260.82  263.74 0.97901D+14  2.274    4.906    4.353    0.000   32.658   12.17   14.05   90.48
   90.80  109.44 0.41457D-09  1  0  0.03633  260.76  263.72 0.97735D+14  2.275    4.887    4.335    0.000   32.658   12.17   14.04   90.80
   91.13  109.83 0.41319D-09  1  0  0.03651  260.69  263.69 0.97572D+14  2.275    4.869    4.317    0.000   32.658   12.17   14.04   91.13
   91.45  110.21 0.41183D-09  1  0  0.03669  260.62  263.67 0.97411D+14  2.276    4.851    4.299    0.000   32.658   12.17   14.03   91.45
   91.77  110.60 0.41047D-09  1  0  0.03687  260.55  263.64 0.97251D+14  2.277    4.833    4.281    0.000   32.658   12.17   14.03   91.77
   92.09  110.99 0.40912D-09  1  0  0.03706  260.48  263.62 0.97093D+14  2.277    4.815    4.264    0.000   32.658   12.16   14.02   92.09
   92.41  111.38 0.40778D-09  1  0  0.03724  260.41  263.59 0.96938D+14  2.278    4.797    4.246    0.000   32.658   12.16   14.01   92.41
   92.74  111.77 0.40645D-09  1  0  0.03743  260.34  263.57 0.96784D+14  2.278    4.779    4.228    0.000   32.658   12.16   14.01   92.74
   93.06  112.15 0.40513D-09  1  0  0.03762  260.27  263.54 0.96632D+14  2.279    4.762    4.211    0.000   32.658   12.16   14.00   93.06
   93.38  112.54 0.40381D-09  1  0  0.03781  260.20  263.52 0.96482D+14  2.280    4.744    4.194    0.000   32.658   12.16   13.99   93.38
   93.70  112.93 0.40251D-09  1  0  0.03800  260.13  263.49 0.96334D+14  2.280    4.727    4.176    0.000   32.658   12.16   13.99   93.70
   94.02  113.32 0.40122D-09  1  0  0.03819  260.06  263.47 0.96188D+14  2.281    4.710    4.159    0.000   32.658   12.16   13.98   94.02
   94.35  113.71 0.39993D-09  1  0  0.03839  259.99  263.44 0.96044D+14  2.282    4.693    4.142    0.000   32.658   12.15   13.97   94.35
   94.67  114.09 0.39866D-09  1  0  0.03859  259.91  263.42 0.95902D+14  2.282    4.675    4.126    0.000   32.658   12.15   13.97   94.67
   94.99  114.48 0.39739D-09  1  0  0.03879  259.84  263.39 0.95762D+14  2.283    4.659    4.109    0.000   32.658   12.15   13.96   94.99
   95.31  114.87 0.39613D-09  1  0  0.03899  259.77  263.36 0.95624D+14  2.283    4.642    4.092    0.000   32.658   12.15   13.96   95.31
   95.63  115.26 0.39488D-09  1  0  0.03919  259.69  263.34 0.95488D+14  2.284    4.625    4.076    0.000   32.658   12.15   13.95   95.63
   95.96  115.65 0.39364D-09  1  0  0.03940  259.62  263.31 0.95354D+14  2.285    4.608    4.059    0.000   32.658   12.15   13.94   95.96
   96.28  116.03 0.39240D-09  1  0  0.03961  259.54  263.28 0.95222D+14  2.285    4.592    4.043    0.000   32.658   12.15   13.94   96.28
   96.60  116.42 0.39118D-09  1  0  0.03982  259.47  263.25 0.95092D+14  2.286    4.575    4.027    0.000   32.658   12.15   13.93   96.60
   96.92  116.81 0.38996D-09  1  0  0.04003  259.39  263.23 0.94965D+14  2.287    4.559    4.010    0.000   32.658   12.15   13.92   96.92
   97.24  117.20 0.38875D-09  1  0  0.04024  259.32  263.20 0.94839D+14  2.287    4.543    3.994    0.000   32.658   12.14   13.92   97.24
   97.57  117.59 0.38755D-09  1  0  0.04046  259.24  263.17 0.94716D+14  2.288    4.526    3.978    0.000   32.658   12.14   13.91   97.57
   97.89  117.97 0.38635D-09  1  0  0.04068  259.17  263.14 0.94595D+14  2.289    4.510    3.962    0.000   32.658   12.14   13.90   97.89
   98.21  118.36 0.38517D-09  1  0  0.04090  259.09  263.11 0.94475D+14  2.290    4.494    3.947    0.000   32.658   12.14   13.90   98.21
   98.53  118.75 0.38399D-09  1  0  0.04112  259.01  263.08 0.94359D+14  2.290    4.479    3.931    0.000   32.658   12.14   13.89   98.53
   98.85  119.14 0.38282D-09  1  0  0.04135  258.93  263.05 0.94244D+14  2.291    4.463    3.915    0.000   32.658   12.14   13.89   98.85
   99.18  119.53 0.38166D-09  1  0  0.04158  258.85  263.02 0.94131D+14  2.292    4.447    3.900    0.000   32.658   12.14   13.88   99.18
   99.50  119.91 0.38050D-09  1  0  0.04181  258.77  262.99 0.94021D+14  2.292    4.431    3.884    0.000   32.658   12.14   13.87   99.50
   99.82  120.30 0.37936D-09  1  0  0.04204  258.69  262.96 0.93913D+14  2.293    4.416    3.869    0.000   32.658   12.14   13.87   99.82
  100.14  120.69 0.37822D-09  1  0  0.04228  258.61  262.93 0.93808D+14  2.294    4.400    3.854    0.000   32.658   12.14   13.86  100.14
  100.46  121.08 0.37708D-09  1  0  0.04251  258.53  262.90 0.93704D+14  2.294    4.385    3.839    0.000   32.658   12.14   13.86  100.46
  100.79  121.47 0.37596D-09  1  0  0.04275  258.45  262.87 0.93603D+14  2.295    4.370    3.824    0.000   32.658   12.14   13.85  100.79
  101.11  121.86 0.37484D-09  1  0  0.04300  258.37  262.84 0.93504D+14  2.296    4.354    3.809    0.000   32.658   12.14   13.84  101.11
  101.43  122.24 0.37373D-09  1  0  0.04324  258.28  262.81 0.93408D+14  2.297    4.339    3.794    0.000   32.658   12.14   13.84  101.43
  101.75  122.63 0.37262D-09  1  0  0.04349  258.20  262.77 0.93314D+14  2.297    4.324    3.779    0.000   32.658   12.14   13.83  101.75
  102.07  123.02 0.37153D-09  1  0  0.04374  258.12  262.74 0.93223D+14  2.298    4.309    3.764    0.000   32.658   12.14   13.82  102.07
  102.40  123.41 0.37044D-09  1  0  0.04400  258.03  262.71 0.93134D+14  2.299    4.294    3.749    0.000   32.658   12.14   13.82  102.40
  102.72  123.80 0.36935D-09  1  0  0.04425  257.95  262.68 0.93047D+14  2.300    4.280    3.735    0.000   32.658   12.14   13.81  102.72
  103.04  124.18 0.36828D-09  1  0  0.04452  257.86  262.64 0.92964D+14  2.300    4.265    3.720    0.000   32.658   12.14   13.81  103.04
  103.36  124.57 0.36721D-09  1  0  0.04478  257.78  262.61 0.92882D+14  2.301    4.250    3.706    0.000   32.658   12.14   13.80  103.36
  103.68  124.96 0.36614D-09  1  0  0.04504  257.69  262.58 0.92803D+14  2.302    4.236    3.692    0.000   32.658   12.14   13.79  103.68
  104.01  125.35 0.36509D-09  1  0  0.04531  257.60  262.54 0.92727D+14  2.303    4.221    3.677    0.000   32.658   12.14   13.79  104.01
  104.33  125.74 0.36404D-09  1  0  0.04559  257.51  262.51 0.92654D+14  2.304    4.207    3.663    0.000   32.658   12.14   13.78  104.33
  104.65  126.12 0.36299D-09  1  0  0.04586  257.42  262.47 0.92583D+14  2.304    4.192    3.649    0.000   32.658   12.14   13.77  104.65
  104.97  126.51 0.36196D-09  1  0  0.04614  257.33  262.44 0.92515D+14  2.305    4.178    3.635    0.000   32.658   12.14   13.77  104.97
  105.29  126.90 0.36092D-09  1  0  0.04642  257.24  262.40 0.92450D+14  2.306    4.164    3.621    0.000   32.658   12.14   13.76  105.29
  105.62  127.29 0.35990D-09  1  0  0.04671  257.15  262.37 0.92387D+14  2.307    4.149    3.607    0.000   32.658   12.14   13.76  105.62
  105.94 -443.33 0.35888D-09  1  0  0.04700  257.06  262.33 0.92320D+14  2.308    4.135    3.593   -0.024   32.637   12.27   13.76 -841.64
  106.26  -24.40 0.35787D-09  1  0  0.04729  256.97  262.29 0.92264D+14  2.308    4.121    3.579   -0.064   32.602   12.27   13.77 -146.75
  106.58   40.11 0.35686D-09  1  0  0.04758  256.88  262.26 0.92210D+14  2.309    4.107    3.566   -0.105   32.566   12.27   13.78  -40.03
  106.90   66.47 0.35586D-09  1  0  0.04788  256.78  262.22 0.92159D+14  2.310    4.093    3.552   -0.146   32.531   12.28   13.79    3.40
  107.23   80.92 0.35487D-09  1  0  0.04819  256.69  262.18 0.92111D+14  2.311    4.080    3.538   -0.188   32.494   12.28   13.81   27.06
  107.55   90.13 0.35388D-09  1  0  0.04849  256.59  262.14 0.92066D+14  2.312    4.066    3.525   -0.230   32.458   12.29   13.82   42.02
  107.87   96.57 0.35290D-09  1  0  0.04880  256.49  262.11 0.92024D+14  2.313    4.052    3.511   -0.273   32.421   12.29   13.83   52.38
  108.19  101.36 0.35192D-09  1  0  0.04912  256.40  262.07 0.91985D+14  2.314    4.038    3.498   -0.316   32.384   12.29   13.84   60.02
  108.51  105.11 0.35095D-09  1  0  0.04943  256.30  262.03 0.91950D+14  2.314    4.025    3.485   -0.360   32.346   12.30   13.85   65.91
  108.84  108.13 0.34999D-09  1  0  0.04976  256.20  261.99 0.91917D+14  2.315    4.011    3.471   -0.404   32.308   12.30   13.86   70.61
  109.16  110.65 0.34903D-09  1  0  0.05008  256.10  261.95 0.91888D+14  2.316    3.998    3.458   -0.449   32.269   12.30   13.88   74.47
  109.48  112.80 0.34808D-09  1  0  0.05041  256.00  261.91 0.91863D+14  2.317    3.984    3.445   -0.494   32.230   12.31   13.89   77.70
  109.80  114.66 0.34713D-09  1  0  0.05075  255.90  261.87 0.91841D+14  2.318    3.971    3.432   -0.540   32.191   12.31   13.90   80.47
  110.12  116.30 0.34619D-09  1  0  0.05109  255.79  261.83 0.91822D+14  2.319    3.957    3.419   -0.586   32.151   12.32   13.91   82.87
  110.45  117.77 0.34525D-09  1  0  0.05143  255.69  261.78 0.91807D+14  2.320    3.944    3.406   -0.633   32.111   12.32   13.93   84.98
  110.77  119.09 0.34432D-09  1  0  0.05178  255.59  261.74 0.91796D+14  2.321    3.931    3.393   -0.681   32.070   12.33   13.94   86.86
  111.09  120.31 0.34340D-09  1  0  0.05213  255.48  261.70 0.91788D+14  2.322    3.918    3.380   -0.729   32.029   12.33   13.95   88.55
  111.41  121.42 0.34248D-09  1  0  0.05249  255.37  261.66 0.91784D+14  2.323    3.905    3.367   -0.777   31.987   12.34   13.97   90.09
  111.73  122.46 0.34156D-09  1  0  0.05285  255.27  261.61 0.91784D+14  2.324    3.892    3.354   -0.827   31.945   12.34   13.98   91.49
  112.06  123.44 0.34065D-09  1  0  0.05322  255.16  261.57 0.91787D+14  2.325    3.879    3.342   -0.876   31.903   12.35   14.00   92.78
  112.38  124.35 0.33975D-09  1  0  0.05359  255.05  261.53 0.91795D+14  2.326    3.866    3.329   -0.927   31.859   12.35   14.01   93.98
  112.70  125.22 0.33885D-09  1  0  0.05396  254.94  261.48 0.91806D+14  2.327    3.853    3.316   -0.978   31.816   12.36   14.03   95.10
  113.02  126.04 0.33795D-09  1  0  0.05435  254.83  261.44 0.91822D+14  2.328    3.840    3.304   -1.030   31.772   12.36   14.04   96.14
  113.34  126.83 0.33706D-09  1  0  0.05473  254.71  261.39 0.91842D+14  2.329    3.827    3.291   -1.082   31.727   12.37   14.06   97.13
  113.67  127.58 0.33618D-09  1  0  0.05513  254.60  261.34 0.91867D+14  2.330    3.814    3.279   -1.135   31.682   12.37   14.07   98.06
  113.99  128.31 0.33530D-09  1  0  0.05552  254.48  261.30 0.91895D+14  2.331    3.801    3.266   -1.189   31.636   12.38   14.09   98.94
  114.31  129.01 0.33443D-09  1  0  0.05593  254.37  261.25 0.91928D+14  2.332    3.789    3.254   -1.244   31.589   12.39   14.10   99.78
  114.63  129.69 0.33356D-09  1  0  0.05634  254.25  261.20 0.91966D+14  2.333    3.776    3.242   -1.299   31.542   12.39   14.12  100.58
  114.95  130.35 0.33270D-09  1  0  0.05675  254.13  261.15 0.92009D+14  2.334    3.763    3.229   -1.355   31.495   12.40   14.14  101.35
  115.28  130.99 0.33184D-09  1  0  0.05717  254.01  261.10 0.92056D+14  2.335    3.751    3.217   -1.412   31.447   12.41   14.15  102.09
  115.60  131.61 0.33098D-09  1  0  0.05760  253.89  261.06 0.92108D+14  2.336    3.738    3.205   -1.469   31.398   12.41   14.17  102.80
  115.92  132.22 0.33013D-09  1  0  0.05803  253.77  261.01 0.92165D+14  2.337    3.726    3.193   -1.527   31.349   12.42   14.19  103.49
  116.24  132.81 0.32929D-09  1  0  0.05847  253.64  260.95 0.92227D+14  2.338    3.713    3.181   -1.587   31.299   12.43   14.21  104.16
  116.56  133.40 0.32845D-09  1  0  0.05892  253.52  260.90 0.92295D+14  2.340    3.701    3.169   -1.646   31.248   12.43   14.23  104.80
  116.89  133.97 0.32761D-09  1  0  0.05937  253.39  260.85 0.92368D+14  2.341    3.688    3.156   -1.707   31.197   12.44   14.25  105.43
  117.21  134.53 0.32678D-09  1  0  0.05983  253.26  260.80 0.92446D+14  2.342    3.676    3.144   -1.769   31.145   12.45   14.26  106.04
  117.53  135.08 0.32595D-09  1  0  0.06030  253.13  260.75 0.92530D+14  2.343    3.663    3.132   -1.831   31.092   12.46   14.28  106.63
  117.85  135.62 0.32513D-09  1  0  0.06078  253.00  260.69 0.92619D+14  2.344    3.651    3.121   -1.894   31.038   12.46   14.30  107.21
  118.17  136.16 0.32431D-09  1  0  0.06126  252.86  260.64 0.92715D+14  2.345    3.639    3.109   -1.959   30.984   12.47   14.32  107.78
  118.50  136.69 0.32350D-09  1  0  0.06175  252.73  260.58 0.92817D+14  2.347    3.626    3.097   -2.024   30.929   12.48   14.35  108.34
  118.82  137.21 0.32269D-09  1  0  0.06224  252.59  260.53 0.92924D+14  2.348    3.614    3.085   -2.090   30.874   12.49   14.37  108.88
  119.14  137.72 0.32189D-09  1  0  0.06275  252.45  260.47 0.93039D+14  2.349    3.602    3.073   -2.157   30.817   12.50   14.39  109.41
  119.46  138.23 0.32109D-09  1  0  0.06326  252.31  260.41 0.93159D+14  2.351    3.590    3.061   -2.225   30.760   12.51   14.41  109.93
  119.78  138.74 0.32029D-09  1  0  0.06378  252.17  260.36 0.93287D+14  2.352    3.578    3.050   -2.294   30.702   12.52   14.43  110.45
  120.11  139.24 0.31950D-09  1  0  0.06431  252.03  260.30 0.93421D+14  2.353    3.565    3.038   -2.364   30.643   12.52   14.46  110.95
  120.43  139.73 0.31872D-09  1  0  0.06485  251.88  260.24 0.93563D+14  2.354    3.553    3.026   -2.435   30.584   12.53   14.48  111.45
  120.75  140.22 0.31793D-09  1  0  0.06539  251.73  260.18 0.93711D+14  2.356    3.541    3.014   -2.507   30.523   12.54   14.50  111.94
  121.07  140.70 0.31716D-09  1  0  0.06595  251.59  260.12 0.93867D+14  2.357    3.529    3.003   -2.581   30.462   12.55   14.53  112.42
  121.39  141.18 0.31638D-09  1  0  0.06651  251.43  260.06 0.94031D+14  2.359    3.517    2.991   -2.655   30.400   12.56   14.55  112.90
  121.72  141.66 0.31561D-09  1  0  0.06709  251.28  259.99 0.94203D+14  2.360    3.505    2.980   -2.731   30.336   12.58   14.58  113.37
  122.04  142.14 0.31484D-09  1  0  0.06767  251.12  259.93 0.94383D+14  2.361    3.493    2.968   -2.807   30.272   12.59   14.61  113.83
  122.36  142.61 0.31408D-09  1  0  0.06826  250.97  259.87 0.94571D+14  2.363    3.481    2.956   -2.885   30.207   12.60   14.63  114.29
  122.68  143.07 0.31332D-09  1  0  0.06887  250.80  259.80 0.94768D+14  2.364    3.469    2.945   -2.964   30.141   12.61   14.66  114.75
  123.00  143.54 0.31257D-09  1  0  0.06948  250.64  259.74 0.94974D+14  2.366    3.457    2.933   -3.045   30.074   12.62   14.69  115.19
  123.33  144.00 0.31182D-09  1  0  0.07011  250.48  259.67 0.95189D+14  2.367    3.445    2.922   -3.126   30.006   12.63   14.72  115.64
  123.65  144.46 0.31107D-09  1  0  0.07074  250.31  259.60 0.95413D+14  2.369    3.432    2.910   -3.209   29.937   12.64   14.75  116.08
  123.97  144.92 0.31033D-09  1  0  0.07139  250.14  259.53 0.95648D+14  2.371    3.420    2.899   -3.294   29.866   12.66   14.78  116.51
  124.29  145.37 0.30959D-09  1  0  0.07205  249.96  259.47 0.95892D+14  2.372    3.408    2.887   -3.379   29.795   12.67   14.81  116.95
  124.61  145.82 0.30886D-09  1  0  0.07272  249.79  259.39 0.96146D+14  2.374    3.396    2.876   -3.466   29.723   12.68   14.84  117.37
  124.94  146.27 0.30813D-09  1  0  0.07341  249.61  259.32 0.96412D+14  2.375    3.384    2.864   -3.555   29.649   12.70   14.87  117.80
  125.26  146.72 0.30740D-09  1  0  0.07410  249.43  259.25 0.96688D+14  2.377    3.372    2.853   -3.645   29.574   12.71   14.90  118.22
  125.58  147.16 0.30668D-09  1  0  0.07481  249.24  259.18 0.96976D+14  2.379    3.360    2.841   -3.737   29.498   12.72   14.94  118.64
  125.90  147.61 0.30596D-09  1  0  0.07553  249.06  259.10 0.97276D+14  2.381    3.348    2.830   -3.830   29.421   12.74   14.97  119.05
  126.22  148.05 0.30524D-09  1  0  0.07627  248.87  259.03 0.97588D+14  2.382    3.336    2.818   -3.924   29.342   12.75   15.01  119.46
  126.55  148.49 0.30453D-09  1  0  0.07702  248.67  258.95 0.97913D+14  2.384    3.324    2.807   -4.021   29.262   12.77   15.04  119.87
  126.87  148.93 0.30382D-09  1  0  0.07779  248.48  258.87 0.98250D+14  2.386    3.312    2.796   -4.119   29.181   12.78   15.08  120.27
  127.19  149.37 0.30312D-09  1  0  0.07857  248.27  258.79 0.98602D+14  2.388    3.300    2.784   -4.218   29.099   12.80   15.12  120.68
  127.51  149.80 0.30242D-09  1  0  0.07936  248.07  258.71 0.98967D+14  2.390    3.288    2.773   -4.320   29.015   12.82   15.16  121.08
  127.83  150.23 0.30172D-09  1  0  0.08017  247.86  258.63 0.99347D+14  2.392    3.276    2.761   -4.423   28.929   12.83   15.20  121.48
  128.16  150.67 0.30102D-09  1  0  0.08100  247.65  258.55 0.99742D+14  2.394    3.263    2.750   -4.528   28.842   12.85   15.24  121.87
  128.48  151.10 0.30033D-09  1  0  0.08185  247.43  258.46 0.10015D+15  2.396    3.251    2.738   -4.635   28.754   12.87   15.28  122.26
  128.80  151.53 0.29964D-09  1  0  0.08271  247.21  258.38 0.10058D+15  2.398    3.239    2.727   -4.744   28.664   12.89   15.32  122.66
  129.12  151.96 0.29896D-09  1  0  0.08359  246.99  258.29 0.10102D+15  2.400    3.227    2.715   -4.855   28.573   12.91   15.37  123.04
  129.44  152.38 0.29828D-09  1  0  0.08449  246.76  258.20 0.10149D+15  2.402    3.214    2.703   -4.968   28.479   12.93   15.41  123.43
  129.77  152.81 0.29760D-09  1  0  0.08541  246.53  258.11 0.10197D+15  2.404    3.202    2.692   -5.083   28.385   12.94   15.46  123.82
  130.09  153.23 0.29693D-09  1  0  0.08635  246.29  258.02 0.10246D+15  2.407    3.190    2.680   -5.200   28.288   12.96   15.51  124.20
  130.41  153.66 0.29626D-09  1  0  0.08730  246.05  257.93 0.10298D+15  2.409    3.177    2.669   -5.319   28.190   12.99   15.55  124.58
  130.73  154.08 0.29559D-09  1  0  0.08828  245.80  257.83 0.10352D+15  2.411    3.165    2.657   -5.441   28.090   13.01   15.61  124.96
  131.05  154.50 0.29493D-09  1  0  0.08928  245.55  257.73 0.10408D+15  2.414    3.152    2.645   -5.565   27.988   13.03   15.66  125.34
  131.38  154.92 0.29427D-09  1  0  0.09031  245.29  257.64 0.10467D+15  2.416    3.140    2.633   -5.691   27.884   13.05   15.71  125.71
  131.70  155.34 0.29361D-09  1  0  0.09135  245.03  257.54 0.10527D+15  2.419    3.127    2.622   -5.820   27.778   13.07   15.77  126.09
  132.02  155.76 0.29296D-09  1  0  0.09243  244.76  257.43 0.10590D+15  2.421    3.114    2.610   -5.952   27.670   13.10   15.82  126.46
  132.34  156.18 0.29231D-09  1  0  0.09352  244.48  257.33 0.10656D+15  2.424    3.101    2.598   -6.086   27.560   13.12   15.88  126.83
  132.66  156.59 0.29166D-09  1  0  0.09464  244.20  257.23 0.10724D+15  2.427    3.089    2.586   -6.222   27.448   13.15   15.94  127.20
  132.99  157.01 0.29101D-09  1  0  0.09579  243.91  257.12 0.10795D+15  2.430    3.076    2.574   -6.362   27.334   13.17   16.00  127.57
  133.31  157.42 0.29037D-09  1  0  0.09697  243.61  257.01 0.10869D+15  2.432    3.063    2.562   -6.504   27.217   13.20   16.07  127.93
  133.63  157.84 0.28973D-09  1  0  0.09817  243.31  256.90 0.10946D+15  2.435    3.049    2.550   -6.649   27.099   13.23   16.13  128.30
  133.95  158.25 0.28910D-09  1  0  0.09941  243.00  256.78 0.11026D+15  2.438    3.036    2.537   -6.797   26.977   13.25   16.20  128.66
  134.27  158.66 0.28847D-09  1  0  0.10067  242.68  256.67 0.11110D+15  2.441    3.023    2.525   -6.948   26.854   13.28   16.27  129.02
  134.60  159.07 0.28784D-09  1  0  0.10197  242.36  256.55 0.11197D+15  2.445    3.009    2.513   -7.102   26.728   13.31   16.34  129.38
  134.92  159.48 0.28721D-09  1  0  0.10330  242.02  256.43 0.11287D+15  2.448    2.996    2.500   -7.259   26.599   13.34   16.42  129.74
  135.24  159.89 0.28659D-09  1  0  0.10466  241.68  256.30 0.11382D+15  2.451    2.982    2.488   -7.420   26.468   13.37   16.49  130.10
  135.56  160.30 0.28597D-09  1  0  0.10606  241.33  256.18 0.11480D+15  2.455    2.968    2.475   -7.584   26.333   13.40   16.57  130.45
  135.88  160.71 0.28535D-09  1  0  0.10750  240.97  256.05 0.11583D+15  2.458    2.954    2.462   -7.752   26.197   13.44   16.66  130.81
  136.21  161.11 0.28474D-09  1  0  0.10898  240.59  255.92 0.11690D+15  2.462    2.940    2.450   -7.923   26.057   13.47   16.74  131.16
  136.53  161.52 0.28413D-09  1  0  0.11050  240.21  255.78 0.11802D+15  2.466    2.926    2.437   -8.098   25.914   13.50   16.83  131.51
  136.85  161.92 0.28352D-09  1  0  0.11206  239.82  255.65 0.11919D+15  2.470    2.912    2.424   -8.277   25.768   13.54   16.92  131.86
  137.17  162.33 0.28291D-09  1  0  0.11366  239.41  255.51 0.12041D+15  2.474    2.897    2.410   -8.460   25.619   13.57   17.02  132.21
  137.49  162.73 0.28231D-09  1  0  0.11531  239.00  255.36 0.12168D+15  2.478    2.882    2.397   -8.647   25.467   13.61   17.11  132.55
  137.82  163.13 0.28171D-09  1  0  0.11701  238.57  255.22 0.12301D+15  2.482    2.867    2.383   -8.838   25.312   13.65   17.22  132.90
  138.14  163.53 0.28111D-09  1  0  0.11876  238.12  255.07 0.12440D+15  2.487    2.852    2.370   -9.033   25.153   13.69   17.32  133.24
  138.46  163.93 0.28052D-09  1  0  0.12055  237.67  254.92 0.12586D+15  2.491    2.837    2.356   -9.232   24.990   13.73   17.43  133.59
  138.78  164.33 0.27993D-09  1  0  0.12241  237.20  254.76 0.12739D+15  2.496    2.821    2.342   -9.437   24.824   13.77   17.54  133.93
  139.10  164.73 0.27934D-09  1  0  0.12432  236.71  254.60 0.12898D+15  2.501    2.805    2.328   -9.646   24.655   13.81   17.66  134.26
  139.43  165.13 0.27875D-09  1  0  0.12629  236.21  254.44 0.13065D+15  2.506    2.789    2.313   -9.859   24.481   13.86   17.79  134.60
  139.75  165.53 0.27817D-09  1  0  0.12832  235.68  254.27 0.13241D+15  2.511    2.773    2.298  -10.078   24.303   13.90   17.91  134.94
  140.07  165.92 0.27759D-09  1  0  0.13042  235.15  254.10 0.13425D+15  2.517    2.756    2.283  -10.301   24.122   13.95   18.05  135.27
  140.39  166.31 0.27701D-09  1  0  0.13259  234.59  253.92 0.13618D+15  2.523    2.739    2.268  -10.530   23.936   13.99   18.19  135.60
  140.71  166.71 0.27644D-09  1  0  0.13483  234.01  253.74 0.13820D+15  2.529    2.721    2.253  -10.765   23.746   14.04   18.33  135.93
  141.04  167.10 0.27586D-09  1  0  0.13715  233.41  253.56 0.14033D+15  2.535    2.704    2.237  -11.004   23.552   14.09   18.48  136.26
  141.36  167.49 0.27529D-09  1  0  0.13954  232.79  253.37 0.14256D+15  2.542    2.686    2.221  -11.250   23.353   14.14   18.64  136.58
  141.68  167.88 0.27473D-09  1  0  0.14202  232.14  253.18 0.14491D+15  2.548    2.667    2.205  -11.501   23.150   14.19   18.80  136.91
  142.00  168.26 0.27416D-09  1  0  0.14459  231.47  252.98 0.14739D+15  2.556    2.648    2.188  -11.758   22.942   14.25   18.98  137.23
  142.32  168.65 0.27360D-09  1  0  0.14725  230.77  252.78 0.14999D+15  2.563    2.629    2.171  -12.021   22.729   14.30   19.16  137.55
  142.65  169.04 0.27304D-09  1  0  0.15001  230.04  252.57 0.15273D+15  2.571    2.609    2.154  -12.290   22.511   14.36   19.34  137.86
  142.97  169.42 0.27248D-09  1  0  0.15287  229.28  252.35 0.15562D+15  2.579    2.588    2.136  -12.566   22.288   14.41   19.54  138.18
  143.29  169.80 0.27193D-09  1  0  0.15585  228.49  252.13 0.15866D+15  2.588    2.567    2.117  -12.848   22.060   14.47   19.75  138.49
  143.61  170.18 0.27138D-09  1  0  0.15894  227.66  251.91 0.16187D+15  2.597    2.545    2.099  -13.137   21.827   14.52   19.97  138.80
  143.93  170.56 0.27083D-09  1  0  0.16215  226.79  251.68 0.16525D+15  2.606    2.523    2.079  -13.432   21.588   14.58   20.19  139.10
  144.26  170.93 0.27028D-09  1  0  0.16550  225.88  251.44 0.16883D+15  2.616    2.500    2.059  -13.735   21.344   14.64   20.43  139.40
  144.58  171.30 0.26974D-09  1  0  0.16898  224.93  251.20 0.17260D+15  2.627    2.476    2.039  -14.044   21.095   14.70   20.69  139.70
  144.90  171.68 0.26919D-09  1  0  0.17262  223.94  250.95 0.17658D+15  2.638    2.451    2.017  -14.360   20.840   14.76   20.95  139.99
  145.22  172.04 0.26865D-09  1  0  0.17641  222.89  250.70 0.18078D+15  2.650    2.426    1.995  -14.683   20.579   14.81   21.23  140.28
  145.54  172.41 0.26812D-09  1  0  0.18037  221.78  250.44 0.18522D+15  2.663    2.399    1.973  -15.013   20.313   14.87   21.52  140.56
  145.87  172.77 0.26758D-09  1  0  0.18451  220.62  250.18 0.18990D+15  2.677    2.372    1.949  -15.351   20.042   14.92   21.83  140.84
  146.19  173.13 0.26705D-09  1  0  0.18884  219.40  249.91 0.19484D+15  2.691    2.343    1.925  -15.695   19.765   14.97   22.16  141.12
  146.51  173.48 0.26652D-09  1  0  0.19338  218.10  249.63 0.20005D+15  2.706    2.313    1.899  -16.046   19.482   15.02   22.50  141.38
  146.83  176.96 0.26599D-09  0  0  0.19813  216.73  249.35 0.20553D+15  2.723    2.282    1.873  -16.306   19.275  146.83  146.83  146.83
  147.15  177.35 0.26546D-09  0  0  0.20313  215.28  249.06 0.21129D+15  2.741    2.249    1.845  -16.344   19.250  147.15  147.15  147.15
  147.48  177.74 0.26494D-09  0  0  0.20838  213.74  248.77 0.21733D+15  2.760    2.214    1.816  -16.384   19.223  147.48  147.48  147.48
  147.80  178.12 0.26442D-09  0  0  0.21391  212.10  248.48 0.22364D+15  2.780    2.178    1.785  -16.426   19.195  147.80  147.80  147.80
  148.12  178.51 0.26390D-09  0  0  0.21974  210.35  248.18 0.23022D+15  2.802    2.140    1.753  -16.469   19.166  148.12  148.12  148.12
  148.44  178.90 0.26339D-09  0  0  0.22589  208.49  247.89 0.23702D+15  2.827    2.100    1.720  -16.515   19.134  148.44  148.44  148.44
  148.76  179.29 0.26287D-09  0  0  0.23240  206.49  247.59 0.24402D+15  2.853    2.057    1.684  -16.563   19.101  148.76  148.76  148.76
  149.09  179.68 0.26236D-09  0  0  0.23928  204.35  247.30 0.25114D+15  2.882    2.012    1.646  -16.614   19.066  149.09  149.09  149.09
  149.41  180.06 0.26185D-09  0  0  0.24658  202.05  247.01 0.25828D+15  2.913    1.964    1.606  -16.667   19.028  149.41  149.41  149.41
  149.73  180.45 0.26134D-09  0  0  0.25434  199.57  246.74 0.26532D+15  2.948    1.912    1.563  -16.724   18.988  149.73  149.73  149.73
  150.05  180.84 0.26084D-09  0  0  0.26260  196.89  246.48 0.27205D+15  2.987    1.857    1.518  -16.785   18.945  150.05  150.05  150.05
  150.37  181.23 0.26033D-09  0  0  0.27141  193.99  246.24 0.27822D+15  3.030    1.798    1.469  -16.849   18.898  150.37  150.37  150.37
  150.70  181.62 0.25983D-09  0  0  0.28082  190.83  246.04 0.28346D+15  3.079    1.735    1.416  -16.919   18.848  150.70  150.70  150.70
  151.02  182.00 0.25933D-09  0  0  0.29091  187.39  245.88 0.28728D+15  3.133    1.666    1.359  -16.993   18.794  151.02  151.02  151.02
  151.34  182.39 0.25884D-09  0  0  0.30174  183.62  245.78 0.28906D+15  3.196    1.591    1.297  -17.073   18.734  151.34  151.34  151.34
  151.66  182.78 0.25834D-09  0  0  0.31341  179.48  245.76 0.28796D+15  3.267    1.509    1.230  -17.160   18.670  151.66  151.66  151.66
  151.98  183.17 0.25785D-09  0  0  0.32100  176.75  245.81 0.28481D+15  3.316    1.455    1.185  -17.221   18.627  151.98  151.98  151.98
  152.31  183.56 0.25736D-09  0  0  0.32100  176.75  245.81 0.28322D+15  3.316    1.452    1.182  -17.229   18.627  152.31  152.31  152.31
  152.63  183.94 0.25687D-09  0  0  0.32100  176.76  245.80 0.28164D+15  3.316    1.449    1.180  -17.237   18.627  152.63  152.63  152.63
  152.95  184.33 0.25639D-09  0  0  0.32100  176.77  245.80 0.28007D+15  3.316    1.447    1.177  -17.245   18.626  152.95  152.95  152.95
  153.27  184.72 0.25590D-09  0  0  0.32100  176.77  245.80 0.27851D+15  3.316    1.444    1.174  -17.253   18.626  153.27  153.27  153.27
  153.59  185.11 0.25542D-09  0  0  0.32100  176.78  245.80 0.27696D+15  3.316    1.441    1.172  -17.261   18.626  153.59  153.59  153.59
  153.92  185.50 0.25494D-09  0  0  0.32100  176.78  245.80 0.27542D+15  3.315    1.439    1.169  -17.269   18.626  153.92  153.92  153.92
  154.24  185.89 0.25446D-09  0  0  0.32100  176.79  245.79 0.27389D+15  3.315    1.436    1.167  -17.277   18.626  154.24  154.24  154.24
  154.56  186.27 0.25399D-09  0  0  0.32100  176.79  245.79 0.27237D+15  3.315    1.434    1.164  -17.285   18.626  154.56  154.56  154.56
  154.88  186.66 0.25351D-09  0  0  0.32100  176.80  245.79 0.27085D+15  3.315    1.431    1.161  -17.294   18.626  154.88  154.88  154.88
  155.20  187.05 0.25304D-09  0  0  0.32100  176.81  245.79 0.26935D+15  3.315    1.429    1.159  -17.302   18.625  155.20  155.20  155.20
  155.53  187.44 0.25257D-09  0  0  0.32100  176.81  245.78 0.26786D+15  3.315    1.426    1.156  -17.310   18.625  155.53  155.53  155.53
  155.85  187.83 0.25210D-09  0  0  0.32100  176.82  245.78 0.26637D+15  3.315    1.424    1.154  -17.318   18.625  155.85  155.85  155.85
  156.17  188.21 0.25163D-09  0  0  0.32100  176.82  245.78 0.26490D+15  3.315    1.421    1.151  -17.326   18.625  156.17  156.17  156.17
  156.49  188.60 0.25117D-09  0  0  0.32100  176.83  245.78 0.26343D+15  3.315    1.419    1.148  -17.334   18.625  156.49  156.49  156.49
  156.81  188.99 0.25071D-09  0  0  0.32100  176.83  245.77 0.26197D+15  3.315    1.416    1.146  -17.342   18.625  156.81  156.81  156.81
  157.14  189.38 0.25025D-09  0  0  0.32100  176.84  245.77 0.26053D+15  3.315    1.414    1.143  -17.350   18.625  157.14  157.14  157.14
  157.46  189.77 0.24979D-09  0  0  0.32100  176.85  245.77 0.25909D+15  3.315    1.411    1.141  -17.358   18.625  157.46  157.46  157.46
  157.78  190.15 0.24933D-09  0  0  0.32100  176.85  245.76 0.25766D+15  3.315    1.409    1.138  -17.366   18.625  157.78  157.78  157.78
  158.10  190.54 0.24888D-09  0  0  0.32100  176.86  245.76 0.25623D+15  3.315    1.406    1.136  -17.374   18.625  158.10  158.10  158.10
  158.42  190.93 0.24843D-09  0  0  0.32100  176.86  245.75 0.25482D+15  3.314    1.404    1.133  -17.382   18.625  158.42  158.42  158.42
  158.75  191.32 0.24797D-09  0  0  0.32100  176.87  245.75 0.25341D+15  3.314    1.402    1.131  -17.390   18.625  158.75  158.75  158.75
  159.07  191.71 0.24753D-09  0  0  0.32100  176.88  245.75 0.25202D+15  3.314    1.399    1.129  -17.398   18.625  159.07  159.07  159.07
  159.39  192.09 0.24708D-09  0  0  0.32100  176.88  245.74 0.25063D+15  3.314    1.397    1.126  -17.406   18.625  159.39  159.39  159.39
  159.71  192.48 0.24663D-09  0  0  0.32100  176.89  245.74 0.24925D+15  3.314    1.394    1.124  -17.414   18.625  159.71  159.71  159.71
  160.03  192.87 0.24619D-09  0  0  0.32100  176.89  245.73 0.24788D+15  3.314    1.392    1.121  -17.421   18.625  160.03  160.03  160.03
  160.36  193.26 0.24575D-09  0  0  0.32100  176.90  245.73 0.24652D+15  3.314    1.390    1.119  -17.429   18.625  160.36  160.36  160.36
  160.68  193.65 0.24531D-09  0  0  0.32100  176.90  245.72 0.24516D+15  3.314    1.387    1.116  -17.437   18.625  160.68  160.68  160.68
  161.00  194.03 0.24487D-09  0  0  0.32100  176.91  245.72 0.24381D+15  3.314    1.385    1.114  -17.445   18.625  161.00  161.00  161.00
