R_tot = 1561.0 R_core =  1400.0  Tsurf =   100.00  g =  1.310
   zbot    P(MPa) Hint     conv melt pCLA   Tbot     Tm     etam        k   Fcond_bot Fcond_top   Fbot     Ftop    dlid z_topTBL z_botTBL
    0.00   -0.00 0.99218D-06  0  0  0.02220  273.07  261.42 0.32740D+15  2.168    0.000    0.000    0.000    0.000    0.00    0.00    0.00
    0.32    0.39 0.99237D-07  0  0  0.02225  273.04  264.84 0.22846D+15  2.168 1397.489 1396.913 1382.789 1411.611    0.32    0.32    0.32
    0.64    0.77 0.49629D-07  0  0  0.02230  273.00  265.40 0.21516D+15  2.169  698.752  698.175  684.048  712.875    0.64    0.64    0.64
    0.97    1.16 0.33093D-07  0  0  0.02235  272.97  265.75 0.20694D+15  2.169  465.839  465.263  451.131  479.965    0.97    0.97    0.97
    1.29    1.55 0.24825D-07  0  0  0.02240  272.94  266.01 0.20092D+15  2.169  349.383  348.807  334.671  363.511    1.29    1.29    1.29
    1.61    1.94 0.19864D-07  0  0  0.02245  272.90  266.22 0.19616D+15  2.170  279.509  278.933  264.793  293.639    1.61    1.61    1.61
    1.93    2.33 0.16557D-07  0  0  0.02250  272.87  266.39 0.19222D+15  2.170  232.926  232.350  218.206  247.058    1.93    1.93    1.93
    2.25    2.71 0.14194D-07  0  0  0.02255  272.83  266.54 0.18884D+15  2.170  199.653  199.077  184.928  213.787    2.25    2.25    2.25
    2.58    3.10 0.12423D-07  0  0  0.02260  272.80  266.66 0.18590D+15  2.170  174.698  174.121  159.969  188.834    2.58    2.58    2.58
    2.90    3.49 0.11045D-07  0  0  0.02265  272.76  266.77 0.18328D+15  2.171  155.288  154.712  140.556  169.426    2.90    2.90    2.90
    3.22    3.88 0.99421D-08  0  0  0.02270  272.73  266.87 0.18093D+15  2.171  139.760  139.184  125.024  153.900    3.22    3.22    3.22
    3.54    4.27 0.90402D-08  0  0  0.02276  272.70  266.96 0.17879D+15  2.171  127.056  126.480  112.315  141.198    3.54    3.54    3.54
    3.86    4.65 0.82885D-08  0  0  0.02281  272.66  267.04 0.17683D+15  2.172  116.468  115.893  101.724  130.613    3.86    3.86    3.86
    4.19    5.04 0.76525D-08  0  0  0.02286  272.63  267.12 0.17502D+15  2.172  107.510  106.934   92.761  121.656    4.19    4.19    4.19
    4.51    5.43 0.71074D-08  0  0  0.02291  272.59  267.18 0.17334D+15  2.172   99.831   99.256   85.079  113.980    4.51    4.51    4.51
    4.83    5.82 0.66349D-08  0  0  0.02297  272.56  267.24 0.17177D+15  2.173   93.176   92.601   78.420  107.327    4.83    4.83    4.83
    5.15    6.21 0.62215D-08  0  0  0.02302  272.52  267.30 0.17030D+15  2.173   87.353   86.778   72.593  101.506    5.15    5.15    5.15
    5.47    6.59 0.58568D-08  0  0  0.02307  272.49  267.35 0.16892D+15  2.173   82.215   81.640   67.450   96.370    5.47    5.47    5.47
    5.80    6.98 0.55325D-08  0  0  0.02313  272.45  267.40 0.16762D+15  2.173   77.648   77.073   62.879   91.805    5.80    5.80    5.80
    6.12    7.37 0.52424D-08  0  0  0.02318  272.42  267.44 0.16638D+15  2.174   73.562   72.986   58.789   87.721    6.12    6.12    6.12
    6.44    7.76 0.49813D-08  0  0  0.02323  272.38  267.48 0.16521D+15  2.174   69.884   69.308   55.107   84.045    6.44    6.44    6.44
    6.76    8.15 0.47451D-08  0  0  0.02329  272.35  267.52 0.16409D+15  2.174   66.556   65.981   51.775   80.719    6.76    6.76    6.76
    7.08    8.54 0.45304D-08  0  0  0.02334  272.31  267.56 0.16302D+15  2.175   63.531   62.956   48.746   77.696    7.08    7.08    7.08
    7.41    8.92 0.43343D-08  0  0  0.02340  272.28  267.59 0.16200D+15  2.175   60.769   60.194   45.980   74.936    7.41    7.41    7.41
    7.73    9.31 0.41545D-08  0  0  0.02345  272.24  267.62 0.16103D+15  2.175   58.237   57.662   43.444   72.406    7.73    7.73    7.73
    8.05    9.70 0.39892D-08  0  0  0.02351  272.21  267.65 0.16009D+15  2.175   55.908   55.333   41.110   70.079    8.05    8.05    8.05
    8.37   10.09 0.38366D-08  0  0  0.02356  272.17  267.68 0.15919D+15  2.176   53.757   53.182   38.956   67.931    8.37    8.37    8.37
    8.69   10.48 0.36952D-08  0  0  0.02362  272.14  267.70 0.15833D+15  2.176   51.766   51.191   36.961   65.942    8.69    8.69    8.69
    9.02   10.86 0.35640D-08  0  0  0.02367  272.10  267.72 0.15749D+15  2.176   49.918   49.343   35.108   64.095    9.02    9.02    9.02
    9.34   11.25 0.34418D-08  0  0  0.02373  272.06  267.74 0.15669D+15  2.177   48.196   47.621   33.383   62.376    9.34    9.34    9.34
    9.66   11.64 0.33278D-08  0  0  0.02378  272.03  267.76 0.15591D+15  2.177   46.590   46.015   31.772   60.772    9.66    9.66    9.66
    9.98   12.03 0.32211D-08  0  0  0.02384  271.99  267.78 0.15516D+15  2.177   45.087   44.512   30.265   59.271    9.98    9.98    9.98
   10.30   12.42 0.31211D-08  0  0  0.02390  271.96  267.80 0.15443D+15  2.178   43.678   43.103   28.852   57.864   10.30   10.30   10.30
   10.63   12.80 0.30271D-08  0  0  0.02396  271.92  267.82 0.15372D+15  2.178   42.354   41.780   27.524   56.542   10.63   10.63   10.63
   10.95   13.19 0.29387D-08  0  0  0.02401  271.88  267.83 0.15304D+15  2.178   41.108   40.534   26.274   55.299   10.95   10.95   10.95
   11.27   13.58 0.28553D-08  0  0  0.02407  271.85  267.84 0.15237D+15  2.179   39.934   39.359   25.095   54.126   11.27   11.27   11.27
   11.59   13.97 0.27766D-08  0  0  0.02413  271.81  267.86 0.15173D+15  2.179   38.824   38.250   23.982   53.019   11.59   11.59   11.59
   11.91   14.36 0.27021D-08  0  0  0.02419  271.78  267.87 0.15110D+15  2.179   37.775   37.201   22.928   51.971   11.91   11.91   11.91
   12.24   14.74 0.26315D-08  0  0  0.02424  271.74  267.88 0.15049D+15  2.179   36.781   36.206   21.930   50.979   12.24   12.24   12.24
   12.56   15.13 0.25646D-08  0  0  0.02430  271.70  267.89 0.14990D+15  2.180   35.837   35.263   20.983   50.038   12.56   12.56   12.56
   12.88   15.52 0.25010D-08  0  0  0.02436  271.67  267.90 0.14932D+15  2.180   34.941   34.367   20.082   49.144   12.88   12.88   12.88
   13.20   15.91 0.24405D-08  0  0  0.02442  271.63  267.90 0.14876D+15  2.180   34.089   33.515   19.226   48.294   13.20   13.20   13.20
   13.52   16.30 0.23829D-08  0  0  0.02448  271.59  267.91 0.14821D+15  2.181   33.277   32.703   18.410   47.484   13.52   13.52   13.52
   13.85   16.68 0.23279D-08  0  0  0.02454  271.56  267.92 0.14767D+15  2.181   32.503   31.929   17.632   46.712   13.85   13.85   13.85
   14.17   17.07 0.22755D-08  0  0  0.02460  271.52  267.92 0.14715D+15  2.181   31.764   31.190   16.889   45.975   14.17   14.17   14.17
   14.49   17.46 0.22254D-08  0  0  0.02466  271.48  267.93 0.14664D+15  2.182   31.058   30.484   16.178   45.271   14.49   14.49   14.49
   14.81   17.85 0.21775D-08  0  0  0.02472  271.44  267.93 0.14614D+15  2.182   30.383   29.809   15.499   44.598   14.81   14.81   14.81
   15.13   18.24 0.21316D-08  0  0  0.02478  271.41  267.93 0.14565D+15  2.182   29.736   29.162   14.848   43.953   15.13   15.13   15.13
   15.46   18.63 0.20876D-08  0  0  0.02484  271.37  267.94 0.14518D+15  2.183   29.116   28.542   14.224   43.336   15.46   15.46   15.46
   15.78   19.01 0.20454D-08  0  0  0.02490  271.33  267.94 0.14471D+15  2.183   28.522   27.948   13.626   42.743   15.78   15.78   15.78
   16.10   19.40 0.20049D-08  0  0  0.02496  271.30  267.94 0.14425D+15  2.183   27.951   27.377   13.051   42.175   16.10   16.10   16.10
   16.42   19.79 0.19660D-08  0  0  0.02502  271.26  267.94 0.14381D+15  2.184   27.403   26.829   12.498   41.629   16.42   16.42   16.42
   16.74   19.76 0.19286D-08  1  0  0.02509  271.22  267.94 0.14337D+15  2.184   26.875   26.302   12.258   41.389   10.41   14.66   16.05
   17.07   20.15 0.18926D-08  1  0  0.02515  271.18  267.94 0.14294D+15  2.184   26.368   25.795   12.144   41.272   10.43   14.60   16.37
   17.39   20.54 0.18580D-08  1  0  0.02521  271.15  267.94 0.14252D+15  2.184   25.879   25.306   12.032   41.157   10.46   14.55   16.69
   17.71   20.93 0.18246D-08  1  0  0.02527  271.11  267.94 0.14211D+15  2.185   25.409   24.835   11.922   41.044   10.48   14.50   17.02
   18.03   21.32 0.17923D-08  1  0  0.02534  271.07  267.93 0.14171D+15  2.185   24.955   24.381   11.814   40.934   10.51   14.45   17.34
   18.35   21.70 0.17613D-08  1  0  0.02540  271.03  267.93 0.14131D+15  2.185   24.516   23.943   11.708   40.826   10.53   14.41   17.66
   18.68   22.09 0.17313D-08  1  0  0.02546  270.99  267.93 0.14092D+15  2.186   24.093   23.520   11.603   40.719   10.55   14.37   17.99
   19.00   22.48 0.17023D-08  1  0  0.02553  270.96  267.92 0.14054D+15  2.186   23.685   23.112   11.501   40.615   10.58   14.33   18.31
   19.32   22.87 0.16742D-08  1  0  0.02559  270.92  267.92 0.14017D+15  2.186   23.290   22.717   11.401   40.512   10.60   14.29   18.64
   19.64   23.26 0.16471D-08  1  0  0.02566  270.88  267.91 0.13980D+15  2.187   22.908   22.335   11.302   40.411   10.62   14.26   18.96
   19.96   23.65 0.16209D-08  1  0  0.02572  270.84  267.91 0.13944D+15  2.187   22.538   21.965   11.205   40.312   10.64   14.23   19.28
   20.29   24.04 0.15955D-08  1  0  0.02579  270.80  267.90 0.13908D+15  2.187   22.180   21.607   11.109   40.214   10.66   14.20   19.61
   20.61   24.43 0.15709D-08  1  0  0.02585  270.76  267.90 0.13874D+15  2.188   21.833   21.260   11.015   40.118   10.68   14.17   19.93
   20.93   24.82 0.15471D-08  1  0  0.02592  270.73  267.89 0.13839D+15  2.188   21.496   20.924   10.922   40.023   10.70   14.15   20.26
   21.25   25.21 0.15239D-08  1  0  0.02599  270.69  267.89 0.13806D+15  2.188   21.170   20.598   10.831   39.930   10.72   14.12   20.58
   21.57   25.60 0.15015D-08  1  0  0.02605  270.65  267.88 0.13773D+15  2.189   20.854   20.282   10.741   39.838   10.74   14.10   20.90
   21.90   25.99 0.14797D-08  1  0  0.02612  270.61  267.87 0.13740D+15  2.189   20.547   19.975   10.653   39.748   10.76   14.08   21.23
   22.22   26.38 0.14586D-08  1  0  0.02619  270.57  267.86 0.13708D+15  2.189   20.249   19.676   10.565   39.659   10.78   14.06   21.55
   22.54   26.76 0.14380D-08  1  0  0.02625  270.53  267.86 0.13677D+15  2.190   19.959   19.387   10.479   39.571   10.80   14.04   21.88
   22.86   27.15 0.14181D-08  1  0  0.02632  270.49  267.85 0.13646D+15  2.190   19.678   19.105   10.395   39.484   10.82   14.02   22.20
   23.18   27.54 0.13987D-08  1  0  0.02639  270.45  267.84 0.13615D+15  2.190   19.404   18.832   10.311   39.399   10.84   14.01   22.52
   23.51   27.93 0.13798D-08  1  0  0.02646  270.41  267.83 0.13585D+15  2.191   19.138   18.566   10.228   39.314   10.86   13.99   22.85
   23.83   28.32 0.13614D-08  1  0  0.02653  270.37  267.82 0.13556D+15  2.191   18.879   18.307   10.147   39.231   10.88   13.98   23.17
   24.15   28.71 0.13436D-08  1  0  0.02659  270.34  267.81 0.13527D+15  2.191   18.627   18.055   10.066   39.149   10.89   13.97   23.50
   24.47   29.10 0.13262D-08  1  0  0.02666  270.30  267.80 0.13499D+15  2.192   18.381   17.809    9.987   39.068   10.91   13.96   23.82
   24.79   29.49 0.13092D-08  1  0  0.02673  270.26  267.79 0.13470D+15  2.192   18.142   17.570    9.908   38.988   10.93   13.94   24.15
   25.12   29.88 0.12927D-08  1  0  0.02680  270.22  267.78 0.13443D+15  2.192   17.909   17.337    9.831   38.909   10.95   13.93   24.47
   25.44   30.27 0.12766D-08  1  0  0.02687  270.18  267.77 0.13416D+15  2.193   17.682   17.110    9.754   38.831   10.96   13.93   24.80
   25.76   30.66 0.12609D-08  1  0  0.02694  270.14  267.76 0.13389D+15  2.193   17.460   16.889    9.679   38.754   10.98   13.92   25.12
   26.08   31.05 0.12456D-08  1  0  0.02702  270.10  267.74 0.13362D+15  2.193   17.244   16.673    9.604   38.677   11.00   13.91   25.44
   26.40   31.44 0.12307D-08  1  0  0.02709  270.06  267.73 0.13336D+15  2.194   17.034   16.462    9.530   38.602   11.01   13.90   25.77
   26.73   31.83 0.12161D-08  1  0  0.02716  270.02  267.72 0.13311D+15  2.194   16.828   16.257    9.456   38.527   11.03   13.89   26.09
   27.05   32.22 0.12019D-08  1  0  0.02723  269.98  267.71 0.13285D+15  2.194   16.627   16.056    9.384   38.454   11.05   13.89   26.42
   27.37   32.61 0.11880D-08  1  0  0.02730  269.94  267.69 0.13260D+15  2.195   16.431   15.860    9.312   38.381   11.06   13.88   26.74
   27.69   33.00 0.11744D-08  1  0  0.02738  269.89  267.68 0.13236D+15  2.195   16.240   15.668    9.242   38.308   11.08   13.88   27.07
   28.01   33.39 0.11611D-08  1  0  0.02745  269.85  267.67 0.13212D+15  2.195   16.052   15.481    9.171   38.237   11.10   13.87   27.39
   28.34   33.78 0.11482D-08  1  0  0.02752  269.81  267.65 0.13188D+15  2.196   15.869   15.299    9.102   38.166   11.11   13.87   27.72
   28.66   34.17 0.11355D-08  1  0  0.02760  269.77  267.64 0.13164D+15  2.196   15.691   15.120    9.033   38.096   11.13   13.87   28.04
   28.98   34.56 0.11231D-08  1  0  0.02767  269.73  267.63 0.13141D+15  2.196   15.516   14.945    8.965   38.027   11.14   13.86   28.37
   29.30   34.95 0.11110D-08  1  0  0.02774  269.69  267.61 0.13118D+15  2.197   15.345   14.774    8.898   37.959   11.16   13.86   28.69
   29.62   35.34 0.10992D-08  1  0  0.02782  269.65  267.60 0.13096D+15  2.197   15.178   14.607    8.831   37.891   11.17   13.86   29.02
   29.95   35.73 0.10876D-08  1  0  0.02790  269.61  267.58 0.13074D+15  2.198   15.014   14.443    8.765   37.823   11.19   13.86   29.34
   30.27   36.12 0.10762D-08  1  0  0.02797  269.57  267.57 0.13052D+15  2.198   14.854   14.283    8.699   37.757   11.20   13.85   29.67
   30.59   36.51 0.10651D-08  1  0  0.02805  269.53  267.55 0.13030D+15  2.198   14.697   14.126    8.634   37.691   11.22   13.85   29.99
   30.91   36.90 0.10542D-08  1  0  0.02812  269.48  267.53 0.13009D+15  2.199   14.543   13.973    8.569   37.625   11.23   13.85   30.32
   31.23   37.29 0.10436D-08  1  0  0.02820  269.44  267.52 0.12988D+15  2.199   14.393   13.823    8.506   37.560   11.24   13.85   30.65
   31.56   37.68 0.10332D-08  1  0  0.02828  269.40  267.50 0.12968D+15  2.199   14.245   13.675    8.442   37.496   11.26   13.85   30.97
   31.88   38.07 0.10229D-08  1  0  0.02836  269.36  267.49 0.12947D+15  2.200   14.101   13.531    8.379   37.432   11.27   13.85   31.30
   32.20   38.46 0.10129D-08  1  0  0.02843  269.32  267.47 0.12927D+15  2.200   13.959   13.390    8.317   37.369   11.29   13.85   31.62
   32.52   38.85 0.10031D-08  1  0  0.02851  269.27  267.45 0.12907D+15  2.200   13.821   13.251    8.255   37.307   11.30   13.85   31.95
   32.84   39.24 0.99347D-09  1  0  0.02859  269.23  267.44 0.12888D+15  2.201   13.685   13.115    8.194   37.244   11.31   13.85   32.27
   33.17   39.63 0.98402D-09  1  0  0.02867  269.19  267.42 0.12869D+15  2.201   13.551   12.982    8.133   37.183   11.33   13.86   32.60
   33.49   40.02 0.97477D-09  1  0  0.02875  269.15  267.40 0.12850D+15  2.201   13.421   12.851    8.072   37.122   11.34   13.86   32.93
   33.81   40.41 0.96568D-09  1  0  0.02883  269.11  267.38 0.12831D+15  2.202   13.292   12.723    8.012   37.061   11.35   13.86   33.25
   34.13   40.80 0.95677D-09  1  0  0.02891  269.06  267.36 0.12812D+15  2.202   13.166   12.597    7.953   37.001   11.37   13.86   33.58
   34.45   41.19 0.94803D-09  1  0  0.02899  269.02  267.35 0.12794D+15  2.203   13.043   12.473    7.894   36.941   11.38   13.86   33.90
   34.78   41.58 0.93944D-09  1  0  0.02907  268.98  267.33 0.12776D+15  2.203   12.921   12.352    7.835   36.882   11.39   13.87   34.23
   35.10   41.97 0.93102D-09  1  0  0.02915  268.93  267.31 0.12759D+15  2.203   12.802   12.233    7.777   36.823   11.41   13.87   34.55
   35.42   42.36 0.92275D-09  1  0  0.02924  268.89  267.29 0.12741D+15  2.204   12.685   12.116    7.719   36.764   11.42   13.87   34.88
   35.74   42.75 0.91462D-09  1  0  0.02932  268.85  267.27 0.12724D+15  2.204   12.570   12.001    7.661   36.706   11.43   13.88   35.21
   36.06   43.14 0.90665D-09  1  0  0.02940  268.80  267.25 0.12707D+15  2.204   12.458   11.889    7.604   36.648   11.44   13.88   35.53
   36.39   43.54 0.89881D-09  1  0  0.02948  268.76  267.23 0.12690D+15  2.205   12.347   11.778    7.547   36.591   11.46   13.88   35.86
   36.71   43.93 0.89111D-09  1  0  0.02957  268.72  267.21 0.12674D+15  2.205   12.238   11.669    7.491   36.534   11.47   13.89   36.19
   37.03   44.32 0.88354D-09  1  0  0.02965  268.67  267.19 0.12657D+15  2.205   12.131   11.562    7.435   36.478   11.48   13.89   36.51
   37.35   44.71 0.87611D-09  1  0  0.02974  268.63  267.17 0.12641D+15  2.206   12.026   11.457    7.379   36.422   11.49   13.89   36.84
   37.67   45.10 0.86880D-09  1  0  0.02982  268.59  267.15 0.12626D+15  2.206   11.922   11.354    7.323   36.366   11.51   13.90   37.17
   38.00   45.49 0.86162D-09  1  0  0.02991  268.54  267.13 0.12610D+15  2.207   11.821   11.252    7.268   36.310   11.52   13.90   37.49
   38.32   45.88 0.85456D-09  1  0  0.02999  268.50  267.11 0.12595D+15  2.207   11.721   11.152    7.213   36.255   11.53   13.91   37.82
   38.64   46.27 0.84761D-09  1  0  0.03008  268.45  267.09 0.12579D+15  2.207   11.623   11.054    7.159   36.201   11.54   13.91   38.15
   38.96   46.66 0.84078D-09  1  0  0.03017  268.41  267.07 0.12565D+15  2.208   11.526   10.958    7.105   36.146   11.55   13.92   38.47
   39.28   47.05 0.83406D-09  1  0  0.03026  268.37  267.05 0.12550D+15  2.208   11.431   10.863    7.051   36.092   11.57   13.92   38.80
   39.61   47.44 0.82745D-09  1  0  0.03034  268.32  267.03 0.12535D+15  2.209   11.337   10.769    6.997   36.038   11.58   13.93   39.13
   39.93   47.83 0.82095D-09  1  0  0.03043  268.28  267.01 0.12521D+15  2.209   11.245   10.677    6.944   35.985   11.59   13.93   39.45
   40.25   48.23 0.81455D-09  1  0  0.03052  268.23  266.98 0.12507D+15  2.209   11.155   10.587    6.890   35.932   11.60   13.94   39.78
   40.57   48.62 0.80826D-09  1  0  0.03061  268.19  266.96 0.12493D+15  2.210   11.066   10.498    6.838   35.879   11.61   13.94   40.11
   40.89   49.01 0.80206D-09  1  0  0.03070  268.14  266.94 0.12479D+15  2.210   10.978   10.410    6.785   35.826   11.62   13.95   40.43
   41.22   49.40 0.79596D-09  1  0  0.03079  268.10  266.92 0.12466D+15  2.210   10.891   10.324    6.733   35.774   11.64   13.96   40.76
   41.54   49.79 0.78995D-09  1  0  0.03088  268.05  266.90 0.12453D+15  2.211   10.806   10.239    6.680   35.722   11.65   13.96   41.09
   41.86   50.18 0.78404D-09  1  0  0.03097  268.00  266.87 0.12440D+15  2.211   10.723   10.155    6.629   35.670   11.66   13.97   41.42
   42.18   50.57 0.77822D-09  1  0  0.03107  267.96  266.85 0.12427D+15  2.212   10.640   10.073    6.577   35.618   11.67   13.97   41.74
   42.50   50.96 0.77248D-09  1  0  0.03116  267.91  266.83 0.12414D+15  2.212   10.559    9.992    6.525   35.567   11.68   13.98   42.07
   42.83   51.36 0.76683D-09  1  0  0.03125  267.87  266.80 0.12402D+15  2.212   10.479    9.912    6.474   35.516   11.69   13.99   42.40
   43.15   51.75 0.76127D-09  1  0  0.03134  267.82  266.78 0.12389D+15  2.213   10.400    9.833    6.423   35.465   11.70   13.99   42.73
   43.47   52.14 0.75579D-09  1  0  0.03144  267.78  266.76 0.12377D+15  2.213   10.322    9.755    6.372   35.414   11.71   14.00   43.05
   43.79   52.53 0.75039D-09  1  0  0.03153  267.73  266.73 0.12365D+15  2.214   10.246    9.679    6.322   35.364   11.72   14.01   43.38
   44.11   52.92 0.74506D-09  1  0  0.03163  267.68  266.71 0.12354D+15  2.214   10.170    9.604    6.271   35.314   11.74   14.01   43.71
   44.44   53.31 0.73982D-09  1  0  0.03172  267.64  266.68 0.12342D+15  2.214   10.096    9.529    6.221   35.264   11.75   14.02   44.04
   44.76   53.71 0.73465D-09  1  0  0.03182  267.59  266.66 0.12331D+15  2.215   10.023    9.456    6.171   35.214   11.76   14.03   44.37
   45.08   54.10 0.72955D-09  1  0  0.03192  267.54  266.64 0.12320D+15  2.215    9.950    9.384    6.121   35.165   11.77   14.04   44.69
   45.40   54.49 0.72453D-09  1  0  0.03201  267.50  266.61 0.12309D+15  2.216    9.879    9.313    6.072   35.115   11.78   14.04   45.02
   45.72   54.88 0.71958D-09  1  0  0.03211  267.45  266.59 0.12298D+15  2.216    9.809    9.243    6.022   35.066   11.79   14.05   45.35
   46.05   55.27 0.71470D-09  1  0  0.03221  267.40  266.56 0.12287D+15  2.216    9.740    9.174    5.973   35.017   11.80   14.06   45.68
   46.37   55.67 0.70988D-09  1  0  0.03231  267.35  266.54 0.12277D+15  2.217    9.671    9.105    5.923   34.969   11.81   14.07   46.01
   46.69   56.06 0.70513D-09  1  0  0.03241  267.31  266.51 0.12267D+15  2.217    9.604    9.038    5.874   34.920   11.82   14.07   46.34
   47.01   56.45 0.70045D-09  1  0  0.03251  267.26  266.48 0.12257D+15  2.218    9.537    8.972    5.825   34.872   11.83   14.08   46.67
   47.33   56.84 0.69583D-09  1  0  0.03261  267.21  266.46 0.12247D+15  2.218    9.472    8.906    5.777   34.823   11.84   14.09   47.00
   47.66   57.24 0.69127D-09  1  0  0.03271  267.16  266.43 0.12237D+15  2.218    9.407    8.842    5.728   34.775   11.85   14.10   47.32
   47.98   57.63 0.68677D-09  1  0  0.03281  267.11  266.41 0.12227D+15  2.219    9.343    8.778    5.679   34.728   11.86   14.11   47.65
   48.30   58.02 0.68234D-09  1  0  0.03291  267.07  266.38 0.12218D+15  2.219    9.280    8.715    5.631   34.680   11.87   14.11   47.98
   48.62   58.41 0.67796D-09  1  0  0.03302  267.02  266.35 0.12209D+15  2.220    9.218    8.653    5.583   34.632   11.88   14.12   48.31
   48.94   58.81 0.67364D-09  1  0  0.03312  266.97  266.33 0.12200D+15  2.220    9.157    8.592    5.535   34.585   11.89   14.13   48.64
   49.27   59.20 0.66938D-09  1  0  0.03322  266.92  266.30 0.12191D+15  2.220    9.096    8.531    5.487   34.538   11.90   14.14   48.97
   49.59   59.59 0.66517D-09  1  0  0.03333  266.87  266.27 0.12183D+15  2.221    9.036    8.471    5.439   34.491   11.91   14.15   49.30
   49.91   59.98 0.66101D-09  1  0  0.03343  266.82  266.25 0.12174D+15  2.221    8.977    8.413    5.391   34.444   11.92   14.16   49.63
   50.23   60.38 0.65691D-09  1  0  0.03354  266.77  266.22 0.12166D+15  2.222    8.919    8.354    5.343   34.397   11.93   14.16   49.96
   50.55   60.77 0.65287D-09  1  0  0.03365  266.72  266.19 0.12158D+15  2.222    8.862    8.297    5.296   34.350   11.94   14.17   50.29
   50.88   61.16 0.64887D-09  1  0  0.03375  266.67  266.16 0.12150D+15  2.223    8.805    8.240    5.248   34.304   11.95   14.18   50.62
   51.20   61.56 0.64492D-09  1  0  0.03386  266.62  266.14 0.12142D+15  2.223    8.749    8.184    5.201   34.257   11.96   14.19   50.95
   51.52   61.95 0.64103D-09  1  0  0.03397  266.57  266.11 0.12134D+15  2.223    8.693    8.129    5.154   34.211   11.97   14.20   51.28
   51.84   62.34 0.63718D-09  1  0  0.03408  266.52  266.08 0.12127D+15  2.224    8.638    8.074    5.106   34.165   11.98   14.21   51.62
   52.16   62.74 0.63338D-09  1  0  0.03419  266.47  266.05 0.12120D+15  2.224    8.584    8.020    5.059   34.119   11.99   14.22   51.95
   52.49   63.13 0.62962D-09  1  0  0.03430  266.42  266.02 0.12113D+15  2.225    8.531    7.967    5.012   34.073   12.00   14.23   52.28
   52.81   63.52 0.62591D-09  1  0  0.03441  266.37  265.99 0.12106D+15  2.225    8.478    7.914    4.965   34.027   12.01   14.24   52.61
   53.13   63.92 0.62225D-09  1  0  0.03452  266.32  265.96 0.12099D+15  2.226    8.426    7.862    4.918   33.981   12.02   14.25   52.94
   53.45   64.31 0.61863D-09  1  0  0.03463  266.27  265.94 0.12093D+15  2.226    8.374    7.811    4.872   33.935   12.03   14.26   53.27
   53.77   64.71 0.61505D-09  1  0  0.03475  266.22  265.91 0.12086D+15  2.226    8.324    7.760    4.825   33.890   12.04   14.26   53.60
   54.10   65.10 0.61152D-09  1  0  0.03486  266.17  265.88 0.12080D+15  2.227    8.273    7.710    4.778   33.844   12.05   14.27   53.94
   54.42   65.50 0.60803D-09  1  0  0.03498  266.12  265.85 0.12074D+15  2.227    8.223    7.660    4.731   33.799   12.06   14.28   54.27
   54.74   65.89 0.60458D-09  1  0  0.03509  266.07  265.82 0.12068D+15  2.228    8.174    7.611    4.685   33.754   12.07   14.29   54.60
   55.06   66.28 0.60117D-09  1  0  0.03521  266.01  265.79 0.12062D+15  2.228    8.126    7.563    4.638   33.709   12.08   14.30   54.93
   55.38   66.68 0.59780D-09  1  0  0.03532  265.96  265.76 0.12057D+15  2.229    8.078    7.515    4.592   33.664   12.09   14.31   55.27
   55.71   67.07 0.59447D-09  1  0  0.03544  265.91  265.73 0.12052D+15  2.229    8.030    7.467    4.545   33.619   12.10   14.32   55.60
   56.03   67.47 0.59117D-09  1  0  0.03556  265.86  265.70 0.12046D+15  2.230    7.983    7.420    4.499   33.574   12.11   14.33   55.93
   56.35   67.86 0.58792D-09  1  0  0.03568  265.81  265.67 0.12041D+15  2.230    7.937    7.374    4.453   33.529   12.12   14.34   56.27
   56.67   68.26 0.58470D-09  1  0  0.03580  265.75  265.64 0.12037D+15  2.231    7.891    7.328    4.406   33.484   12.13   14.35   56.60
   56.99   68.65 0.58152D-09  1  0  0.03592  265.70  265.60 0.12032D+15  2.231    7.845    7.283    4.360   33.439   12.14   14.36   56.94
   57.32   69.05 0.57837D-09  1  0  0.03604  265.65  265.57 0.12027D+15  2.231    7.801    7.238    4.314   33.394   12.15   14.37   57.27
   57.64   69.45 0.57526D-09  1  0  0.03616  265.59  265.54 0.12023D+15  2.232    7.756    7.194    4.267   33.350   12.16   14.38   57.61
   57.96   69.84 0.57218D-09  1  0  0.03629  265.54  265.51 0.12019D+15  2.232    7.712    7.150    4.221   33.305   12.17   14.40   57.94
   58.28   70.24 0.56914D-09  1  0  0.03641  265.49  265.48 0.12015D+15  2.233    7.669    7.107    4.175   33.261   12.18   14.41   58.28
   58.60   70.63 0.56613D-09  1  0  0.03653  265.43  265.45 0.12011D+15  2.233    7.626    7.064    4.129   33.216   12.19   14.42   58.60
   58.93   71.02 0.56316D-09  1  0  0.03666  265.38  265.41 0.12008D+15  2.234    7.583    7.022    4.082   33.172   12.20   14.43   58.93
   59.25   71.41 0.56021D-09  1  0  0.03678  265.32  265.38 0.12004D+15  2.234    7.541    6.980    4.036   33.128   12.21   14.44   59.25
   59.57   71.79 0.55730D-09  1  0  0.03691  265.27  265.35 0.12001D+15  2.235    7.500    6.938    3.990   33.083   12.22   14.45   59.57
   59.89   72.18 0.55442D-09  1  0  0.03704  265.22  265.32 0.11998D+15  2.235    7.458    6.897    3.944   33.039   12.23   14.46   59.89
   60.21   72.57 0.55157D-09  1  0  0.03717  265.16  265.28 0.11995D+15  2.236    7.418    6.856    3.898   32.995   12.24   14.47   60.21
   60.54   72.96 0.54875D-09  1  0  0.03730  265.11  265.25 0.11992D+15  2.236    7.377    6.816    3.852   32.951   12.25   14.48   60.54
   60.86   73.35 0.54596D-09  1  0  0.03743  265.05  265.22 0.11990D+15  2.237    7.337    6.776    3.805   32.906   12.26   14.49   60.86
   61.18   73.73 0.54320D-09  1  0  0.03756  265.00  265.18 0.11987D+15  2.237    7.298    6.737    3.759   32.862   12.27   14.50   61.18
   61.50   74.12 0.54047D-09  1  0  0.03769  264.94  265.15 0.11985D+15  2.238    7.259    6.698    3.713   32.818   12.28   14.52   61.50
   61.82   74.51 0.53777D-09  1  0  0.03782  264.88  265.12 0.11983D+15  2.238    7.220    6.660    3.667   32.774   12.29   14.53   61.82
   62.15   74.90 0.53509D-09  1  0  0.03795  264.83  265.08 0.11981D+15  2.238    7.182    6.621    3.621   32.730   12.30   14.54   62.15
   62.47   75.29 0.53245D-09  1  0  0.03809  264.77  265.05 0.11980D+15  2.239    7.144    6.584    3.574   32.686   12.31   14.55   62.47
   62.79   75.67 0.52983D-09  1  0  0.03822  264.72  265.01 0.11978D+15  2.239    7.106    6.546    3.528   32.642   12.32   14.56   62.79
   63.11   76.06 0.52723D-09  1  0  0.03836  264.66  264.98 0.11977D+15  2.240    7.069    6.509    3.482   32.598   12.33   14.57   63.11
   63.43   76.45 0.52467D-09  1  0  0.03850  264.60  264.95 0.11976D+15  2.240    7.032    6.472    3.436   32.554   12.34   14.59   63.43
   63.76   76.84 0.52213D-09  1  0  0.03864  264.54  264.91 0.11975D+15  2.241    6.996    6.436    3.389   32.510   12.35   14.60   63.76
   64.08   77.23 0.51961D-09  1  0  0.03877  264.49  264.88 0.11974D+15  2.241    6.960    6.400    3.343   32.466   12.36   14.61   64.08
   64.40   77.61 0.51712D-09  1  0  0.03891  264.43  264.84 0.11974D+15  2.242    6.924    6.365    3.296   32.422   12.37   14.62   64.40
   64.72   78.00 0.51466D-09  1  0  0.03906  264.37  264.80 0.11974D+15  2.242    6.889    6.329    3.250   32.378   12.38   14.63   64.72
   65.04   78.39 0.51222D-09  1  0  0.03920  264.31  264.77 0.11973D+15  2.243    6.854    6.294    3.203   32.334   12.39   14.65   65.04
   65.37   78.78 0.50980D-09  1  0  0.03934  264.26  264.73 0.11973D+15  2.243    6.819    6.260    3.157   32.290   12.40   14.66   65.37
   65.69   79.17 0.50741D-09  1  0  0.03948  264.20  264.70 0.11974D+15  2.244    6.785    6.226    3.110   32.246   12.41   14.67   65.69
   66.01   79.56 0.50504D-09  1  0  0.03963  264.14  264.66 0.11974D+15  2.244    6.751    6.192    3.064   32.202   12.42   14.68   66.01
   66.33   79.94 0.50269D-09  1  0  0.03977  264.08  264.62 0.11975D+15  2.245    6.717    6.158    3.017   32.158   12.43   14.70   66.33
   66.65   80.33 0.50037D-09  1  0  0.03992  264.02  264.59 0.11976D+15  2.245    6.683    6.125    2.970   32.114   12.44   14.71   66.65
   66.98   80.72 0.49807D-09  1  0  0.04007  263.96  264.55 0.11977D+15  2.246    6.650    6.092    2.923   32.070   12.45   14.72   66.98
   67.30   81.11 0.49579D-09  1  0  0.04022  263.90  264.51 0.11978D+15  2.247    6.617    6.059    2.876   32.026   12.46   14.73   67.30
   67.62   81.50 0.49353D-09  1  0  0.04037  263.84  264.48 0.11979D+15  2.247    6.585    6.027    2.830   31.982   12.46   14.75   67.62
   67.94   81.88 0.49129D-09  1  0  0.04052  263.78  264.44 0.11981D+15  2.248    6.553    5.995    2.783   31.937   12.47   14.76   67.94
   68.26   82.27 0.48908D-09  1  0  0.04067  263.72  264.40 0.11983D+15  2.248    6.521    5.963    2.735   31.893   12.48   14.77   68.26
   68.59   82.66 0.48688D-09  1  0  0.04082  263.66  264.36 0.11985D+15  2.249    6.489    5.932    2.688   31.849   12.49   14.79   68.59
   68.91   83.05 0.48471D-09  1  0  0.04098  263.60  264.33 0.11987D+15  2.249    6.458    5.900    2.641   31.805   12.50   14.80   68.91
   69.23   83.44 0.48256D-09  1  0  0.04113  263.54  264.29 0.11990D+15  2.250    6.427    5.869    2.594   31.761   12.51   14.81   69.23
   69.55   83.82 0.48042D-09  1  0  0.04129  263.48  264.25 0.11992D+15  2.250    6.396    5.839    2.546   31.716   12.52   14.83   69.55
   69.87   84.21 0.47831D-09  1  0  0.04145  263.41  264.21 0.11995D+15  2.251    6.366    5.808    2.499   31.672   12.54   14.84   69.87
   70.20   84.60 0.47621D-09  1  0  0.04161  263.35  264.17 0.11998D+15  2.251    6.335    5.778    2.451   31.628   12.55   14.85   70.20
   70.52   84.99 0.47414D-09  1  0  0.04177  263.29  264.13 0.12001D+15  2.252    6.305    5.749    2.404   31.583   12.56   14.87   70.52
   70.84   85.38 0.47208D-09  1  0  0.04193  263.23  264.09 0.12005D+15  2.252    6.276    5.719    2.356   31.539   12.57   14.88   70.84
   71.16   85.76 0.47005D-09  1  0  0.04209  263.16  264.05 0.12009D+15  2.253    6.246    5.690    2.308   31.494   12.58   14.90   71.16
   71.48   86.15 0.46803D-09  1  0  0.04225  263.10  264.01 0.12013D+15  2.253    6.217    5.661    2.260   31.450   12.59   14.91   71.48
   71.81   86.54 0.46602D-09  1  0  0.04242  263.04  263.97 0.12017D+15  2.254    6.188    5.632    2.212   31.405   12.60   14.92   71.81
   72.13   86.93 0.46404D-09  1  0  0.04258  262.97  263.93 0.12021D+15  2.255    6.159    5.603    2.164   31.360   12.61   14.94   72.13
   72.45   87.32 0.46208D-09  1  0  0.04275  262.91  263.89 0.12026D+15  2.255    6.131    5.575    2.116   31.316   12.62   14.95   72.45
   72.77   87.70 0.46013D-09  1  0  0.04292  262.85  263.85 0.12031D+15  2.256    6.103    5.547    2.067   31.271   12.63   14.97   72.77
   73.09   88.09 0.45820D-09  1  0  0.04309  262.78  263.81 0.12036D+15  2.256    6.075    5.519    2.019   31.226   12.64   14.98   73.09
   73.42   88.48 0.45628D-09  1  0  0.04326  262.72  263.77 0.12041D+15  2.257    6.047    5.491    1.970   31.181   12.65   15.00   73.42
   73.74   88.87 0.45439D-09  1  0  0.04343  262.65  263.73 0.12047D+15  2.257    6.019    5.464    1.921   31.136   12.66   15.01   73.74
   74.06   89.26 0.45250D-09  1  0  0.04360  262.58  263.69 0.12053D+15  2.258    5.992    5.437    1.872   31.091   12.67   15.03   74.06
   74.38   89.65 0.45064D-09  1  0  0.04378  262.52  263.65 0.12059D+15  2.259    5.965    5.410    1.823   31.046   12.68   15.04   74.38
   74.70   90.03 0.44879D-09  1  0  0.04396  262.45  263.60 0.12065D+15  2.259    5.938    5.383    1.774   31.000   12.69   15.06   74.70
   75.03   90.42 0.44696D-09  1  0  0.04413  262.39  263.56 0.12072D+15  2.260    5.912    5.357    1.725   30.955   12.70   15.07   75.03
   75.35   90.81 0.44514D-09  1  0  0.04431  262.32  263.52 0.12079D+15  2.260    5.885    5.331    1.676   30.910   12.71   15.09   75.35
   75.67   91.20 0.44334D-09  1  0  0.04449  262.25  263.48 0.12086D+15  2.261    5.859    5.305    1.626   30.864   12.72   15.10   75.67
   75.99   91.59 0.44155D-09  1  0  0.04467  262.19  263.43 0.12093D+15  2.261    5.833    5.279    1.577   30.819   12.73   15.12   75.99
   76.31   91.97 0.43978D-09  1  0  0.04486  262.12  263.39 0.12101D+15  2.262    5.807    5.253    1.527   30.773   12.74   15.13   76.31
   76.64   92.36 0.43803D-09  1  0  0.04504  262.05  263.35 0.12108D+15  2.263    5.782    5.228    1.477   30.727   12.75   15.15   76.64
   76.96   92.75 0.43629D-09  1  0  0.04523  261.98  263.30 0.12117D+15  2.263    5.756    5.203    1.427   30.681   12.77   15.17   76.96
   77.28   93.14 0.43456D-09  1  0  0.04541  261.91  263.26 0.12125D+15  2.264    5.731    5.178    1.376   30.635   12.78   15.18   77.28
   77.60   93.53 0.43285D-09  1  0  0.04560  261.84  263.21 0.12134D+15  2.264    5.706    5.153    1.326   30.589   12.79   15.20   77.60
   77.92   93.91 0.43115D-09  1  0  0.04579  261.77  263.17 0.12142D+15  2.265    5.681    5.128    1.275   30.543   12.80   15.22   77.92
   78.25   94.30 0.42947D-09  1  0  0.04598  261.70  263.13 0.12152D+15  2.266    5.657    5.104    1.225   30.497   12.81   15.23   78.25
   78.57   94.69 0.42779D-09  1  0  0.04618  261.63  263.08 0.12161D+15  2.266    5.632    5.080    1.174   30.450   12.82   15.25   78.57
   78.89   95.08 0.42614D-09  1  0  0.04637  261.56  263.04 0.12171D+15  2.267    5.608    5.056    1.123   30.404   12.83   15.27   78.89
   79.21   95.47 0.42449D-09  1  0  0.04657  261.49  262.99 0.12181D+15  2.267    5.584    5.032    1.071   30.357   12.84   15.28   79.21
   79.53   95.85 0.42286D-09  1  0  0.04677  261.42  262.94 0.12191D+15  2.268    5.560    5.008    1.020   30.310   12.85   15.30   79.53
   79.86   96.24 0.42125D-09  1  0  0.04697  261.35  262.90 0.12202D+15  2.269    5.537    4.985    0.968   30.264   12.87   15.32   79.86
   80.18   96.63 0.41964D-09  1  0  0.04717  261.28  262.85 0.12213D+15  2.269    5.513    4.961    0.916   30.217   12.88   15.33   80.18
   80.50   97.02 0.41805D-09  1  0  0.04737  261.20  262.81 0.12224D+15  2.270    5.490    4.938    0.864   30.169   12.89   15.35   80.50
   80.82   97.41 0.41648D-09  1  0  0.04757  261.13  262.76 0.12236D+15  2.271    5.467    4.915    0.812   30.122   12.90   15.37   80.82
   81.14   97.79 0.41491D-09  1  0  0.04778  261.06  262.71 0.12248D+15  2.271    5.444    4.892    0.760   30.075   12.91   15.39   81.14
   81.47   98.18 0.41336D-09  1  0  0.04799  260.98  262.66 0.12260D+15  2.272    5.421    4.870    0.707   30.027   12.92   15.40   81.47
   81.79   98.57 0.41182D-09  1  0  0.04820  260.91  262.62 0.12272D+15  2.273    5.398    4.847    0.654   29.980   12.94   15.42   81.79
   82.11   98.96 0.41029D-09  1  0  0.04841  260.84  262.57 0.12285D+15  2.273    5.376    4.825    0.601   29.932   12.95   15.44   82.11
   82.43   99.35 0.40877D-09  1  0  0.04862  260.76  262.52 0.12298D+15  2.274    5.353    4.803    0.548   29.884   12.96   15.46   82.43
   82.75   99.74 0.40726D-09  1  0  0.04884  260.69  262.47 0.12312D+15  2.275    5.331    4.781    0.495   29.836   12.97   15.48   82.75
   83.08  100.12 0.40577D-09  1  0  0.04905  260.61  262.42 0.12326D+15  2.275    5.309    4.759    0.441   29.787   12.98   15.50   83.08
   83.40  100.51 0.40429D-09  1  0  0.04927  260.53  262.37 0.12340D+15  2.276    5.287    4.737    0.387   29.739   13.00   15.52   83.40
   83.72  100.90 0.40282D-09  1  0  0.04949  260.46  262.32 0.12354D+15  2.277    5.266    4.716    0.333   29.690   13.01   15.54   83.72
   84.04  101.29 0.40136D-09  1  0  0.04971  260.38  262.27 0.12369D+15  2.277    5.244    4.695    0.279   29.641   13.02   15.55   84.04
   84.36  101.68 0.39991D-09  1  0  0.04994  260.30  262.22 0.12385D+15  2.278    5.223    4.673    0.224   29.593   13.03   15.57   84.36
   84.69  102.06 0.39848D-09  1  0  0.05016  260.23  262.17 0.12400D+15  2.279    5.201    4.652    0.169   29.543   13.05   15.59   84.69
   85.01  102.45 0.39705D-09  1  0  0.05039  260.15  262.12 0.12416D+15  2.279    5.180    4.631    0.114   29.494   13.06   15.61   85.01
   85.33  102.84 0.39563D-09  1  0  0.05062  260.07  262.07 0.12433D+15  2.280    5.159    4.611    0.059   29.445   13.07   15.63   85.33
   85.65  103.23 0.39423D-09  1  0  0.05085  259.99  262.02 0.12449D+15  2.281    5.138    4.590    0.004   29.395   13.08   15.65   85.65
   85.97  103.62 0.39284D-09  1  0  0.05109  259.91  261.42 0.13209D+15  2.281    5.118    4.570    0.000   29.392   13.38   15.60   85.97
   86.30  104.00 0.39145D-09  1  0  0.05132  259.83  261.39 0.13200D+15  2.282    5.097    4.549    0.000   29.392   13.39   15.59   86.30
   86.62  104.39 0.39008D-09  1  0  0.05156  259.75  261.36 0.13191D+15  2.283    5.077    4.529    0.000   29.392   13.39   15.58   86.62
   86.94  104.78 0.38872D-09  1  0  0.05180  259.67  261.33 0.13182D+15  2.283    5.057    4.509    0.000   29.392   13.39   15.57   86.94
   87.26  105.17 0.38736D-09  1  0  0.05205  259.59  261.29 0.13174D+15  2.284    5.036    4.489    0.000   29.392   13.40   15.56   87.26
   87.58  105.56 0.38602D-09  1  0  0.05229  259.50  261.26 0.13166D+15  2.285    5.016    4.469    0.000   29.392   13.40   15.55   87.58
   87.91  105.94 0.38469D-09  1  0  0.05254  259.42  261.23 0.13159D+15  2.286    4.997    4.450    0.000   29.392   13.40   15.54   87.91
   88.23  106.33 0.38336D-09  1  0  0.05279  259.34  261.19 0.13152D+15  2.286    4.977    4.430    0.000   29.392   13.40   15.53   88.23
   88.55  106.72 0.38205D-09  1  0  0.05304  259.25  261.16 0.13145D+15  2.287    4.957    4.411    0.000   29.392   13.41   15.52   88.55
   88.87  107.11 0.38074D-09  1  0  0.05329  259.17  261.13 0.13138D+15  2.288    4.938    4.391    0.000   29.392   13.41   15.51   88.87
   89.19  107.50 0.37945D-09  1  0  0.05355  259.08  261.09 0.13132D+15  2.289    4.918    4.372    0.000   29.392   13.41   15.51   89.19
   89.52  107.88 0.37816D-09  1  0  0.05381  259.00  261.06 0.13126D+15  2.289    4.899    4.353    0.000   29.392   13.42   15.50   89.52
   89.84  108.27 0.37689D-09  1  0  0.05407  258.91  261.02 0.13121D+15  2.290    4.880    4.334    0.000   29.392   13.42   15.49   89.84
   90.16  108.66 0.37562D-09  1  0  0.05433  258.83  260.99 0.13115D+15  2.291    4.861    4.316    0.000   29.392   13.42   15.48   90.16
   90.48  109.05 0.37436D-09  1  0  0.05459  258.74  260.95 0.13110D+15  2.292    4.842    4.297    0.000   29.392   13.43   15.47   90.48
   90.80  109.44 0.37311D-09  1  0  0.05486  258.65  260.92 0.13106D+15  2.292    4.823    4.278    0.000   29.392   13.43   15.46   90.80
   91.13  109.83 0.37187D-09  1  0  0.05513  258.56  260.88 0.13102D+15  2.293    4.805    4.260    0.000   29.392   13.43   15.45   91.13
   91.45  110.21 0.37064D-09  1  0  0.05541  258.47  260.84 0.13098D+15  2.294    4.786    4.242    0.000   29.392   13.44   15.44   91.45
   91.77  110.60 0.36942D-09  1  0  0.05568  258.39  260.81 0.13095D+15  2.295    4.768    4.224    0.000   29.392   13.44   15.43   91.77
   92.09  110.99 0.36821D-09  1  0  0.05596  258.30  260.77 0.13092D+15  2.296    4.749    4.205    0.000   29.392   13.44   15.43   92.09
   92.41  111.38 0.36700D-09  1  0  0.05624  258.20  260.73 0.13089D+15  2.296    4.731    4.187    0.000   29.392   13.45   15.42   92.41
   92.74  111.77 0.36580D-09  1  0  0.05653  258.11  260.70 0.13086D+15  2.297    4.713    4.170    0.000   29.392   13.45   15.41   92.74
   93.06  112.15 0.36461D-09  1  0  0.05681  258.02  260.66 0.13085D+15  2.298    4.695    4.152    0.000   29.392   13.45   15.40   93.06
   93.38  112.54 0.36343D-09  1  0  0.05710  257.93  260.62 0.13083D+15  2.299    4.677    4.134    0.000   29.392   13.46   15.39   93.38
   93.70  112.93 0.36226D-09  1  0  0.05739  257.84  260.58 0.13082D+15  2.300    4.659    4.117    0.000   29.392   13.46   15.38   93.70
   94.02  113.32 0.36110D-09  1  0  0.05769  257.74  260.54 0.13081D+15  2.301    4.642    4.099    0.000   29.392   13.47   15.37   94.02
   94.35  113.71 0.35994D-09  1  0  0.05799  257.65  260.50 0.13081D+15  2.301    4.624    4.082    0.000   29.392   13.47   15.36   94.35
   94.67  114.09 0.35879D-09  1  0  0.05829  257.55  260.46 0.13081D+15  2.302    4.606    4.065    0.000   29.392   13.47   15.35   94.67
   94.99  114.48 0.35765D-09  1  0  0.05859  257.46  260.42 0.13081D+15  2.303    4.589    4.048    0.000   29.392   13.48   15.35   94.99
   95.31  114.87 0.35652D-09  1  0  0.05890  257.36  260.38 0.13082D+15  2.304    4.572    4.030    0.000   29.392   13.48   15.34   95.31
   95.63  115.26 0.35539D-09  1  0  0.05921  257.26  260.34 0.13083D+15  2.305    4.554    4.014    0.000   29.392   13.49   15.33   95.63
   95.96  115.65 0.35427D-09  1  0  0.05952  257.16  260.30 0.13085D+15  2.306    4.537    3.997    0.000   29.392   13.49   15.32   95.96
   96.28  116.03 0.35316D-09  1  0  0.05984  257.06  260.26 0.13087D+15  2.307    4.520    3.980    0.000   29.392   13.50   15.31   96.28
   96.60  116.42 0.35206D-09  1  0  0.06016  256.96  260.22 0.13090D+15  2.307    4.503    3.963    0.000   29.392   13.50   15.30   96.60
   96.92  116.81 0.35096D-09  1  0  0.06048  256.86  260.18 0.13093D+15  2.308    4.487    3.947    0.000   29.392   13.51   15.29   96.92
   97.24  117.20 0.34987D-09  1  0  0.06081  256.76  260.13 0.13096D+15  2.309    4.470    3.930    0.000   29.392   13.51   15.28   97.24
   97.57  117.59 0.34879D-09  1  0  0.06114  256.66  260.09 0.13100D+15  2.310    4.453    3.914    0.000   29.392   13.52   15.28   97.57
   97.89  117.97 0.34772D-09  1  0  0.06147  256.56  260.05 0.13105D+15  2.311    4.437    3.898    0.000   29.392   13.52   15.27   97.89
   98.21  118.36 0.34665D-09  1  0  0.06181  256.45  260.00 0.13109D+15  2.312    4.420    3.881    0.000   29.392   13.53   15.26   98.21
   98.53  118.75 0.34559D-09  1  0  0.06215  256.35  259.96 0.13115D+15  2.313    4.404    3.865    0.000   29.392   13.53   15.25   98.53
   98.85  119.14 0.34454D-09  1  0  0.06249  256.24  259.92 0.13121D+15  2.314    4.387    3.849    0.000   29.392   13.54   15.24   98.85
   99.18  119.53 0.34349D-09  1  0  0.06284  256.14  259.87 0.13127D+15  2.315    4.371    3.833    0.000   29.392   13.54   15.23   99.18
   99.50  119.91 0.34245D-09  1  0  0.06319  256.03  259.83 0.13134D+15  2.316    4.355    3.817    0.000   29.392   13.55   15.22   99.50
   99.82  -29.03 0.34142D-09  1  0  0.06354  255.92  259.78 0.13138D+15  2.317    4.339    3.802   -0.047   29.350   13.60   15.24 -147.99
  100.14   54.42 0.34039D-09  1  0  0.06390  255.81  259.74 0.13146D+15  2.318    4.323    3.786   -0.100   29.305   13.61   15.26   -9.84
  100.46   78.14 0.33937D-09  1  0  0.06426  255.70  259.69 0.13154D+15  2.319    4.307    3.770   -0.153   29.258   13.62   15.28   29.21
  100.79   89.53 0.33836D-09  1  0  0.06463  255.59  259.64 0.13163D+15  2.320    4.291    3.755   -0.206   29.212   13.63   15.30   47.78
  101.11   96.31 0.33735D-09  1  0  0.06500  255.48  259.60 0.13173D+15  2.321    4.275    3.739   -0.260   29.165   13.64   15.32   58.72
  101.43  100.88 0.33635D-09  1  0  0.06538  255.37  259.55 0.13183D+15  2.322    4.259    3.724   -0.314   29.117   13.65   15.34   65.98
  101.75  104.22 0.33536D-09  1  0  0.06576  255.26  259.50 0.13193D+15  2.323    4.244    3.709   -0.369   29.070   13.65   15.36   71.20
  102.07  106.80 0.33437D-09  1  0  0.06614  255.14  259.45 0.13204D+15  2.324    4.228    3.693   -0.424   29.021   13.66   15.38   75.16
  102.40  108.88 0.33339D-09  1  0  0.06653  255.03  259.40 0.13216D+15  2.325    4.213    3.678   -0.480   28.973   13.67   15.40   78.29
  102.72  110.62 0.33242D-09  1  0  0.06692  254.91  259.35 0.13228D+15  2.326    4.197    3.663   -0.536   28.924   13.68   15.42   80.85
  103.04  112.10 0.33145D-09  1  0  0.06732  254.79  259.30 0.13241D+15  2.327    4.182    3.648   -0.593   28.874   13.69   15.44   82.99
  103.36  113.40 0.33049D-09  1  0  0.06772  254.67  259.25 0.13255D+15  2.328    4.167    3.633   -0.651   28.824   13.70   15.46   84.83
  103.68  114.56 0.32953D-09  1  0  0.06812  254.55  259.20 0.13269D+15  2.329    4.151    3.618   -0.709   28.774   13.71   15.49   86.43
  104.01  115.61 0.32858D-09  1  0  0.06853  254.43  259.15 0.13284D+15  2.330    4.136    3.603   -0.768   28.723   13.72   15.51   87.84
  104.33  116.56 0.32763D-09  1  0  0.06895  254.31  259.10 0.13299D+15  2.331    4.121    3.589   -0.827   28.672   13.74   15.53   89.11
  104.65  117.45 0.32669D-09  1  0  0.06937  254.18  259.05 0.13316D+15  2.332    4.106    3.574   -0.887   28.620   13.75   15.55   90.25
  104.97  118.27 0.32576D-09  1  0  0.06979  254.06  258.99 0.13333D+15  2.334    4.091    3.559   -0.947   28.568   13.76   15.58   91.30
  105.29  119.05 0.32483D-09  1  0  0.07022  253.93  258.94 0.13350D+15  2.335    4.076    3.545   -1.008   28.515   13.77   15.60   92.27
  105.62  119.79 0.32391D-09  1  0  0.07066  253.81  258.89 0.13368D+15  2.336    4.061    3.530   -1.070   28.462   13.78   15.63   93.17
  105.94  120.49 0.32299D-09  1  0  0.07110  253.68  258.83 0.13387D+15  2.337    4.046    3.516   -1.132   28.408   13.79   15.65   94.00
  106.26  121.16 0.32208D-09  1  0  0.07154  253.55  258.78 0.13407D+15  2.338    4.032    3.501   -1.195   28.354   13.80   15.67   94.80
  106.58  121.80 0.32118D-09  1  0  0.07200  253.42  258.72 0.13427D+15  2.339    4.017    3.487   -1.258   28.300   13.81   15.70   95.54
  106.90  122.42 0.32028D-09  1  0  0.07245  253.29  258.67 0.13449D+15  2.341    4.002    3.473   -1.322   28.244   13.83   15.73   96.25
  107.23  123.02 0.31938D-09  1  0  0.07291  253.15  258.61 0.13471D+15  2.342    3.988    3.459   -1.387   28.189   13.84   15.75   96.93
  107.55  123.61 0.31849D-09  1  0  0.07338  253.02  258.55 0.13494D+15  2.343    3.973    3.444   -1.453   28.132   13.85   15.78   97.58
  107.87  124.18 0.31761D-09  1  0  0.07386  252.88  258.49 0.13517D+15  2.344    3.958    3.430   -1.519   28.075   13.86   15.81   98.20
  108.19  124.73 0.31673D-09  1  0  0.07434  252.74  258.44 0.13542D+15  2.346    3.944    3.416   -1.586   28.018   13.88   15.83   98.80
  108.51  125.28 0.31586D-09  1  0  0.07482  252.61  258.38 0.13567D+15  2.347    3.930    3.402   -1.654   27.960   13.89   15.86   99.38
  108.84  125.81 0.31499D-09  1  0  0.07531  252.46  258.32 0.13593D+15  2.348    3.915    3.388   -1.722   27.902   13.90   15.89   99.95
  109.16  126.34 0.31413D-09  1  0  0.07581  252.32  258.26 0.13620D+15  2.349    3.901    3.374   -1.791   27.842   13.92   15.92  100.49
  109.48  126.85 0.31327D-09  1  0  0.07632  252.18  258.20 0.13648D+15  2.351    3.887    3.361   -1.861   27.783   13.93   15.95  101.02
  109.80  127.36 0.31242D-09  1  0  0.07683  252.03  258.13 0.13677D+15  2.352    3.872    3.347   -1.932   27.722   13.94   15.98  101.54
  110.12  127.86 0.31157D-09  1  0  0.07735  251.89  258.07 0.13707D+15  2.353    3.858    3.333   -2.003   27.661   13.96   16.01  102.05
  110.45  128.35 0.31073D-09  1  0  0.07787  251.74  258.01 0.13738D+15  2.355    3.844    3.319   -2.075   27.600   13.97   16.04  102.55
  110.77  128.84 0.30989D-09  1  0  0.07840  251.59  257.95 0.13770D+15  2.356    3.830    3.306   -2.148   27.538   13.99   16.07  103.03
  111.09  129.32 0.30906D-09  1  0  0.07894  251.44  257.88 0.13803D+15  2.358    3.816    3.292   -2.222   27.475   14.00   16.10  103.51
  111.41  129.79 0.30823D-09  1  0  0.07949  251.28  257.82 0.13837D+15  2.359    3.802    3.278   -2.297   27.411   14.02   16.13  103.97
  111.73  130.26 0.30740D-09  1  0  0.08004  251.13  257.75 0.13872D+15  2.360    3.788    3.265   -2.372   27.347   14.03   16.17  104.43
  112.06  130.73 0.30659D-09  1  0  0.08060  250.97  257.69 0.13908D+15  2.362    3.774    3.251   -2.448   27.282   14.05   16.20  104.89
  112.38  131.19 0.30577D-09  1  0  0.08117  250.81  257.62 0.13945D+15  2.363    3.760    3.238   -2.526   27.217   14.06   16.23  105.33
  112.70  131.65 0.30496D-09  1  0  0.08175  250.65  257.55 0.13984D+15  2.365    3.746    3.225   -2.604   27.150   14.08   16.27  105.77
  113.02  132.11 0.30416D-09  1  0  0.08233  250.48  257.48 0.14023D+15  2.366    3.732    3.211   -2.683   27.083   14.10   16.30  106.21
  113.34  132.56 0.30336D-09  1  0  0.08292  250.32  257.41 0.14064D+15  2.368    3.718    3.198   -2.763   27.016   14.11   16.34  106.64
  113.67  133.01 0.30256D-09  1  0  0.08352  250.15  257.34 0.14106D+15  2.369    3.704    3.184   -2.844   26.947   14.13   16.38  107.06
  113.99  133.46 0.30177D-09  1  0  0.08413  249.98  257.27 0.14150D+15  2.371    3.691    3.171   -2.925   26.878   14.15   16.41  107.48
  114.31  133.90 0.30099D-09  1  0  0.08475  249.81  257.20 0.14195D+15  2.373    3.677    3.158   -3.008   26.808   14.16   16.45  107.89
  114.63  134.34 0.30020D-09  1  0  0.08538  249.64  257.13 0.14241D+15  2.374    3.663    3.145   -3.092   26.737   14.18   16.49  108.30
  114.95  134.78 0.29943D-09  1  0  0.08601  249.46  257.06 0.14288D+15  2.376    3.649    3.132   -3.177   26.666   14.20   16.53  108.71
  115.28  135.22 0.29865D-09  1  0  0.08666  249.28  256.98 0.14337D+15  2.377    3.635    3.118   -3.262   26.594   14.22   16.57  109.11
  115.60  135.65 0.29788D-09  1  0  0.08731  249.10  256.91 0.14387D+15  2.379    3.622    3.105   -3.349   26.520   14.24   16.61  109.51
  115.92  136.08 0.29712D-09  1  0  0.08798  248.92  256.83 0.14439D+15  2.381    3.608    3.092   -3.437   26.446   14.26   16.65  109.91
  116.24  136.52 0.29636D-09  1  0  0.08865  248.73  256.76 0.14493D+15  2.383    3.594    3.079   -3.526   26.372   14.28   16.70  110.30
  116.56  136.94 0.29560D-09  1  0  0.08934  248.55  256.68 0.14548D+15  2.384    3.581    3.066   -3.616   26.296   14.30   16.74  110.69
  116.89  137.37 0.29485D-09  1  0  0.09003  248.35  256.60 0.14605D+15  2.386    3.567    3.053   -3.707   26.219   14.32   16.78  111.08
  117.21  137.80 0.29410D-09  1  0  0.09073  248.16  256.52 0.14663D+15  2.388    3.553    3.040   -3.799   26.142   14.34   16.83  111.46
  117.53  138.22 0.29336D-09  1  0  0.09145  247.96  256.44 0.14723D+15  2.390    3.540    3.027   -3.893   26.063   14.36   16.87  111.85
  117.85  138.65 0.29262D-09  1  0  0.09218  247.77  256.36 0.14785D+15  2.392    3.526    3.014   -3.987   25.984   14.38   16.92  112.23
  118.17  139.07 0.29188D-09  1  0  0.09292  247.56  256.28 0.14849D+15  2.394    3.513    3.001   -4.083   25.904   14.40   16.97  112.60
  118.50  139.49 0.29115D-09  1  0  0.09367  247.36  256.19 0.14914D+15  2.396    3.499    2.988   -4.180   25.822   14.42   17.02  112.98
  118.82  139.91 0.29042D-09  1  0  0.09443  247.15  256.11 0.14982D+15  2.397    3.485    2.975   -4.278   25.740   14.44   17.07  113.35
  119.14  140.32 0.28970D-09  1  0  0.09520  246.94  256.02 0.15052D+15  2.399    3.472    2.962   -4.378   25.657   14.47   17.12  113.73
  119.46  140.74 0.28898D-09  1  0  0.09599  246.73  255.94 0.15123D+15  2.401    3.458    2.949   -4.478   25.573   14.49   17.17  114.09
  119.78  141.16 0.28826D-09  1  0  0.09679  246.51  255.85 0.15197D+15  2.404    3.444    2.936   -4.580   25.487   14.51   17.22  114.46
  120.11  141.57 0.28755D-09  1  0  0.09760  246.29  255.76 0.15273D+15  2.406    3.431    2.923   -4.684   25.401   14.54   17.28  114.83
  120.43  141.98 0.28684D-09  1  0  0.09842  246.06  255.67 0.15352D+15  2.408    3.417    2.910   -4.789   25.314   14.56   17.33  115.19
  120.75  142.40 0.28614D-09  1  0  0.09926  245.84  255.58 0.15432D+15  2.410    3.403    2.897   -4.895   25.225   14.59   17.39  115.56
  121.07  142.81 0.28544D-09  1  0  0.10012  245.60  255.49 0.15516D+15  2.412    3.390    2.884   -5.002   25.136   14.61   17.45  115.92
  121.39  143.22 0.28474D-09  1  0  0.10098  245.37  255.39 0.15601D+15  2.414    3.376    2.871   -5.111   25.045   14.64   17.51  116.28
  121.72  143.63 0.28405D-09  1  0  0.10187  245.13  255.30 0.15690D+15  2.417    3.362    2.858   -5.221   24.953   14.67   17.57  116.63
  122.04  144.04 0.28336D-09  1  0  0.10276  244.89  255.20 0.15781D+15  2.419    3.349    2.845   -5.333   24.860   14.69   17.63  116.99
  122.36  144.45 0.28267D-09  1  0  0.10368  244.64  255.11 0.15874D+15  2.421    3.335    2.832   -5.447   24.766   14.72   17.69  117.35
  122.68  144.85 0.28199D-09  1  0  0.10461  244.39  255.01 0.15971D+15  2.424    3.321    2.820   -5.562   24.670   14.75   17.75  117.70
  123.00  145.26 0.28131D-09  1  0  0.10555  244.13  254.91 0.16071D+15  2.426    3.307    2.807   -5.678   24.573   14.78   17.82  118.05
  123.33  145.67 0.28064D-09  1  0  0.10651  243.87  254.81 0.16173D+15  2.429    3.293    2.793   -5.796   24.475   14.81   17.89  118.40
  123.65  146.07 0.27997D-09  1  0  0.10749  243.61  254.70 0.16279D+15  2.431    3.279    2.780   -5.916   24.376   14.84   17.96  118.75
  123.97  146.48 0.27930D-09  1  0  0.10849  243.34  254.60 0.16388D+15  2.434    3.265    2.767   -6.037   24.276   14.87   18.03  119.10
  124.29  146.88 0.27863D-09  1  0  0.10951  243.06  254.50 0.16501D+15  2.437    3.252    2.754   -6.160   24.174   14.90   18.10  119.45
  124.61  147.28 0.27797D-09  1  0  0.11054  242.78  254.39 0.16617D+15  2.439    3.238    2.741   -6.285   24.070   14.93   18.17  119.80
  124.94  147.68 0.27732D-09  1  0  0.11159  242.50  254.28 0.16737D+15  2.442    3.223    2.728   -6.411   23.966   14.96   18.25  120.14
  125.26  148.09 0.27666D-09  1  0  0.11267  242.21  254.17 0.16860D+15  2.445    3.209    2.715   -6.539   23.860   14.99   18.33  120.49
  125.58  148.49 0.27601D-09  1  0  0.11376  241.91  254.06 0.16988D+15  2.448    3.195    2.702   -6.669   23.752   15.03   18.41  120.83
  125.90  148.89 0.27536D-09  1  0  0.11487  241.61  253.95 0.17119D+15  2.451    3.181    2.689   -6.801   23.644   15.06   18.49  121.17
  126.22  149.29 0.27472D-09  1  0  0.11601  241.30  253.83 0.17255D+15  2.454    3.167    2.675   -6.935   23.533   15.09   18.57  121.51
  126.55  149.68 0.27408D-09  1  0  0.11717  240.99  253.71 0.17396D+15  2.457    3.152    2.662   -7.071   23.421   15.13   18.66  121.85
  126.87  150.08 0.27344D-09  1  0  0.11835  240.67  253.60 0.17541D+15  2.460    3.138    2.649   -7.208   23.308   15.16   18.75  122.19
  127.19  150.48 0.27280D-09  1  0  0.11955  240.34  253.48 0.17690D+15  2.463    3.123    2.635   -7.348   23.193   15.20   18.84  122.53
  127.51  150.88 0.27217D-09  1  0  0.12078  240.01  253.35 0.17845D+15  2.467    3.109    2.622   -7.489   23.076   15.24   18.93  122.86
  127.83  151.27 0.27155D-09  1  0  0.12204  239.67  253.23 0.18004D+15  2.470    3.094    2.608   -7.633   22.958   15.28   19.03  123.20
  128.16  151.67 0.27092D-09  1  0  0.12331  239.32  253.10 0.18169D+15  2.474    3.079    2.594   -7.778   22.838   15.31   19.13  123.53
  128.48  152.06 0.27030D-09  1  0  0.12462  238.97  252.98 0.18340D+15  2.477    3.064    2.581   -7.926   22.717   15.35   19.23  123.87
  128.80  152.46 0.26968D-09  1  0  0.12595  238.60  252.85 0.18517D+15  2.481    3.050    2.567   -8.076   22.594   15.39   19.33  124.20
  129.12  152.85 0.26906D-09  1  0  0.12731  238.23  252.72 0.18699D+15  2.485    3.034    2.553   -8.228   22.469   15.43   19.44  124.53
  129.44  153.24 0.26845D-09  1  0  0.12871  237.85  252.58 0.18888D+15  2.488    3.019    2.539   -8.382   22.342   15.48   19.55  124.86
  129.77  153.64 0.26784D-09  1  0  0.13013  237.47  252.45 0.19083D+15  2.492    3.004    2.525   -8.539   22.213   15.52   19.66  125.19
  130.09  154.03 0.26724D-09  1  0  0.13158  237.07  252.31 0.19285D+15  2.496    2.989    2.511   -8.698   22.083   15.56   19.78  125.52
  130.41  154.42 0.26663D-09  1  0  0.13306  236.66  252.17 0.19494D+15  2.500    2.973    2.497   -8.859   21.951   15.60   19.89  125.84
  130.73  154.81 0.26603D-09  1  0  0.13458  236.25  252.03 0.19711D+15  2.505    2.957    2.483   -9.023   21.817   15.65   20.02  126.17
  131.05  155.20 0.26544D-09  1  0  0.13613  235.82  251.88 0.19935D+15  2.509    2.942    2.468   -9.189   21.681   15.69   20.14  126.49
  131.38  155.59 0.26484D-09  1  0  0.13772  235.39  251.74 0.20167D+15  2.514    2.926    2.454   -9.357   21.543   15.74   20.27  126.82
  131.70  155.98 0.26425D-09  1  0  0.13934  234.94  251.59 0.20408D+15  2.518    2.909    2.439   -9.528   21.403   15.79   20.41  127.14
  132.02  156.36 0.26366D-09  1  0  0.14100  234.48  251.44 0.20657D+15  2.523    2.893    2.424   -9.702   21.262   15.84   20.55  127.46
  132.34  156.75 0.26308D-09  1  0  0.14270  234.01  251.28 0.20916D+15  2.528    2.877    2.410   -9.878   21.118   15.88   20.69  127.78
  132.66  157.14 0.26249D-09  1  0  0.14444  233.53  251.13 0.21184D+15  2.533    2.860    2.395  -10.057   20.972   15.93   20.84  128.10
  132.99  157.52 0.26191D-09  1  0  0.14622  233.03  250.97 0.21462D+15  2.538    2.843    2.379  -10.238   20.824   15.98   20.99  128.42
  133.31  157.91 0.26134D-09  1  0  0.14805  232.53  250.81 0.21751D+15  2.543    2.826    2.364  -10.422   20.674   16.03   21.15  128.73
  133.63  158.29 0.26076D-09  1  0  0.14992  232.00  250.64 0.22051D+15  2.549    2.809    2.348  -10.609   20.522   16.09   21.31  129.05
  133.95  158.67 0.26019D-09  1  0  0.15184  231.47  250.48 0.22361D+15  2.555    2.791    2.333  -10.798   20.367   16.14   21.48  129.36
  134.27  159.05 0.25962D-09  1  0  0.15381  230.92  250.31 0.22684D+15  2.561    2.774    2.317  -10.991   20.211   16.19   21.65  129.67
  134.60  159.43 0.25905D-09  1  0  0.15583  230.35  250.13 0.23019D+15  2.567    2.756    2.301  -11.186   20.052   16.25   21.83  129.98
  134.92  159.81 0.25849D-09  1  0  0.15790  229.76  249.96 0.23367D+15  2.573    2.737    2.285  -11.384   19.891   16.30   22.02  130.29
  135.24  160.19 0.25793D-09  1  0  0.16003  229.16  249.78 0.23729D+15  2.580    2.719    2.268  -11.584   19.728   16.35   22.21  130.60
  135.56  160.57 0.25737D-09  1  0  0.16221  228.54  249.60 0.24105D+15  2.586    2.700    2.251  -11.788   19.562   16.41   22.41  130.90
  135.88  160.95 0.25682D-09  1  0  0.16446  227.90  249.42 0.24496D+15  2.593    2.681    2.234  -11.995   19.395   16.47   22.61  131.21
  136.21  161.32 0.25626D-09  1  0  0.16676  227.25  249.23 0.24902D+15  2.601    2.661    2.217  -12.204   19.225   16.52   22.83  131.51
  136.53  161.70 0.25571D-09  1  0  0.16913  226.57  249.04 0.25324D+15  2.608    2.641    2.199  -12.416   19.052   16.58   23.05  131.81
  136.85  162.07 0.25517D-09  1  0  0.17157  225.87  248.85 0.25763D+15  2.616    2.621    2.182  -12.632   18.878   16.64   23.28  132.10
  137.17  162.44 0.25462D-09  1  0  0.17408  225.14  248.65 0.26219D+15  2.624    2.600    2.164  -12.850   18.701   16.69   23.51  132.40
  137.49  162.81 0.25408D-09  1  0  0.17666  224.39  248.45 0.26694D+15  2.632    2.579    2.145  -13.071   18.522   16.75   23.76  132.69
  137.82  163.18 0.25354D-09  1  0  0.17931  223.62  248.25 0.27187D+15  2.641    2.558    2.126  -13.295   18.341   16.81   24.02  132.98
  138.14  163.55 0.25300D-09  1  0  0.18205  222.82  248.05 0.27700D+15  2.650    2.536    2.107  -13.522   18.157   16.86   24.28  133.27
  138.46  163.92 0.25247D-09  1  0  0.18487  221.99  247.84 0.28233D+15  2.660    2.514    2.088  -13.752   17.971   16.92   24.56  133.56
  138.78  164.28 0.25193D-09  1  0  0.18778  221.13  247.63 0.28788D+15  2.670    2.491    2.068  -13.985   17.783   16.97   24.84  133.84
  139.10  167.65 0.25141D-09  0  0  0.19078  220.24  247.41 0.29364D+15  2.680    2.467    2.047  -14.144   17.656  139.10  139.10  139.10
  139.43  168.03 0.25088D-09  0  0  0.19387  219.32  247.20 0.29962D+15  2.691    2.443    2.026  -14.173   17.637  139.43  139.43  139.43
  139.75  168.42 0.25035D-09  0  0  0.19707  218.36  246.98 0.30584D+15  2.703    2.419    2.005  -14.203   17.618  139.75  139.75  139.75
  140.07  168.81 0.24983D-09  0  0  0.20037  217.36  246.76 0.31228D+15  2.715    2.393    1.983  -14.233   17.599  140.07  140.07  140.07
  140.39  169.20 0.24931D-09  0  0  0.20378  216.33  246.53 0.31897D+15  2.727    2.367    1.961  -14.264   17.578  140.39  140.39  140.39
  140.71  169.59 0.24879D-09  0  0  0.20731  215.25  246.31 0.32589D+15  2.740    2.340    1.937  -14.295   17.558  140.71  140.71  140.71
  141.04  169.97 0.24828D-09  0  0  0.21096  214.13  246.08 0.33305D+15  2.754    2.313    1.914  -14.328   17.536  141.04  141.04  141.04
  141.36  170.36 0.24776D-09  0  0  0.21474  212.96  245.85 0.34044D+15  2.769    2.284    1.889  -14.361   17.514  141.36  141.36  141.36
  141.68  170.75 0.24725D-09  0  0  0.21866  211.74  245.62 0.34807D+15  2.784    2.255    1.864  -14.395   17.491  141.68  141.68  141.68
  142.00  171.14 0.24675D-09  0  0  0.22272  210.46  245.39 0.35591D+15  2.800    2.225    1.839  -14.430   17.467  142.00  142.00  142.00
  142.32  171.53 0.24624D-09  0  0  0.22693  209.13  245.16 0.36395D+15  2.818    2.194    1.812  -14.467   17.443  142.32  142.32  142.32
  142.65  171.91 0.24574D-09  0  0  0.23130  207.74  244.93 0.37218D+15  2.836    2.161    1.784  -14.504   17.418  142.65  142.65  142.65
  142.97  172.30 0.24523D-09  0  0  0.23584  206.28  244.70 0.38055D+15  2.855    2.128    1.756  -14.542   17.391  142.97  142.97  142.97
  143.29  172.69 0.24474D-09  0  0  0.24057  204.75  244.47 0.38904D+15  2.876    2.093    1.726  -14.582   17.364  143.29  143.29  143.29
  143.61  173.08 0.24424D-09  0  0  0.24548  203.15  244.24 0.39758D+15  2.898    2.057    1.696  -14.623   17.336  143.61  143.61  143.61
  143.93  173.47 0.24374D-09  0  0  0.25059  201.46  244.02 0.40612D+15  2.921    2.019    1.664  -14.666   17.306  143.93  143.93  143.93
  144.26  173.85 0.24325D-09  0  0  0.25592  199.69  243.81 0.41455D+15  2.946    1.980    1.631  -14.710   17.275  144.26  144.26  144.26
  144.58  174.24 0.24276D-09  0  0  0.26148  197.82  243.60 0.42279D+15  2.973    1.939    1.596  -14.756   17.243  144.58  144.58  144.58
  144.90  174.63 0.24227D-09  0  0  0.26728  195.85  243.40 0.43069D+15  3.002    1.896    1.560  -14.803   17.209  144.90  144.90  144.90
  145.22  175.02 0.24179D-09  0  0  0.27335  193.78  243.22 0.43808D+15  3.033    1.851    1.523  -14.853   17.174  145.22  145.22  145.22
  145.54  175.41 0.24130D-09  0  0  0.27969  191.58  243.05 0.44476D+15  3.067    1.804    1.483  -14.905   17.137  145.54  145.54  145.54
  145.87  175.80 0.24082D-09  0  0  0.28633  189.25  242.90 0.45048D+15  3.103    1.755    1.442  -14.959   17.098  145.87  145.87  145.87
  146.19  176.18 0.24034D-09  0  0  0.29329  186.78  242.77 0.45494D+15  3.143    1.703    1.399  -15.016   17.057  146.19  146.19  146.19
  146.51  176.57 0.23987D-09  0  0  0.30060  184.16  242.68 0.45776D+15  3.186    1.648    1.353  -15.076   17.013  146.51  146.51  146.51
  146.83  176.96 0.23939D-09  0  0  0.30827  181.37  242.62 0.45851D+15  3.233    1.591    1.305  -15.138   16.968  146.83  146.83  146.83
  147.15  177.35 0.23892D-09  0  0  0.31634  178.40  242.61 0.45667D+15  3.286    1.529    1.255  -15.204   16.919  147.15  147.15  147.15
  147.48  177.74 0.23845D-09  0  0  0.32100  176.67  242.62 0.45318D+15  3.317    1.493    1.224  -15.246   16.891  147.48  147.48  147.48
  147.80  178.12 0.23798D-09  0  0  0.32100  176.67  242.62 0.45062D+15  3.317    1.490    1.221  -15.254   16.890  147.80  147.80  147.80
  148.12  178.51 0.23751D-09  0  0  0.32100  176.68  242.62 0.44808D+15  3.317    1.487    1.218  -15.261   16.889  148.12  148.12  148.12
  148.44  178.90 0.23705D-09  0  0  0.32100  176.68  242.62 0.44555D+15  3.317    1.484    1.215  -15.269   16.889  148.44  148.44  148.44
  148.76  179.29 0.23658D-09  0  0  0.32100  176.69  242.62 0.44305D+15  3.317    1.482    1.213  -15.277   16.888  148.76  148.76  148.76
  149.09  179.68 0.23612D-09  0  0  0.32100  176.70  242.62 0.44055D+15  3.316    1.479    1.210  -15.284   16.888  149.09  149.09  149.09
  149.41  180.06 0.23566D-09  0  0  0.32100  176.70  242.62 0.43808D+15  3.316    1.476    1.207  -15.292   16.887  149.41  149.41  149.41
  149.73  180.45 0.23521D-09  0  0  0.32100  176.71  242.62 0.43561D+15  3.316    1.473    1.204  -15.300   16.886  149.73  149.73  149.73
  150.05  180.84 0.23475D-09  0  0  0.32100  176.71  242.62 0.43317D+15  3.316    1.471    1.201  -15.307   16.886  150.05  150.05  150.05
  150.37  181.23 0.23430D-09  0  0  0.32100  176.72  242.62 0.43074D+15  3.316    1.468    1.199  -15.315   16.885  150.37  150.37  150.37
  150.70  181.62 0.23385D-09  0  0  0.32100  176.72  242.62 0.42832D+15  3.316    1.465    1.196  -15.323   16.885  150.70  150.70  150.70
  151.02  182.00 0.23340D-09  0  0  0.32100  176.73  242.62 0.42593D+15  3.316    1.463    1.193  -15.330   16.884  151.02  151.02  151.02
  151.34  182.39 0.23295D-09  0  0  0.32100  176.74  242.62 0.42354D+15  3.316    1.460    1.191  -15.338   16.884  151.34  151.34  151.34
  151.66  182.78 0.23251D-09  0  0  0.32100  176.74  242.62 0.42117D+15  3.316    1.457    1.188  -15.346   16.883  151.66  151.66  151.66
  151.98  183.17 0.23207D-09  0  0  0.32100  176.75  242.62 0.41882D+15  3.316    1.455    1.185  -15.353   16.883  151.98  151.98  151.98
  152.31  183.56 0.23162D-09  0  0  0.32100  176.75  242.62 0.41648D+15  3.316    1.452    1.182  -15.361   16.882  152.31  152.31  152.31
  152.63  183.94 0.23118D-09  0  0  0.32100  176.76  242.62 0.41415D+15  3.316    1.449    1.180  -15.368   16.882  152.63  152.63  152.63
  152.95  184.33 0.23075D-09  0  0  0.32100  176.77  242.61 0.41184D+15  3.316    1.447    1.177  -15.376   16.882  152.95  152.95  152.95
  153.27  184.72 0.23031D-09  0  0  0.32100  176.77  242.61 0.40955D+15  3.316    1.444    1.174  -15.383   16.881  153.27  153.27  153.27
  153.59  185.11 0.22988D-09  0  0  0.32100  176.78  242.61 0.40726D+15  3.316    1.441    1.172  -15.391   16.881  153.59  153.59  153.59
  153.92  185.50 0.22945D-09  0  0  0.32100  176.78  242.61 0.40500D+15  3.315    1.439    1.169  -15.398   16.880  153.92  153.92  153.92
  154.24  185.89 0.22902D-09  0  0  0.32100  176.79  242.61 0.40274D+15  3.315    1.436    1.167  -15.406   16.880  154.24  154.24  154.24
  154.56  186.27 0.22859D-09  0  0  0.32100  176.79  242.60 0.40050D+15  3.315    1.434    1.164  -15.414   16.880  154.56  154.56  154.56
  154.88  186.66 0.22816D-09  0  0  0.32100  176.80  242.60 0.39828D+15  3.315    1.431    1.161  -15.421   16.879  154.88  154.88  154.88
  155.20  187.05 0.22774D-09  0  0  0.32100  176.81  242.60 0.39606D+15  3.315    1.429    1.159  -15.429   16.879  155.20  155.20  155.20
  155.53  187.44 0.22731D-09  0  0  0.32100  176.81  242.60 0.39387D+15  3.315    1.426    1.156  -15.436   16.878  155.53  155.53  155.53
  155.85  187.83 0.22689D-09  0  0  0.32100  176.82  242.59 0.39168D+15  3.315    1.424    1.154  -15.444   16.878  155.85  155.85  155.85
  156.17  188.21 0.22647D-09  0  0  0.32100  176.82  242.59 0.38951D+15  3.315    1.421    1.151  -15.451   16.878  156.17  156.17  156.17
  156.49  188.60 0.22605D-09  0  0  0.32100  176.83  242.59 0.38735D+15  3.315    1.419    1.148  -15.458   16.877  156.49  156.49  156.49
  156.81  188.99 0.22564D-09  0  0  0.32100  176.83  242.59 0.38521D+15  3.315    1.416    1.146  -15.466   16.877  156.81  156.81  156.81
  157.14  189.38 0.22522D-09  0  0  0.32100  176.84  242.58 0.38307D+15  3.315    1.414    1.143  -15.473   16.877  157.14  157.14  157.14
  157.46  189.77 0.22481D-09  0  0  0.32100  176.85  242.58 0.38095D+15  3.315    1.411    1.141  -15.481   16.877  157.46  157.46  157.46
  157.78  190.15 0.22440D-09  0  0  0.32100  176.85  242.58 0.37885D+15  3.315    1.409    1.138  -15.488   16.876  157.78  157.78  157.78
  158.10  190.54 0.22399D-09  0  0  0.32100  176.86  242.57 0.37675D+15  3.315    1.406    1.136  -15.496   16.876  158.10  158.10  158.10
  158.42  190.93 0.22358D-09  0  0  0.32100  176.86  242.57 0.37467D+15  3.314    1.404    1.133  -15.503   16.876  158.42  158.42  158.42
  158.75  191.32 0.22318D-09  0  0  0.32100  176.87  242.56 0.37261D+15  3.314    1.402    1.131  -15.511   16.876  158.75  158.75  158.75
  159.07  191.71 0.22277D-09  0  0  0.32100  176.88  242.56 0.37055D+15  3.314    1.399    1.129  -15.518   16.875  159.07  159.07  159.07
  159.39  192.09 0.22237D-09  0  0  0.32100  176.88  242.56 0.36851D+15  3.314    1.397    1.126  -15.525   16.875  159.39  159.39  159.39
  159.71  192.48 0.22197D-09  0  0  0.32100  176.89  242.55 0.36648D+15  3.314    1.394    1.124  -15.533   16.875  159.71  159.71  159.71
  160.03  192.87 0.22157D-09  0  0  0.32100  176.89  242.55 0.36446D+15  3.314    1.392    1.121  -15.540   16.875  160.03  160.03  160.03
  160.36  193.26 0.22117D-09  0  0  0.32100  176.90  242.54 0.36245D+15  3.314    1.390    1.119  -15.547   16.875  160.36  160.36  160.36
  160.68  193.65 0.22078D-09  0  0  0.32100  176.90  242.54 0.36046D+15  3.314    1.387    1.116  -15.555   16.874  160.68  160.68  160.68
  161.00  194.03 0.22038D-09  0  0  0.32100  176.91  242.53 0.35847D+15  3.314    1.385    1.114  -15.562   16.874  161.00  161.00  161.00
