R_tot = 1561.0 R_core =  1400.0  Tsurf =   100.00  g =  1.310
     Pint       etaref      pCLA conv P(MPa)   zbot     %vol    Tbot     Tm      TH2O      Fbot     Ftop     dlid   T_core
 0.00000D+00 0.32000D+16   0.0000  1  143.96  121.449  0.00000  259.47  247.66  259.47    7.694    6.543   52.17  1503.77
 0.12500D+11 0.32000D+16   0.0000  1  145.86  122.911  0.00000  259.27  248.13  259.27    7.694    6.938   53.79  1503.76
 0.25000D+11 0.32000D+16   0.0000  1  136.48  115.052  0.00000  260.35  249.82  260.35    7.590    7.329   51.55  1503.82
 0.37500D+11 0.32000D+16   0.0000  1  127.22  107.296  0.00000  261.39  251.41  261.39    7.488    7.719   49.52  1503.88
 0.50000D+11 0.32000D+16   0.0000  1  118.14   99.699  0.00000  262.38  252.89  262.38    7.390    8.109   47.68  1503.93
 0.62500D+11 0.32000D+16   0.0000  1  109.31   92.308  0.00000  263.31  254.28  263.31    7.294    8.498   45.99  1503.97
 0.75000D+11 0.32000D+16   0.0000  1  100.77   85.169  0.00000  264.18  255.57  264.18    7.202    8.887   44.42  1504.01
 0.87500D+11 0.32000D+16   0.0000  1   92.57   78.321  0.00000  265.00  256.77  265.00    7.115    9.276   42.97  1504.05
 0.10000D+12 0.32000D+16   0.0000  1   84.77   71.795  0.00000  265.76  257.87  265.76    7.032    9.665   41.61  1504.08
 0.11250D+12 0.32000D+16   0.0000  1   77.38   65.621  0.00000  266.47  258.90  266.47    6.953   10.054   40.34  1504.12
 0.12500D+12 0.32000D+16   0.0000  1   70.45   59.831  0.00000  267.11  259.83  267.11    6.878   10.443   39.14  1504.14
 0.13750D+12 0.32000D+16   0.0000  1   64.06   54.494  0.00000  267.70  260.69  267.70    6.804   10.828   38.02  1504.17
 0.15000D+12 0.32000D+16   0.0000  1   58.64   49.966  0.00000  268.19  261.43  268.19    6.717   11.193   36.99  1504.19
 0.16250D+12 0.32000D+16   0.0000  0   57.94   48.081  0.00000  268.39  261.94  268.39    6.629   11.534   48.08  1504.21
 0.17500D+12 0.32000D+16   0.0000  0   56.74   47.080  0.00000  268.50  262.37  268.50    6.619   11.940   47.08  1504.23
 0.18750D+12 0.32000D+16   0.0000  0   55.58   46.118  0.00000  268.60  262.78  268.60    6.608   12.347   46.12  1504.25
 0.20000D+12 0.32000D+16   0.0000  0   54.47   45.195  0.00000  268.70  263.18  268.70    6.599   12.754   45.19  1504.26
 0.21250D+12 0.32000D+16   0.0000  0   53.40   44.306  0.00000  268.79  263.57  268.79    6.589   13.160   44.31  1504.28
 0.22500D+12 0.32000D+16   0.0000  0   52.37   43.451  0.00000  268.88  263.95  268.88    6.580   13.567   43.45  1504.29
 0.23750D+12 0.32000D+16   0.0000  0   51.37   42.628  0.00000  268.97  264.32  268.97    6.572   13.974   42.63  1504.30
 0.25000D+12 0.32000D+16   0.0000  0   50.42   41.835  0.00000  269.05  264.67  269.05    6.564   14.381   41.83  1504.31
 0.26250D+12 0.32000D+16   0.0000  0   49.49   41.070  0.00000  269.13  265.02  269.13    6.556   14.788   41.07  1504.32
 0.27500D+12 0.32000D+16   0.0000  0   48.61   40.332  0.00000  269.21  265.36  269.21    6.548   15.195   40.33  1504.33
 0.28750D+12 0.32000D+16   0.0000  0   47.75   39.619  0.00000  269.28  265.69  269.28    6.541   15.602   39.62  1504.34
 0.30000D+12 0.32000D+16   0.0000  0   46.92   38.931  0.00000  269.35  266.02  269.35    6.534   16.009   38.93  1504.34
 0.31250D+12 0.32000D+16   0.0000  0   46.12   38.266  0.00000  269.42  266.33  269.42    6.527   16.416   38.27  1504.35
 0.32500D+12 0.32000D+16   0.0000  0   45.34   37.623  0.00000  269.49  266.64  269.49    6.520   16.824   37.62  1504.36
 0.33750D+12 0.32000D+16   0.0000  0   44.59   37.001  0.00000  269.55  266.94  269.55    6.514   17.231   37.00  1504.36
 0.35000D+12 0.32000D+16   0.0000  0   43.86   36.398  0.00000  269.61  267.24  269.61    6.508   17.638   36.40  1504.37
 0.36250D+12 0.32000D+16   0.0000  0   43.16   35.815  0.00000  269.67  267.53  269.67    6.502   18.046   35.82  1504.38
 0.37500D+12 0.32000D+16   0.0000  0   42.48   35.250  0.00000  269.73  267.81  269.73    6.496   18.453   35.25  1504.38
 0.38750D+12 0.32000D+16   0.0000  0   41.82   34.702  0.00000  269.79  268.09  269.79    6.491   18.860   34.70  1504.39
 0.40000D+12 0.32000D+16   0.0000  0   41.18   34.171  0.00000  269.84  268.36  269.84    6.486   19.268   34.17  1504.40
 0.41250D+12 0.32000D+16   0.0000  0   40.56   33.655  0.00000  269.89  268.62  269.89    6.481   19.675   33.66  1504.40
 0.42500D+12 0.32000D+16   0.0000  0   39.96   33.155  0.00000  269.94  268.88  269.94    6.476   20.083   33.15  1504.41
 0.43750D+12 0.32000D+16   0.0000  0   39.37   32.669  0.00000  269.99  269.14  269.99    6.471   20.491   32.67  1504.41
 0.45000D+12 0.32000D+16   0.0000  0   38.80   32.197  0.00000  270.04  269.39  270.04    6.466   20.898   32.20  1504.42
 0.46250D+12 0.32000D+16   0.0000  0   38.25   31.738  0.00000  270.09  269.64  270.09    6.462   21.306   31.74  1504.42
 0.47500D+12 0.32000D+16   0.0000  0   37.71   31.292  0.00000  270.13  269.88  270.13    6.457   21.713   31.29  1504.43
 0.48750D+12 0.32000D+16   0.0000  0   37.19   30.859  0.00000  270.18  270.12  270.18    6.453   22.121   30.86  1504.43
 0.50000D+12 0.32000D+16   0.0000  0   36.68   30.437  0.00000  270.22  270.35  270.22    6.449   22.529   30.44  1504.44
 0.51250D+12 0.32000D+16   0.0000  0   36.18   30.026  0.00000  270.26  265.32  270.26    6.445   22.936   30.03  1504.44
 0.52500D+12 0.32000D+16   0.0000  0   35.70   29.626  0.00000  270.30  265.53  270.30    6.441   23.344   29.63  1504.45
 0.53750D+12 0.32000D+16   0.0000  0   35.23   29.237  0.00000  270.34  265.74  270.34    6.437   23.752   29.24  1504.45
 0.55000D+12 0.32000D+16   0.0000  0   34.78   28.857  0.00000  270.38  265.95  270.38    6.434   24.160   28.86  1504.46
 0.56250D+12 0.32000D+16   0.0000  0   34.33   28.487  0.00000  270.42  266.15  270.42    6.430   24.567   28.49  1504.46
 0.57500D+12 0.32000D+16   0.0000  0   33.90   28.127  0.00000  270.45  266.35  270.45    6.427   24.975   28.13  1504.46
 0.58750D+12 0.32000D+16   0.0000  0   33.47   27.775  0.00000  270.49  266.55  270.49    6.423   25.383   27.78  1504.47
 0.60000D+12 0.32000D+16   0.0000  0   33.06   27.432  0.00000  270.52  266.75  270.52    6.420   25.791   27.43  1504.47
 0.61250D+12 0.32000D+16   0.0000  0   32.66   27.098  0.00000  270.55  266.94  270.55    6.417   26.199   27.10  1504.48
 0.62500D+12 0.32000D+16   0.0000  0   32.26   26.771  0.00000  270.59  267.13  270.59    6.414   26.607   26.77  1504.48
 0.63750D+12 0.32000D+16   0.0000  0   31.88   26.452  0.00000  270.62  267.32  270.62    6.411   27.014   26.45  1504.48
 0.65000D+12 0.32000D+16   0.0000  0   31.50   26.140  0.00000  270.65  267.51  270.65    6.408   27.422   26.14  1504.49
 0.66250D+12 0.32000D+16   0.0000  0   31.14   25.836  0.00000  270.68  267.70  270.68    6.405   27.830   25.84  1504.49
 0.67500D+12 0.32000D+16   0.0000  0   30.78   25.539  0.00000  270.71  267.88  270.71    6.402   28.238   25.54  1504.49
 0.68750D+12 0.32000D+16   0.0000  0   30.43   25.248  0.00000  270.74  268.07  270.74    6.399   28.646   25.25  1504.50
 0.70000D+12 0.32000D+16   0.0000  0   30.08   24.964  0.00000  270.77  268.25  270.77    6.397   29.054   24.96  1504.50
 0.71250D+12 0.32000D+16   0.0000  0   29.75   24.686  0.00000  270.79  268.43  270.79    6.394   29.462   24.69  1504.50
 0.72500D+12 0.32000D+16   0.0000  0   29.42   24.414  0.00000  270.82  268.61  270.82    6.391   29.870   24.41  1504.51
 0.73750D+12 0.32000D+16   0.0000  0   29.10   24.149  0.00000  270.85  268.78  270.85    6.389   30.278   24.15  1504.51
 0.75000D+12 0.32000D+16   0.0000  0   28.79   23.888  0.00000  270.87  268.96  270.87    6.386   30.686   23.89  1504.51
 0.76250D+12 0.32000D+16   0.0000  0   28.48   23.634  0.00000  270.90  269.13  270.90    6.384   31.094   23.63  1504.51
 0.77500D+12 0.32000D+16   0.0000  0   28.18   23.384  0.00000  270.92  269.30  270.92    6.382   31.502   23.38  1504.52
 0.78750D+12 0.32000D+16   0.0000  0   27.89   23.140  0.00000  270.95  269.47  270.95    6.379   31.910   23.14  1504.52
 0.80000D+12 0.32000D+16   0.0000  0   27.60   22.901  0.00000  270.97  269.64  270.97    6.377   32.318   22.90  1504.52
 0.81250D+12 0.32000D+16   0.0000  0   27.32   22.667  0.00000  270.99  269.80  270.99    6.375   32.726   22.67  1504.53
 0.82500D+12 0.32000D+16   0.0000  0   27.04   22.437  0.00000  271.02  269.97  271.02    6.373   33.134   22.44  1504.53
 0.83750D+12 0.32000D+16   0.0000  0   26.77   22.212  0.00000  271.04  270.13  271.04    6.371   33.542   22.21  1504.53
 0.85000D+12 0.32000D+16   0.0000  0   26.50   21.992  0.00000  271.06  270.29  271.06    6.369   33.950   21.99  1504.53
 0.86250D+12 0.32000D+16   0.0000  0   26.24   21.776  0.00000  271.08  270.45  271.08    6.367   34.358   21.78  1504.54
 0.87500D+12 0.32000D+16   0.0000  0   25.99   21.564  0.00000  271.10  270.61  271.10    6.365   34.766   21.56  1504.54
 0.88750D+12 0.32000D+16   0.0000  0   25.74   21.356  0.00000  271.12  270.77  271.12    6.363   35.174   21.36  1504.54
 0.90000D+12 0.32000D+16   0.0000  0   25.49   21.152  0.00000  271.14  270.93  271.14    6.361   35.582   21.15  1504.54
 0.91250D+12 0.32000D+16   0.0000  0   25.25   20.952  0.00000  271.16  271.08  271.16    6.359   35.990   20.95  1504.55
 0.92500D+12 0.32000D+16   0.0000  0   25.01   20.755  0.00000  271.18  271.24  271.18    6.357   36.398   20.76  1504.55
 0.93750D+12 0.32000D+16   0.0000  0   24.78   20.562  0.00000  271.20  271.39  271.20    6.356   36.806   20.56  1504.55
 0.95000D+12 0.32000D+16   0.0000  0   24.55   20.373  0.00000  271.22  271.54  271.22    6.354   37.214   20.37  1504.55
 0.96250D+12 0.32000D+16   0.0000  0   24.33   20.187  0.00000  271.24  271.69  271.24    6.352   37.622   20.19  1504.55
 0.97500D+12 0.32000D+16   0.0000  0   24.11   20.005  0.00000  271.26  271.84  271.26    6.351   38.030   20.01  1504.56
 0.98750D+12 0.32000D+16   0.0000  0   23.89   19.826  0.00000  271.27  271.98  271.27    6.349   38.438   19.83  1504.56
 0.10000D+13 0.32000D+16   0.0000  0   23.68   19.650  0.00000  271.29  272.13  271.29    6.347   38.846   19.65  1504.56
 0.10125D+13 0.32000D+16   0.0000  0   23.47   19.477  0.00000  271.31  272.28  271.31    6.346   39.254   19.48  1504.56
 0.10250D+13 0.32000D+16   0.0000  0   23.27   19.307  0.00000  271.32  272.42  271.32    6.344   39.662   19.31  1504.56
 0.10375D+13 0.32000D+16   0.0000  0   23.07   19.140  0.00000  271.34  272.56  271.34    6.343   40.070   19.14  1504.57
 0.10500D+13 0.32000D+16   0.0000  0   22.87   18.976  0.00000  271.36  272.70  271.36    6.341   40.478   18.98  1504.57
 0.10625D+13 0.32000D+16   0.0000  0   22.67   18.814  0.00000  271.37  272.85  271.37    6.340   40.886   18.81  1504.57
 0.10750D+13 0.32000D+16   0.0000  0   22.48   18.656  0.00000  271.39  272.99  271.39    6.338   41.295   18.66  1504.57
 0.10875D+13 0.32000D+16   0.0000  0   22.29   18.500  0.00000  271.40  273.12  271.40    6.337   41.703   18.50  1504.57
 0.11000D+13 0.32000D+16   0.0000  0   22.11   18.346  0.00000  271.42  273.26  271.42    6.335   42.111   18.35  1504.58
 0.11125D+13 0.32000D+16   0.0000  0   21.93   18.195  0.00000  271.43  273.40  271.43    6.334   42.519   18.20  1504.58
 0.11250D+13 0.32000D+16   0.0000  0   21.75   18.047  0.00000  271.45  273.53  271.45    6.333   42.927   18.05  1504.58
 0.11375D+13 0.32000D+16   0.0000  0   21.57   17.901  0.00000  271.46  273.67  271.46    6.331   43.335   17.90  1504.58
 0.11500D+13 0.32000D+16   0.0000  0   21.40   17.757  0.00000  271.48  273.80  271.48    6.330   43.743   17.76  1504.58
 0.11625D+13 0.32000D+16   0.0000  0   21.23   17.616  0.00000  271.49  273.93  271.49    6.329   44.151   17.62  1504.58
 0.11750D+13 0.32000D+16   0.0000  0   21.06   17.476  0.00000  271.50  274.07  271.50    6.328   44.559   17.48  1504.59
 0.11875D+13 0.32000D+16   0.0000  0   20.90   17.339  0.00000  271.52  274.20  271.52    6.326   44.968   17.34  1504.59
 0.12000D+13 0.32000D+16   0.0000  0   20.73   17.205  0.00000  271.53  274.33  271.53    6.325   45.376   17.20  1504.59
 0.12125D+13 0.32000D+16   0.0000  0   20.57   17.072  0.00000  271.54  274.46  271.54    6.324   45.784   17.07  1504.59
 0.12250D+13 0.32000D+16   0.0000  0   20.41   16.941  0.00000  271.55  274.58  271.55    6.323   46.192   16.94  1504.59
 0.12375D+13 0.32000D+16   0.0000  0   20.26   16.812  0.00000  271.57  274.71  271.57    6.322   46.600   16.81  1504.59
 0.12500D+13 0.32000D+16   0.0000  0   20.11   16.685  0.00000  271.58  274.84  271.58    6.321   47.008   16.69  1504.60
 0.12625D+13 0.32000D+16   0.0000  0   19.96   16.560  0.00000  271.59  274.96  271.59    6.319   47.416   16.56  1504.60
 0.12750D+13 0.32000D+16   0.0000  0   19.81   16.437  0.00000  271.60  275.09  271.60    6.318   47.824   16.44  1504.60
 0.12875D+13 0.32000D+16   0.0000  0   19.66   16.316  0.00000  271.62  275.21  271.62    6.317   48.233   16.32  1504.60
 0.13000D+13 0.32000D+16   0.0000  0   19.52   16.196  0.00000  271.63  275.34  271.63    6.316   48.641   16.20  1504.60
 0.13125D+13 0.32000D+16   0.0000  0   19.38   16.078  0.00000  271.64  275.46  271.64    6.315   49.049   16.08  1504.60
 0.13250D+13 0.32000D+16   0.0000  0   19.24   15.962  0.00000  271.65  275.58  271.65    6.314   49.457   15.96  1504.60
 0.13375D+13 0.32000D+16   0.0000  0   19.10   15.848  0.00000  271.66  275.70  271.66    6.313   49.865   15.85  1504.61
 0.13500D+13 0.32000D+16   0.0000  0   18.96   15.735  0.00000  271.67  275.82  271.67    6.312   50.273   15.74  1504.61
 0.13625D+13 0.32000D+16   0.0000  0   18.83   15.624  0.00000  271.68  275.94  271.68    6.311   50.681   15.62  1504.61
 0.13750D+13 0.32000D+16   0.0000  0   18.70   15.514  0.00000  271.69  276.06  271.69    6.310   51.089   15.51  1504.61
 0.13875D+13 0.32000D+16   0.0000  0   18.56   15.406  0.00000  271.70  276.18  271.70    6.309   51.498   15.41  1504.61
 0.14000D+13 0.32000D+16   0.0000  0   18.44   15.299  0.00000  271.71  276.29  271.71    6.308   51.906   15.30  1504.61
 0.14125D+13 0.32000D+16   0.0000  0   18.31   15.194  0.00000  271.72  276.41  271.72    6.307   52.314   15.19  1504.61
 0.14250D+13 0.32000D+16   0.0000  0   18.18   15.090  0.00000  271.73  276.52  271.73    6.306   52.722   15.09  1504.61
 0.14375D+13 0.32000D+16   0.0000  0   18.06   14.988  0.00000  271.74  276.64  271.74    6.305   53.130   14.99  1504.62
 0.14500D+13 0.32000D+16   0.0000  0   17.94   14.887  0.00000  271.75  276.75  271.75    6.305   53.538   14.89  1504.62
 0.14625D+13 0.32000D+16   0.0000  0   17.82   14.787  0.00000  271.76  276.87  271.76    6.304   53.947   14.79  1504.62
 0.14750D+13 0.32000D+16   0.0000  0   17.70   14.689  0.00000  271.77  276.98  271.77    6.303   54.355   14.69  1504.62
 0.14875D+13 0.32000D+16   0.0000  0   17.58   14.592  0.00000  271.78  277.09  271.78    6.302   54.763   14.59  1504.62
 0.15000D+13 0.32000D+16   0.0000  0   17.47   14.496  0.00000  271.79  277.20  271.79    6.301   55.171   14.50  1504.62
 0.15125D+13 0.32000D+16   0.0000  0   17.35   14.402  0.00000  271.80  277.32  271.80    6.300   55.579   14.40  1504.62
 0.15250D+13 0.32000D+16   0.0000  0   17.24   14.309  0.00000  271.81  277.43  271.81    6.299   55.987   14.31  1504.62
 0.15375D+13 0.32000D+16   0.0000  0   17.13   14.217  0.00000  271.82  277.54  271.82    6.299   56.395   14.22  1504.62
 0.15500D+13 0.32000D+16   0.0000  0   17.02   14.126  0.00000  271.83  277.64  271.83    6.298   56.804   14.13  1504.63
 0.15625D+13 0.32000D+16   0.0000  0   16.91   14.036  0.00000  271.84  277.75  271.84    6.297   57.212   14.04  1504.63
 0.15750D+13 0.32000D+16   0.0000  0   16.81   13.947  0.00000  271.84  277.86  271.84    6.296   57.620   13.95  1504.63
 0.15875D+13 0.32000D+16   0.0000  0   16.70   13.860  0.00000  271.85  277.97  271.85    6.295   58.028   13.86  1504.63
 0.16000D+13 0.32000D+16   0.0000  0   16.60   13.773  0.00000  271.86  278.08  271.86    6.295   58.436   13.77  1504.63
 0.16125D+13 0.32000D+16   0.0000  0   16.49   13.688  0.00000  271.87  278.18  271.87    6.294   58.844   13.69  1504.63
 0.16250D+13 0.32000D+16   0.0000  0   16.39   13.604  0.00000  271.88  278.29  271.88    6.293   59.253   13.60  1504.63
 0.16375D+13 0.32000D+16   0.0000  0   16.29   13.520  0.00000  271.89  278.39  271.89    6.293   59.661   13.52  1504.63
 0.16500D+13 0.32000D+16   0.0000  0   16.19   13.438  0.00000  271.89  278.50  271.89    6.292   60.069   13.44  1504.63
 0.16625D+13 0.32000D+16   0.0000  0   16.10   13.357  0.00000  271.90  278.60  271.90    6.291   60.477   13.36  1504.63
 0.16750D+13 0.32000D+16   0.0000  0   16.00   13.277  0.00000  271.91  278.70  271.91    6.290   60.885   13.28  1504.64
 0.16875D+13 0.32000D+16   0.0000  0   15.90   13.197  0.00000  271.92  278.81  271.92    6.290   61.293   13.20  1504.64
 0.17000D+13 0.32000D+16   0.0000  0   15.81   13.119  0.00000  271.92  278.91  271.92    6.289   61.702   13.12  1504.64
 0.17125D+13 0.32000D+16   0.0000  0   15.72   13.042  0.00000  271.93  279.01  271.93    6.288   62.110   13.04  1504.64
 0.17250D+13 0.32000D+16   0.0000  0   15.62   12.965  0.00000  271.94  279.11  271.94    6.288   62.518   12.96  1504.64
 0.17375D+13 0.32000D+16   0.0000  0   15.53   12.889  0.00000  271.95  279.21  271.95    6.287   62.926   12.89  1504.64
 0.17500D+13 0.32000D+16   0.0000  0   15.44   12.815  0.00000  271.95  279.31  271.95    6.286   63.334   12.81  1504.64
 0.17625D+13 0.32000D+16   0.0000  0   15.35   12.741  0.00000  271.96  279.41  271.96    6.286   63.743   12.74  1504.64
 0.17750D+13 0.32000D+16   0.0000  0   15.26   12.668  0.00000  271.97  279.51  271.97    6.285   64.151   12.67  1504.64
 0.17875D+13 0.32000D+16   0.0000  0   15.18   12.595  0.00000  271.97  279.61  271.97    6.284   64.559   12.60  1504.64
 0.18000D+13 0.32000D+16   0.0000  0   15.09   12.524  0.00000  271.98  279.71  271.98    6.284   64.967   12.52  1504.64
 0.18125D+13 0.32000D+16   0.0000  0   15.01   12.453  0.00000  271.99  279.81  271.99    6.283   65.375   12.45  1504.65
 0.18250D+13 0.32000D+16   0.0000  0   14.92   12.383  0.00000  271.99  279.90  271.99    6.283   65.783   12.38  1504.65
 0.18375D+13 0.32000D+16   0.0000  0   14.84   12.314  0.00000  272.00  280.00  272.00    6.282   66.192   12.31  1504.65
 0.18500D+13 0.32000D+16   0.0000  0   14.76   12.246  0.00000  272.01  280.10  272.01    6.281   66.600   12.25  1504.65
 0.18625D+13 0.32000D+16   0.0000  0   14.68   12.179  0.00000  272.01  280.19  272.01    6.281   67.008   12.18  1504.65
 0.18750D+13 0.32000D+16   0.0000  0   14.59   12.112  0.00000  272.02  280.29  272.02    6.280   67.416   12.11  1504.65
 0.18875D+13 0.32000D+16   0.0000  0   14.52   12.046  0.00000  272.03  280.38  272.03    6.280   67.824   12.05  1504.65
 0.19000D+13 0.32000D+16   0.0000  0   14.44   11.980  0.00000  272.03  280.48  272.03    6.279   68.233   11.98  1504.65
 0.19125D+13 0.32000D+16   0.0000  0   14.36   11.916  0.00000  272.04  280.57  272.04    6.279   68.641   11.92  1504.65
 0.19250D+13 0.32000D+16   0.0000  0   14.28   11.852  0.00000  272.04  280.66  272.04    6.278   69.049   11.85  1504.65
 0.19375D+13 0.32000D+16   0.0000  0   14.21   11.788  0.00000  272.05  280.76  272.05    6.277   69.457   11.79  1504.65
 0.19500D+13 0.32000D+16   0.0000  0   14.13   11.726  0.00000  272.06  280.85  272.06    6.277   69.865   11.73  1504.65
 0.19625D+13 0.32000D+16   0.0000  0   14.05   11.664  0.00000  272.06  280.94  272.06    6.276   70.273   11.66  1504.65
 0.19750D+13 0.32000D+16   0.0000  0   13.98   11.603  0.00000  272.07  281.04  272.07    6.276   70.682   11.60  1504.66
 0.19875D+13 0.32000D+16   0.0000  0   13.91   11.542  0.00000  272.07  281.13  272.07    6.275   71.090   11.54  1504.66
 0.20000D+13 0.32000D+16   0.0000  0   13.84   11.482  0.00000  272.08  281.22  272.08    6.275   71.498   11.48  1504.66
 0.20125D+13 0.32000D+16   0.0000  0   13.76   11.423  0.00000  272.09  281.31  272.09    6.274   71.906   11.42  1504.66
 0.20250D+13 0.32000D+16   0.0000  0   13.69   11.364  0.00000  272.09  281.40  272.09    6.274   72.314   11.36  1504.66
 0.20375D+13 0.32000D+16   0.0000  0   13.62   11.306  0.00000  272.10  281.49  272.10    6.273   72.723   11.31  1504.66
 0.20500D+13 0.32000D+16   0.0000  0   13.55   11.248  0.00000  272.10  281.58  272.10    6.273   73.131   11.25  1504.66
 0.20625D+13 0.32000D+16   0.0000  0   13.48   11.191  0.00000  272.11  281.67  272.11    6.272   73.539   11.19  1504.66
 0.20750D+13 0.32000D+16   0.0000  0   13.42   11.135  0.00000  272.11  281.76  272.11    6.272   73.947   11.13  1504.66
 0.20875D+13 0.32000D+16   0.0000  0   13.35   11.079  0.00000  272.12  281.84  272.12    6.271   74.355   11.08  1504.66
 0.21000D+13 0.32000D+16   0.0000  0   13.28   11.023  0.00000  272.12  281.93  272.12    6.271   74.764   11.02  1504.66
 0.21125D+13 0.32000D+16   0.0000  0   13.22   10.969  0.00000  272.13  282.02  272.13    6.270   75.172   10.97  1504.66
 0.21250D+13 0.32000D+16   0.0000  0   13.15   10.914  0.00000  272.13  282.11  272.13    6.270   75.580   10.91  1504.66
 0.21375D+13 0.32000D+16   0.0000  0   13.09   10.861  0.00000  272.14  282.19  272.14    6.269   75.988   10.86  1504.66
 0.21500D+13 0.32000D+16   0.0000  0   13.02   10.808  0.00000  272.14  282.28  272.14    6.269   76.396   10.81  1504.67
 0.21625D+13 0.32000D+16   0.0000  0   12.96   10.755  0.00000  272.15  282.37  272.15    6.268   76.804   10.75  1504.67
 0.21750D+13 0.32000D+16   0.0000  0   12.90   10.703  0.00000  272.15  282.45  272.15    6.268   77.213   10.70  1504.67
 0.21875D+13 0.32000D+16   0.0000  0   12.83   10.651  0.00000  272.16  282.54  272.16    6.268   77.621   10.65  1504.67
 0.22000D+13 0.32000D+16   0.0000  0   12.77   10.600  0.00000  272.16  282.62  272.16    6.267   78.029   10.60  1504.67
 0.22125D+13 0.32000D+16   0.0000  0   12.71   10.549  0.00000  272.17  282.71  272.17    6.267   78.437   10.55  1504.67
 0.22250D+13 0.32000D+16   0.0000  0   12.65   10.499  0.00000  272.17  282.79  272.17    6.266   78.845   10.50  1504.67
 0.22375D+13 0.32000D+16   0.0000  0   12.59   10.449  0.00000  272.18  282.88  272.18    6.266   79.254   10.45  1504.67
 0.22500D+13 0.32000D+16   0.0000  0   12.53   10.400  0.00000  272.18  282.96  272.18    6.265   79.662   10.40  1504.67
 0.22625D+13 0.32000D+16   0.0000  0   12.47   10.351  0.00000  272.19  283.04  272.19    6.265   80.070   10.35  1504.67
 0.22750D+13 0.32000D+16   0.0000  0   12.41   10.303  0.00000  272.19  283.13  272.19    6.265   80.478   10.30  1504.67
 0.22875D+13 0.32000D+16   0.0000  0   12.36   10.255  0.00000  272.20  283.21  272.20    6.264   80.886   10.26  1504.67
 0.23000D+13 0.32000D+16   0.0000  0   12.30   10.208  0.00000  272.20  283.29  272.20    6.264   81.295   10.21  1504.67
 0.23125D+13 0.32000D+16   0.0000  0   12.24   10.161  0.00000  272.21  283.37  272.21    6.263   81.703   10.16  1504.67
 0.23250D+13 0.32000D+16   0.0000  0   12.19   10.114  0.00000  272.21  283.45  272.21    6.263   82.111   10.11  1504.67
 0.23375D+13 0.32000D+16   0.0000  0   12.13   10.068  0.00000  272.22  283.54  272.22    6.262   82.519   10.07  1504.67
 0.23500D+13 0.32000D+16   0.0000  0   12.08   10.022  0.00000  272.22  283.62  272.22    6.262   82.927   10.02  1504.67
 0.23625D+13 0.32000D+16   0.0000  0   12.02    9.977  0.00000  272.22  283.70  272.22    6.262   83.335    9.98  1504.68
 0.23750D+13 0.32000D+16   0.0000  0   11.97    9.932  0.00000  272.23  283.78  272.23    6.261   83.744    9.93  1504.68
 0.23875D+13 0.32000D+16   0.0000  0   11.91    9.888  0.00000  272.23  283.86  272.23    6.261   84.152    9.89  1504.68
 0.24000D+13 0.32000D+16   0.0000  0   11.86    9.844  0.00000  272.24  283.94  272.24    6.261   84.560    9.84  1504.68
 0.24125D+13 0.32000D+16   0.0000  0   11.81    9.800  0.00000  272.24  284.02  272.24    6.260   84.968    9.80  1504.68
 0.24250D+13 0.32000D+16   0.0000  0   11.76    9.757  0.00000  272.24  284.10  272.24    6.260   85.376    9.76  1504.68
 0.24375D+13 0.32000D+16   0.0000  0   11.70    9.714  0.00000  272.25  284.18  272.25    6.259   85.785    9.71  1504.68
 0.24500D+13 0.32000D+16   0.0000  0   11.65    9.671  0.00000  272.25  284.25  272.25    6.259   86.193    9.67  1504.68
 0.24625D+13 0.32000D+16   0.0000  0   11.60    9.629  0.00000  272.26  284.33  272.26    6.259   86.601    9.63  1504.68
 0.24750D+13 0.32000D+16   0.0000  0   11.55    9.587  0.00000  272.26  284.41  272.26    6.258   87.009    9.59  1504.68
 0.24875D+13 0.32000D+16   0.0000  0   11.50    9.546  0.00000  272.26  284.49  272.26    6.258   87.417    9.55  1504.68
 0.25000D+13 0.32000D+16   0.0000  0   11.45    9.505  0.00000  272.27  284.57  272.27    6.258   87.826    9.50  1504.68
 0.25125D+13 0.32000D+16   0.0000  0   11.40    9.464  0.00000  272.27  284.64  272.27    6.257   88.234    9.46  1504.68
 0.25250D+13 0.32000D+16   0.0000  0   11.35    9.423  0.00000  272.28  284.72  272.28    6.257   88.642    9.42  1504.68
 0.25375D+13 0.32000D+16   0.0000  0   11.31    9.383  0.00000  272.28  284.80  272.28    6.256   89.050    9.38  1504.68
 0.25500D+13 0.32000D+16   0.0000  0   11.26    9.344  0.00000  272.28  284.87  272.28    6.256   89.458    9.34  1504.68
 0.25625D+13 0.32000D+16   0.0000  0   11.21    9.304  0.00000  272.29  284.95  272.29    6.256   89.867    9.30  1504.68
 0.25750D+13 0.32000D+16   0.0000  0   11.16    9.265  0.00000  272.29  285.02  272.29    6.255   90.275    9.27  1504.68
 0.25875D+13 0.32000D+16   0.0000  0   11.12    9.227  0.00000  272.30  285.10  272.30    6.255   90.683    9.23  1504.68
 0.26000D+13 0.32000D+16   0.0000  0   11.07    9.188  0.00000  272.30  285.18  272.30    6.255   91.091    9.19  1504.68
 0.26125D+13 0.32000D+16   0.0000  0   11.03    9.150  0.00000  272.30  285.25  272.30    6.254   91.499    9.15  1504.69
 0.26250D+13 0.32000D+16   0.0000  0   10.98    9.112  0.00000  272.31  285.32  272.31    6.254   91.907    9.11  1504.69
 0.26375D+13 0.32000D+16   0.0000  0   10.93    9.075  0.00000  272.31  285.40  272.31    6.254   92.316    9.07  1504.69
 0.26500D+13 0.32000D+16   0.0000  0   10.89    9.038  0.00000  272.31  285.47  272.31    6.253   92.724    9.04  1504.69
 0.26625D+13 0.32000D+16   0.0000  0   10.85    9.001  0.00000  272.32  285.55  272.32    6.253   93.132    9.00  1504.69
 0.26750D+13 0.32000D+16   0.0000  0   10.80    8.964  0.00000  272.32  285.62  272.32    6.253   93.540    8.96  1504.69
 0.26875D+13 0.32000D+16   0.0000  0   10.76    8.928  0.00000  272.32  285.69  272.32    6.252   93.948    8.93  1504.69
 0.27000D+13 0.32000D+16   0.0000  0   10.71    8.892  0.00000  272.33  285.77  272.33    6.252   94.357    8.89  1504.69
 0.27125D+13 0.32000D+16   0.0000  0   10.67    8.856  0.00000  272.33  285.84  272.33    6.252   94.765    8.86  1504.69
 0.27250D+13 0.32000D+16   0.0000  0   10.63    8.821  0.00000  272.33  285.91  272.33    6.251   95.173    8.82  1504.69
 0.27375D+13 0.32000D+16   0.0000  0   10.59    8.786  0.00000  272.34  285.99  272.34    6.251   95.581    8.79  1504.69
 0.27500D+13 0.32000D+16   0.0000  0   10.54    8.751  0.00000  272.34  286.06  272.34    6.251   95.989    8.75  1504.69
 0.27625D+13 0.32000D+16   0.0000  0   10.50    8.716  0.00000  272.34  286.13  272.34    6.250   96.397    8.72  1504.69
 0.27750D+13 0.32000D+16   0.0000  0   10.46    8.682  0.00000  272.35  286.20  272.35    6.250   96.806    8.68  1504.69
 0.27875D+13 0.32000D+16   0.0000  0   10.42    8.648  0.00000  272.35  286.27  272.35    6.250   97.214    8.65  1504.69
 0.28000D+13 0.32000D+16   0.0000  0   10.38    8.614  0.00000  272.35  286.34  272.35    6.250   97.622    8.61  1504.69
 0.28125D+13 0.32000D+16   0.0000  0   10.34    8.581  0.00000  272.36  286.42  272.36    6.249   98.030    8.58  1504.69
 0.28250D+13 0.32000D+16   0.0000  0   10.30    8.548  0.00000  272.36  286.49  272.36    6.249   98.438    8.55  1504.69
 0.28375D+13 0.32000D+16   0.0000  0   10.26    8.515  0.00000  272.36  286.56  272.36    6.249   98.847    8.51  1504.69
 0.28500D+13 0.32000D+16   0.0000  0   10.22    8.482  0.00000  272.37  286.63  272.37    6.248   99.255    8.48  1504.69
 0.28625D+13 0.32000D+16   0.0000  0   10.18    8.449  0.00000  272.37  286.70  272.37    6.248   99.663    8.45  1504.69
 0.28750D+13 0.32000D+16   0.0000  0   10.14    8.417  0.00000  272.37  286.77  272.37    6.248  100.071    8.42  1504.69
 0.28875D+13 0.32000D+16   0.0000  0   10.10    8.385  0.00000  272.37  286.84  272.37    6.247  100.479    8.39  1504.69
 0.29000D+13 0.32000D+16   0.0000  0   10.07    8.354  0.00000  272.38  286.91  272.38    6.247  100.888    8.35  1504.69
 0.29125D+13 0.32000D+16   0.0000  0   10.03    8.322  0.00000  272.38  286.98  272.38    6.247  101.296    8.32  1504.70
 0.29250D+13 0.32000D+16   0.0000  0    9.99    8.291  0.00000  272.38  287.04  272.38    6.247  101.704    8.29  1504.70
 0.29375D+13 0.32000D+16   0.0000  0    9.95    8.260  0.00000  272.39  287.11  272.39    6.246  102.112    8.26  1504.70
 0.29500D+13 0.32000D+16   0.0000  0    9.92    8.229  0.00000  272.39  287.18  272.39    6.246  102.520    8.23  1504.70
 0.29625D+13 0.32000D+16   0.0000  0    9.88    8.198  0.00000  272.39  287.25  272.39    6.246  102.929    8.20  1504.70
 0.29750D+13 0.32000D+16   0.0000  0    9.84    8.168  0.00000  272.40  287.32  272.40    6.246  103.337    8.17  1504.70
 0.29875D+13 0.32000D+16   0.0000  0    9.81    8.138  0.00000  272.40  287.39  272.40    6.245  103.745    8.14  1504.70
 0.30000D+13 0.32000D+16   0.0000  0    9.77    8.108  0.00000  272.40  287.45  272.40    6.245  104.153    8.11  1504.70
