R_tot = 1561.0 R_core =  1400.0  Tsurf =   100.00  g =  1.310
     Pint       Hint       etaref      pCLA conv   zbot     %vol    Tbot     Tm      Fbot     Ftop     dlid
 0.38041D-09 0.11375D+13 0.32000D+14   0.0150  1  114.310  0.04173  256.26  260.54    0.000   37.148    9.32
 0.38865D-09 0.11500D+13 0.32000D+14   0.0150  1  113.022  0.04056  256.63  260.88    0.000   37.556    9.25
 0.39706D-09 0.11625D+13 0.32000D+14   0.0150  1  111.734  0.03945  256.99  261.22    0.000   37.964    9.18
 0.40458D-09 0.11750D+13 0.32000D+14   0.0150  1  110.768  0.03865  257.25  261.51    0.000   38.373    9.11
 0.41334D-09 0.11875D+13 0.32000D+14   0.0150  1  109.480  0.03764  257.58  261.83    0.000   38.781    9.04
 0.42231D-09 0.12000D+13 0.32000D+14   0.0150  1  108.192  0.03667  257.91  262.15    0.000   39.189    8.98
 0.43149D-09 0.12125D+13 0.32000D+14   0.0150  1  106.904  0.03576  258.23  262.45    0.000   39.597    8.92
 0.44088D-09 0.12250D+13 0.32000D+14   0.0150  1  105.616  0.03488  258.54  262.75    0.000   40.006    8.86
 0.45179D-09 0.12375D+13 0.32000D+14   0.0150  1  104.006  0.03385  258.92  263.07    0.000   40.414    8.81
 0.46169D-09 0.12500D+13 0.32000D+14   0.0150  1  102.718  0.03306  259.21  263.35    0.000   40.822    8.75
 0.57341D-09 0.12625D+13 0.32000D+14   0.0150  1   82.432  0.02410  263.09  264.55    3.158   44.063    8.92
 0.62303D-09 0.12750D+13 0.32000D+14   0.0150  1   76.314  0.02225  264.07  265.28    3.819   45.093    8.80
 0.66667D-09 0.12875D+13 0.32000D+14   0.0150  1   71.806  0.02105  264.76  265.80    4.226   45.893    8.71
 0.70645D-09 0.13000D+13 0.32000D+14   0.0150  1   68.264  0.02019  265.28  266.21    4.489   46.560    8.63
 0.74698D-09 0.13125D+13 0.32000D+14   0.0150  1   65.044  0.01946  265.74  266.57    4.708   47.187    8.56
 0.78778D-09 0.13250D+13 0.32000D+14   0.0150  1   62.146  0.01885  266.14  266.90    4.883   47.773    8.49
 0.82821D-09 0.13375D+13 0.32000D+14   0.0150  1   59.570  0.01833  266.50  267.18    5.015   48.319    8.43
 0.86756D-09 0.13500D+13 0.32000D+14   0.0150  1   57.316  0.01790  266.80  267.44    5.103   48.823    8.37
 0.91010D-09 0.13625D+13 0.32000D+14   0.0150  1   55.062  0.01749  267.09  267.68    5.198   49.334    8.31
 0.95626D-09 0.13750D+13 0.32000D+14   0.0150  1   52.808  0.01710  267.39  267.92    5.301   49.853    8.25
 0.10003D-08 0.13875D+13 0.32000D+14   0.0150  1   50.876  0.01677  267.63  268.13    5.359   50.327    8.20
 0.10413D-08 0.14000D+13 0.32000D+14   0.0150  1   49.266  0.01651  267.84  268.31    5.368   50.755    8.14
 0.10921D-08 0.14125D+13 0.32000D+14   0.0150  1   47.334  0.01621  268.08  268.51    5.441   51.245    8.09
 0.11393D-08 0.14250D+13 0.32000D+14   0.0150  1   45.724  0.01596  268.28  268.68    5.464   51.686    8.04
 0.11900D-08 0.14375D+13 0.32000D+14   0.0150  1   44.114  0.01572  268.47  268.84    5.495   52.134    7.99
 0.12355D-08 0.14500D+13 0.32000D+14   0.0150  1   42.826  0.01554  268.63  268.99    5.473   52.530    7.94
 0.12934D-08 0.14625D+13 0.32000D+14   0.0150  1   41.216  0.01531  268.82  269.15    5.519   52.993    7.89
 0.13454D-08 0.14750D+13 0.32000D+14   0.0150  1   39.928  0.01513  268.97  269.28    5.510   53.402    7.84
 0.14009D-08 0.14875D+13 0.32000D+14   0.0150  1   38.640  0.01496  269.13  269.42    5.508   53.817    7.79
 0.14480D-08 0.15000D+13 0.32000D+14   0.0150  1   37.674  0.01483  269.24  269.53    5.445   54.172    7.75
 0.15105D-08 0.15125D+13 0.32000D+14   0.0150  1   36.386  0.01466  269.39  269.66    5.456   54.600    7.71
 0.15776D-08 0.15250D+13 0.32000D+14   0.0150  1   35.098  0.01450  269.54  269.78    5.476   55.036    7.66
 0.16345D-08 0.15375D+13 0.32000D+14   0.0150  1   34.132  0.01438  269.65  269.89    5.431   55.407    7.62
 0.16947D-08 0.15500D+13 0.32000D+14   0.0150  1   33.166  0.01426  269.76  269.99    5.391   55.784    7.58
 0.17585D-08 0.15625D+13 0.32000D+14   0.0150  1   32.200  0.01414  269.87  270.09    5.358   56.167    7.53
 0.18263D-08 0.15750D+13 0.32000D+14   0.0150  1   31.234  0.01403  269.98  270.19    5.331   56.555    7.49
 0.18983D-08 0.15875D+13 0.32000D+14   0.0150  1   30.268  0.01391  270.09  270.29    5.310   56.950    7.45
 0.19751D-08 0.16000D+13 0.32000D+14   0.0150  1   29.302  0.01380  270.19  270.38    5.298   57.353    7.41
 0.20571D-08 0.16125D+13 0.32000D+14   0.0150  1   28.336  0.01369  270.30  270.47    5.293   57.763    7.36
 0.21204D-08 0.16250D+13 0.32000D+14   0.0150  1   27.692  0.01362  270.37  270.55    5.206   58.091    7.33
 0.22126D-08 0.16375D+13 0.32000D+14   0.0150  1   26.726  0.01351  270.48  270.63    5.216   58.516    7.28
 0.22836D-08 0.16500D+13 0.32000D+14   0.0150  1   26.082  0.01344  270.55  270.70    5.140   58.854    7.25
 0.23582D-08 0.16625D+13 0.32000D+14   0.0150  1   25.438  0.01337  270.62  270.77    5.068   59.197    7.21
 0.24366D-08 0.16750D+13 0.32000D+14   0.0150  1   24.794  0.01330  270.69  270.85    5.001   59.545    7.17
 0.25527D-08 0.16875D+13 0.32000D+14   0.0150  1   23.828  0.01320  270.80  270.91    5.043   60.000    7.13
 0.26419D-08 0.17000D+13 0.32000D+14   0.0150  1   23.184  0.01313  270.87  270.98    4.990   60.361    7.09
 0.27363D-08 0.17125D+13 0.32000D+14   0.0150  1   22.540  0.01306  270.94  271.04    4.943   60.727    7.06
 0.28361D-08 0.17250D+13 0.32000D+14   0.0150  1   21.896  0.01300  271.01  271.10    4.902   61.100    7.02
 0.28987D-08 0.17375D+13 0.32000D+14   0.0150  1   21.574  0.01296  271.04  271.17    4.751   61.363    6.99
 0.30082D-08 0.17500D+13 0.32000D+14   0.0150  1   20.930  0.01290  271.11  271.22    4.720   61.745    6.95
 0.31245D-08 0.17625D+13 0.32000D+14   0.0150  1   20.286  0.01283  271.18  271.28    4.697   62.135    6.92
 0.32485D-08 0.17750D+13 0.32000D+14   0.0150  1   19.642  0.01277  271.25  271.33    4.683   62.533    6.88
 0.33252D-08 0.17875D+13 0.32000D+14   0.0150  1   19.320  0.01274  271.28  271.38    4.545   62.808    6.85
 0.34625D-08 0.18000D+13 0.32000D+14   0.0150  1   18.676  0.01267  271.35  271.43    4.543   63.219    6.81
 0.35470D-08 0.18125D+13 0.32000D+14   0.0150  1   18.354  0.01264  271.38  271.48    4.413   63.501    6.78
 0.36998D-08 0.18250D+13 0.32000D+14   0.0150  1   17.710  0.01258  271.45  271.52    4.426   63.926    6.74
 0.37933D-08 0.18375D+13 0.32000D+14   0.0150  1   17.388  0.01255  271.48  271.57    4.303   64.216    6.72
 0.38904D-08 0.18500D+13 0.32000D+14   0.0150  1   17.066  0.01252  271.52  271.62    4.183   64.509    6.69
 0.40686D-08 0.18625D+13 0.32000D+14   0.0150  1   16.422  0.01246  271.59  271.65    4.219   64.956    6.65
 0.41769D-08 0.18750D+13 0.32000D+14   0.0150  1   16.100  0.01243  271.62  271.70    4.109   65.257    6.62
 0.42897D-08 0.18875D+13 0.32000D+14   0.0150  1   15.778  0.01239  271.65  271.74    4.001   65.562    6.59
 0.45000D-08 0.19000D+13 0.32000D+14   0.0150  1   15.134  0.01233  271.72  271.76    4.064   66.035    6.55
 0.46271D-08 0.19125D+13 0.32000D+14   0.0150  1   14.812  0.01230  271.75  271.80    3.968   66.351    6.52
 0.47599D-08 0.19250D+13 0.32000D+14   0.0150  1   14.490  0.01227  271.79  271.84    3.875   66.669    6.49
 0.48987D-08 0.19375D+13 0.32000D+14   0.0150  1   14.168  0.01224  271.82  271.88    3.787   66.992    6.46
 0.50439D-08 0.19500D+13 0.32000D+14   0.0150  1   13.846  0.01222  271.85  271.91    3.703   67.320    6.43
 0.51960D-08 0.19625D+13 0.32000D+14   0.0150  1   13.524  0.01219  271.89  271.95    3.623   67.651    6.41
 0.53555D-08 0.19750D+13 0.32000D+14   0.0150  1   13.202  0.01216  271.92  271.98    3.549   67.988    6.38
 0.55230D-08 0.19875D+13 0.32000D+14   0.0150  1   12.880  0.01213  271.95  272.01    3.480   68.330    6.35
 0.56991D-08 0.20000D+13 0.32000D+14   0.0150  1   12.558  0.01210  271.99  272.04    3.416   68.676    6.32
 0.57347D-08 0.20125D+13 0.32000D+14   0.0150  1   12.558  0.01210  271.99  272.09    3.147   68.820    6.30
 0.57703D-08 0.20250D+13 0.32000D+14   0.0150  1   12.558  0.01210  271.99  272.15    2.877   68.963    6.29
 0.58059D-08 0.20375D+13 0.32000D+14   0.0150  1   12.558  0.01210  271.99  272.21    2.607   69.106    6.28
 0.58416D-08 0.20500D+13 0.32000D+14   0.0150  1   12.558  0.01210  271.99  272.26    2.338   69.248    6.27
 0.58772D-08 0.20625D+13 0.32000D+14   0.0150  1   12.558  0.01210  271.99  272.32    2.068   69.391    6.25
 0.59128D-08 0.20750D+13 0.32000D+14   0.0150  1   12.558  0.01210  271.99  272.37    1.798   69.534    6.24
 0.59484D-08 0.20875D+13 0.32000D+14   0.0150  1   12.558  0.01210  271.99  272.43    1.528   69.676    6.23
 0.59840D-08 0.21000D+13 0.32000D+14   0.0150  1   12.558  0.01210  271.99  272.48    1.258   69.819    6.21
 0.58704D-08 0.21125D+13 0.32000D+14   0.0150  1   12.880  0.01213  271.95  272.57    0.782   69.758    6.22
 0.59051D-08 0.21250D+13 0.32000D+14   0.0150  1   12.880  0.01213  271.95  272.62    0.512   69.901    6.20
 0.59398D-08 0.21375D+13 0.32000D+14   0.0150  1   12.880  0.01213  271.95  272.68    0.241   70.043    6.19
 0.32962D-08 0.21500D+13 0.32000D+14   0.0150  1   23.506  0.01317  270.83  271.02   -4.149   66.189    6.95
 0.33607D-08 0.21625D+13 0.32000D+14   0.0150  1   23.184  0.01313  270.87  271.05   -4.358   66.393    6.93
 0.34270D-08 0.21750D+13 0.32000D+14   0.0150  1   22.862  0.01310  270.90  271.07   -4.567   66.596    6.92
 0.34952D-08 0.21875D+13 0.32000D+14   0.0150  1   22.540  0.01306  270.94  271.10   -4.776   66.799    6.90
 0.35654D-08 0.22000D+13 0.32000D+14   0.0150  1   22.218  0.01303  270.97  271.12   -4.986   67.002    6.88
 0.36377D-08 0.22125D+13 0.32000D+14   0.0150  1   21.896  0.01300  271.01  271.14   -5.196   67.203    6.86
 0.37120D-08 0.22250D+13 0.32000D+14   0.0150  1   21.574  0.01296  271.04  271.16   -5.407   67.405    6.84
 0.37887D-08 0.22375D+13 0.32000D+14   0.0150  1   21.252  0.01293  271.07  271.18   -5.618   67.605    6.83
 0.38676D-08 0.22500D+13 0.32000D+14   0.0150  1   20.930  0.01290  271.11  271.20   -5.830   67.805    6.81
 0.38891D-08 0.22625D+13 0.32000D+14   0.0150  1   20.930  0.01290  271.11  271.28   -6.055   67.994    6.79
 0.39709D-08 0.22750D+13 0.32000D+14   0.0150  1   20.608  0.01287  271.14  271.29   -6.268   68.193    6.77
 0.40552D-08 0.22875D+13 0.32000D+14   0.0150  1   20.286  0.01283  271.18  271.30   -6.480   68.391    6.76
 0.41423D-08 0.23000D+13 0.32000D+14   0.0150  1   19.964  0.01280  271.21  271.31   -6.694   68.589    6.74
 0.41648D-08 0.23125D+13 0.32000D+14   0.0150  1   19.964  0.01280  271.21  271.39   -6.921   68.776    6.72
 0.42551D-08 0.23250D+13 0.32000D+14   0.0150  1   19.642  0.01277  271.25  271.40   -7.135   68.972    6.70
 0.43484D-08 0.23375D+13 0.32000D+14   0.0150  1   19.320  0.01274  271.28  271.40   -7.349   69.169    6.69
 0.44448D-08 0.23500D+13 0.32000D+14   0.0150  1   18.998  0.01271  271.31  271.41   -7.564   69.364    6.67
 0.44684D-08 0.23625D+13 0.32000D+14   0.0150  1   18.998  0.01271  271.31  271.48   -7.793   69.549    6.65
 0.45686D-08 0.23750D+13 0.32000D+14   0.0150  1   18.676  0.01267  271.35  271.48   -8.009   69.744    6.64
 0.46722D-08 0.23875D+13 0.32000D+14   0.0150  1   18.354  0.01264  271.38  271.48   -8.224   69.938    6.62
 0.46967D-08 0.24000D+13 0.32000D+14   0.0150  1   18.354  0.01264  271.38  271.56   -8.455   70.121    6.61
 0.48045D-08 0.24125D+13 0.32000D+14   0.0150  1   18.032  0.01261  271.42  271.55   -8.671   70.314    6.59
 0.49162D-08 0.24250D+13 0.32000D+14   0.0150  1   17.710  0.01258  271.45  271.55   -8.888   70.507    6.58
 0.49415D-08 0.24375D+13 0.32000D+14   0.0150  1   17.710  0.01258  271.45  271.62   -9.120   70.689    6.56
 0.50578D-08 0.24500D+13 0.32000D+14   0.0150  1   17.388  0.01255  271.48  271.61   -9.338   70.880    6.54
 0.51784D-08 0.24625D+13 0.32000D+14   0.0150  1   17.066  0.01252  271.52  271.60   -9.556   71.071    6.53
 0.52047D-08 0.24750D+13 0.32000D+14   0.0150  1   17.066  0.01252  271.52  271.67   -9.788   71.252    6.51
 0.53305D-08 0.24875D+13 0.32000D+14   0.0150  1   16.744  0.01249  271.55  271.66  -10.007   71.442    6.50
 0.54612D-08 0.25000D+13 0.32000D+14   0.0150  1   16.422  0.01246  271.59  271.64  -10.226   71.632    6.48
 0.54885D-08 0.25125D+13 0.32000D+14   0.0150  1   16.422  0.01246  271.59  271.71  -10.460   71.811    6.47
 0.56250D-08 0.25250D+13 0.32000D+14   0.0150  1   16.100  0.01243  271.62  271.69  -10.680   71.999    6.45
 0.56528D-08 0.25375D+13 0.32000D+14   0.0150  1   16.100  0.01243  271.62  271.76  -10.915   72.178    6.44
 0.57954D-08 0.25500D+13 0.32000D+14   0.0150  1   15.778  0.01239  271.65  271.74  -11.135   72.365    6.42
 0.58238D-08 0.25625D+13 0.32000D+14   0.0150  1   15.778  0.01239  271.65  271.81  -11.371   72.543    6.41
 0.59729D-08 0.25750D+13 0.32000D+14   0.0150  1   15.456  0.01236  271.69  271.78  -11.592   72.730    6.39
 0.60019D-08 0.25875D+13 0.32000D+14   0.0150  1   15.456  0.01236  271.69  271.85  -11.828   72.907    6.38
 0.61579D-08 0.26000D+13 0.32000D+14   0.0150  1   15.134  0.01233  271.72  271.82  -12.050   73.092    6.36
 0.61875D-08 0.26125D+13 0.32000D+14   0.0150  1   15.134  0.01233  271.72  271.89  -12.287   73.268    6.35
 0.63510D-08 0.26250D+13 0.32000D+14   0.0150  1   14.812  0.01230  271.75  271.86  -12.510   73.453    6.33
 0.63812D-08 0.26375D+13 0.32000D+14   0.0150  1   14.812  0.01230  271.75  271.92  -12.747   73.628    6.32
 0.64114D-08 0.26500D+13 0.32000D+14   0.0150  1   14.812  0.01230  271.75  271.99  -12.984   73.804    6.30
 0.64417D-08 0.26625D+13 0.32000D+14   0.0150  1   14.812  0.01230  271.75  272.06  -13.221   73.980    6.29
 0.64719D-08 0.26750D+13 0.32000D+14   0.0150  1   14.812  0.01230  271.75  272.13  -13.458   74.156    6.27
 0.65022D-08 0.26875D+13 0.32000D+14   0.0150  1   14.812  0.01230  271.75  272.20  -13.694   74.332    6.26
 0.65324D-08 0.27000D+13 0.32000D+14   0.0150  1   14.812  0.01230  271.75  272.27  -13.930   74.508    6.24
 0.65627D-08 0.27125D+13 0.32000D+14   0.0150  1   14.812  0.01230  271.75  272.33  -14.167   74.685    6.23
 0.65929D-08 0.27250D+13 0.32000D+14   0.0150  1   14.812  0.01230  271.75  272.40  -14.402   74.862    6.22
 0.66231D-08 0.27375D+13 0.32000D+14   0.0150  1   14.812  0.01230  271.75  272.47  -14.638   75.039    6.20
 0.66534D-08 0.27500D+13 0.32000D+14   0.0150  1   14.812  0.01230  271.75  272.54  -14.874   75.216    6.19
 0.66836D-08 0.27625D+13 0.32000D+14   0.0150  1   14.812  0.01230  271.75  272.61  -15.109   75.393    6.17
 0.67139D-08 0.27750D+13 0.32000D+14   0.0150  1   14.812  0.01230  271.75  272.67  -15.344   75.570    6.16
 0.67441D-08 0.27875D+13 0.32000D+14   0.0150  1   14.812  0.01230  271.75  272.74  -15.579   75.748    6.14
 0.67744D-08 0.28000D+13 0.32000D+14   0.0150  1   14.812  0.01230  271.75  272.81  -15.814   75.926    6.13
 0.68046D-08 0.28125D+13 0.32000D+14   0.0150  1   14.812  0.01230  271.75  272.88  -16.049   76.104    6.11
 0.66908D-08 0.28250D+13 0.32000D+14   0.0150  1   15.134  0.01233  271.72  273.06  -16.279   76.293    6.10
 0.67204D-08 0.28375D+13 0.32000D+14   0.0150  1   15.134  0.01233  271.72  273.12  -16.512   76.472    6.08
 0.67500D-08 0.28500D+13 0.32000D+14   0.0150  1   15.134  0.01233  271.72  273.19  -16.745   76.652    6.07
 0.67796D-08 0.28625D+13 0.32000D+14   0.0150  1   15.134  0.01233  271.72  273.26  -16.978   76.832    6.05
 0.68092D-08 0.28750D+13 0.32000D+14   0.0150  1   15.134  0.01233  271.72  273.33  -17.210   77.012    6.04
 0.68388D-08 0.28875D+13 0.32000D+14   0.0150  1   15.134  0.01233  271.72  273.40  -17.443   77.193    6.03
 0.68684D-08 0.29000D+13 0.32000D+14   0.0150  1   15.134  0.01233  271.72  273.46  -17.675   77.373    6.01
 0.68980D-08 0.29125D+13 0.32000D+14   0.0150  1   15.134  0.01233  271.72  273.53  -17.907   77.554    6.00
 0.69277D-08 0.29250D+13 0.32000D+14   0.0150  1   15.134  0.01233  271.72  273.60  -18.139   77.734    5.98
 0.69573D-08 0.29375D+13 0.32000D+14   0.0150  1   15.134  0.01233  271.72  273.67  -18.371   77.915    5.97
 0.69869D-08 0.29500D+13 0.32000D+14   0.0150  1   15.134  0.01233  271.72  273.74  -18.602   78.096    5.96
 0.70165D-08 0.29625D+13 0.32000D+14   0.0150  1   15.134  0.01233  271.72  273.80  -18.834   78.278    5.94
 0.70461D-08 0.29750D+13 0.32000D+14   0.0150  1   15.134  0.01233  271.72  273.87  -19.065   78.459    5.93
 0.70757D-08 0.29875D+13 0.32000D+14   0.0150  1   15.134  0.01233  271.72  273.94  -19.296   78.641    5.91
 0.71053D-08 0.30000D+13 0.32000D+14   0.0150  1   15.134  0.01233  271.72  274.01  -19.527   78.823    5.90
