R_tot = 1561.0 R_core =  1400.0  Tsurf =   100.00  g =  1.310
   zbot    P(MPa) Hint     conv melt pCLA   Tbot     Tm     etam        k   Fcond_bot Fcond_top   Fbot     Ftop    dlid z_topTBL z_botTBL
    0.00   -0.00 0.99218D-06  0  0  0.01105  273.24  261.57 0.32206D+15  2.167    0.000    0.000    0.000    0.000    0.00    0.00    0.00
    0.32    0.39 0.99237D-07  0  0  0.01108  273.21  264.99 0.22511D+15  2.167 1398.882 1398.305 1384.182 1413.003    0.32    0.32    0.32
    0.64    0.77 0.49629D-07  0  0  0.01110  273.18  265.54 0.21203D+15  2.167  699.459  698.882  684.755  713.582    0.64    0.64    0.64
    0.97    1.16 0.33093D-07  0  0  0.01113  273.15  265.90 0.20392D+15  2.168  466.317  465.740  451.609  480.442    0.97    0.97    0.97
    1.29    1.55 0.24825D-07  0  0  0.01115  273.12  266.16 0.19798D+15  2.168  349.747  349.170  335.035  363.874    1.29    1.29    1.29
    1.61    1.94 0.19864D-07  0  0  0.01118  273.08  266.37 0.19327D+15  2.168  279.804  279.227  265.088  293.933    1.61    1.61    1.61
    1.93    2.33 0.16557D-07  0  0  0.01120  273.05  266.54 0.18936D+15  2.168  233.176  232.599  218.456  247.307    1.93    1.93    1.93
    2.25    2.71 0.14194D-07  0  0  0.01123  273.02  266.69 0.18601D+15  2.169  199.870  199.293  185.145  214.003    2.25    2.25    2.25
    2.58    3.10 0.12423D-07  0  0  0.01125  272.99  266.81 0.18308D+15  2.169  174.890  174.313  160.162  189.025    2.58    2.58    2.58
    2.90    3.49 0.11045D-07  0  0  0.01128  272.96  266.93 0.18048D+15  2.169  155.462  154.885  140.729  169.599    2.90    2.90    2.90
    3.22    3.88 0.99421D-08  0  0  0.01131  272.93  267.03 0.17814D+15  2.170  139.919  139.342  125.182  154.058    3.22    3.22    3.22
    3.54    4.27 0.90402D-08  0  0  0.01133  272.89  267.12 0.17600D+15  2.170  127.202  126.625  112.461  141.343    3.54    3.54    3.54
    3.86    4.65 0.82885D-08  0  0  0.01136  272.86  267.20 0.17405D+15  2.170  116.604  116.028  101.860  130.748    3.86    3.86    3.86
    4.19    5.04 0.76525D-08  0  0  0.01138  272.83  267.27 0.17224D+15  2.170  107.637  107.061   92.888  121.783    4.19    4.19    4.19
    4.51    5.43 0.71074D-08  0  0  0.01141  272.80  267.34 0.17056D+15  2.171   99.951   99.374   85.198  114.099    4.51    4.51    4.51
    4.83    5.82 0.66349D-08  0  0  0.01144  272.77  267.40 0.16898D+15  2.171   93.290   92.713   78.533  107.439    4.83    4.83    4.83
    5.15    6.21 0.62215D-08  0  0  0.01146  272.74  267.46 0.16751D+15  2.171   87.461   86.884   72.700  101.613    5.15    5.15    5.15
    5.47    6.59 0.58568D-08  0  0  0.01149  272.70  267.52 0.16612D+15  2.171   82.318   81.742   67.553   96.472    5.47    5.47    5.47
    5.80    6.98 0.55325D-08  0  0  0.01151  272.67  267.57 0.16481D+15  2.172   77.746   77.170   62.977   91.902    5.80    5.80    5.80
    6.12    7.37 0.52424D-08  0  0  0.01154  272.64  267.61 0.16356D+15  2.172   73.656   73.080   58.883   87.814    6.12    6.12    6.12
    6.44    7.76 0.49813D-08  0  0  0.01157  272.61  267.65 0.16238D+15  2.172   69.975   69.398   55.197   84.135    6.44    6.44    6.44
    6.76    8.15 0.47451D-08  0  0  0.01159  272.57  267.69 0.16125D+15  2.173   66.644   66.068   51.863   80.806    6.76    6.76    6.76
    7.08    8.54 0.45304D-08  0  0  0.01162  272.54  267.73 0.16017D+15  2.173   63.616   63.040   48.831   77.780    7.08    7.08    7.08
    7.41    8.92 0.43343D-08  0  0  0.01165  272.51  267.77 0.15914D+15  2.173   60.851   60.275   46.062   75.018    7.41    7.41    7.41
    7.73    9.31 0.41545D-08  0  0  0.01168  272.48  267.80 0.15815D+15  2.173   58.317   57.741   43.523   72.485    7.73    7.73    7.73
    8.05    9.70 0.39892D-08  0  0  0.01170  272.45  267.83 0.15720D+15  2.174   55.985   55.409   41.188   70.156    8.05    8.05    8.05
    8.37   10.09 0.38366D-08  0  0  0.01173  272.41  267.86 0.15628D+15  2.174   53.833   53.257   39.031   68.006    8.37    8.37    8.37
    8.69   10.48 0.36952D-08  0  0  0.01176  272.38  267.89 0.15540D+15  2.174   51.840   51.264   37.034   66.015    8.69    8.69    8.69
    9.02   10.86 0.35640D-08  0  0  0.01179  272.35  267.91 0.15455D+15  2.174   49.990   49.414   35.180   64.167    9.02    9.02    9.02
    9.34   11.25 0.34418D-08  0  0  0.01181  272.31  267.93 0.15372D+15  2.175   48.267   47.691   33.453   62.446    9.34    9.34    9.34
    9.66   11.64 0.33278D-08  0  0  0.01184  272.28  267.96 0.15293D+15  2.175   46.659   46.083   31.841   60.840    9.66    9.66    9.66
    9.98   12.03 0.32211D-08  0  0  0.01187  272.25  267.98 0.15216D+15  2.175   45.154   44.579   30.332   59.338    9.98    9.98    9.98
   10.30   12.42 0.31211D-08  0  0  0.01190  272.22  268.00 0.15141D+15  2.176   43.744   43.168   28.918   57.929   10.30   10.30   10.30
   10.63   12.80 0.30271D-08  0  0  0.01193  272.18  268.01 0.15069D+15  2.176   42.419   41.844   27.589   56.607   10.63   10.63   10.63
   10.95   13.19 0.29387D-08  0  0  0.01195  272.15  268.03 0.14998D+15  2.176   41.172   40.597   26.338   55.362   10.95   10.95   10.95
   11.27   13.58 0.28553D-08  0  0  0.01198  272.12  268.05 0.14930D+15  2.176   39.997   39.421   25.158   54.188   11.27   11.27   11.27
   11.59   13.97 0.27766D-08  0  0  0.01201  272.09  268.06 0.14864D+15  2.177   38.886   38.311   24.044   53.080   11.59   11.59   11.59
   11.91   14.36 0.27021D-08  0  0  0.01204  272.05  268.08 0.14799D+15  2.177   37.836   37.261   22.989   52.032   11.91   11.91   11.91
   12.24   14.74 0.26315D-08  0  0  0.01207  272.02  268.09 0.14736D+15  2.177   36.841   36.266   21.990   51.039   12.24   12.24   12.24
   12.56   15.13 0.25646D-08  0  0  0.01210  271.99  268.10 0.14674D+15  2.178   35.897   35.321   21.042   50.097   12.56   12.56   12.56
   12.88   15.52 0.25010D-08  0  0  0.01213  271.95  268.11 0.14614D+15  2.178   35.000   34.425   20.141   49.202   12.88   12.88   12.88
   13.20   15.91 0.24405D-08  0  0  0.01216  271.92  268.12 0.14556D+15  2.178   34.147   33.572   19.284   48.351   13.20   13.20   13.20
   13.52   16.30 0.23829D-08  0  0  0.01219  271.89  268.13 0.14499D+15  2.178   33.334   32.759   18.467   47.540   13.52   13.52   13.52
   13.85   16.68 0.23279D-08  0  0  0.01222  271.85  268.14 0.14443D+15  2.179   32.559   31.984   17.688   46.768   13.85   13.85   13.85
   14.17   17.07 0.22755D-08  0  0  0.01224  271.82  268.15 0.14388D+15  2.179   31.820   31.245   16.945   46.030   14.17   14.17   14.17
   14.49   17.46 0.22254D-08  0  0  0.01227  271.79  268.15 0.14335D+15  2.179   31.113   30.538   16.234   45.326   14.49   14.49   14.49
   14.81   17.85 0.21775D-08  0  0  0.01230  271.75  268.16 0.14283D+15  2.180   30.437   29.862   15.554   44.652   14.81   14.81   14.81
   15.13   18.24 0.21316D-08  0  0  0.01233  271.72  268.16 0.14231D+15  2.180   29.790   29.215   14.902   44.007   15.13   15.13   15.13
   15.46   18.63 0.20876D-08  0  0  0.01236  271.69  268.17 0.14181D+15  2.180   29.170   28.595   14.278   43.388   15.46   15.46   15.46
   15.78   19.01 0.20454D-08  0  0  0.01239  271.65  268.17 0.14132D+15  2.180   28.575   28.000   13.679   42.796   15.78   15.78   15.78
   16.10   19.40 0.20049D-08  0  0  0.01243  271.62  268.18 0.14084D+15  2.181   28.004   27.429   13.104   42.227   16.10   16.10   16.10
   16.42   19.37 0.19660D-08  1  0  0.01246  271.59  268.18 0.14037D+15  2.181   27.455   26.880   12.772   41.896   10.31   14.48   15.73
   16.74   19.76 0.19286D-08  1  0  0.01249  271.55  268.18 0.13991D+15  2.181   26.927   26.353   12.658   41.780   10.33   14.42   16.05
   17.07   20.15 0.18926D-08  1  0  0.01252  271.52  268.18 0.13945D+15  2.182   26.420   25.845   12.547   41.666   10.36   14.36   16.37
   17.39   20.54 0.18580D-08  1  0  0.01255  271.48  268.19 0.13901D+15  2.182   25.931   25.356   12.438   41.554   10.38   14.31   16.70
   17.71   20.93 0.18246D-08  1  0  0.01258  271.45  268.19 0.13857D+15  2.182   25.459   24.885   12.331   41.445   10.40   14.26   17.02
   18.03   21.32 0.17923D-08  1  0  0.01261  271.42  268.19 0.13814D+15  2.182   25.005   24.431   12.227   41.338   10.42   14.22   17.35
   18.35   21.71 0.17613D-08  1  0  0.01264  271.38  268.19 0.13771D+15  2.183   24.567   23.992   12.124   41.233   10.45   14.17   17.67
   18.68   22.10 0.17313D-08  1  0  0.01267  271.35  268.19 0.13730D+15  2.183   24.143   23.569   12.024   41.129   10.47   14.13   17.99
   19.00   22.49 0.17023D-08  1  0  0.01271  271.31  268.19 0.13689D+15  2.183   23.734   23.160   11.925   41.028   10.49   14.10   18.32
   19.32   22.87 0.16742D-08  1  0  0.01274  271.28  268.18 0.13649D+15  2.184   23.339   22.765   11.828   40.929   10.51   14.06   18.64
   19.64   23.26 0.16471D-08  1  0  0.01277  271.25  268.18 0.13609D+15  2.184   22.957   22.383   11.733   40.831   10.53   14.03   18.96
   19.96   23.65 0.16209D-08  1  0  0.01280  271.21  268.18 0.13570D+15  2.184   22.587   22.013   11.639   40.735   10.55   14.00   19.29
   20.29   24.04 0.15955D-08  1  0  0.01283  271.18  268.18 0.13532D+15  2.184   22.228   21.654   11.547   40.641   10.57   13.97   19.61
   20.61   24.43 0.15709D-08  1  0  0.01287  271.14  268.17 0.13494D+15  2.185   21.881   21.307   11.457   40.548   10.59   13.94   19.93
   20.93   24.82 0.15471D-08  1  0  0.01290  271.11  268.17 0.13457D+15  2.185   21.545   20.971   11.368   40.457   10.61   13.92   20.26
   21.25   25.21 0.15239D-08  1  0  0.01293  271.07  268.17 0.13421D+15  2.185   21.218   20.645   11.280   40.367   10.63   13.89   20.58
   21.57   25.60 0.15015D-08  1  0  0.01296  271.04  268.16 0.13385D+15  2.186   20.902   20.328   11.194   40.279   10.65   13.87   20.91
   21.90   25.99 0.14797D-08  1  0  0.01300  271.01  268.16 0.13349D+15  2.186   20.595   20.021   11.109   40.192   10.67   13.85   21.23
   22.22   26.38 0.14586D-08  1  0  0.01303  270.97  268.15 0.13314D+15  2.186   20.296   19.723   11.026   40.106   10.69   13.83   21.55
   22.54   26.77 0.14380D-08  1  0  0.01306  270.94  268.15 0.13280D+15  2.187   20.006   19.433   10.944   40.022   10.71   13.81   21.88
   22.86   27.16 0.14181D-08  1  0  0.01310  270.90  268.14 0.13246D+15  2.187   19.725   19.151   10.863   39.939   10.72   13.80   22.20
   23.18   27.54 0.13987D-08  1  0  0.01313  270.87  268.14 0.13212D+15  2.187   19.451   18.877   10.783   39.857   10.74   13.78   22.53
   23.51   27.93 0.13798D-08  1  0  0.01317  270.83  268.13 0.13179D+15  2.187   19.185   18.611   10.705   39.776   10.76   13.76   22.85
   23.83   28.32 0.13614D-08  1  0  0.01320  270.80  268.12 0.13147D+15  2.188   18.925   18.352   10.627   39.697   10.78   13.75   23.17
   24.15   28.71 0.13436D-08  1  0  0.01323  270.76  268.12 0.13114D+15  2.188   18.673   18.100   10.551   39.619   10.79   13.74   23.50
   24.47   29.10 0.13262D-08  1  0  0.01327  270.73  268.11 0.13083D+15  2.188   18.428   17.854   10.475   39.541   10.81   13.72   23.82
   24.79   29.49 0.13092D-08  1  0  0.01330  270.69  268.10 0.13051D+15  2.189   18.188   17.615   10.401   39.465   10.83   13.71   24.15
   25.12   29.88 0.12927D-08  1  0  0.01334  270.66  268.10 0.13020D+15  2.189   17.955   17.382   10.328   39.390   10.84   13.70   24.47
   25.44   30.27 0.12766D-08  1  0  0.01337  270.62  268.09 0.12990D+15  2.189   17.728   17.155   10.255   39.315   10.86   13.69   24.80
   25.76   30.66 0.12609D-08  1  0  0.01341  270.59  268.08 0.12960D+15  2.190   17.506   16.933   10.184   39.242   10.87   13.68   25.12
   26.08   31.05 0.12456D-08  1  0  0.01344  270.55  268.07 0.12930D+15  2.190   17.290   16.717   10.113   39.170   10.89   13.67   25.44
   26.40   31.44 0.12307D-08  1  0  0.01348  270.52  268.06 0.12901D+15  2.190   17.080   16.507   10.043   39.098   10.90   13.66   25.77
   26.73   31.83 0.12161D-08  1  0  0.01351  270.48  268.05 0.12872D+15  2.190   16.874   16.301    9.974   39.028   10.92   13.66   26.09
   27.05   32.22 0.12019D-08  1  0  0.01355  270.44  268.04 0.12843D+15  2.191   16.673   16.100    9.906   38.958   10.93   13.65   26.42
   27.37   32.61 0.11880D-08  1  0  0.01358  270.41  268.03 0.12815D+15  2.191   16.477   15.904    9.839   38.889   10.95   13.64   26.74
   27.69   33.00 0.11744D-08  1  0  0.01362  270.37  268.02 0.12787D+15  2.191   16.285   15.713    9.773   38.821   10.96   13.64   27.07
   28.01   33.39 0.11611D-08  1  0  0.01366  270.34  268.01 0.12759D+15  2.192   16.098   15.525    9.707   38.754   10.98   13.63   27.39
   28.34   33.78 0.11482D-08  1  0  0.01369  270.30  268.00 0.12732D+15  2.192   15.915   15.343    9.642   38.687   10.99   13.63   27.72
   28.66   34.17 0.11355D-08  1  0  0.01373  270.27  267.99 0.12705D+15  2.192   15.736   15.164    9.578   38.621   11.01   13.62   28.04
   28.98   34.56 0.11231D-08  1  0  0.01377  270.23  267.98 0.12678D+15  2.193   15.561   14.989    9.514   38.556   11.02   13.62   28.37
   29.30   34.95 0.11110D-08  1  0  0.01380  270.19  267.97 0.12651D+15  2.193   15.390   14.818    9.452   38.492   11.03   13.61   28.69
   29.62   35.34 0.10992D-08  1  0  0.01384  270.16  267.96 0.12625D+15  2.193   15.223   14.651    9.389   38.428   11.05   13.61   29.01
   29.95   35.73 0.10876D-08  1  0  0.01388  270.12  267.95 0.12599D+15  2.194   15.059   14.487    9.328   38.365   11.06   13.61   29.34
   30.27   36.12 0.10762D-08  1  0  0.01391  270.09  267.94 0.12574D+15  2.194   14.899   14.327    9.267   38.303   11.07   13.60   29.66
   30.59   36.51 0.10651D-08  1  0  0.01395  270.05  267.92 0.12549D+15  2.194   14.742   14.170    9.207   38.241   11.09   13.60   29.99
   30.91   36.90 0.10542D-08  1  0  0.01399  270.01  267.91 0.12524D+15  2.194   14.589   14.017    9.147   38.180   11.10   13.60   30.31
   31.23   37.28 0.10436D-08  1  0  0.01403  269.98  267.90 0.12499D+15  2.195   14.438   13.866    9.088   38.120   11.11   13.60   30.64
   31.56   37.67 0.10332D-08  1  0  0.01407  269.94  267.89 0.12474D+15  2.195   14.291   13.719    9.029   38.060   11.13   13.59   30.96
   31.88   38.06 0.10229D-08  1  0  0.01411  269.90  267.88 0.12450D+15  2.195   14.147   13.575    8.971   38.001   11.14   13.59   31.29
   32.20   38.45 0.10129D-08  1  0  0.01414  269.87  267.86 0.12426D+15  2.196   14.005   13.433    8.914   37.942   11.15   13.59   31.61
   32.52   38.84 0.10031D-08  1  0  0.01418  269.83  267.85 0.12402D+15  2.196   13.866   13.294    8.857   37.884   11.16   13.59   31.94
   32.84   39.23 0.99347D-09  1  0  0.01422  269.80  267.84 0.12379D+15  2.196   13.730   13.159    8.801   37.826   11.18   13.59   32.26
   33.17   39.62 0.98402D-09  1  0  0.01426  269.76  267.82 0.12356D+15  2.197   13.597   13.025    8.745   37.769   11.19   13.59   32.59
   33.49   40.01 0.97477D-09  1  0  0.01430  269.72  267.81 0.12333D+15  2.197   13.466   12.894    8.690   37.713   11.20   13.59   32.92
   33.81   40.40 0.96568D-09  1  0  0.01434  269.69  267.79 0.12310D+15  2.197   13.338   12.766    8.635   37.657   11.21   13.59   33.24
   34.13   40.79 0.95677D-09  1  0  0.01438  269.65  267.78 0.12287D+15  2.198   13.212   12.640    8.580   37.601   11.22   13.59   33.57
   34.45   41.18 0.94803D-09  1  0  0.01442  269.61  267.77 0.12265D+15  2.198   13.088   12.517    8.527   37.546   11.24   13.59   33.89
   34.78   41.57 0.93944D-09  1  0  0.01446  269.57  267.75 0.12243D+15  2.198   12.967   12.396    8.473   37.492   11.25   13.59   34.22
   35.10   41.96 0.93102D-09  1  0  0.01450  269.54  267.74 0.12221D+15  2.199   12.848   12.277    8.420   37.437   11.26   13.59   34.54
   35.42   42.36 0.92275D-09  1  0  0.01454  269.50  267.72 0.12199D+15  2.199   12.731   12.160    8.367   37.384   11.27   13.59   34.87
   35.74   42.75 0.91462D-09  1  0  0.01458  269.46  267.71 0.12178D+15  2.199   12.616   12.045    8.315   37.331   11.28   13.60   35.19
   36.06   43.14 0.90665D-09  1  0  0.01462  269.43  267.69 0.12157D+15  2.199   12.503   11.932    8.263   37.278   11.29   13.60   35.52
   36.39   43.53 0.89881D-09  1  0  0.01466  269.39  267.68 0.12136D+15  2.200   12.393   11.822    8.212   37.226   11.30   13.60   35.84
   36.71   43.92 0.89111D-09  1  0  0.01471  269.35  267.66 0.12115D+15  2.200   12.284   11.713    8.161   37.174   11.31   13.60   36.17
   37.03   44.31 0.88354D-09  1  0  0.01475  269.31  267.65 0.12094D+15  2.200   12.177   11.606    8.111   37.122   11.32   13.60   36.49
   37.35   44.70 0.87611D-09  1  0  0.01479  269.28  267.63 0.12074D+15  2.201   12.072   11.501    8.060   37.071   11.34   13.61   36.82
   37.67   45.09 0.86880D-09  1  0  0.01483  269.24  267.61 0.12054D+15  2.201   11.969   11.398    8.011   37.020   11.35   13.61   37.15
   38.00   45.48 0.86162D-09  1  0  0.01487  269.20  267.60 0.12033D+15  2.201   11.867   11.296    7.961   36.970   11.36   13.61   37.47
   38.32   45.87 0.85456D-09  1  0  0.01492  269.16  267.58 0.12014D+15  2.202   11.767   11.197    7.912   36.920   11.37   13.61   37.80
   38.64   46.26 0.84761D-09  1  0  0.01496  269.13  267.56 0.11994D+15  2.202   11.669   11.098    7.863   36.871   11.38   13.62   38.12
   38.96   46.65 0.84078D-09  1  0  0.01500  269.09  267.55 0.11974D+15  2.202   11.572   11.002    7.815   36.821   11.39   13.62   38.45
   39.28   47.04 0.83406D-09  1  0  0.01505  269.05  267.53 0.11955D+15  2.203   11.477   10.907    7.767   36.773   11.40   13.62   38.78
   39.61   47.43 0.82745D-09  1  0  0.01509  269.01  267.51 0.11936D+15  2.203   11.384   10.814    7.719   36.724   11.41   13.62   39.10
   39.93   47.82 0.82095D-09  1  0  0.01513  268.97  267.50 0.11917D+15  2.203   11.292   10.722    7.671   36.676   11.42   13.63   39.43
   40.25   48.21 0.81455D-09  1  0  0.01518  268.94  267.48 0.11898D+15  2.204   11.201   10.631    7.624   36.628   11.43   13.63   39.75
   40.57   48.60 0.80826D-09  1  0  0.01522  268.90  267.46 0.11879D+15  2.204   11.112   10.542    7.577   36.581   11.44   13.63   40.08
   40.89   48.99 0.80206D-09  1  0  0.01527  268.86  267.44 0.11861D+15  2.204   11.025   10.455    7.531   36.533   11.45   13.64   40.41
   41.22   49.38 0.79596D-09  1  0  0.01531  268.82  267.43 0.11843D+15  2.205   10.938   10.368    7.485   36.486   11.46   13.64   40.73
   41.54   49.77 0.78995D-09  1  0  0.01536  268.78  267.41 0.11824D+15  2.205   10.853   10.283    7.439   36.440   11.47   13.64   41.06
   41.86   50.16 0.78404D-09  1  0  0.01540  268.74  267.39 0.11806D+15  2.205   10.770   10.200    7.393   36.394   11.48   13.65   41.38
   42.18   50.55 0.77822D-09  1  0  0.01545  268.70  267.37 0.11789D+15  2.206   10.687   10.118    7.348   36.348   11.49   13.65   41.71
   42.50   50.94 0.77248D-09  1  0  0.01549  268.67  267.35 0.11771D+15  2.206   10.606   10.036    7.302   36.302   11.49   13.66   42.04
   42.83   51.33 0.76683D-09  1  0  0.01554  268.63  267.33 0.11753D+15  2.206   10.526    9.957    7.258   36.257   11.50   13.66   42.36
   43.15   51.73 0.76127D-09  1  0  0.01558  268.59  267.32 0.11736D+15  2.207   10.448    9.878    7.213   36.212   11.51   13.66   42.69
   43.47   52.12 0.75579D-09  1  0  0.01563  268.55  267.30 0.11719D+15  2.207   10.370    9.800    7.169   36.167   11.52   13.67   43.02
   43.79   52.51 0.75039D-09  1  0  0.01568  268.51  267.28 0.11702D+15  2.207   10.294    9.724    7.124   36.122   11.53   13.67   43.34
   44.11   52.90 0.74506D-09  1  0  0.01572  268.47  267.26 0.11685D+15  2.208   10.218    9.649    7.081   36.078   11.54   13.68   43.67
   44.44   53.29 0.73982D-09  1  0  0.01577  268.43  267.24 0.11668D+15  2.208   10.144    9.575    7.037   36.034   11.55   13.68   44.00
   44.76   53.68 0.73465D-09  1  0  0.01582  268.39  267.22 0.11651D+15  2.208   10.071    9.502    6.993   35.990   11.56   13.69   44.32
   45.08   54.07 0.72955D-09  1  0  0.01587  268.35  267.20 0.11635D+15  2.209    9.999    9.429    6.950   35.946   11.57   13.69   44.65
   45.40   54.46 0.72453D-09  1  0  0.01591  268.31  267.18 0.11619D+15  2.209    9.927    9.358    6.907   35.903   11.58   13.70   44.98
   45.72   54.85 0.71958D-09  1  0  0.01596  268.28  267.16 0.11602D+15  2.209    9.857    9.288    6.865   35.860   11.59   13.70   45.30
   46.05   55.24 0.71470D-09  1  0  0.01601  268.24  267.14 0.11586D+15  2.210    9.788    9.219    6.822   35.817   11.59   13.70   45.63
   46.37   55.63 0.70988D-09  1  0  0.01606  268.20  267.12 0.11570D+15  2.210    9.720    9.151    6.780   35.775   11.60   13.71   45.96
   46.69   56.03 0.70513D-09  1  0  0.01611  268.16  267.10 0.11555D+15  2.210    9.653    9.084    6.738   35.732   11.61   13.71   46.28
   47.01   56.42 0.70045D-09  1  0  0.01616  268.12  267.08 0.11539D+15  2.211    9.586    9.018    6.696   35.690   11.62   13.72   46.61
   47.33   56.81 0.69583D-09  1  0  0.01621  268.08  267.06 0.11523D+15  2.211    9.521    8.952    6.654   35.648   11.63   13.72   46.94
   47.66   57.20 0.69127D-09  1  0  0.01626  268.04  267.04 0.11508D+15  2.211    9.456    8.888    6.612   35.607   11.64   13.73   47.26
   47.98   57.59 0.68677D-09  1  0  0.01631  268.00  267.02 0.11493D+15  2.212    9.393    8.824    6.571   35.565   11.64   13.73   47.59
   48.30   57.98 0.68234D-09  1  0  0.01636  267.96  267.00 0.11478D+15  2.212    9.330    8.761    6.530   35.524   11.65   13.74   47.92
   48.62   58.37 0.67796D-09  1  0  0.01641  267.92  266.98 0.11463D+15  2.213    9.268    8.699    6.489   35.483   11.66   13.75   48.25
   48.94   58.76 0.67364D-09  1  0  0.01646  267.88  266.95 0.11448D+15  2.213    9.207    8.638    6.448   35.442   11.67   13.75   48.57
   49.27   59.15 0.66938D-09  1  0  0.01651  267.84  266.93 0.11433D+15  2.213    9.146    8.578    6.407   35.401   11.68   13.76   48.90
   49.59   59.55 0.66517D-09  1  0  0.01656  267.80  266.91 0.11418D+15  2.214    9.086    8.518    6.367   35.361   11.69   13.76   49.23
   49.91   59.94 0.66101D-09  1  0  0.01662  267.75  266.89 0.11404D+15  2.214    9.028    8.460    6.327   35.320   11.69   13.77   49.55
   50.23   60.33 0.65691D-09  1  0  0.01667  267.71  266.87 0.11390D+15  2.214    8.969    8.402    6.286   35.280   11.70   13.77   49.88
   50.55   60.72 0.65287D-09  1  0  0.01672  267.67  266.85 0.11375D+15  2.215    8.912    8.344    6.246   35.240   11.71   13.78   50.21
   50.88   61.11 0.64887D-09  1  0  0.01677  267.63  266.82 0.11361D+15  2.215    8.855    8.288    6.207   35.200   11.72   13.78   50.54
   51.20   61.50 0.64492D-09  1  0  0.01683  267.59  266.80 0.11347D+15  2.215    8.799    8.232    6.167   35.161   11.72   13.79   50.87
   51.52   61.89 0.64103D-09  1  0  0.01688  267.55  266.78 0.11333D+15  2.216    8.744    8.177    6.127   35.121   11.73   13.80   51.19
   51.84   62.29 0.63718D-09  1  0  0.01693  267.51  266.76 0.11319D+15  2.216    8.690    8.122    6.088   35.082   11.74   13.80   51.52
   52.16   62.68 0.63338D-09  1  0  0.01699  267.47  266.74 0.11306D+15  2.216    8.636    8.068    6.049   35.043   11.75   13.81   51.85
   52.49   63.07 0.62962D-09  1  0  0.01704  267.43  266.71 0.11292D+15  2.217    8.582    8.015    6.010   35.004   11.76   13.81   52.18
   52.81   63.46 0.62591D-09  1  0  0.01710  267.39  266.69 0.11279D+15  2.217    8.530    7.962    5.971   34.965   11.76   13.82   52.50
   53.13   63.85 0.62225D-09  1  0  0.01715  267.34  266.67 0.11266D+15  2.217    8.478    7.911    5.932   34.927   11.77   13.82   52.83
   53.45   64.25 0.61863D-09  1  0  0.01721  267.30  266.64 0.11252D+15  2.218    8.426    7.859    5.893   34.888   11.78   13.83   53.16
   53.77   64.64 0.61505D-09  1  0  0.01727  267.26  266.62 0.11239D+15  2.218    8.376    7.809    5.854   34.850   11.79   13.84   53.49
   54.10   65.03 0.61152D-09  1  0  0.01732  267.22  266.60 0.11226D+15  2.219    8.326    7.759    5.816   34.812   11.79   13.84   53.82
   54.42   65.42 0.60803D-09  1  0  0.01738  267.18  266.57 0.11213D+15  2.219    8.276    7.709    5.778   34.774   11.80   13.85   54.15
   54.74   65.81 0.60458D-09  1  0  0.01743  267.14  266.55 0.11201D+15  2.219    8.227    7.660    5.739   34.736   11.81   13.85   54.47
   55.06   66.20 0.60117D-09  1  0  0.01749  267.09  266.53 0.11188D+15  2.220    8.179    7.612    5.701   34.698   11.82   13.86   54.80
   55.38   66.60 0.59780D-09  1  0  0.01755  267.05  266.50 0.11176D+15  2.220    8.131    7.564    5.663   34.660   11.82   13.87   55.13
   55.71   66.99 0.59447D-09  1  0  0.01761  267.01  266.48 0.11163D+15  2.220    8.083    7.517    5.625   34.623   11.83   13.87   55.46
   56.03   67.38 0.59117D-09  1  0  0.01767  266.97  266.46 0.11151D+15  2.221    8.037    7.470    5.588   34.586   11.84   13.88   55.79
   56.35   67.77 0.58792D-09  1  0  0.01772  266.93  266.43 0.11139D+15  2.221    7.990    7.424    5.550   34.548   11.84   13.89   56.12
   56.67   68.17 0.58470D-09  1  0  0.01778  266.88  266.41 0.11127D+15  2.221    7.945    7.378    5.512   34.511   11.85   13.89   56.45
   56.99   68.56 0.58152D-09  1  0  0.01784  266.84  266.38 0.11115D+15  2.222    7.899    7.333    5.475   34.474   11.86   13.90   56.78
   57.32   68.95 0.57837D-09  1  0  0.01790  266.80  266.36 0.11103D+15  2.222    7.855    7.289    5.437   34.437   11.87   13.91   57.11
   57.64   69.34 0.57526D-09  1  0  0.01796  266.75  266.33 0.11091D+15  2.223    7.811    7.244    5.400   34.401   11.87   13.91   57.44
   57.96   69.74 0.57218D-09  1  0  0.01802  266.71  266.31 0.11079D+15  2.223    7.767    7.201    5.363   34.364   11.88   13.92   57.76
   58.28   70.13 0.56914D-09  1  0  0.01808  266.67  266.28 0.11068D+15  2.223    7.724    7.158    5.326   34.327   11.89   13.93   58.09
   58.60   70.52 0.56613D-09  1  0  0.01815  266.63  266.26 0.11056D+15  2.224    7.681    7.115    5.289   34.291   11.89   13.93   58.42
   58.93   70.91 0.56316D-09  1  0  0.01821  266.58  266.23 0.11045D+15  2.224    7.638    7.073    5.252   34.255   11.90   13.94   58.75
   59.25   71.31 0.56021D-09  1  0  0.01827  266.54  266.21 0.11034D+15  2.224    7.597    7.031    5.215   34.218   11.91   13.95   59.08
   59.57   71.70 0.55730D-09  1  0  0.01833  266.50  266.18 0.11023D+15  2.225    7.555    6.990    5.178   34.182   11.92   13.95   59.41
   59.89   72.09 0.55442D-09  1  0  0.01840  266.45  266.16 0.11012D+15  2.225    7.514    6.949    5.141   34.146   11.92   13.96   59.74
   60.21   72.48 0.55157D-09  1  0  0.01846  266.41  266.13 0.11001D+15  2.226    7.474    6.908    5.105   34.110   11.93   13.97   60.07
   60.54   72.88 0.54875D-09  1  0  0.01852  266.36  266.11 0.10990D+15  2.226    7.434    6.868    5.068   34.075   11.94   13.97   60.40
   60.86   73.27 0.54596D-09  1  0  0.01859  266.32  266.08 0.10979D+15  2.226    7.394    6.829    5.032   34.039   11.94   13.98   60.73
   61.18   73.66 0.54320D-09  1  0  0.01865  266.28  266.05 0.10969D+15  2.227    7.355    6.789    4.995   34.003   11.95   13.99   61.06
   61.50   74.06 0.54047D-09  1  0  0.01872  266.23  266.03 0.10958D+15  2.227    7.316    6.751    4.959   33.968   11.96   13.99   61.39
   61.82   74.45 0.53777D-09  1  0  0.01878  266.19  266.00 0.10948D+15  2.228    7.277    6.712    4.923   33.932   11.96   14.00   61.72
   62.15   74.84 0.53509D-09  1  0  0.01885  266.14  265.97 0.10937D+15  2.228    7.239    6.674    4.886   33.897   11.97   14.01   62.06
   62.47   75.24 0.53245D-09  1  0  0.01891  266.10  265.95 0.10927D+15  2.228    7.202    6.637    4.850   33.862   11.98   14.01   62.39
   62.79   75.63 0.52983D-09  1  0  0.01898  266.06  265.92 0.10917D+15  2.229    7.164    6.599    4.814   33.826   11.98   14.02   62.72
   63.11   76.02 0.52723D-09  1  0  0.01905  266.01  265.89 0.10907D+15  2.229    7.127    6.563    4.778   33.791   11.99   14.03   63.05
   63.43   76.42 0.52467D-09  1  0  0.01912  265.97  265.87 0.10897D+15  2.229    7.091    6.526    4.742   33.756   12.00   14.04   63.38
   63.76   76.81 0.52213D-09  1  0  0.01918  265.92  265.84 0.10887D+15  2.230    7.054    6.490    4.706   33.721   12.00   14.04   63.71
   64.08   77.21 0.51961D-09  1  0  0.01925  265.88  265.81 0.10878D+15  2.230    7.019    6.454    4.670   33.686   12.01   14.05   64.04
   64.40   77.60 0.51712D-09  1  0  0.01932  265.83  265.79 0.10868D+15  2.231    6.983    6.419    4.634   33.652   12.02   14.06   64.37
   64.72   77.99 0.51466D-09  1  0  0.01939  265.79  265.76 0.10859D+15  2.231    6.948    6.384    4.598   33.617   12.02   14.06   64.71
   65.04   78.39 0.51222D-09  1  0  0.01946  265.74  265.73 0.10849D+15  2.231    6.913    6.349    4.563   33.582   12.03   14.07   65.04
   65.37   78.78 0.50980D-09  1  0  0.01953  265.70  265.70 0.10840D+15  2.232    6.879    6.315    4.527   33.547   12.04   14.08   65.37
   65.69   79.17 0.50741D-09  1  0  0.01960  265.65  265.68 0.10831D+15  2.232    6.845    6.281    4.491   33.513   12.04   14.09   65.69
   66.01   79.56 0.50504D-09  1  0  0.01967  265.60  265.65 0.10822D+15  2.233    6.811    6.247    4.455   33.478   12.05   14.09   66.01
   66.33   79.94 0.50269D-09  1  0  0.01975  265.56  265.62 0.10813D+15  2.233    6.777    6.214    4.420   33.444   12.06   14.10   66.33
   66.65   80.33 0.50037D-09  1  0  0.01982  265.51  265.59 0.10804D+15  2.233    6.744    6.181    4.384   33.410   12.06   14.11   66.65
   66.98   80.72 0.49807D-09  1  0  0.01989  265.47  265.56 0.10795D+15  2.234    6.711    6.148    4.348   33.375   12.07   14.12   66.98
   67.30   81.11 0.49579D-09  1  0  0.01996  265.42  265.53 0.10786D+15  2.234    6.679    6.115    4.313   33.341   12.07   14.12   67.30
   67.62   81.50 0.49353D-09  1  0  0.02004  265.37  265.51 0.10778D+15  2.235    6.647    6.083    4.277   33.307   12.08   14.13   67.62
   67.94   81.88 0.49129D-09  1  0  0.02011  265.33  265.48 0.10769D+15  2.235    6.615    6.051    4.242   33.272   12.09   14.14   67.94
   68.26   82.27 0.48908D-09  1  0  0.02019  265.28  265.45 0.10761D+15  2.235    6.583    6.020    4.206   33.238   12.09   14.15   68.26
   68.59   82.66 0.48688D-09  1  0  0.02026  265.23  265.42 0.10752D+15  2.236    6.552    5.989    4.171   33.204   12.10   14.15   68.59
   68.91   83.05 0.48471D-09  1  0  0.02034  265.19  265.39 0.10744D+15  2.236    6.521    5.958    4.135   33.170   12.11   14.16   68.91
   69.23   83.44 0.48256D-09  1  0  0.02041  265.14  265.36 0.10736D+15  2.237    6.490    5.927    4.100   33.136   12.11   14.17   69.23
   69.55   83.82 0.48042D-09  1  0  0.02049  265.09  265.33 0.10728D+15  2.237    6.459    5.897    4.065   33.102   12.12   14.18   69.55
   69.87   84.21 0.47831D-09  1  0  0.02057  265.05  265.30 0.10720D+15  2.237    6.429    5.866    4.029   33.068   12.13   14.19   69.87
   70.20   84.60 0.47621D-09  1  0  0.02065  265.00  265.27 0.10712D+15  2.238    6.399    5.837    3.994   33.034   12.13   14.19   70.20
   70.52   84.99 0.47414D-09  1  0  0.02073  264.95  265.24 0.10705D+15  2.238    6.370    5.807    3.958   33.001   12.14   14.20   70.52
   70.84   85.38 0.47208D-09  1  0  0.02081  264.90  265.21 0.10697D+15  2.239    6.340    5.778    3.923   32.967   12.14   14.21   70.84
   71.16   85.76 0.47005D-09  1  0  0.02089  264.86  265.18 0.10690D+15  2.239    6.311    5.749    3.888   32.933   12.15   14.22   71.16
   71.48   86.15 0.46803D-09  1  0  0.02097  264.81  265.15 0.10682D+15  2.240    6.282    5.720    3.852   32.899   12.16   14.23   71.48
   71.81   86.54 0.46602D-09  1  0  0.02105  264.76  265.12 0.10675D+15  2.240    6.253    5.691    3.817   32.866   12.16   14.23   71.81
   72.13   86.93 0.46404D-09  1  0  0.02113  264.71  265.09 0.10668D+15  2.240    6.225    5.663    3.781   32.832   12.17   14.24   72.13
   72.45   87.32 0.46208D-09  1  0  0.02121  264.66  265.06 0.10661D+15  2.241    6.197    5.635    3.746   32.798   12.18   14.25   72.45
   72.77   87.70 0.46013D-09  1  0  0.02129  264.62  265.03 0.10654D+15  2.241    6.169    5.607    3.711   32.765   12.18   14.26   72.77
   73.09   88.09 0.45820D-09  1  0  0.02138  264.57  265.00 0.10647D+15  2.242    6.141    5.580    3.675   32.731   12.19   14.27   73.09
   73.42   88.48 0.45628D-09  1  0  0.02146  264.52  264.97 0.10640D+15  2.242    6.114    5.552    3.640   32.697   12.20   14.27   73.42
   73.74   88.87 0.45439D-09  1  0  0.02155  264.47  264.94 0.10634D+15  2.243    6.087    5.525    3.604   32.664   12.20   14.28   73.74
   74.06   89.26 0.45250D-09  1  0  0.02163  264.42  264.91 0.10627D+15  2.243    6.060    5.498    3.569   32.630   12.21   14.29   74.06
   74.38   89.65 0.45064D-09  1  0  0.02172  264.37  264.88 0.10621D+15  2.243    6.033    5.472    3.533   32.597   12.21   14.30   74.38
   74.70   90.03 0.44879D-09  1  0  0.02180  264.32  264.84 0.10614D+15  2.244    6.007    5.445    3.498   32.563   12.22   14.31   74.70
   75.03   90.42 0.44696D-09  1  0  0.02189  264.27  264.81 0.10608D+15  2.244    5.980    5.419    3.462   32.529   12.23   14.32   75.03
   75.35   90.81 0.44514D-09  1  0  0.02198  264.22  264.78 0.10602D+15  2.245    5.954    5.393    3.427   32.496   12.23   14.32   75.35
   75.67   91.20 0.44334D-09  1  0  0.02207  264.17  264.75 0.10596D+15  2.245    5.928    5.367    3.391   32.462   12.24   14.33   75.67
   75.99   91.59 0.44155D-09  1  0  0.02216  264.12  264.72 0.10590D+15  2.246    5.903    5.342    3.356   32.429   12.25   14.34   75.99
   76.31   91.97 0.43978D-09  1  0  0.02225  264.07  264.68 0.10584D+15  2.246    5.877    5.317    3.320   32.395   12.25   14.35   76.31
   76.64   92.36 0.43803D-09  1  0  0.02234  264.02  264.65 0.10579D+15  2.246    5.852    5.292    3.285   32.362   12.26   14.36   76.64
   76.96   92.75 0.43629D-09  1  0  0.02243  263.97  264.62 0.10573D+15  2.247    5.827    5.267    3.249   32.328   12.26   14.37   76.96
   77.28   93.14 0.43456D-09  1  0  0.02252  263.92  264.59 0.10567D+15  2.247    5.802    5.242    3.213   32.295   12.27   14.38   77.28
   77.60   93.53 0.43285D-09  1  0  0.02261  263.87  264.55 0.10562D+15  2.248    5.778    5.217    3.178   32.261   12.28   14.39   77.60
   77.92   93.91 0.43115D-09  1  0  0.02271  263.82  264.52 0.10557D+15  2.248    5.753    5.193    3.142   32.228   12.28   14.39   77.92
   78.25   94.30 0.42947D-09  1  0  0.02280  263.77  264.49 0.10552D+15  2.249    5.729    5.169    3.106   32.194   12.29   14.40   78.25
   78.57   94.69 0.42779D-09  1  0  0.02290  263.72  264.45 0.10547D+15  2.249    5.705    5.145    3.070   32.161   12.30   14.41   78.57
   78.89   95.08 0.42614D-09  1  0  0.02299  263.67  264.42 0.10542D+15  2.250    5.681    5.121    3.034   32.127   12.30   14.42   78.89
   79.21   95.47 0.42449D-09  1  0  0.02309  263.61  264.39 0.10537D+15  2.250    5.657    5.098    2.998   32.094   12.31   14.43   79.21
   79.53   95.85 0.42286D-09  1  0  0.02319  263.56  264.35 0.10532D+15  2.250    5.634    5.074    2.962   32.060   12.31   14.44   79.53
   79.86   96.24 0.42125D-09  1  0  0.02328  263.51  264.32 0.10528D+15  2.251    5.611    5.051    2.926   32.026   12.32   14.45   79.86
   80.18   96.63 0.41964D-09  1  0  0.02338  263.46  264.29 0.10523D+15  2.251    5.588    5.028    2.890   31.993   12.33   14.46   80.18
   80.50   97.02 0.41805D-09  1  0  0.02348  263.41  264.25 0.10519D+15  2.252    5.565    5.006    2.854   31.959   12.33   14.47   80.50
   80.82   97.41 0.41648D-09  1  0  0.02358  263.35  264.22 0.10515D+15  2.252    5.542    4.983    2.818   31.926   12.34   14.48   80.82
   81.14   97.79 0.41491D-09  1  0  0.02368  263.30  264.18 0.10511D+15  2.253    5.519    4.960    2.782   31.892   12.35   14.49   81.14
   81.47   98.18 0.41336D-09  1  0  0.02379  263.25  264.15 0.10507D+15  2.253    5.497    4.938    2.745   31.858   12.35   14.50   81.47
   81.79   98.57 0.41182D-09  1  0  0.02389  263.19  264.11 0.10503D+15  2.254    5.475    4.916    2.709   31.824   12.36   14.50   81.79
   82.11   98.96 0.41029D-09  1  0  0.02399  263.14  264.08 0.10499D+15  2.254    5.453    4.894    2.673   31.791   12.37   14.51   82.11
   82.43   99.35 0.40877D-09  1  0  0.02410  263.09  264.04 0.10495D+15  2.255    5.431    4.872    2.636   31.757   12.37   14.52   82.43
   82.75   99.74 0.40726D-09  1  0  0.02420  263.03  264.01 0.10492D+15  2.255    5.409    4.851    2.600   31.723   12.38   14.53   82.75
   83.08  100.12 0.40577D-09  1  0  0.02431  262.98  263.97 0.10489D+15  2.256    5.387    4.829    2.563   31.689   12.38   14.54   83.08
   83.40  100.51 0.40429D-09  1  0  0.02442  262.93  263.94 0.10485D+15  2.256    5.366    4.808    2.526   31.655   12.39   14.55   83.40
   83.72  100.90 0.40282D-09  1  0  0.02453  262.87  263.90 0.10482D+15  2.257    5.345    4.787    2.489   31.621   12.40   14.56   83.72
   84.04  101.29 0.40136D-09  1  0  0.02464  262.82  263.87 0.10479D+15  2.257    5.324    4.766    2.453   31.587   12.40   14.57   84.04
   84.36  101.68 0.39991D-09  1  0  0.02475  262.76  263.83 0.10476D+15  2.257    5.303    4.745    2.416   31.553   12.41   14.58   84.36
   84.69  102.06 0.39848D-09  1  0  0.02486  262.71  263.79 0.10474D+15  2.258    5.282    4.724    2.379   31.519   12.42   14.59   84.69
   85.01  102.45 0.39705D-09  1  0  0.02497  262.65  263.76 0.10471D+15  2.258    5.261    4.704    2.342   31.485   12.42   14.60   85.01
   85.33  102.84 0.39563D-09  1  0  0.02508  262.60  263.72 0.10469D+15  2.259    5.241    4.683    2.304   31.451   12.43   14.61   85.33
   85.65  103.23 0.39423D-09  1  0  0.02519  262.54  263.68 0.10466D+15  2.259    5.220    4.663    2.267   31.417   12.44   14.62   85.65
   85.97  103.62 0.39284D-09  1  0  0.02531  262.49  263.65 0.10464D+15  2.260    5.200    4.643    2.230   31.383   12.44   14.63   85.97
   86.30  104.00 0.39145D-09  1  0  0.02543  262.43  263.61 0.10462D+15  2.260    5.180    4.623    2.192   31.348   12.45   14.64   86.30
   86.62  104.39 0.39008D-09  1  0  0.02554  262.37  263.57 0.10460D+15  2.261    5.160    4.603    2.155   31.314   12.46   14.65   86.62
   86.94  104.78 0.38872D-09  1  0  0.02566  262.32  263.54 0.10458D+15  2.261    5.141    4.584    2.117   31.280   12.46   14.66   86.94
   87.26  105.17 0.38736D-09  1  0  0.02578  262.26  263.50 0.10457D+15  2.262    5.121    4.564    2.079   31.245   12.47   14.67   87.26
   87.58  105.56 0.38602D-09  1  0  0.02590  262.20  263.46 0.10455D+15  2.262    5.101    4.545    2.041   31.211   12.48   14.68   87.58
   87.91  105.94 0.38469D-09  1  0  0.02602  262.15  263.42 0.10454D+15  2.263    5.082    4.526    2.003   31.176   12.48   14.70   87.91
   88.23  106.33 0.38336D-09  1  0  0.02614  262.09  263.38 0.10452D+15  2.263    5.063    4.507    1.965   31.141   12.49   14.71   88.23
   88.55  106.72 0.38205D-09  1  0  0.02627  262.03  263.35 0.10451D+15  2.264    5.044    4.488    1.927   31.107   12.50   14.72   88.55
   88.87  107.11 0.38074D-09  1  0  0.02639  261.97  263.31 0.10450D+15  2.264    5.025    4.469    1.889   31.072   12.50   14.73   88.87
   89.19  107.50 0.37945D-09  1  0  0.02652  261.92  263.27 0.10450D+15  2.265    5.006    4.450    1.850   31.037   12.51   14.74   89.19
   89.52  107.88 0.37816D-09  1  0  0.02664  261.86  263.23 0.10449D+15  2.265    4.987    4.432    1.812   31.002   12.52   14.75   89.52
   89.84  108.27 0.37689D-09  1  0  0.02677  261.80  263.19 0.10449D+15  2.266    4.969    4.413    1.773   30.967   12.52   14.76   89.84
   90.16  108.66 0.37562D-09  1  0  0.02690  261.74  263.15 0.10448D+15  2.266    4.950    4.395    1.735   30.932   12.53   14.77   90.16
   90.48  109.05 0.37436D-09  1  0  0.02703  261.68  263.11 0.10448D+15  2.267    4.932    4.377    1.696   30.897   12.54   14.78   90.48
   90.80  109.44 0.37311D-09  1  0  0.02716  261.62  263.07 0.10448D+15  2.268    4.914    4.359    1.657   30.861   12.54   14.79   90.80
   91.13  109.83 0.37187D-09  1  0  0.02729  261.56  263.03 0.10448D+15  2.268    4.895    4.341    1.617   30.826   12.55   14.81   91.13
   91.45  110.21 0.37064D-09  1  0  0.02743  261.50  262.99 0.10449D+15  2.269    4.877    4.323    1.578   30.790   12.56   14.82   91.45
   91.77  110.60 0.36942D-09  1  0  0.02756  261.44  262.95 0.10449D+15  2.269    4.860    4.305    1.539   30.755   12.57   14.83   91.77
   92.09  110.99 0.36821D-09  1  0  0.02770  261.38  262.91 0.10450D+15  2.270    4.842    4.287    1.499   30.719   12.57   14.84   92.09
   92.41  111.38 0.36700D-09  1  0  0.02784  261.32  262.87 0.10451D+15  2.270    4.824    4.270    1.459   30.684   12.58   14.85   92.41
   92.74  111.77 0.36580D-09  1  0  0.02798  261.26  262.83 0.10452D+15  2.271    4.807    4.253    1.420   30.648   12.59   14.86   92.74
   93.06  112.15 0.36461D-09  1  0  0.02812  261.20  262.79 0.10453D+15  2.271    4.789    4.235    1.379   30.612   12.59   14.87   93.06
   93.38  112.54 0.36343D-09  1  0  0.02826  261.14  262.75 0.10454D+15  2.272    4.772    4.218    1.339   30.576   12.60   14.89   93.38
   93.70  112.93 0.36226D-09  1  0  0.02840  261.07  262.71 0.10456D+15  2.272    4.755    4.201    1.299   30.540   12.61   14.90   93.70
   94.02  113.32 0.36110D-09  1  0  0.02855  261.01  262.67 0.10457D+15  2.273    4.738    4.184    1.258   30.503   12.62   14.91   94.02
   94.35  113.71 0.35994D-09  1  0  0.02869  260.95  262.62 0.10459D+15  2.273    4.721    4.167    1.218   30.467   12.62   14.92   94.35
   94.67  114.09 0.35879D-09  1  0  0.02884  260.89  262.58 0.10461D+15  2.274    4.704    4.151    1.177   30.430   12.63   14.94   94.67
   94.99  114.48 0.35765D-09  1  0  0.02899  260.82  262.54 0.10464D+15  2.275    4.687    4.134    1.136   30.394   12.64   14.95   94.99
   95.31  114.87 0.35652D-09  1  0  0.02914  260.76  262.50 0.10466D+15  2.275    4.671    4.118    1.095   30.357   12.65   14.96   95.31
   95.63  115.26 0.35539D-09  1  0  0.02929  260.70  262.45 0.10469D+15  2.276    4.654    4.101    1.053   30.320   12.65   14.97   95.63
   95.96  115.65 0.35427D-09  1  0  0.02944  260.63  262.41 0.10471D+15  2.276    4.638    4.085    1.012   30.283   12.66   14.99   95.96
   96.28  116.03 0.35316D-09  1  0  0.02960  260.57  262.37 0.10475D+15  2.277    4.621    4.069    0.970   30.246   12.67   15.00   96.28
   96.60  116.42 0.35206D-09  1  0  0.02975  260.50  262.32 0.10478D+15  2.277    4.605    4.053    0.928   30.209   12.68   15.01   96.60
   96.92  116.81 0.35096D-09  1  0  0.02991  260.44  262.28 0.10481D+15  2.278    4.589    4.037    0.886   30.171   12.68   15.02   96.92
   97.24  117.20 0.34987D-09  1  0  0.03007  260.37  262.24 0.10485D+15  2.279    4.573    4.021    0.844   30.134   12.69   15.04   97.24
   97.57  117.59 0.34879D-09  1  0  0.03023  260.31  262.19 0.10489D+15  2.279    4.557    4.005    0.801   30.096   12.70   15.05   97.57
   97.89  117.97 0.34772D-09  1  0  0.03040  260.24  262.15 0.10493D+15  2.280    4.541    3.989    0.759   30.058   12.71   15.06   97.89
   98.21  118.36 0.34665D-09  1  0  0.03056  260.18  262.10 0.10497D+15  2.280    4.525    3.974    0.716   30.021   12.72   15.08   98.21
   98.53  118.75 0.34559D-09  1  0  0.03073  260.11  262.06 0.10502D+15  2.281    4.510    3.958    0.673   29.982   12.72   15.09   98.53
   98.85  119.14 0.34454D-09  1  0  0.03090  260.04  262.01 0.10506D+15  2.282    4.494    3.943    0.629   29.944   12.73   15.11   98.85
   99.18  119.53 0.34349D-09  1  0  0.03106  259.97  261.97 0.10511D+15  2.282    4.478    3.927    0.586   29.906   12.74   15.12   99.18
   99.50  119.91 0.34245D-09  1  0  0.03124  259.91  261.92 0.10517D+15  2.283    4.463    3.912    0.542   29.867   12.75   15.13   99.50
   99.82  120.30 0.34142D-09  1  0  0.03141  259.84  261.88 0.10522D+15  2.283    4.448    3.897    0.498   29.828   12.76   15.15   99.82
  100.14  120.69 0.34039D-09  1  0  0.03159  259.77  261.83 0.10528D+15  2.284    4.432    3.882    0.454   29.789   12.77   15.16  100.14
  100.46  121.08 0.33937D-09  1  0  0.03176  259.70  261.78 0.10534D+15  2.285    4.417    3.867    0.410   29.750   12.77   15.18  100.46
  100.79  121.47 0.33836D-09  1  0  0.03194  259.63  261.74 0.10540D+15  2.285    4.402    3.852    0.365   29.711   12.78   15.19  100.79
  101.11  121.86 0.33735D-09  1  0  0.03212  259.56  261.69 0.10546D+15  2.286    4.387    3.837    0.320   29.672   12.79   15.21  101.11
  101.43  122.24 0.33635D-09  1  0  0.03231  259.49  261.64 0.10553D+15  2.286    4.372    3.823    0.275   29.632   12.80   15.22  101.43
  101.75  122.63 0.33536D-09  1  0  0.03249  259.42  261.60 0.10560D+15  2.287    4.358    3.808    0.229   29.592   12.81   15.24  101.75
  102.07  123.02 0.33437D-09  1  0  0.03268  259.35  261.55 0.10567D+15  2.288    4.343    3.794    0.183   29.552   12.82   15.25  102.07
  102.40  123.41 0.33339D-09  1  0  0.03287  259.28  261.50 0.10575D+15  2.288    4.328    3.779    0.137   29.512   12.83   15.27  102.40
  102.72  123.80 0.33242D-09  1  0  0.03306  259.21  261.45 0.10583D+15  2.289    4.314    3.765    0.091   29.471   12.84   15.28  102.72
  103.04  124.18 0.33145D-09  1  0  0.03325  259.13  261.40 0.10591D+15  2.290    4.299    3.750    0.045   29.431   12.84   15.30  103.04
  103.36  124.57 0.33049D-09  1  0  0.03345  259.06  261.53 0.10408D+15  2.290    4.285    3.736    0.000   29.392   12.77   15.33  103.36
  103.68  124.96 0.32953D-09  1  0  0.03365  258.99  261.50 0.10396D+15  2.291    4.270    3.722    0.000   29.392   12.77   15.32  103.68
  104.01  125.35 0.32858D-09  1  0  0.03385  258.92  261.46 0.10384D+15  2.292    4.256    3.708    0.000   29.392   12.76   15.31  104.01
  104.33  125.74 0.32763D-09  1  0  0.03405  258.84  261.43 0.10373D+15  2.292    4.242    3.694    0.000   29.392   12.76   15.30  104.33
  104.65  126.12 0.32669D-09  1  0  0.03425  258.77  261.40 0.10362D+15  2.293    4.228    3.680    0.000   29.392   12.76   15.30  104.65
  104.97  126.51 0.32576D-09  1  0  0.03446  258.69  261.37 0.10351D+15  2.294    4.214    3.666    0.000   29.392   12.76   15.29  104.97
  105.29  126.90 0.32483D-09  1  0  0.03467  258.62  261.34 0.10340D+15  2.294    4.200    3.652    0.000   29.392   12.76   15.28  105.29
  105.62  127.29 0.32391D-09  1  0  0.03488  258.54  261.30 0.10330D+15  2.295    4.186    3.639    0.000   29.392   12.76   15.28  105.62
  105.94  127.68 0.32299D-09  1  0  0.03510  258.46  261.27 0.10320D+15  2.296    4.172    3.625    0.000   29.392   12.76   15.27  105.94
  106.26  128.06 0.32208D-09  1  0  0.03531  258.39  261.24 0.10310D+15  2.296    4.159    3.612    0.000   29.392   12.76   15.26  106.26
  106.58  128.45 0.32118D-09  1  0  0.03553  258.31  261.21 0.10300D+15  2.297    4.145    3.598    0.000   29.392   12.77   15.26  106.58
  106.90  128.84 0.32028D-09  1  0  0.03576  258.23  261.17 0.10291D+15  2.298    4.131    3.585    0.000   29.392   12.77   15.25  106.90
  107.23  129.23 0.31938D-09  1  0  0.03598  258.15  261.14 0.10282D+15  2.298    4.118    3.571    0.000   29.392   12.77   15.24  107.23
  107.55  129.62 0.31849D-09  1  0  0.03621  258.07  261.10 0.10273D+15  2.299    4.104    3.558    0.000   29.392   12.77   15.24  107.55
  107.87  130.00 0.31761D-09  1  0  0.03644  257.99  261.07 0.10265D+15  2.300    4.091    3.545    0.000   29.392   12.77   15.23  107.87
  108.19  130.39 0.31673D-09  1  0  0.03667  257.91  261.03 0.10256D+15  2.301    4.077    3.532    0.000   29.392   12.77   15.22  108.19
  108.51  130.78 0.31586D-09  1  0  0.03691  257.83  261.00 0.10248D+15  2.301    4.064    3.519    0.000   29.392   12.77   15.21  108.51
  108.84  131.17 0.31499D-09  1  0  0.03715  257.75  260.96 0.10241D+15  2.302    4.051    3.506    0.000   29.392   12.77   15.21  108.84
  109.16  131.56 0.31413D-09  1  0  0.03739  257.67  260.93 0.10233D+15  2.303    4.038    3.493    0.000   29.392   12.77   15.20  109.16
  109.48  131.95 0.31327D-09  1  0  0.03764  257.58  260.89 0.10226D+15  2.303    4.025    3.480    0.000   29.392   12.77   15.19  109.48
  109.80  132.33 0.31242D-09  1  0  0.03789  257.50  260.86 0.10219D+15  2.304    4.012    3.467    0.000   29.392   12.77   15.19  109.80
  110.12  132.72 0.31157D-09  1  0  0.03814  257.42  260.82 0.10212D+15  2.305    3.999    3.454    0.000   29.392   12.77   15.18  110.12
  110.45  133.11 0.31073D-09  1  0  0.03839  257.33  260.78 0.10206D+15  2.306    3.986    3.442    0.000   29.392   12.77   15.17  110.45
  110.77  133.50 0.30989D-09  1  0  0.03865  257.25  260.74 0.10200D+15  2.306    3.973    3.429    0.000   29.392   12.77   15.17  110.77
  111.09  133.89 0.30906D-09  1  0  0.03891  257.16  260.71 0.10195D+15  2.307    3.960    3.416    0.000   29.392   12.78   15.16  111.09
  111.41  134.27 0.30823D-09  1  0  0.03918  257.07  260.67 0.10189D+15  2.308    3.947    3.404    0.000   29.392   12.78   15.15  111.41
  111.73  134.66 0.30740D-09  1  0  0.03945  256.99  260.63 0.10184D+15  2.309    3.935    3.391    0.000   29.392   12.78   15.14  111.73
  112.06  135.05 0.30659D-09  1  0  0.03972  256.90  260.59 0.10180D+15  2.310    3.922    3.379    0.000   29.392   12.78   15.14  112.06
  112.38  135.44 0.30577D-09  1  0  0.04000  256.81  260.55 0.10175D+15  2.310    3.909    3.367    0.000   29.392   12.78   15.13  112.38
  112.70  135.83 0.30496D-09  1  0  0.04028  256.72  260.51 0.10171D+15  2.311    3.897    3.354    0.000   29.392   12.78   15.12  112.70
  113.02  136.21 0.30416D-09  1  0  0.04056  256.63  260.47 0.10168D+15  2.312    3.884    3.342    0.000   29.392   12.78   15.12  113.02
  113.34  136.60 0.30336D-09  1  0  0.04085  256.54  260.43 0.10164D+15  2.313    3.872    3.330    0.000   29.392   12.79   15.11  113.34
  113.67  136.99 0.30256D-09  1  0  0.04114  256.44  260.39 0.10161D+15  2.314    3.860    3.318    0.000   29.392   12.79   15.10  113.67
  113.99  137.38 0.30177D-09  1  0  0.04143  256.35  260.35 0.10159D+15  2.315    3.847    3.306    0.000   29.392   12.79   15.10  113.99
  114.31  137.77 0.30099D-09  1  0  0.04173  256.26  260.31 0.10157D+15  2.315    3.835    3.294    0.000   29.392   12.79   15.09  114.31
  114.63  138.15 0.30020D-09  1  0  0.04204  256.16  260.27 0.10155D+15  2.316    3.823    3.282    0.000   29.392   12.79   15.08  114.63
  114.95  138.54 0.29943D-09  1  0  0.04235  256.07  260.23 0.10153D+15  2.317    3.810    3.270    0.000   29.392   12.80   15.07  114.95
  115.28  138.93 0.29865D-09  1  0  0.04266  255.97  260.18 0.10152D+15  2.318    3.798    3.258    0.000   29.392   12.80   15.07  115.28
  115.60  139.32 0.29788D-09  1  0  0.04298  255.87  260.14 0.10152D+15  2.319    3.786    3.246    0.000   29.392   12.80   15.06  115.60
  115.92  139.71 0.29712D-09  1  0  0.04330  255.77  260.10 0.10152D+15  2.320    3.774    3.234    0.000   29.392   12.80   15.05  115.92
  116.24  140.09 0.29636D-09  1  0  0.04362  255.68  260.05 0.10152D+15  2.321    3.762    3.223    0.000   29.392   12.81   15.05  116.24
  116.56  140.48 0.29560D-09  1  0  0.04396  255.58  260.01 0.10152D+15  2.321    3.750    3.211    0.000   29.392   12.81   15.04  116.56
  116.89  140.87 0.29485D-09  1  0  0.04429  255.47  259.96 0.10154D+15  2.322    3.738    3.199    0.000   29.392   12.81   15.03  116.89
  117.21  141.26 0.29410D-09  1  0  0.04463  255.37  259.92 0.10155D+15  2.323    3.726    3.188    0.000   29.392   12.82   15.02  117.21
  117.53  141.65 0.29336D-09  1  0  0.04498  255.27  259.87 0.10157D+15  2.324    3.715    3.176    0.000   29.392   12.82   15.02  117.53
  117.85  142.04 0.29262D-09  1  0  0.04533  255.16  259.82 0.10160D+15  2.325    3.703    3.165    0.000   29.392   12.82   15.01  117.85
  118.17  142.42 0.29188D-09  1  0  0.04569  255.06  259.78 0.10163D+15  2.326    3.691    3.153    0.000   29.392   12.83   15.00  118.17
  118.50  142.81 0.29115D-09  1  0  0.04605  254.95  259.73 0.10166D+15  2.327    3.679    3.142    0.000   29.392   12.83   14.99  118.50
  118.82  143.20 0.29042D-09  1  0  0.04642  254.84  259.68 0.10170D+15  2.328    3.667    3.130    0.000   29.392   12.83   14.99  118.82
  119.14  143.59 0.28970D-09  1  0  0.04679  254.74  259.63 0.10175D+15  2.329    3.656    3.119    0.000   29.392   12.84   14.98  119.14
  119.46  143.98 0.28898D-09  1  0  0.04717  254.63  259.58 0.10180D+15  2.330    3.644    3.108    0.000   29.392   12.84   14.97  119.46
  119.78  144.36 0.28826D-09  1  0  0.04756  254.51  259.53 0.10185D+15  2.331    3.633    3.096    0.000   29.392   12.85   14.96  119.78
  120.11  144.75 0.28755D-09  1  0  0.04795  254.40  259.48 0.10192D+15  2.332    3.621    3.085    0.000   29.392   12.85   14.96  120.11
  120.43  145.14 0.28684D-09  1  0  0.04835  254.29  259.43 0.10198D+15  2.333    3.609    3.074    0.000   29.392   12.85   14.95  120.43
  120.75  145.53 0.28614D-09  1  0  0.04875  254.17  259.38 0.10206D+15  2.334    3.598    3.063    0.000   29.392   12.86   14.94  120.75
  121.07  145.92 0.28544D-09  1  0  0.04917  254.06  259.33 0.10214D+15  2.335    3.586    3.052    0.000   29.392   12.86   14.93  121.07
  121.39  146.30 0.28474D-09  1  0  0.04958  253.94  259.28 0.10222D+15  2.336    3.575    3.041    0.000   29.392   12.87   14.93  121.39
  121.72  146.69 0.28405D-09  1  0  0.05001  253.82  259.22 0.10231D+15  2.337    3.564    3.030    0.000   29.392   12.87   14.92  121.72
  122.04  147.08 0.28336D-09  1  0  0.05044  253.70  259.17 0.10241D+15  2.339    3.552    3.019    0.000   29.392   12.88   14.91  122.04
  122.36  147.47 0.28267D-09  1  0  0.05088  253.58  259.11 0.10252D+15  2.340    3.541    3.007    0.000   29.392   12.88   14.90  122.36
  122.68  147.86 0.28199D-09  1  0  0.05133  253.45  259.06 0.10263D+15  2.341    3.529    2.997    0.000   29.392   12.89   14.89  122.68
  123.00  148.24 0.28131D-09  1  0  0.05179  253.33  259.00 0.10275D+15  2.342    3.518    2.986    0.000   29.392   12.90   14.89  123.00
  123.33  148.63 0.28064D-09  1  0  0.05225  253.20  258.95 0.10288D+15  2.343    3.507    2.975    0.000   29.392   12.90   14.88  123.33
  123.65  149.02 0.27997D-09  1  0  0.05272  253.07  258.89 0.10301D+15  2.344    3.496    2.964    0.000   29.392   12.91   14.87  123.65
  123.97  149.41 0.27930D-09  1  0  0.05320  252.94  258.83 0.10313D+15  2.345    3.484    2.953   -0.003   29.389   13.10   14.87  123.97
  124.29  -13.70 0.27863D-09  1  0  0.05369  252.81  258.77 0.10328D+15  2.347    3.473    2.942   -0.068   29.334   13.11   14.89 -147.03
  124.61   73.12 0.27797D-09  1  0  0.05418  252.67  258.71 0.10344D+15  2.348    3.462    2.931   -0.134   29.279   13.12   14.91   -3.28
  124.94  100.01 0.27732D-09  1  0  0.05469  252.54  258.65 0.10361D+15  2.349    3.451    2.920   -0.201   29.222   13.13   14.94   41.03
  125.26  113.26 0.27666D-09  1  0  0.05521  252.40  258.59 0.10379D+15  2.350    3.439    2.910   -0.269   29.165   13.14   14.96   62.70
  125.58  121.24 0.27601D-09  1  0  0.05573  252.26  258.53 0.10397D+15  2.352    3.428    2.899   -0.338   29.106   13.16   14.99   75.62
  125.90  126.65 0.27536D-09  1  0  0.05627  252.12  258.47 0.10417D+15  2.353    3.417    2.888   -0.408   29.047   13.17   15.01   84.27
  126.22  130.59 0.27472D-09  1  0  0.05681  251.97  258.40 0.10437D+15  2.354    3.406    2.877   -0.480   28.987   13.18   15.04   90.49
  126.55  133.64 0.27408D-09  1  0  0.05737  251.83  258.34 0.10459D+15  2.356    3.395    2.867   -0.552   28.926   13.19   15.07   95.22
  126.87  136.09 0.27344D-09  1  0  0.05793  251.68  258.27 0.10481D+15  2.357    3.383    2.856   -0.626   28.863   13.20   15.09   98.96
  127.19  138.12 0.27280D-09  1  0  0.05851  251.53  258.21 0.10505D+15  2.358    3.372    2.845   -0.702   28.800   13.22   15.12  102.01
  127.51  139.84 0.27217D-09  1  0  0.05910  251.38  258.14 0.10529D+15  2.360    3.361    2.834   -0.778   28.736   13.23   15.15  104.56
  127.83  141.35 0.27155D-09  1  0  0.05970  251.22  258.07 0.10555D+15  2.361    3.350    2.824   -0.856   28.670   13.24   15.18  106.73
  128.16  142.68 0.27092D-09  1  0  0.06031  251.06  258.00 0.10582D+15  2.363    3.339    2.813   -0.936   28.603   13.26   15.21  108.62
  128.48  143.87 0.27030D-09  1  0  0.06093  250.90  257.93 0.10610D+15  2.364    3.328    2.802   -1.017   28.536   13.27   15.24  110.28
  128.80  144.96 0.26968D-09  1  0  0.06157  250.74  257.86 0.10640D+15  2.366    3.316    2.792   -1.099   28.467   13.29   15.27  111.76
  129.12  145.96 0.26906D-09  1  0  0.06222  250.57  257.78 0.10671D+15  2.367    3.305    2.781   -1.183   28.396   13.30   15.31  113.09
  129.44  146.88 0.26845D-09  1  0  0.06289  250.40  257.71 0.10703D+15  2.369    3.294    2.770   -1.269   28.325   13.32   15.34  114.31
  129.77  147.75 0.26784D-09  1  0  0.06356  250.23  257.63 0.10737D+15  2.370    3.283    2.760   -1.356   28.252   13.33   15.37  115.42
  130.09  148.57 0.26724D-09  1  0  0.06426  250.05  257.56 0.10772D+15  2.372    3.272    2.749   -1.445   28.178   13.35   15.41  116.45
  130.41  149.34 0.26663D-09  1  0  0.06496  249.88  257.48 0.10809D+15  2.374    3.260    2.738   -1.535   28.102   13.37   15.44  117.41
  130.73  150.07 0.26603D-09  1  0  0.06569  249.69  257.40 0.10847D+15  2.375    3.249    2.728   -1.628   28.025   13.38   15.48  118.31
  131.05  150.78 0.26544D-09  1  0  0.06643  249.51  257.32 0.10887D+15  2.377    3.238    2.717   -1.722   27.947   13.40   15.52  119.16
  131.38  151.45 0.26484D-09  1  0  0.06718  249.32  257.24 0.10929D+15  2.379    3.227    2.706   -1.818   27.867   13.42   15.56  119.96
  131.70  152.11 0.26425D-09  1  0  0.06795  249.13  257.16 0.10972D+15  2.381    3.215    2.696   -1.916   27.786   13.44   15.60  120.72
  132.02  152.74 0.26366D-09  1  0  0.06874  248.93  257.07 0.11018D+15  2.382    3.204    2.685   -2.016   27.703   13.46   15.64  121.44
  132.34  153.35 0.26308D-09  1  0  0.06955  248.73  256.99 0.11065D+15  2.384    3.193    2.674   -2.118   27.618   13.48   15.68  122.14
  132.66  153.94 0.26249D-09  1  0  0.07038  248.53  256.90 0.11115D+15  2.386    3.181    2.664   -2.222   27.531   13.50   15.73  122.80
  132.99  154.52 0.26191D-09  1  0  0.07123  248.32  256.81 0.11166D+15  2.388    3.170    2.653   -2.328   27.443   13.52   15.77  123.44
  133.31  155.09 0.26134D-09  1  0  0.07209  248.11  256.72 0.11220D+15  2.390    3.158    2.642   -2.437   27.353   13.54   15.82  124.06
  133.63  155.64 0.26076D-09  1  0  0.07298  247.89  256.62 0.11277D+15  2.392    3.147    2.631   -2.548   27.261   13.57   15.87  124.66
  133.95  156.19 0.26019D-09  1  0  0.07389  247.67  256.53 0.11335D+15  2.394    3.135    2.620   -2.661   27.168   13.59   15.92  125.24
  134.27  156.72 0.25962D-09  1  0  0.07482  247.44  256.43 0.11397D+15  2.396    3.124    2.609   -2.777   27.072   13.61   15.97  125.80
  134.60  157.25 0.25905D-09  1  0  0.07578  247.21  256.34 0.11461D+15  2.399    3.112    2.598   -2.895   26.974   13.64   16.02  126.35
  134.92  157.76 0.25849D-09  1  0  0.07676  246.97  256.24 0.11527D+15  2.401    3.100    2.587   -3.016   26.874   13.66   16.07  126.88
  135.24  158.27 0.25793D-09  1  0  0.07776  246.72  256.13 0.11597D+15  2.403    3.088    2.576   -3.140   26.772   13.69   16.13  127.41
  135.56  158.77 0.25737D-09  1  0  0.07879  246.47  256.03 0.11670D+15  2.406    3.076    2.565   -3.267   26.668   13.72   16.19  127.92
  135.88  159.27 0.25682D-09  1  0  0.07985  246.22  255.92 0.11746D+15  2.408    3.064    2.554   -3.396   26.561   13.75   16.25  128.42
  136.21  159.76 0.25626D-09  1  0  0.08094  245.96  255.81 0.11826D+15  2.410    3.052    2.543   -3.529   26.452   13.77   16.31  128.91
  136.53  160.24 0.25571D-09  1  0  0.08205  245.69  255.70 0.11909D+15  2.413    3.040    2.532   -3.664   26.341   13.80   16.37  129.39
  136.85  160.72 0.25517D-09  1  0  0.08320  245.41  255.59 0.11996D+15  2.416    3.028    2.520   -3.803   26.226   13.83   16.44  129.86
  137.17  161.19 0.25462D-09  1  0  0.08438  245.13  255.47 0.12087D+15  2.418    3.016    2.509   -3.945   26.110   13.87   16.51  130.32
  137.49  161.66 0.25408D-09  1  0  0.08559  244.84  255.35 0.12182D+15  2.421    3.003    2.498   -4.091   25.990   13.90   16.58  130.78
  137.82  162.12 0.25354D-09  1  0  0.08684  244.54  255.23 0.12282D+15  2.424    2.991    2.486   -4.240   25.868   13.93   16.65  131.23
  138.14  162.59 0.25300D-09  1  0  0.08812  244.23  255.11 0.12386D+15  2.427    2.978    2.474   -4.393   25.742   13.97   16.72  131.67
  138.46  163.04 0.25247D-09  1  0  0.08944  243.91  254.98 0.12495D+15  2.430    2.965    2.463   -4.549   25.614   14.00   16.80  132.11
  138.78  163.50 0.25193D-09  1  0  0.09080  243.59  254.85 0.12610D+15  2.433    2.953    2.451   -4.710   25.482   14.04   16.88  132.54
  139.10  163.95 0.25141D-09  1  0  0.09220  243.25  254.72 0.12730D+15  2.436    2.939    2.439   -4.874   25.347   14.08   16.97  132.96
  139.43  164.39 0.25088D-09  1  0  0.09365  242.91  254.58 0.12856D+15  2.440    2.926    2.427   -5.043   25.209   14.12   17.06  133.38
  139.75  164.84 0.25035D-09  1  0  0.09514  242.55  254.44 0.12989D+15  2.443    2.913    2.415   -5.217   25.067   14.16   17.15  133.80
  140.07  165.28 0.24983D-09  1  0  0.09667  242.18  254.30 0.13128D+15  2.447    2.899    2.402   -5.395   24.922   14.20   17.24  134.21
  140.39  165.72 0.24931D-09  1  0  0.09826  241.80  254.15 0.13274D+15  2.451    2.886    2.390   -5.577   24.773   14.25   17.34  134.61
  140.71  166.15 0.24879D-09  1  0  0.09990  241.41  254.00 0.13428D+15  2.454    2.872    2.377   -5.765   24.619   14.29   17.45  135.01
  141.04  166.59 0.24828D-09  1  0  0.10160  241.00  253.84 0.13590D+15  2.458    2.858    2.364   -5.958   24.462   14.34   17.55  135.41
  141.36  167.02 0.24776D-09  1  0  0.10335  240.58  253.69 0.13761D+15  2.463    2.843    2.352   -6.155   24.301   14.39   17.67  135.80
  141.68  167.44 0.24725D-09  1  0  0.10516  240.14  253.52 0.13940D+15  2.467    2.829    2.338   -6.359   24.135   14.44   17.78  136.19
  142.00  167.87 0.24675D-09  1  0  0.10704  239.69  253.35 0.14130D+15  2.471    2.814    2.325   -6.568   23.964   14.49   17.91  136.57
  142.32  168.29 0.24624D-09  1  0  0.10898  239.22  253.18 0.14330D+15  2.476    2.799    2.311   -6.783   23.789   14.55   18.03  136.95
  142.65  168.71 0.24574D-09  1  0  0.11100  238.74  253.00 0.14542D+15  2.481    2.783    2.298   -7.004   23.609   14.60   18.17  137.33
  142.97  169.13 0.24523D-09  1  0  0.11309  238.23  252.82 0.14765D+15  2.486    2.767    2.284   -7.232   23.424   14.66   18.31  137.70
  143.29  169.55 0.24474D-09  1  0  0.11526  237.70  252.63 0.15002D+15  2.491    2.751    2.269   -7.466   23.233   14.72   18.46  138.07
  143.61  169.96 0.24424D-09  1  0  0.11751  237.15  252.43 0.15253D+15  2.497    2.735    2.255   -7.707   23.038   14.78   18.61  138.44
  143.93  170.38 0.24374D-09  1  0  0.11985  236.58  252.23 0.15519D+15  2.503    2.718    2.240   -7.955   22.836   14.85   18.77  138.80
  144.26  170.79 0.24325D-09  1  0  0.12229  235.99  252.03 0.15801D+15  2.509    2.701    2.224   -8.211   22.628   14.92   18.94  139.16
  144.58  171.19 0.24276D-09  1  0  0.12483  235.36  251.81 0.16100D+15  2.515    2.683    2.209   -8.474   22.414   14.99   19.12  139.51
  144.90  171.60 0.24227D-09  1  0  0.12747  234.71  251.59 0.16419D+15  2.522    2.665    2.193   -8.746   22.194   15.06   19.31  139.86
  145.22  172.00 0.24179D-09  1  0  0.13022  234.03  251.36 0.16759D+15  2.529    2.646    2.176   -9.025   21.968   15.13   19.51  140.21
  145.54  172.40 0.24130D-09  1  0  0.13310  233.31  251.13 0.17121D+15  2.537    2.626    2.159   -9.314   21.734   15.21   19.73  140.55
  145.87  172.80 0.24082D-09  1  0  0.13610  232.56  250.89 0.17507D+15  2.544    2.606    2.142   -9.611   21.493   15.29   19.95  140.89
  146.19  173.20 0.24034D-09  1  0  0.13925  231.77  250.63 0.17919D+15  2.553    2.586    2.124   -9.917   21.245   15.37   20.19  141.23
  146.51  173.59 0.23987D-09  1  0  0.14253  230.94  250.37 0.18361D+15  2.562    2.564    2.106  -10.233   20.990   15.46   20.44  141.56
  146.83  173.98 0.23939D-09  1  0  0.14598  230.07  250.10 0.18833D+15  2.571    2.542    2.086  -10.559   20.726   15.55   20.71  141.88
  147.15  174.36 0.23892D-09  1  0  0.14960  229.14  249.83 0.19340D+15  2.581    2.519    2.067  -10.894   20.455   15.64   20.99  142.20
  147.48  174.75 0.23845D-09  1  0  0.15339  228.16  249.54 0.19884D+15  2.592    2.495    2.046  -11.241   20.175   15.73   21.30  142.51
  147.80  175.13 0.23798D-09  1  0  0.15738  227.13  249.24 0.20468D+15  2.603    2.470    2.025  -11.598   19.886   15.83   21.62  142.82
  148.12  175.50 0.23751D-09  1  0  0.16159  226.03  248.93 0.21097D+15  2.615    2.444    2.002  -11.966   19.589   15.93   21.97  143.13
  148.44  175.88 0.23705D-09  1  0  0.16602  224.86  248.61 0.21774D+15  2.628    2.417    1.979  -12.345   19.283   16.02   22.34  143.42
  148.76  176.24 0.23658D-09  1  0  0.17070  223.61  248.28 0.22503D+15  2.643    2.388    1.954  -12.736   18.968   16.12   22.73  143.71
  149.09  176.61 0.23612D-09  1  0  0.17565  222.28  247.94 0.23289D+15  2.658    2.358    1.929  -13.139   18.643   16.22   23.16  143.99
  149.41  176.96 0.23566D-09  1  0  0.18090  220.85  247.59 0.24137D+15  2.674    2.326    1.902  -13.553   18.309   16.32   23.62  144.26
  149.73  177.32 0.23521D-09  1  0  0.18646  219.33  247.22 0.25052D+15  2.692    2.292    1.873  -13.978   17.967   16.42   24.11  144.52
  150.05  177.66 0.23475D-09  1  0  0.19237  217.68  246.85 0.26039D+15  2.712    2.256    1.843  -14.415   17.615   16.52   24.64  144.77
  150.37  181.23 0.23430D-09  0  0  0.19867  215.91  246.46 0.27101D+15  2.733    2.218    1.811  -14.565   17.498  150.37  150.37  150.37
  150.70  181.62 0.23385D-09  0  0  0.20539  214.00  246.07 0.28243D+15  2.757    2.177    1.777  -14.611   17.466  150.70  150.70  150.70
  151.02  182.00 0.23340D-09  0  0  0.21258  211.92  245.67 0.29466D+15  2.783    2.133    1.740  -14.660   17.432  151.02  151.02  151.02
  151.34  182.39 0.23295D-09  0  0  0.22029  209.66  245.26 0.30770D+15  2.812    2.086    1.701  -14.712   17.395  151.34  151.34  151.34
  151.66  182.78 0.23251D-09  0  0  0.22857  207.19  244.84 0.32149D+15  2.844    2.035    1.659  -14.767   17.355  151.66  151.66  151.66
  151.98  183.17 0.23207D-09  0  0  0.23749  204.48  244.43 0.33590D+15  2.880    1.980    1.613  -14.827   17.311  151.98  151.98  151.98
  152.31  183.56 0.23162D-09  0  0  0.24714  201.50  244.03 0.35072D+15  2.921    1.920    1.564  -14.892   17.264  152.31  152.31  152.31
  152.63  183.94 0.23118D-09  0  0  0.25760  198.21  243.64 0.36553D+15  2.968    1.854    1.509  -14.963   17.212  152.63  152.63  152.63
  152.95  184.33 0.23075D-09  0  0  0.26897  194.55  243.28 0.37970D+15  3.022    1.782    1.450  -15.041   17.154  152.95  152.95  152.95
  153.27  184.72 0.23031D-09  0  0  0.28139  190.46  242.97 0.39222D+15  3.085    1.702    1.384  -15.126   17.091  153.27  153.27  153.27
  153.59  185.11 0.22988D-09  0  0  0.29501  185.87  242.72 0.40157D+15  3.158    1.612    1.311  -15.220   17.019  153.59  153.59  153.59
  153.92  185.50 0.22945D-09  0  0  0.31000  180.68  242.60 0.40549D+15  3.246    1.512    1.229  -15.325   16.940  153.92  153.92  153.92
  154.24  185.89 0.22902D-09  0  0  0.32100  176.79  242.61 0.40274D+15  3.315    1.436    1.167  -15.406   16.880  154.24  154.24  154.24
  154.56  186.27 0.22859D-09  0  0  0.32100  176.79  242.60 0.40050D+15  3.315    1.434    1.164  -15.414   16.880  154.56  154.56  154.56
  154.88  186.66 0.22816D-09  0  0  0.32100  176.80  242.60 0.39828D+15  3.315    1.431    1.161  -15.421   16.879  154.88  154.88  154.88
  155.20  187.05 0.22774D-09  0  0  0.32100  176.81  242.60 0.39606D+15  3.315    1.429    1.159  -15.429   16.879  155.20  155.20  155.20
  155.53  187.44 0.22731D-09  0  0  0.32100  176.81  242.60 0.39387D+15  3.315    1.426    1.156  -15.436   16.878  155.53  155.53  155.53
  155.85  187.83 0.22689D-09  0  0  0.32100  176.82  242.59 0.39168D+15  3.315    1.424    1.154  -15.444   16.878  155.85  155.85  155.85
  156.17  188.21 0.22647D-09  0  0  0.32100  176.82  242.59 0.38951D+15  3.315    1.421    1.151  -15.451   16.878  156.17  156.17  156.17
  156.49  188.60 0.22605D-09  0  0  0.32100  176.83  242.59 0.38735D+15  3.315    1.419    1.148  -15.458   16.877  156.49  156.49  156.49
  156.81  188.99 0.22564D-09  0  0  0.32100  176.83  242.59 0.38521D+15  3.315    1.416    1.146  -15.466   16.877  156.81  156.81  156.81
  157.14  189.38 0.22522D-09  0  0  0.32100  176.84  242.58 0.38307D+15  3.315    1.414    1.143  -15.473   16.877  157.14  157.14  157.14
  157.46  189.77 0.22481D-09  0  0  0.32100  176.85  242.58 0.38095D+15  3.315    1.411    1.141  -15.481   16.877  157.46  157.46  157.46
  157.78  190.15 0.22440D-09  0  0  0.32100  176.85  242.58 0.37885D+15  3.315    1.409    1.138  -15.488   16.876  157.78  157.78  157.78
  158.10  190.54 0.22399D-09  0  0  0.32100  176.86  242.57 0.37675D+15  3.315    1.406    1.136  -15.496   16.876  158.10  158.10  158.10
  158.42  190.93 0.22358D-09  0  0  0.32100  176.86  242.57 0.37467D+15  3.314    1.404    1.133  -15.503   16.876  158.42  158.42  158.42
  158.75  191.32 0.22318D-09  0  0  0.32100  176.87  242.56 0.37261D+15  3.314    1.402    1.131  -15.511   16.876  158.75  158.75  158.75
  159.07  191.71 0.22277D-09  0  0  0.32100  176.88  242.56 0.37055D+15  3.314    1.399    1.129  -15.518   16.875  159.07  159.07  159.07
  159.39  192.09 0.22237D-09  0  0  0.32100  176.88  242.56 0.36851D+15  3.314    1.397    1.126  -15.525   16.875  159.39  159.39  159.39
  159.71  192.48 0.22197D-09  0  0  0.32100  176.89  242.55 0.36648D+15  3.314    1.394    1.124  -15.533   16.875  159.71  159.71  159.71
  160.03  192.87 0.22157D-09  0  0  0.32100  176.89  242.55 0.36446D+15  3.314    1.392    1.121  -15.540   16.875  160.03  160.03  160.03
  160.36  193.26 0.22117D-09  0  0  0.32100  176.90  242.54 0.36245D+15  3.314    1.390    1.119  -15.547   16.875  160.36  160.36  160.36
  160.68  193.65 0.22078D-09  0  0  0.32100  176.90  242.54 0.36046D+15  3.314    1.387    1.116  -15.555   16.874  160.68  160.68  160.68
  161.00  194.03 0.22038D-09  0  0  0.32100  176.91  242.53 0.35847D+15  3.314    1.385    1.114  -15.562   16.874  161.00  161.00  161.00
