R_tot = 1561.0 R_core =  1400.0  Tsurf =   100.00  g =  1.310
     Pint       etaref      pCLA conv P(MPa)   zbot     %vol    Tbot     Tm      TH2O      Fbot     Ftop     dlid   T_core
 0.00000D+00 0.32000D+14   0.0300  1  146.04  122.115  0.10298  244.83  234.25  259.38   14.598   12.403   25.50  1500.05
 0.12500D+11 0.32000D+14   0.0300  1  146.21  122.228  0.10330  244.74  234.52  259.36   14.600   12.811   26.48  1500.07
 0.25000D+11 0.32000D+14   0.0300  1  145.65  121.734  0.10191  245.12  235.19  259.43   14.590   13.219   25.74  1500.13
 0.37500D+11 0.32000D+14   0.0300  1  145.07  121.229  0.10054  245.49  235.85  259.50   14.580   13.628   25.04  1500.20
 0.50000D+11 0.32000D+14   0.0300  1  144.47  120.713  0.09916  245.86  236.50  259.58   14.569   14.036   24.39  1500.26
 0.62500D+11 0.32000D+14   0.0300  1  143.87  120.186  0.09780  246.23  237.13  259.65   14.559   14.444   23.77  1500.32
 0.75000D+11 0.32000D+14   0.0300  1  143.25  119.648  0.09645  246.60  237.75  259.72   14.548   14.853   23.18  1500.38
 0.87500D+11 0.32000D+14   0.0300  1  142.61  119.099  0.09510  246.97  238.35  259.80   14.537   15.261   22.62  1500.44
 0.10000D+12 0.32000D+14   0.0300  1  141.96  118.539  0.09377  247.33  238.95  259.88   14.526   15.669   22.10  1500.50
 0.11250D+12 0.32000D+14   0.0300  1  141.29  117.968  0.09244  247.69  239.53  259.96   14.515   16.078   21.60  1500.56
 0.12500D+12 0.32000D+14   0.0300  1  140.61  117.386  0.09113  248.05  240.10  260.04   14.503   16.486   21.12  1500.62
 0.13750D+12 0.32000D+14   0.0300  1  139.92  116.792  0.08983  248.41  240.65  260.12   14.491   16.894   20.67  1500.67
 0.15000D+12 0.32000D+14   0.0300  1  139.21  116.187  0.08854  248.76  241.20  260.20   14.479   17.303   20.24  1500.73
 0.16250D+12 0.32000D+14   0.0300  1  138.49  115.571  0.08726  249.12  241.74  260.28   14.467   17.711   19.83  1500.79
 0.17500D+12 0.32000D+14   0.0300  1  137.75  114.942  0.08599  249.47  242.27  260.37   14.455   18.119   19.44  1500.84
 0.18750D+12 0.32000D+14   0.0300  1  136.99  114.302  0.08474  249.82  242.79  260.46   14.442   18.528   19.06  1500.90
 0.20000D+12 0.32000D+14   0.0300  1  136.23  113.650  0.08349  250.16  243.30  260.54   14.429   18.936   18.70  1500.95
 0.21250D+12 0.32000D+14   0.0300  1  135.44  112.985  0.08226  250.50  243.81  260.63   14.416   19.344   18.36  1501.01
 0.22500D+12 0.32000D+14   0.0300  1  134.64  112.308  0.08105  250.84  244.30  260.73   14.403   19.753   18.02  1501.06
 0.23750D+12 0.32000D+14   0.0300  1  133.83  111.618  0.07984  251.18  244.79  260.82   14.389   20.161   17.71  1501.11
 0.25000D+12 0.32000D+14   0.0300  1  132.99  110.916  0.07865  251.52  245.27  260.91   14.375   20.569   17.40  1501.16
 0.26250D+12 0.32000D+14   0.0300  1  132.15  110.200  0.07747  251.85  245.75  261.01   14.361   20.978   17.11  1501.21
 0.27500D+12 0.32000D+14   0.0300  1  131.28  109.471  0.07630  252.18  246.21  261.10   14.347   21.386   16.83  1501.26
 0.28750D+12 0.32000D+14   0.0300  1  130.40  108.729  0.07515  252.51  246.67  261.20   14.332   21.794   16.56  1501.31
 0.30000D+12 0.32000D+14   0.0300  1  129.50  107.973  0.07401  252.84  247.13  261.30   14.318   22.203   16.30  1501.36
 0.31250D+12 0.32000D+14   0.0300  1  128.59  107.204  0.07288  253.16  247.58  261.40   14.303   22.611   16.04  1501.41
 0.32500D+12 0.32000D+14   0.0300  1  127.66  106.420  0.07177  253.48  248.02  261.51   14.288   23.020   15.80  1501.46
 0.33750D+12 0.32000D+14   0.0300  1  126.71  105.623  0.07067  253.80  248.45  261.61   14.272   23.428   15.57  1501.51
 0.35000D+12 0.32000D+14   0.0300  1  125.74  104.811  0.06958  254.12  248.89  261.72   14.256   23.836   15.34  1501.56
 0.36250D+12 0.32000D+14   0.0300  1  124.76  103.984  0.06850  254.44  249.31  261.83   14.240   24.245   15.12  1501.61
 0.37500D+12 0.32000D+14   0.0300  1  123.75  103.143  0.06744  254.75  249.73  261.93   14.224   24.653   14.91  1501.65
 0.38750D+12 0.32000D+14   0.0300  1  122.73  102.287  0.06640  255.06  250.15  262.05   14.208   25.061   14.71  1501.70
 0.40000D+12 0.32000D+14   0.0300  1  121.69  101.416  0.06536  255.37  250.56  262.16   14.191   25.470   14.51  1501.75
 0.41250D+12 0.32000D+14   0.0300  1  120.64  100.530  0.06434  255.68  250.96  262.27   14.174   25.878   14.32  1501.79
 0.42500D+12 0.32000D+14   0.0300  1  119.56   99.629  0.06333  255.99  251.36  262.39   14.156   26.287   14.13  1501.84
 0.43750D+12 0.32000D+14   0.0300  1  118.47   98.712  0.06234  256.29  251.76  262.50   14.139   26.695   13.95  1501.88
 0.45000D+12 0.32000D+14   0.0300  1  117.35   97.780  0.06136  256.59  252.15  262.62   14.121   27.103   13.77  1501.93
 0.46250D+12 0.32000D+14   0.0300  1  116.22   96.833  0.06039  256.89  252.54  262.74   14.103   27.512   13.60  1501.97
 0.47500D+12 0.32000D+14   0.0300  1  115.07   95.871  0.05944  257.19  252.92  262.86   14.085   27.920   13.44  1502.01
 0.48750D+12 0.32000D+14   0.0300  1  113.90   94.892  0.05850  257.48  253.30  262.99   14.066   28.329   13.28  1502.06
 0.50000D+12 0.32000D+14   0.0300  1  112.71   93.899  0.05757  257.78  253.67  263.11   14.047   28.737   13.12  1502.10
 0.51250D+12 0.32000D+14   0.0300  1  111.50   92.890  0.05666  258.07  254.04  263.24   14.028   29.145   12.97  1502.14
 0.52500D+12 0.32000D+14   0.0300  1  110.27   91.865  0.05576  258.36  254.41  263.36   14.009   29.554   12.83  1502.19
 0.53750D+12 0.32000D+14   0.0300  1  109.03   90.826  0.05488  258.65  254.77  263.49   13.989   29.962   12.68  1502.23
 0.55000D+12 0.32000D+14   0.0300  1  107.76   89.771  0.05401  258.93  255.13  263.62   13.969   30.370   12.54  1502.27
 0.56250D+12 0.32000D+14   0.0300  1  106.48   88.701  0.05316  259.21  255.48  263.75   13.949   30.779   12.41  1502.31
 0.57500D+12 0.32000D+14   0.0300  1  105.18   87.616  0.05231  259.49  255.83  263.89   13.929   31.187   12.28  1502.35
 0.58750D+12 0.32000D+14   0.0300  1  103.87   86.517  0.05149  259.77  256.18  264.02   13.908   31.596   12.15  1502.39
 0.60000D+12 0.32000D+14   0.0300  1  102.53   85.404  0.05068  260.05  256.52  264.15   13.887   32.004   12.02  1502.43
 0.61250D+12 0.32000D+14   0.0300  1  101.18   84.277  0.04988  260.32  256.85  264.29   13.866   32.412   11.90  1502.47
 0.62500D+12 0.32000D+14   0.0300  1   99.81   83.136  0.04909  260.60  257.19  264.43   13.845   32.821   11.78  1502.51
 0.63750D+12 0.32000D+14   0.0300  1   98.43   81.982  0.04832  260.87  257.52  264.57   13.824   33.229   11.67  1502.55
 0.65000D+12 0.32000D+14   0.0300  1   97.02   80.816  0.04757  261.13  257.84  264.71   13.802   33.637   11.55  1502.59
 0.66250D+12 0.32000D+14   0.0300  1   95.61   79.637  0.04683  261.40  258.16  264.85   13.780   34.046   11.44  1502.63
 0.67500D+12 0.32000D+14   0.0300  1   94.18   78.446  0.04610  261.66  258.48  264.99   13.758   34.454   11.33  1502.67
 0.68750D+12 0.32000D+14   0.0300  1   92.74   77.245  0.04539  261.92  258.79  265.13   13.736   34.862   11.23  1502.71
 0.70000D+12 0.32000D+14   0.0300  1   91.28   76.033  0.04470  262.18  259.10  265.27   13.714   35.271   11.12  1502.75
 0.71250D+12 0.32000D+14   0.0300  1   89.82   74.811  0.04401  262.43  259.40  265.41   13.691   35.679   11.02  1502.78
 0.72500D+12 0.32000D+14   0.0300  1   88.34   73.580  0.04335  262.68  259.70  265.56   13.669   36.087   10.92  1502.82
 0.73750D+12 0.32000D+14   0.0300  1   86.85   72.341  0.04269  262.93  260.00  265.70   13.646   36.496   10.83  1502.86
 0.75000D+12 0.32000D+14   0.0300  1   85.35   71.095  0.04206  263.18  260.29  265.84   13.623   36.904   10.73  1502.90
 0.76250D+12 0.32000D+14   0.0300  1   83.85   69.842  0.04143  263.42  260.58  265.99   13.601   37.312   10.64  1502.93
 0.77500D+12 0.32000D+14   0.0300  1   82.33   68.584  0.04082  263.66  260.86  266.13   13.578   37.721   10.55  1502.97
 0.78750D+12 0.32000D+14   0.0300  1   80.82   67.321  0.04023  263.90  261.14  266.27   13.555   38.129   10.46  1503.00
 0.80000D+12 0.32000D+14   0.0300  1   79.29   66.054  0.03965  264.13  261.41  266.42   13.532   38.537   10.37  1503.04
 0.81250D+12 0.32000D+14   0.0300  1   77.77   64.784  0.03908  264.36  261.68  266.56   13.509   38.945   10.29  1503.07
 0.82500D+12 0.32000D+14   0.0300  1   76.24   63.513  0.03853  264.59  261.94  266.70   13.486   39.354   10.20  1503.11
 0.83750D+12 0.32000D+14   0.0300  1   74.71   62.241  0.03799  264.81  262.20  266.85   13.463   39.762   10.12  1503.14
 0.85000D+12 0.32000D+14   0.0300  1   73.18   60.970  0.03747  265.03  262.46  266.99   13.440   40.170   10.04  1503.17
 0.86250D+12 0.32000D+14   0.0300  1   71.65   59.700  0.03696  265.25  262.71  267.13   13.418   40.578    9.96  1503.21
 0.87500D+12 0.32000D+14   0.0300  1   70.13   58.433  0.03647  265.46  262.95  267.27   13.395   40.986    9.88  1503.24
 0.88750D+12 0.32000D+14   0.0300  1   68.61   57.169  0.03598  265.67  263.19  267.41   13.372   41.394    9.81  1503.27
 0.90000D+12 0.32000D+14   0.0300  1   67.10   55.911  0.03552  265.88  263.43  267.54   13.350   41.803    9.73  1503.30
 0.91250D+12 0.32000D+14   0.0300  1   65.59   54.658  0.03506  266.08  263.66  267.68   13.328   42.211    9.66  1503.34
 0.92500D+12 0.32000D+14   0.0300  1   64.09   53.412  0.03462  266.28  263.88  267.82   13.306   42.619    9.58  1503.37
 0.93750D+12 0.32000D+14   0.0300  1   62.60   52.175  0.03419  266.47  264.11  267.95   13.284   43.027    9.51  1503.40
 0.95000D+12 0.32000D+14   0.0300  1   61.12   50.947  0.03378  266.66  264.32  268.08   13.262   43.435    9.44  1503.43
 0.96250D+12 0.32000D+14   0.0300  1   59.66   49.728  0.03337  266.85  264.53  268.21   13.241   43.843    9.37  1503.46
 0.97500D+12 0.32000D+14   0.0300  1   58.21   48.521  0.03298  267.03  264.74  268.34   13.219   44.251    9.30  1503.49
 0.98750D+12 0.32000D+14   0.0300  1   56.77   47.327  0.03261  267.21  264.94  268.47   13.198   44.660    9.23  1503.51
 0.10000D+13 0.32000D+14   0.0300  1   55.35   46.145  0.03224  267.39  265.13  268.60   13.178   45.068    9.17  1503.54
 0.10125D+13 0.32000D+14   0.0300  1   53.94   44.977  0.03188  267.56  265.32  268.72   13.157   45.476    9.10  1503.57
 0.10250D+13 0.32000D+14   0.0300  1   52.55   43.824  0.03154  267.72  265.51  268.84   13.137   45.884    9.04  1503.60
 0.10375D+13 0.32000D+14   0.0300  1   51.18   42.687  0.03121  267.89  265.69  268.96   13.117   46.292    8.97  1503.63
 0.10500D+13 0.32000D+14   0.0300  1   49.83   41.565  0.03089  268.05  265.87  269.08   13.098   46.700    8.91  1503.65
 0.10625D+13 0.32000D+14   0.0300  1   48.50   40.461  0.03058  268.20  266.04  269.19   13.078   47.108    8.85  1503.68
 0.10750D+13 0.32000D+14   0.0300  1   47.20   39.375  0.03028  268.35  266.21  269.30   13.060   47.516    8.78  1503.70
 0.10875D+13 0.32000D+14   0.0300  1   45.91   38.306  0.02999  268.50  266.37  269.42   13.041   47.924    8.72  1503.73
 0.11000D+13 0.32000D+14   0.0300  1   44.65   37.257  0.02971  268.64  266.52  269.52   13.023   48.332    8.66  1503.75
 0.11125D+13 0.32000D+14   0.0300  1   43.41   36.226  0.02944  268.78  266.68  269.63   13.005   48.740    8.60  1503.78
 0.11250D+13 0.32000D+14   0.0300  1   42.19   35.215  0.02918  268.92  266.82  269.73   12.988   49.148    8.54  1503.80
 0.11375D+13 0.32000D+14   0.0300  1   41.00   34.224  0.02893  269.05  266.97  269.83   12.971   49.556    8.49  1503.82
 0.11500D+13 0.32000D+14   0.0300  1   39.83   33.253  0.02869  269.18  267.11  269.93   12.954   49.964    8.43  1503.84
 0.11625D+13 0.32000D+14   0.0300  1   38.68   32.303  0.02846  269.30  267.24  270.03   12.938   50.372    8.37  1503.87
 0.11750D+13 0.32000D+14   0.0300  1   37.56   31.373  0.02823  269.42  267.37  270.12   12.922   50.780    8.32  1503.89
 0.11875D+13 0.32000D+14   0.0300  1   36.47   30.463  0.02802  269.54  267.50  270.22   12.906   51.188    8.26  1503.91
 0.12000D+13 0.32000D+14   0.0300  1   35.40   29.575  0.02781  269.66  267.62  270.31   12.891   51.596    8.20  1503.93
 0.12125D+13 0.32000D+14   0.0300  1   34.35   28.708  0.02761  269.77  267.74  270.39   12.876   52.004    8.15  1503.95
 0.12250D+13 0.32000D+14   0.0300  1   33.33   27.861  0.02741  269.87  267.85  270.48   12.862   52.412    8.10  1503.97
 0.12375D+13 0.32000D+14   0.0300  1   32.34   27.035  0.02723  269.98  267.96  270.56   12.848   52.820    8.04  1503.99
 0.12500D+13 0.32000D+14   0.0300  1   31.37   26.230  0.02705  270.08  268.07  270.64   12.834   53.228    7.99  1504.01
 0.12625D+13 0.32000D+14   0.0300  1   30.42   25.446  0.02688  270.18  268.17  270.72   12.821   53.636    7.94  1504.02
 0.12750D+13 0.32000D+14   0.0300  1   29.50   24.682  0.02671  270.27  268.27  270.80   12.808   54.044    7.89  1504.04
 0.12875D+13 0.32000D+14   0.0300  1   28.61   23.938  0.02655  270.36  268.36  270.87   12.795   54.452    7.84  1504.06
 0.13000D+13 0.32000D+14   0.0300  1   27.73   23.214  0.02639  270.45  268.46  270.94   12.783   54.860    7.78  1504.07
 0.13125D+13 0.32000D+14   0.0300  1   26.89   22.511  0.02625  270.54  268.55  271.01   12.771   55.268    7.73  1504.09
 0.13250D+13 0.32000D+14   0.0300  1   26.06   21.826  0.02610  270.62  268.63  271.08   12.759   55.676    7.68  1504.11
 0.13375D+13 0.32000D+14   0.0300  1   25.26   21.161  0.02597  270.70  268.71  271.14   12.748   56.084    7.64  1504.12
 0.13500D+13 0.32000D+14   0.0300  1   24.48   20.515  0.02583  270.78  268.79  271.21   12.737   56.492    7.59  1504.14
 0.13625D+13 0.32000D+14   0.0300  1   23.72   19.887  0.02571  270.85  268.87  271.27   12.727   56.900    7.54  1504.15
 0.13750D+13 0.32000D+14   0.0300  1   22.99   19.278  0.02558  270.92  268.94  271.33   12.716   57.309    7.49  1504.16
 0.13875D+13 0.32000D+14   0.0300  1   22.28   18.686  0.02547  270.99  269.01  271.38   12.707   57.717    7.44  1504.18
 0.14000D+13 0.32000D+14   0.0300  1   21.58   18.112  0.02535  271.06  269.08  271.44   12.697   58.125    7.40  1504.19
 0.14125D+13 0.32000D+14   0.0300  1   20.91   17.556  0.02524  271.13  269.15  271.50   12.688   58.533    7.35  1504.20
 0.14250D+13 0.32000D+14   0.0300  1   20.26   17.016  0.02514  271.19  269.21  271.55   12.679   58.941    7.31  1504.22
 0.14375D+13 0.32000D+14   0.0300  1   19.63   16.492  0.02504  271.25  269.27  271.60   12.670   59.349    7.26  1504.23
 0.14500D+13 0.32000D+14   0.0300  1   19.02   15.984  0.02494  271.31  269.33  271.65   12.661   59.757    7.22  1504.24
 0.14625D+13 0.32000D+14   0.0300  1   18.43   15.493  0.02485  271.37  269.38  271.69   12.653   60.165    7.17  1504.25
 0.14750D+13 0.32000D+14   0.0300  1   17.85   15.016  0.02476  271.42  269.44  271.74   12.645   60.573    7.13  1504.26
 0.14875D+13 0.32000D+14   0.0300  1   17.29   14.554  0.02467  271.47  269.49  271.79   12.638   60.981    7.08  1504.27
 0.15000D+13 0.32000D+14   0.0300  1   16.75   14.107  0.02459  271.53  269.54  271.83   12.630   61.389    7.04  1504.28
 0.15125D+13 0.32000D+14   0.0300  1   16.23   13.673  0.02451  271.58  269.58  271.87   12.623   61.797    7.00  1504.29
 0.15250D+13 0.32000D+14   0.0300  1   15.73   13.254  0.02443  271.62  269.63  271.91   12.616   62.205    6.96  1504.30
 0.15375D+13 0.32000D+14   0.0300  1   15.24   12.847  0.02436  271.67  269.67  271.95   12.609   62.614    6.92  1504.31
 0.15500D+13 0.32000D+14   0.0300  1   14.76   12.454  0.02428  271.71  269.71  271.99   12.603   63.022    6.87  1504.32
 0.15625D+13 0.32000D+14   0.0300  1   14.30   12.073  0.02421  271.76  269.75  272.02   12.596   63.430    6.83  1504.33
 0.15750D+13 0.32000D+14   0.0300  1   13.86   11.704  0.02415  271.80  269.79  272.06   12.590   63.838    6.79  1504.34
 0.15875D+13 0.32000D+14   0.0300  0   13.99   11.610  0.02413  271.81  269.84  272.07   12.584   64.241   11.61  1504.34
 0.16000D+13 0.32000D+14   0.0300  0   13.92   11.549  0.02412  271.82  269.90  272.07   12.583   64.649   11.55  1504.35
 0.16125D+13 0.32000D+14   0.0300  0   13.84   11.489  0.02411  271.82  269.96  272.08   12.582   65.058   11.49  1504.35
 0.16250D+13 0.32000D+14   0.0300  0   13.77   11.430  0.02410  271.83  270.01  272.09   12.581   65.466   11.43  1504.36
 0.16375D+13 0.32000D+14   0.0300  0   13.70   11.371  0.02409  271.84  270.07  272.09   12.580   65.874   11.37  1504.37
 0.16500D+13 0.32000D+14   0.0300  0   13.63   11.313  0.02408  271.84  270.12  272.10   12.579   66.282   11.31  1504.37
 0.16625D+13 0.32000D+14   0.0300  0   13.56   11.255  0.02407  271.85  270.18  272.10   12.578   66.690   11.25  1504.38
 0.16750D+13 0.32000D+14   0.0300  0   13.49   11.198  0.02406  271.86  270.23  272.11   12.577   67.099   11.20  1504.38
 0.16875D+13 0.32000D+14   0.0300  0   13.43   11.141  0.02405  271.86  270.29  272.11   12.576   67.507   11.14  1504.38
 0.17000D+13 0.32000D+14   0.0300  0   13.36   11.085  0.02404  271.87  270.34  272.12   12.575   67.915   11.09  1504.39
 0.17125D+13 0.32000D+14   0.0300  0   13.29   11.030  0.02403  271.87  270.40  272.12   12.574   68.323   11.03  1504.39
 0.17250D+13 0.32000D+14   0.0300  0   13.22   10.975  0.02402  271.88  270.45  272.13   12.573   68.732   10.98  1504.39
 0.17375D+13 0.32000D+14   0.0300  0   13.16   10.921  0.02401  271.89  270.50  272.13   12.572   69.140   10.92  1504.40
 0.17500D+13 0.32000D+14   0.0300  0   13.09   10.867  0.02400  271.89  270.56  272.14   12.572   69.548   10.87  1504.40
 0.17625D+13 0.32000D+14   0.0300  0   13.03   10.814  0.02399  271.90  270.61  272.14   12.571   69.956   10.81  1504.40
 0.17750D+13 0.32000D+14   0.0300  0   12.97   10.761  0.02398  271.90  270.66  272.15   12.570   70.364   10.76  1504.40
 0.17875D+13 0.32000D+14   0.0300  0   12.90   10.709  0.02397  271.91  270.72  272.15   12.569   70.773   10.71  1504.41
 0.18000D+13 0.32000D+14   0.0300  0   12.84   10.657  0.02396  271.92  270.77  272.16   12.568   71.181   10.66  1504.41
 0.18125D+13 0.32000D+14   0.0300  0   12.78   10.606  0.02395  271.92  270.82  272.16   12.567   71.589   10.61  1504.41
 0.18250D+13 0.32000D+14   0.0300  0   12.72   10.556  0.02394  271.93  270.87  272.17   12.567   71.997   10.56  1504.41
 0.18375D+13 0.32000D+14   0.0300  0   12.66   10.505  0.02393  271.93  270.92  272.17   12.566   72.405   10.51  1504.42
 0.18500D+13 0.32000D+14   0.0300  0   12.60   10.456  0.02392  271.94  270.97  272.18   12.565   72.814   10.46  1504.42
 0.18625D+13 0.32000D+14   0.0300  0   12.54   10.406  0.02392  271.94  271.03  272.18   12.564   73.222   10.41  1504.42
 0.18750D+13 0.32000D+14   0.0300  0   12.48   10.357  0.02391  271.95  271.08  272.19   12.563   73.630   10.36  1504.42
 0.18875D+13 0.32000D+14   0.0300  0   12.42   10.309  0.02390  271.96  271.13  272.19   12.562   74.038   10.31  1504.42
 0.19000D+13 0.32000D+14   0.0300  0   12.36   10.261  0.02389  271.96  271.18  272.20   12.562   74.447   10.26  1504.42
 0.19125D+13 0.32000D+14   0.0300  0   12.31   10.214  0.02388  271.97  271.23  272.20   12.561   74.855   10.21  1504.42
 0.19250D+13 0.32000D+14   0.0300  0   12.25   10.167  0.02387  271.97  271.28  272.21   12.560   75.263   10.17  1504.43
 0.19375D+13 0.32000D+14   0.0300  0   12.19   10.120  0.02387  271.98  271.33  272.21   12.559   75.671   10.12  1504.43
 0.19500D+13 0.32000D+14   0.0300  0   12.14   10.074  0.02386  271.98  271.38  272.21   12.559   76.079   10.07  1504.43
 0.19625D+13 0.32000D+14   0.0300  0   12.08   10.028  0.02385  271.99  271.43  272.22   12.558   76.488   10.03  1504.43
 0.19750D+13 0.32000D+14   0.0300  0   12.03    9.983  0.02384  271.99  271.48  272.22   12.557   76.896    9.98  1504.43
 0.19875D+13 0.32000D+14   0.0300  0   11.97    9.938  0.02383  272.00  271.52  272.23   12.556   77.304    9.94  1504.43
 0.20000D+13 0.32000D+14   0.0300  0   11.92    9.893  0.02383  272.00  271.57  272.23   12.556   77.712    9.89  1504.43
 0.20125D+13 0.32000D+14   0.0300  0   11.87    9.849  0.02382  272.01  271.62  272.24   12.555   78.120    9.85  1504.43
 0.20250D+13 0.32000D+14   0.0300  0   11.82    9.805  0.02381  272.01  271.67  272.24   12.554   78.529    9.81  1504.43
 0.20375D+13 0.32000D+14   0.0300  0   11.76    9.762  0.02380  272.02  271.72  272.24   12.554   78.937    9.76  1504.43
 0.20500D+13 0.32000D+14   0.0300  0   11.71    9.719  0.02380  272.02  271.77  272.25   12.553   79.345    9.72  1504.43
 0.20625D+13 0.32000D+14   0.0300  0   11.66    9.676  0.02379  272.03  271.81  272.25   12.552   79.753    9.68  1504.44
 0.20750D+13 0.32000D+14   0.0300  0   11.61    9.634  0.02378  272.03  271.86  272.26   12.551   80.162    9.63  1504.44
 0.20875D+13 0.32000D+14   0.0300  0   11.56    9.592  0.02377  272.04  271.91  272.26   12.551   80.570    9.59  1504.44
 0.21000D+13 0.32000D+14   0.0300  0   11.51    9.551  0.02377  272.04  271.96  272.26   12.550   80.978    9.55  1504.44
 0.21125D+13 0.32000D+14   0.0300  0   11.46    9.510  0.02376  272.04  272.00  272.27   12.549   81.386    9.51  1504.44
 0.21250D+13 0.32000D+14   0.0300  0   11.41    9.469  0.02375  272.05  272.05  272.27   12.549   81.794    9.47  1504.44
 0.21375D+13 0.32000D+14   0.0300  0   11.36    9.429  0.02374  272.05  272.10  272.28   12.548   82.203    9.43  1504.44
 0.21500D+13 0.32000D+14   0.0300  0   11.31    9.388  0.02374  272.06  272.14  272.28   12.547   82.611    9.39  1504.44
 0.21625D+13 0.32000D+14   0.0300  0   11.26    9.349  0.02373  272.06  272.19  272.28   12.547   83.019    9.35  1504.44
 0.21750D+13 0.32000D+14   0.0300  0   11.22    9.309  0.02372  272.07  272.24  272.29   12.546   83.427    9.31  1504.44
 0.21875D+13 0.32000D+14   0.0300  0   11.17    9.270  0.02372  272.07  272.28  272.29   12.546   83.835    9.27  1504.44
 0.22000D+13 0.32000D+14   0.0300  0   11.12    9.231  0.02371  272.08  272.33  272.29   12.545   84.244    9.23  1504.44
 0.22125D+13 0.32000D+14   0.0300  0   11.08    9.193  0.02370  272.08  272.37  272.30   12.544   84.652    9.19  1504.44
 0.22250D+13 0.32000D+14   0.0300  0   11.03    9.155  0.02370  272.08  272.42  272.30   12.544   85.060    9.15  1504.44
 0.22375D+13 0.32000D+14   0.0300  0   10.99    9.117  0.02369  272.09  272.47  272.31   12.543   85.468    9.12  1504.44
 0.22500D+13 0.32000D+14   0.0300  0   10.94    9.079  0.02368  272.09  272.51  272.31   12.542   85.877    9.08  1504.45
 0.22625D+13 0.32000D+14   0.0300  0   10.90    9.042  0.02368  272.10  267.87  272.31   12.542   86.285    9.04  1504.45
 0.22750D+13 0.32000D+14   0.0300  0   10.85    9.005  0.02367  272.10  267.91  272.32   12.541   86.693    9.01  1504.45
 0.22875D+13 0.32000D+14   0.0300  0   10.81    8.969  0.02366  272.10  267.95  272.32   12.541   87.101    8.97  1504.45
 0.23000D+13 0.32000D+14   0.0300  0   10.76    8.932  0.02366  272.11  267.99  272.32   12.540   87.509    8.93  1504.45
 0.23125D+13 0.32000D+14   0.0300  0   10.72    8.896  0.02365  272.11  268.04  272.33   12.539   87.918    8.90  1504.45
 0.23250D+13 0.32000D+14   0.0300  0   10.68    8.861  0.02365  272.12  268.08  272.33   12.539   88.326    8.86  1504.45
 0.23375D+13 0.32000D+14   0.0300  0   10.63    8.825  0.02364  272.12  268.12  272.33   12.538   88.734    8.83  1504.45
 0.23500D+13 0.32000D+14   0.0300  0   10.59    8.790  0.02363  272.12  268.16  272.34   12.538   89.142    8.79  1504.45
 0.23625D+13 0.32000D+14   0.0300  0   10.55    8.755  0.02363  272.13  268.20  272.34   12.537   89.550    8.76  1504.45
 0.23750D+13 0.32000D+14   0.0300  0   10.51    8.721  0.02362  272.13  268.24  272.34   12.537   89.959    8.72  1504.45
 0.23875D+13 0.32000D+14   0.0300  0   10.47    8.686  0.02362  272.14  268.28  272.35   12.536   90.367    8.69  1504.45
 0.24000D+13 0.32000D+14   0.0300  0   10.43    8.652  0.02361  272.14  268.32  272.35   12.535   90.775    8.65  1504.45
 0.24125D+13 0.32000D+14   0.0300  0   10.38    8.619  0.02360  272.14  268.36  272.35   12.535   91.183    8.62  1504.45
 0.24250D+13 0.32000D+14   0.0300  0   10.34    8.585  0.02360  272.15  268.40  272.36   12.534   91.592    8.59  1504.45
 0.24375D+13 0.32000D+14   0.0300  0   10.30    8.552  0.02359  272.15  268.44  272.36   12.534   92.000    8.55  1504.45
 0.24500D+13 0.32000D+14   0.0300  0   10.26    8.519  0.02359  272.15  268.49  272.36   12.533   92.408    8.52  1504.45
 0.24625D+13 0.32000D+14   0.0300  0   10.22    8.486  0.02358  272.16  268.53  272.37   12.533   92.816    8.49  1504.46
 0.24750D+13 0.32000D+14   0.0300  0   10.19    8.453  0.02358  272.16  268.57  272.37   12.532   93.224    8.45  1504.46
 0.24875D+13 0.32000D+14   0.0300  0   10.15    8.421  0.02357  272.17  268.61  272.37   12.532   93.633    8.42  1504.46
 0.25000D+13 0.32000D+14   0.0300  0   10.11    8.389  0.02356  272.17  268.65  272.37   12.531   94.041    8.39  1504.46
 0.25125D+13 0.32000D+14   0.0300  0   10.07    8.357  0.02356  272.17  268.69  272.38   12.531   94.449    8.36  1504.46
 0.25250D+13 0.32000D+14   0.0300  0   10.03    8.326  0.02355  272.18  268.73  272.38   12.530   94.857    8.33  1504.46
 0.25375D+13 0.32000D+14   0.0300  0    9.99    8.295  0.02355  272.18  268.76  272.38   12.530   95.265    8.29  1504.46
 0.25500D+13 0.32000D+14   0.0300  0    9.96    8.264  0.02354  272.18  268.80  272.39   12.529   95.674    8.26  1504.46
 0.25625D+13 0.32000D+14   0.0300  0    9.92    8.233  0.02354  272.19  268.84  272.39   12.529   96.082    8.23  1504.46
 0.25750D+13 0.32000D+14   0.0300  0    9.88    8.202  0.02353  272.19  268.88  272.39   12.528   96.490    8.20  1504.46
 0.25875D+13 0.32000D+14   0.0300  0    9.85    8.172  0.02353  272.19  268.92  272.40   12.528   96.898    8.17  1504.46
 0.26000D+13 0.32000D+14   0.0300  0    9.81    8.142  0.02352  272.20  268.96  272.40   12.527   97.307    8.14  1504.46
 0.26125D+13 0.32000D+14   0.0300  0    9.77    8.112  0.02352  272.20  269.00  272.40   12.527   97.715    8.11  1504.46
 0.26250D+13 0.32000D+14   0.0300  0    9.74    8.082  0.02351  272.20  269.04  272.40   12.526   98.123    8.08  1504.46
 0.26375D+13 0.32000D+14   0.0300  0    9.70    8.052  0.02351  272.21  269.08  272.41   12.526   98.531    8.05  1504.46
 0.26500D+13 0.32000D+14   0.0300  0    9.67    8.023  0.02350  272.21  269.12  272.41   12.525   98.939    8.02  1504.46
 0.26625D+13 0.32000D+14   0.0300  0    9.63    7.994  0.02350  272.21  269.16  272.41   12.525   99.348    7.99  1504.46
 0.26750D+13 0.32000D+14   0.0300  0    9.60    7.965  0.02349  272.22  269.19  272.41   12.524   99.756    7.97  1504.46
 0.26875D+13 0.32000D+14   0.0300  0    9.56    7.937  0.02349  272.22  269.23  272.42   12.524  100.164    7.94  1504.46
 0.27000D+13 0.32000D+14   0.0300  0    9.53    7.908  0.02348  272.22  269.27  272.42   12.523  100.572    7.91  1504.46
 0.27125D+13 0.32000D+14   0.0300  0    9.49    7.880  0.02348  272.22  269.31  272.42   12.523  100.981    7.88  1504.47
 0.27250D+13 0.32000D+14   0.0300  0    9.46    7.852  0.02347  272.23  269.35  272.43   12.522  101.389    7.85  1504.47
 0.27375D+13 0.32000D+14   0.0300  0    9.43    7.824  0.02347  272.23  269.39  272.43   12.522  101.797    7.82  1504.47
 0.27500D+13 0.32000D+14   0.0300  0    9.39    7.796  0.02346  272.23  269.42  272.43   12.522  102.205    7.80  1504.47
 0.27625D+13 0.32000D+14   0.0300  0    9.36    7.769  0.02346  272.24  269.46  272.43   12.521  102.613    7.77  1504.47
 0.27750D+13 0.32000D+14   0.0300  0    9.33    7.742  0.02345  272.24  269.50  272.44   12.521  103.022    7.74  1504.47
 0.27875D+13 0.32000D+14   0.0300  0    9.30    7.715  0.02345  272.24  269.54  272.44   12.520  103.430    7.71  1504.47
 0.28000D+13 0.32000D+14   0.0300  0    9.26    7.688  0.02344  272.25  269.58  272.44   12.520  103.838    7.69  1504.47
 0.28125D+13 0.32000D+14   0.0300  0    9.23    7.661  0.02344  272.25  269.61  272.44   12.519  104.246    7.66  1504.47
 0.28250D+13 0.32000D+14   0.0300  0    9.20    7.635  0.02344  272.25  269.65  272.45   12.519  104.654    7.63  1504.47
 0.28375D+13 0.32000D+14   0.0300  0    9.17    7.608  0.02343  272.25  269.69  272.45   12.518  105.063    7.61  1504.47
 0.28500D+13 0.32000D+14   0.0300  0    9.14    7.582  0.02343  272.26  269.73  272.45   12.518  105.471    7.58  1504.47
 0.28625D+13 0.32000D+14   0.0300  0    9.10    7.556  0.02342  272.26  269.76  272.45   12.518  105.879    7.56  1504.47
 0.28750D+13 0.32000D+14   0.0300  0    9.07    7.530  0.02342  272.26  269.80  272.46   12.517  106.287    7.53  1504.47
 0.28875D+13 0.32000D+14   0.0300  0    9.04    7.505  0.02341  272.27  269.84  272.46   12.517  106.696    7.50  1504.47
 0.29000D+13 0.32000D+14   0.0300  0    9.01    7.479  0.02341  272.27  269.87  272.46   12.516  107.104    7.48  1504.47
 0.29125D+13 0.32000D+14   0.0300  0    8.98    7.454  0.02340  272.27  269.91  272.46   12.516  107.512    7.45  1504.47
 0.29250D+13 0.32000D+14   0.0300  0    8.95    7.429  0.02340  272.27  269.95  272.47   12.516  107.920    7.43  1504.47
 0.29375D+13 0.32000D+14   0.0300  0    8.92    7.404  0.02340  272.28  269.98  272.47   12.515  108.328    7.40  1504.47
 0.29500D+13 0.32000D+14   0.0300  0    8.89    7.379  0.02339  272.28  270.02  272.47   12.515  108.737    7.38  1504.47
 0.29625D+13 0.32000D+14   0.0300  0    8.86    7.355  0.02339  272.28  270.06  272.47   12.514  109.145    7.35  1504.47
 0.29750D+13 0.32000D+14   0.0300  0    8.83    7.330  0.02338  272.29  270.09  272.47   12.514  109.553    7.33  1504.47
 0.29875D+13 0.32000D+14   0.0300  0    8.80    7.306  0.02338  272.29  270.13  272.48   12.514  109.961    7.31  1504.47
 0.30000D+13 0.32000D+14   0.0300  0    8.77    7.282  0.02338  272.29  270.17  272.48   12.513  110.370    7.28  1504.48
