R_tot = 1561.0 R_core =  1400.0  Tsurf =   100.00  g =  1.310
   zbot    P(MPa) Hint     conv melt pCLA   Tbot     Tm     etam        k   Fcond_bot Fcond_top   Fbot     Ftop    dlid z_topTBL z_botTBL
    0.00   -0.00 0.12568D-05  0  0  0.01105  273.24  261.57 0.32206D+15  2.167    0.000    0.000    0.000    0.000    0.00    0.00    0.00
    0.32    0.39 0.12570D-06  0  0  0.01108  273.21  265.81 0.20696D+15  2.167 1398.882 1398.305 1380.262 1416.922    0.32    0.32    0.32
    0.64    0.77 0.62863D-07  0  0  0.01110  273.18  266.49 0.19256D+15  2.167  699.459  698.882  680.834  717.502    0.64    0.64    0.64
    0.97    1.16 0.41917D-07  0  0  0.01113  273.15  266.92 0.18377D+15  2.168  466.317  465.740  447.687  484.363    0.97    0.97    0.97
    1.29    1.55 0.31444D-07  0  0  0.01115  273.12  267.24 0.17739D+15  2.168  349.747  349.170  331.111  367.795    1.29    1.29    1.29
    1.61    1.94 0.25161D-07  0  0  0.01118  273.08  267.50 0.17237D+15  2.168  279.804  279.227  261.164  297.855    1.61    1.61    1.61
    1.93    2.33 0.20972D-07  0  0  0.01120  273.05  267.71 0.16823D+15  2.168  233.176  232.599  214.530  251.229    1.93    1.93    1.93
    2.25    2.71 0.17979D-07  0  0  0.01123  273.02  267.89 0.16470D+15  2.169  199.870  199.293  181.219  217.926    2.25    2.25    2.25
    2.58    3.10 0.15735D-07  0  0  0.01125  272.99  268.05 0.16163D+15  2.169  174.890  174.313  156.234  192.949    2.58    2.58    2.58
    2.90    3.49 0.13990D-07  0  0  0.01128  272.96  268.19 0.15891D+15  2.169  155.462  154.885  136.801  173.523    2.90    2.90    2.90
    3.22    3.88 0.12593D-07  0  0  0.01131  272.93  268.32 0.15647D+15  2.170  139.919  139.342  121.252  157.982    3.22    3.22    3.22
    3.54    4.27 0.11451D-07  0  0  0.01133  272.89  268.43 0.15425D+15  2.170  127.202  126.625  108.530  145.268    3.54    3.54    3.54
    3.86    4.65 0.10499D-07  0  0  0.01136  272.86  268.53 0.15222D+15  2.170  116.604  116.028   97.928  134.673    3.86    3.86    3.86
    4.19    5.04 0.96932D-08  0  0  0.01138  272.83  268.63 0.15035D+15  2.170  107.637  107.061   88.955  125.709    4.19    4.19    4.19
    4.51    5.43 0.90027D-08  0  0  0.01141  272.80  268.71 0.14862D+15  2.171   99.951   99.374   81.264  118.025    4.51    4.51    4.51
    4.83    5.82 0.84042D-08  0  0  0.01144  272.77  268.79 0.14700D+15  2.171   93.290   92.713   74.598  111.366    4.83    4.83    4.83
    5.15    6.21 0.78806D-08  0  0  0.01146  272.74  268.87 0.14548D+15  2.171   87.461   86.884   68.764  105.540    5.15    5.15    5.15
    5.47    6.59 0.74186D-08  0  0  0.01149  272.70  268.94 0.14406D+15  2.171   82.318   81.742   63.616  100.400    5.47    5.47    5.47
    5.80    6.98 0.70079D-08  0  0  0.01151  272.67  269.00 0.14272D+15  2.172   77.746   77.170   59.039   95.831    5.80    5.80    5.80
    6.12    7.37 0.66404D-08  0  0  0.01154  272.64  269.06 0.14144D+15  2.172   73.656   73.080   54.943   91.743    6.12    6.12    6.12
    6.44    7.76 0.63097D-08  0  0  0.01157  272.61  269.12 0.14024D+15  2.172   69.975   69.398   51.257   88.065    6.44    6.44    6.44
    6.76    8.15 0.60105D-08  0  0  0.01159  272.57  269.17 0.13909D+15  2.173   66.644   66.068   47.921   84.736    6.76    6.76    6.76
    7.08    8.54 0.57385D-08  0  0  0.01162  272.54  269.22 0.13799D+15  2.173   63.616   63.040   44.888   81.711    7.08    7.08    7.08
    7.41    8.92 0.54901D-08  0  0  0.01165  272.51  269.27 0.13694D+15  2.173   60.851   60.275   42.118   78.949    7.41    7.41    7.41
    7.73    9.31 0.52624D-08  0  0  0.01168  272.48  269.31 0.13594D+15  2.173   58.317   57.741   39.579   76.417    7.73    7.73    7.73
    8.05    9.70 0.50530D-08  0  0  0.01170  272.45  269.36 0.13497D+15  2.174   55.985   55.409   37.242   74.088    8.05    8.05    8.05
    8.37   10.09 0.48596D-08  0  0  0.01173  272.41  269.39 0.13405D+15  2.174   53.833   53.257   35.084   71.939    8.37    8.37    8.37
    8.69   10.48 0.46806D-08  0  0  0.01176  272.38  269.43 0.13316D+15  2.174   51.840   51.264   33.086   69.948    8.69    8.69    8.69
    9.02   10.86 0.45144D-08  0  0  0.01179  272.35  269.47 0.13230D+15  2.174   49.990   49.414   31.231   68.101    9.02    9.02    9.02
    9.34   11.25 0.43596D-08  0  0  0.01181  272.31  269.50 0.13147D+15  2.175   48.267   47.691   29.503   66.380    9.34    9.34    9.34
    9.66   11.64 0.42152D-08  0  0  0.01184  272.28  269.53 0.13067D+15  2.175   46.659   46.083   27.889   64.775    9.66    9.66    9.66
    9.98   12.03 0.40800D-08  0  0  0.01187  272.25  269.56 0.12989D+15  2.175   45.154   44.579   26.380   63.273    9.98    9.98    9.98
   10.30   12.42 0.39534D-08  0  0  0.01190  272.22  269.59 0.12914D+15  2.176   43.744   43.168   24.964   61.866   10.30   10.30   10.30
   10.63   12.80 0.38343D-08  0  0  0.01193  272.18  269.62 0.12841D+15  2.176   42.419   41.844   23.634   60.543   10.63   10.63   10.63
   10.95   13.19 0.37223D-08  0  0  0.01195  272.15  269.64 0.12770D+15  2.176   41.172   40.597   22.382   59.299   10.95   10.95   10.95
   11.27   13.58 0.36167D-08  0  0  0.01198  272.12  269.67 0.12702D+15  2.176   39.997   39.421   21.201   58.126   11.27   11.27   11.27
   11.59   13.97 0.35170D-08  0  0  0.01201  272.09  269.69 0.12635D+15  2.177   38.886   38.311   20.086   57.018   11.59   11.59   11.59
   11.91   14.36 0.34227D-08  0  0  0.01204  272.05  269.71 0.12570D+15  2.177   37.836   37.261   19.030   55.970   11.91   11.91   11.91
   12.24   14.74 0.33333D-08  0  0  0.01207  272.02  269.73 0.12507D+15  2.177   36.841   36.266   18.030   54.978   12.24   12.24   12.24
   12.56   15.13 0.32485D-08  0  0  0.01210  271.99  269.75 0.12446D+15  2.178   35.897   35.321   17.081   54.037   12.56   12.56   12.56
   12.88   15.52 0.31679D-08  0  0  0.01213  271.95  269.77 0.12386D+15  2.178   35.000   34.425   16.179   53.142   12.88   12.88   12.88
   13.20   15.91 0.30913D-08  0  0  0.01216  271.92  269.79 0.12327D+15  2.178   34.147   33.572   15.320   52.292   13.20   13.20   13.20
   13.52   16.30 0.30183D-08  0  0  0.01219  271.89  269.80 0.12270D+15  2.178   33.334   32.759   14.502   51.482   13.52   13.52   13.52
   13.85   16.68 0.29487D-08  0  0  0.01222  271.85  269.82 0.12215D+15  2.179   32.559   31.984   13.722   50.710   13.85   13.85   13.85
   14.17   17.07 0.28823D-08  0  0  0.01224  271.82  269.83 0.12160D+15  2.179   31.820   31.245   12.978   49.973   14.17   14.17   14.17
   14.49   17.46 0.28188D-08  0  0  0.01227  271.79  269.85 0.12107D+15  2.179   31.113   30.538   12.266   49.269   14.49   14.49   14.49
   14.81   17.85 0.27581D-08  0  0  0.01230  271.75  269.86 0.12055D+15  2.180   30.437   29.862   11.585   48.596   14.81   14.81   14.81
   15.13   18.24 0.27000D-08  0  0  0.01233  271.72  269.87 0.12004D+15  2.180   29.790   29.215   10.932   47.951   15.13   15.13   15.13
   15.46   18.63 0.26443D-08  0  0  0.01236  271.69  269.88 0.11954D+15  2.180   29.170   28.595   10.307   47.333   15.46   15.46   15.46
   15.78   19.01 0.25909D-08  0  0  0.01239  271.65  269.89 0.11905D+15  2.180   28.575   28.000    9.707   46.741   15.78   15.78   15.78
   16.10   19.40 0.25396D-08  0  0  0.01243  271.62  269.90 0.11857D+15  2.181   28.004   27.429    9.130   46.173   16.10   16.10   16.10
   16.42   19.79 0.24903D-08  0  0  0.01246  271.59  269.91 0.11810D+15  2.181   27.455   26.880    8.576   45.626   16.42   16.42   16.42
   16.74   20.18 0.24429D-08  0  0  0.01249  271.55  269.92 0.11764D+15  2.181   26.927   26.353    8.043   45.101   16.74   16.74   16.74
   17.07   20.57 0.23973D-08  0  0  0.01252  271.52  269.93 0.11719D+15  2.182   26.420   25.845    7.530   44.596   17.07   17.07   17.07
   17.39   20.63 0.23534D-08  1  0  0.01255  271.48  269.94 0.11675D+15  2.182   25.931   25.356    7.339   44.406    9.71   14.34   16.84
   17.71   21.02 0.23111D-08  1  0  0.01258  271.45  269.94 0.11632D+15  2.182   25.459   24.885    7.232   44.299    9.73   14.26   17.17
   18.03   21.41 0.22703D-08  1  0  0.01261  271.42  269.95 0.11589D+15  2.182   25.005   24.431    7.128   44.194    9.75   14.19   17.50
   18.35   21.80 0.22309D-08  1  0  0.01264  271.38  269.96 0.11547D+15  2.183   24.567   23.992    7.025   44.091    9.77   14.12   17.83
   18.68   22.19 0.21929D-08  1  0  0.01267  271.35  269.96 0.11506D+15  2.183   24.143   23.569    6.925   43.990    9.79   14.06   18.15
   19.00   22.59 0.21562D-08  1  0  0.01271  271.31  269.97 0.11465D+15  2.183   23.734   23.160    6.826   43.890    9.81   14.00   18.48
   19.32   22.98 0.21207D-08  1  0  0.01274  271.28  269.97 0.11426D+15  2.184   23.339   22.765    6.729   43.793    9.82   13.94   18.81
   19.64   23.37 0.20864D-08  1  0  0.01277  271.25  269.97 0.11387D+15  2.184   22.957   22.383    6.633   43.697    9.84   13.89   19.14
   19.96   23.76 0.20531D-08  1  0  0.01280  271.21  269.98 0.11348D+15  2.184   22.587   22.013    6.540   43.603    9.86   13.84   19.47
   20.29   24.16 0.20210D-08  1  0  0.01283  271.18  269.98 0.11310D+15  2.184   22.228   21.654    6.447   43.511    9.88   13.80   19.80
   20.61   24.55 0.19898D-08  1  0  0.01287  271.14  269.98 0.11273D+15  2.185   21.881   21.307    6.357   43.420    9.89   13.75   20.13
   20.93   24.94 0.19596D-08  1  0  0.01290  271.11  269.98 0.11236D+15  2.185   21.545   20.971    6.268   43.330    9.91   13.71   20.46
   21.25   25.34 0.19303D-08  1  0  0.01293  271.07  269.98 0.11200D+15  2.185   21.218   20.645    6.180   43.243    9.92   13.67   20.79
   21.57   25.73 0.19019D-08  1  0  0.01296  271.04  269.98 0.11165D+15  2.186   20.902   20.328    6.094   43.156    9.94   13.63   21.12
   21.90   26.12 0.18743D-08  1  0  0.01300  271.01  269.98 0.11129D+15  2.186   20.595   20.021    6.009   43.071    9.96   13.60   21.45
   22.22   26.52 0.18475D-08  1  0  0.01303  270.97  269.98 0.11095D+15  2.186   20.296   19.723    5.925   42.987    9.97   13.57   21.79
   22.54   26.91 0.18215D-08  1  0  0.01306  270.94  269.98 0.11061D+15  2.187   20.006   19.433    5.842   42.905    9.99   13.53   22.12
   22.86   27.30 0.17962D-08  1  0  0.01310  270.90  269.98 0.11027D+15  2.187   19.725   19.151    5.761   42.823   10.00   13.50   22.45
   23.18   27.70 0.17717D-08  1  0  0.01313  270.87  269.98 0.10994D+15  2.187   19.451   18.877    5.681   42.743   10.02   13.48   22.78
   23.51   28.09 0.17477D-08  1  0  0.01317  270.83  269.98 0.10962D+15  2.187   19.185   18.611    5.602   42.664   10.03   13.45   23.11
   23.83   28.49 0.17245D-08  1  0  0.01320  270.80  269.98 0.10930D+15  2.188   18.925   18.352    5.524   42.587   10.04   13.42   23.44
   24.15   28.88 0.17018D-08  1  0  0.01323  270.76  269.98 0.10898D+15  2.188   18.673   18.100    5.447   42.510   10.06   13.40   23.77
   24.47   29.27 0.16798D-08  1  0  0.01327  270.73  269.97 0.10867D+15  2.188   18.428   17.854    5.372   42.434   10.07   13.38   24.11
   24.79   29.67 0.16583D-08  1  0  0.01330  270.69  269.97 0.10836D+15  2.189   18.188   17.615    5.297   42.359   10.09   13.36   24.44
   25.12   30.06 0.16374D-08  1  0  0.01334  270.66  269.97 0.10805D+15  2.189   17.955   17.382    5.223   42.286   10.10   13.33   24.77
   25.44   30.46 0.16170D-08  1  0  0.01337  270.62  269.96 0.10775D+15  2.189   17.728   17.155    5.150   42.213   10.11   13.31   25.11
   25.76   30.85 0.15971D-08  1  0  0.01341  270.59  269.96 0.10745D+15  2.190   17.506   16.933    5.078   42.141   10.13   13.30   25.44
   26.08   31.25 0.15777D-08  1  0  0.01344  270.55  269.96 0.10716D+15  2.190   17.290   16.717    5.007   42.071   10.14   13.28   25.77
   26.40   31.64 0.15588D-08  1  0  0.01348  270.52  269.95 0.10687D+15  2.190   17.080   16.507    4.937   42.001   10.15   13.26   26.11
   26.73   32.04 0.15404D-08  1  0  0.01351  270.48  269.95 0.10659D+15  2.190   16.874   16.301    4.867   41.932   10.16   13.24   26.44
   27.05   32.43 0.15223D-08  1  0  0.01355  270.44  269.94 0.10630D+15  2.191   16.673   16.100    4.799   41.863   10.18   13.23   26.77
   27.37   32.83 0.15047D-08  1  0  0.01358  270.41  269.94 0.10602D+15  2.191   16.477   15.904    4.731   41.796   10.19   13.21   27.11
   27.69   33.23 0.14876D-08  1  0  0.01362  270.37  269.93 0.10575D+15  2.191   16.285   15.713    4.664   41.729   10.20   13.20   27.44
   28.01   33.62 0.14708D-08  1  0  0.01366  270.34  269.92 0.10548D+15  2.192   16.098   15.525    4.597   41.663   10.21   13.19   27.78
   28.34   34.02 0.14544D-08  1  0  0.01369  270.30  269.92 0.10521D+15  2.192   15.915   15.343    4.532   41.598   10.22   13.18   28.12
   28.66   34.41 0.14383D-08  1  0  0.01373  270.27  269.91 0.10494D+15  2.192   15.736   15.164    4.467   41.534   10.23   13.16   28.45
   28.98   34.81 0.14226D-08  1  0  0.01377  270.23  269.90 0.10468D+15  2.193   15.561   14.989    4.403   41.470   10.25   13.15   28.79
   29.30   35.21 0.14073D-08  1  0  0.01380  270.19  269.90 0.10442D+15  2.193   15.390   14.818    4.339   41.407   10.26   13.14   29.12
   29.62   35.60 0.13923D-08  1  0  0.01384  270.16  269.89 0.10416D+15  2.193   15.223   14.651    4.276   41.345   10.27   13.13   29.46
   29.95   36.00 0.13776D-08  1  0  0.01388  270.12  269.88 0.10391D+15  2.194   15.059   14.487    4.214   41.284   10.28   13.12   29.80
   30.27   36.40 0.13632D-08  1  0  0.01391  270.09  269.87 0.10366D+15  2.194   14.899   14.327    4.152   41.223   10.29   13.11   30.13
   30.59   36.80 0.13492D-08  1  0  0.01395  270.05  269.87 0.10341D+15  2.194   14.742   14.170    4.091   41.162   10.30   13.10   30.47
   30.91   37.19 0.13354D-08  1  0  0.01399  270.01  269.86 0.10316D+15  2.194   14.589   14.017    4.031   41.103   10.31   13.09   30.81
   31.23   37.59 0.13219D-08  1  0  0.01403  269.98  269.85 0.10292D+15  2.195   14.438   13.866    3.971   41.044   10.32   13.09   31.15
   31.56   37.99 0.13087D-08  1  0  0.01407  269.94  269.84 0.10268D+15  2.195   14.291   13.719    3.912   40.985   10.33   13.08   31.49
   31.88   38.39 0.12957D-08  1  0  0.01411  269.90  269.83 0.10244D+15  2.195   14.147   13.575    3.853   40.927   10.34   13.07   31.83
   32.20   38.79 0.12830D-08  1  0  0.01414  269.87  269.82 0.10220D+15  2.196   14.005   13.433    3.795   40.870   10.35   13.07   32.17
   32.52   39.19 0.12706D-08  1  0  0.01418  269.83  269.81 0.10197D+15  2.196   13.866   13.294    3.737   40.813   10.36   13.06   32.51
   32.84   39.58 0.12584D-08  1  0  0.01422  269.80  269.80 0.10174D+15  2.196   13.730   13.159    3.680   40.757   10.37   13.05   32.84
   33.17   39.97 0.12464D-08  1  0  0.01426  269.76  269.79 0.10151D+15  2.197   13.597   13.025    3.624   40.701   10.38   13.05   33.17
   33.49   40.36 0.12347D-08  1  0  0.01430  269.72  269.78 0.10128D+15  2.197   13.466   12.894    3.567   40.646   10.39   13.04   33.49
   33.81   40.75 0.12232D-08  1  0  0.01434  269.69  269.77 0.10106D+15  2.197   13.338   12.766    3.512   40.591   10.40   13.04   33.81
   34.13   41.14 0.12119D-08  1  0  0.01438  269.65  269.76 0.10084D+15  2.198   13.212   12.640    3.456   40.537   10.41   13.03   34.13
   34.45   41.52 0.12008D-08  1  0  0.01442  269.61  269.75 0.10062D+15  2.198   13.088   12.517    3.402   40.483   10.42   13.03   34.45
   34.78   41.91 0.11900D-08  1  0  0.01446  269.57  269.74 0.10040D+15  2.198   12.967   12.396    3.347   40.429   10.43   13.02   34.78
   35.10   42.30 0.11793D-08  1  0  0.01450  269.54  269.73 0.10019D+15  2.199   12.848   12.277    3.293   40.377   10.44   13.02   35.10
   35.42   42.69 0.11688D-08  1  0  0.01454  269.50  269.72 0.99972D+14  2.199   12.731   12.160    3.240   40.324   10.45   13.02   35.42
   35.74   43.08 0.11585D-08  1  0  0.01458  269.46  269.70 0.99761D+14  2.199   12.616   12.045    3.187   40.272   10.46   13.01   35.74
   36.06   43.46 0.11484D-08  1  0  0.01462  269.43  269.69 0.99552D+14  2.199   12.503   11.932    3.134   40.221   10.47   13.01   36.06
   36.39   43.85 0.11385D-08  1  0  0.01466  269.39  269.68 0.99344D+14  2.200   12.393   11.822    3.082   40.170   10.47   13.01   36.39
   36.71   44.24 0.11287D-08  1  0  0.01471  269.35  269.67 0.99139D+14  2.200   12.284   11.713    3.030   40.119   10.48   13.01   36.71
   37.03   44.63 0.11192D-08  1  0  0.01475  269.31  269.66 0.98936D+14  2.200   12.177   11.606    2.978   40.068   10.49   13.00   37.03
   37.35   45.02 0.11097D-08  1  0  0.01479  269.28  269.64 0.98735D+14  2.201   12.072   11.501    2.927   40.019   10.50   13.00   37.35
   37.67   45.40 0.11005D-08  1  0  0.01483  269.24  269.63 0.98535D+14  2.201   11.969   11.398    2.876   39.969   10.51   13.00   37.67
   38.00   45.79 0.10914D-08  1  0  0.01487  269.20  269.62 0.98337D+14  2.201   11.867   11.296    2.826   39.920   10.52   13.00   38.00
   38.32   46.18 0.10824D-08  1  0  0.01492  269.16  269.60 0.98141D+14  2.202   11.767   11.197    2.776   39.871   10.53   13.00   38.32
   38.64   46.57 0.10736D-08  1  0  0.01496  269.13  269.59 0.97947D+14  2.202   11.669   11.098    2.726   39.823   10.53   12.99   38.64
   38.96   46.96 0.10650D-08  1  0  0.01500  269.09  269.58 0.97755D+14  2.202   11.572   11.002    2.677   39.774   10.54   12.99   38.96
   39.28   47.35 0.10565D-08  1  0  0.01505  269.05  269.56 0.97564D+14  2.203   11.477   10.907    2.628   39.727   10.55   12.99   39.28
   39.61   47.73 0.10481D-08  1  0  0.01509  269.01  269.55 0.97375D+14  2.203   11.384   10.814    2.579   39.679   10.56   12.99   39.61
   39.93   48.12 0.10399D-08  1  0  0.01513  268.97  269.53 0.97188D+14  2.203   11.292   10.722    2.530   39.632   10.57   12.99   39.93
   40.25   48.51 0.10318D-08  1  0  0.01518  268.94  269.52 0.97002D+14  2.204   11.201   10.631    2.482   39.586   10.57   12.99   40.25
   40.57   48.90 0.10238D-08  1  0  0.01522  268.90  269.51 0.96818D+14  2.204   11.112   10.542    2.434   39.539   10.58   12.99   40.57
   40.89   49.29 0.10159D-08  1  0  0.01527  268.86  269.49 0.96636D+14  2.204   11.025   10.455    2.387   39.493   10.59   12.99   40.89
   41.22   49.67 0.10082D-08  1  0  0.01531  268.82  269.48 0.96455D+14  2.205   10.938   10.368    2.339   39.447   10.60   12.99   41.22
   41.54   50.06 0.10006D-08  1  0  0.01536  268.78  269.46 0.96275D+14  2.205   10.853   10.283    2.292   39.402   10.60   12.99   41.54
   41.86   50.45 0.99312D-09  1  0  0.01540  268.74  269.45 0.96098D+14  2.205   10.770   10.200    2.246   39.356   10.61   12.99   41.86
   42.18   50.84 0.98574D-09  1  0  0.01545  268.70  269.43 0.95921D+14  2.206   10.687   10.118    2.199   39.312   10.62   12.99   42.18
   42.50   51.23 0.97848D-09  1  0  0.01549  268.67  269.42 0.95747D+14  2.206   10.606   10.036    2.153   39.267   10.63   12.99   42.50
   42.83   51.61 0.97132D-09  1  0  0.01554  268.63  269.40 0.95573D+14  2.206   10.526    9.957    2.107   39.223   10.63   12.99   42.83
   43.15   52.00 0.96427D-09  1  0  0.01558  268.59  269.38 0.95402D+14  2.207   10.448    9.878    2.061   39.178   10.64   12.99   43.15
   43.47   52.39 0.95733D-09  1  0  0.01563  268.55  269.37 0.95231D+14  2.207   10.370    9.800    2.016   39.135   10.65   12.99   43.47
   43.79   52.78 0.95049D-09  1  0  0.01568  268.51  269.35 0.95062D+14  2.207   10.294    9.724    1.970   39.091   10.66   12.99   43.79
   44.11   53.17 0.94375D-09  1  0  0.01572  268.47  269.34 0.94895D+14  2.208   10.218    9.649    1.925   39.048   10.66   12.99   44.11
   44.44   53.55 0.93710D-09  1  0  0.01577  268.43  269.32 0.94729D+14  2.208   10.144    9.575    1.881   39.005   10.67   12.99   44.44
   44.76   53.94 0.93056D-09  1  0  0.01582  268.39  269.30 0.94564D+14  2.208   10.071    9.502    1.836   38.962   10.68   13.00   44.76
   45.08   54.33 0.92410D-09  1  0  0.01587  268.35  269.29 0.94400D+14  2.209    9.999    9.429    1.792   38.919   10.68   13.00   45.08
   45.40   54.72 0.91774D-09  1  0  0.01591  268.31  269.27 0.94238D+14  2.209    9.927    9.358    1.748   38.877   10.69   13.00   45.40
   45.72   55.11 0.91147D-09  1  0  0.01596  268.28  269.25 0.94078D+14  2.209    9.857    9.288    1.704   38.835   10.70   13.00   45.72
   46.05   55.49 0.90528D-09  1  0  0.01601  268.24  269.24 0.93918D+14  2.210    9.788    9.219    1.660   38.793   10.70   13.00   46.05
   46.37   55.88 0.89918D-09  1  0  0.01606  268.20  269.22 0.93760D+14  2.210    9.720    9.151    1.616   38.751   10.71   13.00   46.37
   46.69   56.27 0.89317D-09  1  0  0.01611  268.16  269.20 0.93603D+14  2.210    9.653    9.084    1.573   38.710   10.72   13.00   46.69
   47.01   56.66 0.88723D-09  1  0  0.01616  268.12  269.18 0.93448D+14  2.211    9.586    9.018    1.530   38.669   10.72   13.01   47.01
   47.33   57.05 0.88138D-09  1  0  0.01621  268.08  269.16 0.93293D+14  2.211    9.521    8.952    1.487   38.628   10.73   13.01   47.33
   47.66   57.44 0.87561D-09  1  0  0.01626  268.04  269.15 0.93140D+14  2.211    9.456    8.888    1.444   38.587   10.74   13.01   47.66
   47.98   57.82 0.86991D-09  1  0  0.01631  268.00  269.13 0.92988D+14  2.212    9.393    8.824    1.402   38.547   10.74   13.01   47.98
   48.30   58.21 0.86429D-09  1  0  0.01636  267.96  269.11 0.92838D+14  2.212    9.330    8.761    1.359   38.506   10.75   13.01   48.30
   48.62   58.60 0.85875D-09  1  0  0.01641  267.92  269.09 0.92688D+14  2.213    9.268    8.699    1.317   38.466   10.76   13.02   48.62
   48.94   58.99 0.85328D-09  1  0  0.01646  267.88  269.07 0.92540D+14  2.213    9.207    8.638    1.275   38.426   10.76   13.02   48.94
   49.27   59.38 0.84788D-09  1  0  0.01651  267.84  269.06 0.92393D+14  2.213    9.146    8.578    1.233   38.386   10.77   13.02   49.27
   49.59   59.76 0.84255D-09  1  0  0.01656  267.80  269.04 0.92247D+14  2.214    9.086    8.518    1.191   38.347   10.78   13.02   49.59
   49.91   60.15 0.83729D-09  1  0  0.01662  267.75  269.02 0.92102D+14  2.214    9.028    8.460    1.150   38.307   10.78   13.03   49.91
   50.23   60.54 0.83209D-09  1  0  0.01667  267.71  269.00 0.91959D+14  2.214    8.969    8.402    1.108   38.268   10.79   13.03   50.23
   50.55   60.93 0.82696D-09  1  0  0.01672  267.67  268.98 0.91816D+14  2.215    8.912    8.344    1.067   38.229   10.79   13.03   50.55
   50.88   61.32 0.82190D-09  1  0  0.01677  267.63  268.96 0.91675D+14  2.215    8.855    8.288    1.026   38.190   10.80   13.04   50.88
   51.20   61.70 0.81690D-09  1  0  0.01683  267.59  268.94 0.91535D+14  2.215    8.799    8.232    0.985   38.151   10.81   13.04   51.20
   51.52   62.09 0.81197D-09  1  0  0.01688  267.55  268.92 0.91396D+14  2.216    8.744    8.177    0.944   38.113   10.81   13.04   51.52
   51.84   62.48 0.80709D-09  1  0  0.01693  267.51  268.90 0.91258D+14  2.216    8.690    8.122    0.904   38.074   10.82   13.04   51.84
   52.16   62.87 0.80228D-09  1  0  0.01699  267.47  268.88 0.91121D+14  2.216    8.636    8.068    0.863   38.036   10.82   13.05   52.16
   52.49   63.26 0.79752D-09  1  0  0.01704  267.43  268.86 0.90985D+14  2.217    8.582    8.015    0.823   37.998   10.83   13.05   52.49
   52.81   63.64 0.79282D-09  1  0  0.01710  267.39  268.84 0.90850D+14  2.217    8.530    7.962    0.782   37.960   10.84   13.05   52.81
   53.13   64.03 0.78818D-09  1  0  0.01715  267.34  268.82 0.90716D+14  2.217    8.478    7.911    0.742   37.922   10.84   13.06   53.13
   53.45   64.42 0.78360D-09  1  0  0.01721  267.30  268.80 0.90584D+14  2.218    8.426    7.859    0.702   37.884   10.85   13.06   53.45
   53.77   64.81 0.77907D-09  1  0  0.01727  267.26  268.78 0.90452D+14  2.218    8.376    7.809    0.662   37.847   10.85   13.06   53.77
   54.10   65.20 0.77459D-09  1  0  0.01732  267.22  268.76 0.90321D+14  2.219    8.326    7.759    0.622   37.810   10.86   13.07   54.10
   54.42   65.58 0.77017D-09  1  0  0.01738  267.18  268.74 0.90192D+14  2.219    8.276    7.709    0.583   37.772   10.86   13.07   54.42
   54.74   65.97 0.76580D-09  1  0  0.01743  267.14  268.72 0.90063D+14  2.219    8.227    7.660    0.543   37.735   10.87   13.07   54.74
   55.06   66.36 0.76148D-09  1  0  0.01749  267.09  268.70 0.89936D+14  2.220    8.179    7.612    0.504   37.698   10.88   13.08   55.06
   55.38   66.75 0.75721D-09  1  0  0.01755  267.05  268.67 0.89809D+14  2.220    8.131    7.564    0.464   37.661   10.88   13.08   55.38
   55.71   67.14 0.75299D-09  1  0  0.01761  267.01  268.65 0.89684D+14  2.220    8.083    7.517    0.425   37.625   10.89   13.08   55.71
   56.03   67.52 0.74882D-09  1  0  0.01767  266.97  268.63 0.89559D+14  2.221    8.037    7.470    0.386   37.588   10.89   13.09   56.03
   56.35   67.91 0.74470D-09  1  0  0.01772  266.93  268.61 0.89436D+14  2.221    7.990    7.424    0.347   37.552   10.90   13.09   56.35
   56.67   68.30 0.74062D-09  1  0  0.01778  266.88  268.59 0.89313D+14  2.221    7.945    7.378    0.308   37.515   10.90   13.10   56.67
   56.99   68.69 0.73659D-09  1  0  0.01784  266.84  268.57 0.89192D+14  2.222    7.899    7.333    0.269   37.479   10.91   13.10   56.99
   57.32   69.08 0.73260D-09  1  0  0.01790  266.80  268.54 0.89071D+14  2.222    7.855    7.289    0.230   37.443   10.91   13.10   57.32
   57.64   69.47 0.72866D-09  1  0  0.01796  266.75  268.52 0.88951D+14  2.223    7.811    7.244    0.191   37.407   10.92   13.11   57.64
   57.96   69.85 0.72477D-09  1  0  0.01802  266.71  268.50 0.88833D+14  2.223    7.767    7.201    0.153   37.371   10.92   13.11   57.96
   58.28   70.24 0.72091D-09  1  0  0.01808  266.67  268.48 0.88715D+14  2.223    7.724    7.158    0.114   37.335   10.93   13.12   58.28
   58.60   70.63 0.71710D-09  1  0  0.01815  266.63  268.45 0.88598D+14  2.224    7.681    7.115    0.076   37.300   10.94   13.12   58.60
   58.93   71.02 0.71333D-09  1  0  0.01821  266.58  268.43 0.88482D+14  2.224    7.638    7.073    0.037   37.264   10.94   13.12   58.93
   59.25   71.41 0.70960D-09  1  0  0.01827  266.54  267.19 0.99832D+14  2.224    7.597    7.031    0.000   37.230   11.46   13.04   59.25
   59.57   71.79 0.70592D-09  1  0  0.01833  266.50  267.19 0.99482D+14  2.225    7.555    6.990    0.000   37.230   11.46   13.04   59.57
   59.89   72.18 0.70227D-09  1  0  0.01840  266.45  267.19 0.99134D+14  2.225    7.514    6.949    0.000   37.230   11.46   13.03   59.89
   60.21   72.57 0.69866D-09  1  0  0.01846  266.41  267.19 0.98788D+14  2.226    7.474    6.908    0.000   37.230   11.45   13.02   60.21
   60.54   72.96 0.69509D-09  1  0  0.01852  266.36  267.19 0.98445D+14  2.226    7.434    6.868    0.000   37.230   11.45   13.01   60.54
   60.86   73.35 0.69155D-09  1  0  0.01859  266.32  267.19 0.98104D+14  2.226    7.394    6.829    0.000   37.230   11.44   13.00   60.86
   61.18   73.73 0.68806D-09  1  0  0.01865  266.28  267.19 0.97765D+14  2.227    7.355    6.789    0.000   37.230   11.44   12.99   61.18
   61.50   74.12 0.68460D-09  1  0  0.01872  266.23  267.19 0.97429D+14  2.227    7.316    6.751    0.000   37.230   11.43   12.98   61.50
   61.82   74.51 0.68117D-09  1  0  0.01878  266.19  267.18 0.97094D+14  2.228    7.277    6.712    0.000   37.230   11.43   12.97   61.82
   62.15   74.90 0.67779D-09  1  0  0.01885  266.14  267.18 0.96762D+14  2.228    7.239    6.674    0.000   37.230   11.43   12.96   62.15
   62.47   75.29 0.67443D-09  1  0  0.01891  266.10  267.18 0.96432D+14  2.228    7.202    6.637    0.000   37.230   11.42   12.95   62.47
   62.79   75.67 0.67112D-09  1  0  0.01898  266.06  267.18 0.96104D+14  2.229    7.164    6.599    0.000   37.230   11.42   12.94   62.79
   63.11   76.06 0.66783D-09  1  0  0.01905  266.01  267.17 0.95778D+14  2.229    7.127    6.563    0.000   37.230   11.41   12.94   63.11
   63.43   76.45 0.66458D-09  1  0  0.01912  265.97  267.17 0.95455D+14  2.229    7.091    6.526    0.000   37.230   11.41   12.93   63.43
   63.76   76.84 0.66136D-09  1  0  0.01918  265.92  267.17 0.95133D+14  2.230    7.054    6.490    0.000   37.230   11.40   12.92   63.76
   64.08   77.23 0.65818D-09  1  0  0.01925  265.88  267.17 0.94814D+14  2.230    7.019    6.454    0.000   37.230   11.40   12.91   64.08
   64.40   77.61 0.65502D-09  1  0  0.01932  265.83  267.16 0.94496D+14  2.231    6.983    6.419    0.000   37.230   11.40   12.90   64.40
   64.72   78.00 0.65190D-09  1  0  0.01939  265.79  267.16 0.94181D+14  2.231    6.948    6.384    0.000   37.230   11.39   12.90   64.72
   65.04   78.39 0.64881D-09  1  0  0.01946  265.74  267.16 0.93868D+14  2.231    6.913    6.349    0.000   37.230   11.39   12.89   65.04
   65.37   78.78 0.64575D-09  1  0  0.01953  265.70  267.15 0.93556D+14  2.232    6.879    6.315    0.000   37.230   11.38   12.88   65.37
   65.69   79.17 0.64272D-09  1  0  0.01960  265.65  267.15 0.93247D+14  2.232    6.845    6.281    0.000   37.230   11.38   12.87   65.69
   66.01   79.56 0.63971D-09  1  0  0.01967  265.60  267.14 0.92940D+14  2.233    6.811    6.247    0.000   37.230   11.37   12.86   66.01
   66.33   79.94 0.63674D-09  1  0  0.01975  265.56  267.14 0.92634D+14  2.233    6.777    6.214    0.000   37.230   11.37   12.86   66.33
   66.65   80.33 0.63380D-09  1  0  0.01982  265.51  267.14 0.92331D+14  2.233    6.744    6.181    0.000   37.230   11.36   12.85   66.65
   66.98   80.72 0.63088D-09  1  0  0.01989  265.47  267.13 0.92029D+14  2.234    6.711    6.148    0.000   37.230   11.36   12.84   66.98
   67.30   81.11 0.62800D-09  1  0  0.01996  265.42  267.13 0.91730D+14  2.234    6.679    6.115    0.000   37.230   11.36   12.83   67.30
   67.62   81.50 0.62514D-09  1  0  0.02004  265.37  267.12 0.91432D+14  2.235    6.647    6.083    0.000   37.230   11.35   12.83   67.62
   67.94   81.88 0.62230D-09  1  0  0.02011  265.33  267.12 0.91136D+14  2.235    6.615    6.051    0.000   37.230   11.35   12.82   67.94
   68.26   82.27 0.61950D-09  1  0  0.02019  265.28  267.11 0.90842D+14  2.235    6.583    6.020    0.000   37.230   11.34   12.81   68.26
   68.59   82.66 0.61672D-09  1  0  0.02026  265.23  267.11 0.90550D+14  2.236    6.552    5.989    0.000   37.230   11.34   12.80   68.59
   68.91   83.05 0.61397D-09  1  0  0.02034  265.19  267.10 0.90260D+14  2.236    6.521    5.958    0.000   37.230   11.33   12.80   68.91
   69.23   83.44 0.61124D-09  1  0  0.02041  265.14  267.10 0.89972D+14  2.237    6.490    5.927    0.000   37.230   11.33   12.79   69.23
   69.55   83.82 0.60854D-09  1  0  0.02049  265.09  267.09 0.89685D+14  2.237    6.459    5.897    0.000   37.230   11.32   12.78   69.55
   69.87   84.21 0.60586D-09  1  0  0.02057  265.05  267.09 0.89400D+14  2.237    6.429    5.866    0.000   37.230   11.32   12.78   69.87
   70.20   84.60 0.60320D-09  1  0  0.02065  265.00  267.08 0.89117D+14  2.238    6.399    5.837    0.000   37.230   11.31   12.77   70.20
   70.52   84.99 0.60058D-09  1  0  0.02073  264.95  267.07 0.88836D+14  2.238    6.370    5.807    0.000   37.230   11.31   12.76   70.52
   70.84   85.38 0.59797D-09  1  0  0.02081  264.90  267.07 0.88557D+14  2.239    6.340    5.778    0.000   37.230   11.31   12.76   70.84
   71.16   85.76 0.59539D-09  1  0  0.02089  264.86  267.06 0.88279D+14  2.239    6.311    5.749    0.000   37.230   11.30   12.75   71.16
   71.48   86.15 0.59283D-09  1  0  0.02097  264.81  267.06 0.88003D+14  2.240    6.282    5.720    0.000   37.230   11.30   12.74   71.48
   71.81   86.54 0.59030D-09  1  0  0.02105  264.76  267.05 0.87729D+14  2.240    6.253    5.691    0.000   37.230   11.29   12.74   71.81
   72.13   86.93 0.58779D-09  1  0  0.02113  264.71  267.04 0.87457D+14  2.240    6.225    5.663    0.000   37.230   11.29   12.73   72.13
   72.45   87.32 0.58530D-09  1  0  0.02121  264.66  267.04 0.87186D+14  2.241    6.197    5.635    0.000   37.230   11.28   12.72   72.45
   72.77   87.70 0.58283D-09  1  0  0.02129  264.62  267.03 0.86917D+14  2.241    6.169    5.607    0.000   37.230   11.28   12.72   72.77
   73.09   88.09 0.58038D-09  1  0  0.02138  264.57  267.02 0.86650D+14  2.242    6.141    5.580    0.000   37.230   11.27   12.71   73.09
   73.42   88.48 0.57796D-09  1  0  0.02146  264.52  267.01 0.86384D+14  2.242    6.114    5.552    0.000   37.230   11.27   12.70   73.42
   73.74   88.87 0.57555D-09  1  0  0.02155  264.47  267.01 0.86120D+14  2.243    6.087    5.525    0.000   37.230   11.26   12.70   73.74
   74.06   89.26 0.57317D-09  1  0  0.02163  264.42  267.00 0.85858D+14  2.243    6.060    5.498    0.000   37.230   11.26   12.69   74.06
   74.38   89.65 0.57081D-09  1  0  0.02172  264.37  266.99 0.85598D+14  2.243    6.033    5.472    0.000   37.230   11.25   12.68   74.38
   74.70   90.03 0.56847D-09  1  0  0.02180  264.32  266.98 0.85339D+14  2.244    6.007    5.445    0.000   37.230   11.25   12.68   74.70
   75.03   90.42 0.56615D-09  1  0  0.02189  264.27  266.97 0.85081D+14  2.244    5.980    5.419    0.000   37.230   11.25   12.67   75.03
   75.35   90.81 0.56385D-09  1  0  0.02198  264.22  266.97 0.84825D+14  2.245    5.954    5.393    0.000   37.230   11.24   12.67   75.35
   75.67   91.20 0.56157D-09  1  0  0.02207  264.17  266.96 0.84571D+14  2.245    5.928    5.367    0.000   37.230   11.24   12.66   75.67
   75.99   91.59 0.55930D-09  1  0  0.02216  264.12  266.95 0.84319D+14  2.246    5.903    5.342    0.000   37.230   11.23   12.65   75.99
   76.31   91.97 0.55706D-09  1  0  0.02225  264.07  266.94 0.84068D+14  2.246    5.877    5.317    0.000   37.230   11.23   12.65   76.31
   76.64   92.36 0.55484D-09  1  0  0.02234  264.02  266.93 0.83819D+14  2.246    5.852    5.292    0.000   37.230   11.22   12.64   76.64
   76.96   92.75 0.55263D-09  1  0  0.02243  263.97  266.92 0.83571D+14  2.247    5.827    5.267    0.000   37.230   11.22   12.64   76.96
   77.28   93.14 0.55044D-09  1  0  0.02252  263.92  266.91 0.83325D+14  2.247    5.802    5.242    0.000   37.230   11.21   12.63   77.28
   77.60   93.53 0.54827D-09  1  0  0.02261  263.87  266.90 0.83080D+14  2.248    5.778    5.217    0.000   37.230   11.21   12.63   77.60
   77.92   93.91 0.54612D-09  1  0  0.02271  263.82  266.89 0.82837D+14  2.248    5.753    5.193    0.000   37.230   11.20   12.62   77.92
   78.25   94.30 0.54399D-09  1  0  0.02280  263.77  266.89 0.82596D+14  2.249    5.729    5.169    0.000   37.230   11.20   12.61   78.25
   78.57   94.69 0.54187D-09  1  0  0.02290  263.72  266.88 0.82356D+14  2.249    5.705    5.145    0.000   37.230   11.20   12.61   78.57
   78.89   95.08 0.53977D-09  1  0  0.02299  263.67  266.87 0.82117D+14  2.250    5.681    5.121    0.000   37.230   11.19   12.60   78.89
   79.21   95.47 0.53769D-09  1  0  0.02309  263.61  266.86 0.81880D+14  2.250    5.657    5.098    0.000   37.230   11.19   12.60   79.21
   79.53   95.85 0.53563D-09  1  0  0.02319  263.56  266.84 0.81645D+14  2.250    5.634    5.074    0.000   37.230   11.18   12.59   79.53
   79.86   96.24 0.53358D-09  1  0  0.02328  263.51  266.83 0.81411D+14  2.251    5.611    5.051    0.000   37.230   11.18   12.59   79.86
   80.18   96.63 0.53155D-09  1  0  0.02338  263.46  266.82 0.81179D+14  2.251    5.588    5.028    0.000   37.230   11.17   12.58   80.18
   80.50   97.02 0.52953D-09  1  0  0.02348  263.41  266.81 0.80948D+14  2.252    5.565    5.006    0.000   37.230   11.17   12.57   80.50
   80.82   97.41 0.52754D-09  1  0  0.02358  263.35  266.80 0.80718D+14  2.252    5.542    4.983    0.000   37.230   11.16   12.57   80.82
   81.14   97.79 0.52555D-09  1  0  0.02368  263.30  266.79 0.80490D+14  2.253    5.519    4.960    0.000   37.230   11.16   12.56   81.14
   81.47   98.18 0.52358D-09  1  0  0.02379  263.25  266.78 0.80264D+14  2.253    5.497    4.938    0.000   37.230   11.15   12.56   81.47
   81.79   98.57 0.52163D-09  1  0  0.02389  263.19  266.77 0.80039D+14  2.254    5.475    4.916    0.000   37.230   11.15   12.55   81.79
   82.11   98.96 0.51970D-09  1  0  0.02399  263.14  266.76 0.79816D+14  2.254    5.453    4.894    0.000   37.230   11.15   12.55   82.11
   82.43   99.35 0.51778D-09  1  0  0.02410  263.09  266.75 0.79593D+14  2.255    5.431    4.872    0.000   37.230   11.14   12.54   82.43
   82.75   99.74 0.51587D-09  1  0  0.02420  263.03  266.73 0.79373D+14  2.255    5.409    4.851    0.000   37.230   11.14   12.54   82.75
   83.08  100.12 0.51398D-09  1  0  0.02431  262.98  266.72 0.79154D+14  2.256    5.387    4.829    0.000   37.230   11.13   12.53   83.08
   83.40  100.51 0.51210D-09  1  0  0.02442  262.93  266.71 0.78936D+14  2.256    5.366    4.808    0.000   37.230   11.13   12.53   83.40
   83.72  100.90 0.51024D-09  1  0  0.02453  262.87  266.70 0.78720D+14  2.257    5.345    4.787    0.000   37.230   11.12   12.52   83.72
   84.04  101.29 0.50839D-09  1  0  0.02464  262.82  266.68 0.78505D+14  2.257    5.324    4.766    0.000   37.230   11.12   12.52   84.04
   84.36  101.68 0.50656D-09  1  0  0.02475  262.76  266.67 0.78292D+14  2.257    5.303    4.745    0.000   37.230   11.11   12.51   84.36
   84.69  102.06 0.50474D-09  1  0  0.02486  262.71  266.66 0.78080D+14  2.258    5.282    4.724    0.000   37.230   11.11   12.51   84.69
   85.01  102.45 0.50293D-09  1  0  0.02497  262.65  266.65 0.77869D+14  2.258    5.261    4.704    0.000   37.230   11.10   12.50   85.01
   85.33  102.84 0.50114D-09  1  0  0.02508  262.60  266.63 0.77660D+14  2.259    5.241    4.683    0.000   37.230   11.10   12.50   85.33
   85.65  103.23 0.49936D-09  1  0  0.02519  262.54  266.62 0.77452D+14  2.259    5.220    4.663    0.000   37.230   11.10   12.49   85.65
   85.97  103.62 0.49759D-09  1  0  0.02531  262.49  266.61 0.77246D+14  2.260    5.200    4.643    0.000   37.230   11.09   12.49   85.97
   86.30  104.00 0.49584D-09  1  0  0.02543  262.43  266.59 0.77041D+14  2.260    5.180    4.623    0.000   37.230   11.09   12.48   86.30
   86.62  104.39 0.49410D-09  1  0  0.02554  262.37  266.58 0.76837D+14  2.261    5.160    4.603    0.000   37.230   11.08   12.48   86.62
   86.94  104.78 0.49237D-09  1  0  0.02566  262.32  266.56 0.76635D+14  2.261    5.141    4.584    0.000   37.230   11.08   12.47   86.94
   87.26  105.17 0.49066D-09  1  0  0.02578  262.26  266.55 0.76435D+14  2.262    5.121    4.564    0.000   37.230   11.07   12.47   87.26
   87.58  105.56 0.48896D-09  1  0  0.02590  262.20  266.54 0.76235D+14  2.262    5.101    4.545    0.000   37.230   11.07   12.46   87.58
   87.91  105.94 0.48727D-09  1  0  0.02602  262.15  266.52 0.76037D+14  2.263    5.082    4.526    0.000   37.230   11.07   12.46   87.91
   88.23  106.33 0.48559D-09  1  0  0.02614  262.09  266.51 0.75841D+14  2.263    5.063    4.507    0.000   37.230   11.06   12.45   88.23
   88.55  106.72 0.48393D-09  1  0  0.02627  262.03  266.49 0.75646D+14  2.264    5.044    4.488    0.000   37.230   11.06   12.45   88.55
   88.87  107.11 0.48228D-09  1  0  0.02639  261.97  266.48 0.75452D+14  2.264    5.025    4.469    0.000   37.230   11.05   12.44   88.87
   89.19  107.50 0.48064D-09  1  0  0.02652  261.92  266.46 0.75259D+14  2.265    5.006    4.450    0.000   37.230   11.05   12.44   89.19
   89.52  107.88 0.47901D-09  1  0  0.02664  261.86  266.45 0.75068D+14  2.265    4.987    4.432    0.000   37.230   11.04   12.43   89.52
   89.84  108.27 0.47739D-09  1  0  0.02677  261.80  266.43 0.74879D+14  2.266    4.969    4.413    0.000   37.230   11.04   12.43   89.84
   90.16  108.66 0.47579D-09  1  0  0.02690  261.74  266.42 0.74690D+14  2.266    4.950    4.395    0.000   37.230   11.03   12.42   90.16
   90.48  109.05 0.47419D-09  1  0  0.02703  261.68  266.40 0.74503D+14  2.267    4.932    4.377    0.000   37.230   11.03   12.42   90.48
   90.80  109.44 0.47261D-09  1  0  0.02716  261.62  266.38 0.74318D+14  2.268    4.914    4.359    0.000   37.230   11.03   12.41   90.80
   91.13  109.83 0.47104D-09  1  0  0.02729  261.56  266.37 0.74134D+14  2.268    4.895    4.341    0.000   37.230   11.02   12.41   91.13
   91.45  110.21 0.46948D-09  1  0  0.02743  261.50  266.35 0.73951D+14  2.269    4.877    4.323    0.000   37.230   11.02   12.40   91.45
   91.77  110.60 0.46793D-09  1  0  0.02756  261.44  266.33 0.73769D+14  2.269    4.860    4.305    0.000   37.230   11.01   12.40   91.77
   92.09  110.99 0.46639D-09  1  0  0.02770  261.38  266.32 0.73589D+14  2.270    4.842    4.287    0.000   37.230   11.01   12.39   92.09
   92.41  111.38 0.46487D-09  1  0  0.02784  261.32  266.30 0.73411D+14  2.270    4.824    4.270    0.000   37.230   11.01   12.39   92.41
   92.74  111.77 0.46335D-09  1  0  0.02798  261.26  266.28 0.73233D+14  2.271    4.807    4.253    0.000   37.230   11.00   12.39   92.74
   93.06  112.15 0.46184D-09  1  0  0.02812  261.20  266.27 0.73057D+14  2.271    4.789    4.235    0.000   37.230   11.00   12.38   93.06
   93.38  112.54 0.46035D-09  1  0  0.02826  261.14  266.25 0.72883D+14  2.272    4.772    4.218    0.000   37.230   10.99   12.38   93.38
   93.70  112.93 0.45886D-09  1  0  0.02840  261.07  266.23 0.72709D+14  2.272    4.755    4.201    0.000   37.230   10.99   12.37   93.70
   94.02  113.32 0.45739D-09  1  0  0.02855  261.01  266.21 0.72538D+14  2.273    4.738    4.184    0.000   37.230   10.99   12.37   94.02
   94.35  113.71 0.45592D-09  1  0  0.02869  260.95  266.19 0.72367D+14  2.273    4.721    4.167    0.000   37.230   10.98   12.36   94.35
   94.67  114.09 0.45447D-09  1  0  0.02884  260.89  266.18 0.72198D+14  2.274    4.704    4.151    0.000   37.230   10.98   12.36   94.67
   94.99  114.48 0.45302D-09  1  0  0.02899  260.82  266.16 0.72030D+14  2.275    4.687    4.134    0.000   37.230   10.97   12.35   94.99
   95.31  114.87 0.45159D-09  1  0  0.02914  260.76  266.14 0.71873D+14  2.275    4.671    4.118   -0.004   37.226   11.09   12.35   95.31
   95.63 -520.29 0.45016D-09  1  0  0.02929  260.70  266.12 0.71708D+14  2.276    4.654    4.101   -0.023   37.209   11.09   12.35 -959.04
   95.96 -147.16 0.44874D-09  1  0  0.02944  260.63  266.10 0.71544D+14  2.276    4.638    4.085   -0.042   37.192   11.09   12.36 -340.16
   96.28  -50.01 0.44734D-09  1  0  0.02960  260.57  266.08 0.71382D+14  2.277    4.621    4.069   -0.062   37.175   11.08   12.36 -179.27
   96.60   -5.15 0.44594D-09  1  0  0.02975  260.50  266.06 0.71221D+14  2.277    4.605    4.053   -0.081   37.158   11.08   12.36 -105.14
   96.92   20.80 0.44455D-09  1  0  0.02991  260.44  266.04 0.71061D+14  2.278    4.589    4.037   -0.101   37.140   11.08   12.36  -62.40
   97.24   37.79 0.44317D-09  1  0  0.03007  260.37  266.02 0.70903D+14  2.279    4.573    4.021   -0.121   37.123   11.08   12.36  -34.53
   97.57   49.83 0.44180D-09  1  0  0.03023  260.31  266.00 0.70746D+14  2.279    4.557    4.005   -0.142   37.105   11.08   12.37  -14.88
   97.89   58.84 0.44044D-09  1  0  0.03040  260.24  265.98 0.70591D+14  2.280    4.541    3.989   -0.162   37.087   11.08   12.37   -0.24
   98.21   65.88 0.43909D-09  1  0  0.03056  260.18  265.96 0.70437D+14  2.280    4.525    3.974   -0.183   37.069   11.07   12.37   11.12
   98.53   71.55 0.43775D-09  1  0  0.03073  260.11  265.94 0.70285D+14  2.281    4.510    3.958   -0.204   37.051   11.07   12.37   20.20
   98.85   76.23 0.43642D-09  1  0  0.03090  260.04  265.92 0.70133D+14  2.282    4.494    3.943   -0.225   37.032   11.07   12.38   27.66
   99.18   80.19 0.43509D-09  1  0  0.03106  259.97  265.90 0.69984D+14  2.282    4.478    3.927   -0.246   37.014   11.07   12.38   33.89
   99.50   83.58 0.43377D-09  1  0  0.03124  259.91  265.88 0.69835D+14  2.283    4.463    3.912   -0.268   36.995   11.07   12.38   39.20
   99.82   86.54 0.43247D-09  1  0  0.03141  259.84  265.85 0.69688D+14  2.283    4.448    3.897   -0.290   36.976   11.07   12.38   43.79
  100.14   89.15 0.43117D-09  1  0  0.03159  259.77  265.83 0.69543D+14  2.284    4.432    3.882   -0.312   36.956   11.07   12.39   47.80
  100.46   91.48 0.42987D-09  1  0  0.03176  259.70  265.81 0.69399D+14  2.285    4.417    3.867   -0.334   36.937   11.06   12.39   51.34
  100.79   93.57 0.42859D-09  1  0  0.03194  259.63  265.79 0.69256D+14  2.285    4.402    3.852   -0.357   36.917   11.06   12.39   54.50
  101.11   95.48 0.42732D-09  1  0  0.03212  259.56  265.77 0.69115D+14  2.286    4.387    3.837   -0.380   36.898   11.06   12.39   57.34
  101.43   97.23 0.42605D-09  1  0  0.03231  259.49  265.74 0.68975D+14  2.286    4.372    3.823   -0.403   36.878   11.06   12.40   59.92
  101.75   98.84 0.42479D-09  1  0  0.03249  259.42  265.72 0.68837D+14  2.287    4.358    3.808   -0.426   36.857   11.06   12.40   62.26
  102.07  100.33 0.42354D-09  1  0  0.03268  259.35  265.70 0.68700D+14  2.288    4.343    3.794   -0.450   36.837   11.06   12.40   64.42
  102.40  101.72 0.42230D-09  1  0  0.03287  259.28  265.67 0.68565D+14  2.288    4.328    3.779   -0.473   36.816   11.06   12.41   66.41
  102.72  103.03 0.42106D-09  1  0  0.03306  259.21  265.65 0.68431D+14  2.289    4.314    3.765   -0.498   36.795   11.05   12.41   68.25
  103.04  104.25 0.41983D-09  1  0  0.03325  259.13  265.63 0.68299D+14  2.290    4.299    3.750   -0.522   36.774   11.05   12.41   69.97
  103.36  105.42 0.41861D-09  1  0  0.03345  259.06  265.60 0.68168D+14  2.290    4.285    3.736   -0.547   36.753   11.05   12.42   71.57
  103.68  106.52 0.41740D-09  1  0  0.03365  258.99  265.58 0.68039D+14  2.291    4.270    3.722   -0.572   36.732   11.05   12.42   73.08
  104.01  107.57 0.41620D-09  1  0  0.03385  258.92  265.55 0.67911D+14  2.292    4.256    3.708   -0.597   36.710   11.05   12.43   74.50
  104.33  108.57 0.41500D-09  1  0  0.03405  258.84  265.53 0.67785D+14  2.292    4.242    3.694   -0.622   36.688   11.05   12.43   75.84
  104.65  109.53 0.41381D-09  1  0  0.03425  258.77  265.50 0.67660D+14  2.293    4.228    3.680   -0.648   36.665   11.05   12.43   77.12
  104.97  110.46 0.41263D-09  1  0  0.03446  258.69  265.48 0.67537D+14  2.294    4.214    3.666   -0.674   36.643   11.05   12.44   78.33
  105.29  111.35 0.41145D-09  1  0  0.03467  258.62  265.45 0.67415D+14  2.294    4.200    3.652   -0.701   36.620   11.05   12.44   79.48
  105.62  112.21 0.41029D-09  1  0  0.03488  258.54  265.43 0.67295D+14  2.295    4.186    3.639   -0.728   36.597   11.05   12.45   80.59
  105.94  113.04 0.40913D-09  1  0  0.03510  258.46  265.40 0.67177D+14  2.296    4.172    3.625   -0.755   36.574   11.05   12.45   81.64
  106.26  113.84 0.40797D-09  1  0  0.03531  258.39  265.37 0.67060D+14  2.296    4.159    3.612   -0.782   36.550   11.04   12.45   82.66
  106.58  114.62 0.40682D-09  1  0  0.03553  258.31  265.35 0.66945D+14  2.297    4.145    3.598   -0.810   36.526   11.04   12.46   83.63
  106.90  115.39 0.40569D-09  1  0  0.03576  258.23  265.32 0.66831D+14  2.298    4.131    3.585   -0.838   36.502   11.04   12.46   84.58
  107.23  116.13 0.40455D-09  1  0  0.03598  258.15  265.29 0.66719D+14  2.298    4.118    3.571   -0.867   36.478   11.04   12.47   85.48
  107.55  116.85 0.40343D-09  1  0  0.03621  258.07  265.27 0.66609D+14  2.299    4.104    3.558   -0.896   36.453   11.04   12.47   86.36
  107.87  117.56 0.40231D-09  1  0  0.03644  257.99  265.24 0.66500D+14  2.300    4.091    3.545   -0.925   36.428   11.04   12.48   87.21
  108.19  118.25 0.40119D-09  1  0  0.03667  257.91  265.21 0.66394D+14  2.301    4.077    3.532   -0.954   36.403   11.04   12.48   88.04
  108.51  118.92 0.40009D-09  1  0  0.03691  257.83  265.18 0.66288D+14  2.301    4.064    3.519   -0.984   36.377   11.04   12.49   88.84
  108.84  119.59 0.39899D-09  1  0  0.03715  257.75  265.15 0.66185D+14  2.302    4.051    3.506   -1.015   36.351   11.04   12.49   89.62
  109.16  120.24 0.39790D-09  1  0  0.03739  257.67  265.12 0.66083D+14  2.303    4.038    3.493   -1.046   36.325   11.04   12.50   90.38
  109.48  120.88 0.39681D-09  1  0  0.03764  257.58  265.09 0.65983D+14  2.303    4.025    3.480   -1.077   36.299   11.04   12.50   91.12
  109.80  121.51 0.39573D-09  1  0  0.03789  257.50  265.06 0.65885D+14  2.304    4.012    3.467   -1.108   36.272   11.04   12.51   91.84
  110.12  122.13 0.39465D-09  1  0  0.03814  257.42  265.03 0.65789D+14  2.305    3.999    3.454   -1.140   36.245   11.04   12.52   92.54
  110.45  122.74 0.39359D-09  1  0  0.03839  257.33  265.00 0.65694D+14  2.306    3.986    3.442   -1.173   36.217   11.04   12.52   93.23
  110.77  123.34 0.39253D-09  1  0  0.03865  257.25  264.97 0.65602D+14  2.306    3.973    3.429   -1.206   36.189   11.04   12.53   93.91
  111.09  123.93 0.39147D-09  1  0  0.03891  257.16  264.94 0.65511D+14  2.307    3.960    3.416   -1.239   36.161   11.04   12.53   94.57
  111.41  124.52 0.39042D-09  1  0  0.03918  257.07  264.91 0.65422D+14  2.308    3.947    3.404   -1.273   36.132   11.04   12.54   95.22
  111.73  125.09 0.38938D-09  1  0  0.03945  256.99  264.88 0.65335D+14  2.309    3.935    3.391   -1.307   36.103   11.04   12.55   95.86
  112.06  125.66 0.38834D-09  1  0  0.03972  256.90  264.85 0.65250D+14  2.310    3.922    3.379   -1.342   36.074   11.04   12.55   96.48
  112.38  126.23 0.38731D-09  1  0  0.04000  256.81  264.82 0.65167D+14  2.310    3.909    3.367   -1.377   36.044   11.04   12.56   97.10
  112.70  126.79 0.38629D-09  1  0  0.04028  256.72  264.78 0.65086D+14  2.311    3.897    3.354   -1.413   36.014   11.04   12.57   97.70
  113.02  127.34 0.38527D-09  1  0  0.04056  256.63  264.75 0.65007D+14  2.312    3.884    3.342   -1.449   35.983   11.04   12.57   98.30
  113.34  127.89 0.38425D-09  1  0  0.04085  256.54  264.72 0.64930D+14  2.313    3.872    3.330   -1.485   35.952   11.04   12.58   98.88
  113.67  128.43 0.38325D-09  1  0  0.04114  256.44  264.68 0.64856D+14  2.314    3.860    3.318   -1.523   35.921   11.04   12.59   99.46
  113.99  128.97 0.38224D-09  1  0  0.04143  256.35  264.65 0.64783D+14  2.315    3.847    3.306   -1.560   35.889   11.04   12.60  100.03
  114.31  129.50 0.38125D-09  1  0  0.04173  256.26  264.61 0.64712D+14  2.315    3.835    3.294   -1.599   35.857   11.05   12.60  100.59
  114.63  130.02 0.38026D-09  1  0  0.04204  256.16  264.58 0.64644D+14  2.316    3.823    3.282   -1.637   35.824   11.05   12.61  101.14
  114.95  130.55 0.37927D-09  1  0  0.04235  256.07  264.54 0.64578D+14  2.317    3.810    3.270   -1.677   35.791   11.05   12.62  101.69
  115.28  131.07 0.37829D-09  1  0  0.04266  255.97  264.51 0.64514D+14  2.318    3.798    3.258   -1.717   35.757   11.05   12.63  102.23
  115.60  131.58 0.37732D-09  1  0  0.04298  255.87  264.47 0.64452D+14  2.319    3.786    3.246   -1.757   35.723   11.05   12.64  102.76
  115.92  132.09 0.37635D-09  1  0  0.04330  255.77  264.44 0.64393D+14  2.320    3.774    3.234   -1.799   35.688   11.05   12.64  103.29
  116.24  132.60 0.37539D-09  1  0  0.04362  255.68  264.40 0.64336D+14  2.321    3.762    3.223   -1.840   35.653   11.05   12.65  103.81
  116.56  133.11 0.37443D-09  1  0  0.04396  255.58  264.36 0.64282D+14  2.321    3.750    3.211   -1.883   35.618   11.05   12.66  104.33
  116.89  133.61 0.37348D-09  1  0  0.04429  255.47  264.33 0.64230D+14  2.322    3.738    3.199   -1.926   35.581   11.06   12.67  104.84
  117.21  134.11 0.37253D-09  1  0  0.04463  255.37  264.29 0.64180D+14  2.323    3.726    3.188   -1.970   35.545   11.06   12.68  105.34
  117.53  134.60 0.37159D-09  1  0  0.04498  255.27  264.25 0.64134D+14  2.324    3.715    3.176   -2.014   35.508   11.06   12.69  105.84
  117.85  135.10 0.37065D-09  1  0  0.04533  255.16  264.21 0.64089D+14  2.325    3.703    3.165   -2.059   35.470   11.06   12.70  106.34
  118.17  135.59 0.36972D-09  1  0  0.04569  255.06  264.17 0.64048D+14  2.326    3.691    3.153   -2.105   35.431   11.06   12.71  106.83
  118.50  136.08 0.36879D-09  1  0  0.04605  254.95  264.13 0.64009D+14  2.327    3.679    3.142   -2.151   35.393   11.06   12.72  107.32
  118.82  136.56 0.36787D-09  1  0  0.04642  254.84  264.09 0.63973D+14  2.328    3.667    3.130   -2.199   35.353   11.07   12.73  107.80
  119.14  137.04 0.36695D-09  1  0  0.04679  254.74  264.05 0.63939D+14  2.329    3.656    3.119   -2.247   35.313   11.07   12.74  108.28
  119.46  137.52 0.36604D-09  1  0  0.04717  254.63  264.01 0.63909D+14  2.330    3.644    3.108   -2.295   35.272   11.07   12.75  108.76
  119.78  138.00 0.36514D-09  1  0  0.04756  254.51  263.97 0.63881D+14  2.331    3.633    3.096   -2.345   35.231   11.07   12.76  109.23
  120.11  138.48 0.36423D-09  1  0  0.04795  254.40  263.92 0.63857D+14  2.332    3.621    3.085   -2.395   35.189   11.08   12.77  109.70
  120.43  138.95 0.36334D-09  1  0  0.04835  254.29  263.88 0.63836D+14  2.333    3.609    3.074   -2.446   35.146   11.08   12.79  110.16
  120.75  139.43 0.36244D-09  1  0  0.04875  254.17  263.84 0.63817D+14  2.334    3.598    3.063   -2.498   35.103   11.08   12.80  110.62
  121.07  139.90 0.36156D-09  1  0  0.04917  254.06  263.79 0.63802D+14  2.335    3.586    3.052   -2.551   35.059   11.09   12.81  111.08
  121.39  140.36 0.36067D-09  1  0  0.04958  253.94  263.75 0.63791D+14  2.336    3.575    3.041   -2.605   35.014   11.09   12.82  111.54
  121.72  140.83 0.35980D-09  1  0  0.05001  253.82  263.70 0.63782D+14  2.337    3.564    3.030   -2.660   34.969   11.09   12.83  111.99
  122.04  141.30 0.35892D-09  1  0  0.05044  253.70  263.66 0.63777D+14  2.339    3.552    3.019   -2.715   34.922   11.10   12.85  112.44
  122.36  141.76 0.35805D-09  1  0  0.05088  253.58  263.61 0.63776D+14  2.340    3.541    3.007   -2.772   34.875   11.10   12.86  112.89
  122.68  142.22 0.35719D-09  1  0  0.05133  253.45  263.56 0.63778D+14  2.341    3.529    2.997   -2.829   34.828   11.10   12.88  113.33
  123.00  142.68 0.35633D-09  1  0  0.05179  253.33  263.52 0.63784D+14  2.342    3.518    2.986   -2.888   34.779   11.11   12.89  113.77
  123.33  143.14 0.35548D-09  1  0  0.05225  253.20  263.47 0.63794D+14  2.343    3.507    2.975   -2.947   34.730   11.11   12.90  114.21
  123.65  143.60 0.35462D-09  1  0  0.05272  253.07  263.42 0.63808D+14  2.344    3.496    2.964   -3.008   34.679   11.12   12.92  114.65
  123.97  144.05 0.35378D-09  1  0  0.05320  252.94  263.37 0.63826D+14  2.345    3.484    2.953   -3.070   34.628   11.12   12.93  115.08
  124.29  144.51 0.35294D-09  1  0  0.05369  252.81  263.32 0.63847D+14  2.347    3.473    2.942   -3.132   34.576   11.12   12.95  115.51
  124.61  144.96 0.35210D-09  1  0  0.05418  252.67  263.27 0.63873D+14  2.348    3.462    2.931   -3.196   34.523   11.13   12.96  115.94
  124.94  145.41 0.35127D-09  1  0  0.05469  252.54  263.22 0.63904D+14  2.349    3.451    2.920   -3.261   34.470   11.13   12.98  116.37
  125.26  145.86 0.35044D-09  1  0  0.05521  252.40  263.16 0.63939D+14  2.350    3.439    2.910   -3.327   34.415   11.14   13.00  116.80
  125.58  146.31 0.34961D-09  1  0  0.05573  252.26  263.11 0.63978D+14  2.352    3.428    2.899   -3.395   34.359   11.14   13.01  117.22
  125.90  146.76 0.34879D-09  1  0  0.05627  252.12  263.06 0.64023D+14  2.353    3.417    2.888   -3.464   34.302   11.15   13.03  117.64
  126.22  147.21 0.34798D-09  1  0  0.05681  251.97  263.00 0.64072D+14  2.354    3.406    2.877   -3.534   34.244   11.16   13.05  118.06
  126.55  147.65 0.34716D-09  1  0  0.05737  251.83  262.95 0.64126D+14  2.356    3.395    2.867   -3.605   34.186   11.16   13.07  118.48
  126.87  148.10 0.34636D-09  1  0  0.05793  251.68  262.89 0.64186D+14  2.357    3.383    2.856   -3.677   34.126   11.17   13.09  118.90
  127.19  148.54 0.34555D-09  1  0  0.05851  251.53  262.83 0.64251D+14  2.358    3.372    2.845   -3.751   34.065   11.17   13.11  119.31
  127.51  148.99 0.34475D-09  1  0  0.05910  251.38  262.77 0.64321D+14  2.360    3.361    2.834   -3.827   34.002   11.18   13.13  119.73
  127.83  149.43 0.34396D-09  1  0  0.05970  251.22  262.72 0.64397D+14  2.361    3.350    2.824   -3.904   33.939   11.19   13.15  120.14
  128.16  149.87 0.34317D-09  1  0  0.06031  251.06  262.66 0.64479D+14  2.363    3.339    2.813   -3.982   33.874   11.20   13.17  120.55
  128.48  150.31 0.34238D-09  1  0  0.06093  250.90  262.59 0.64567D+14  2.364    3.328    2.802   -4.062   33.809   11.20   13.19  120.95
  128.80  150.75 0.34160D-09  1  0  0.06157  250.74  262.53 0.64661D+14  2.366    3.316    2.792   -4.144   33.742   11.21   13.21  121.36
  129.12  151.18 0.34082D-09  1  0  0.06222  250.57  262.47 0.64762D+14  2.367    3.305    2.781   -4.227   33.673   11.22   13.23  121.77
  129.44  151.62 0.34004D-09  1  0  0.06289  250.40  262.41 0.64869D+14  2.369    3.294    2.770   -4.312   33.603   11.23   13.26  122.17
  129.77  152.06 0.33927D-09  1  0  0.06356  250.23  262.34 0.64984D+14  2.370    3.283    2.760   -4.398   33.532   11.23   13.28  122.57
  130.09  152.49 0.33850D-09  1  0  0.06426  250.05  262.27 0.65106D+14  2.372    3.272    2.749   -4.487   33.460   11.24   13.30  122.97
  130.41  152.93 0.33774D-09  1  0  0.06496  249.88  262.21 0.65235D+14  2.374    3.260    2.738   -4.577   33.385   11.25   13.33  123.37
  130.73  153.36 0.33698D-09  1  0  0.06569  249.69  262.14 0.65372D+14  2.375    3.249    2.728   -4.669   33.310   11.26   13.35  123.77
  131.05  153.79 0.33622D-09  1  0  0.06643  249.51  262.07 0.65517D+14  2.377    3.238    2.717   -4.763   33.233   11.27   13.38  124.16
  131.38  154.23 0.33547D-09  1  0  0.06718  249.32  262.00 0.65670D+14  2.379    3.227    2.706   -4.859   33.154   11.28   13.41  124.56
  131.70  154.66 0.33472D-09  1  0  0.06795  249.13  261.93 0.65832D+14  2.381    3.215    2.696   -4.957   33.073   11.29   13.44  124.95
  132.02  155.09 0.33397D-09  1  0  0.06874  248.93  261.85 0.66003D+14  2.382    3.204    2.685   -5.058   32.991   11.30   13.47  125.35
  132.34  155.52 0.33323D-09  1  0  0.06955  248.73  261.78 0.66184D+14  2.384    3.193    2.674   -5.160   32.907   11.31   13.50  125.74
  132.66  155.95 0.33249D-09  1  0  0.07038  248.53  261.70 0.66374D+14  2.386    3.181    2.664   -5.265   32.822   11.32   13.53  126.13
  132.99  156.38 0.33176D-09  1  0  0.07123  248.32  261.63 0.66574D+14  2.388    3.170    2.653   -5.372   32.734   11.34   13.56  126.52
  133.31  156.80 0.33102D-09  1  0  0.07209  248.11  261.55 0.66785D+14  2.390    3.158    2.642   -5.481   32.645   11.35   13.59  126.90
  133.63  157.23 0.33030D-09  1  0  0.07298  247.89  261.47 0.67007D+14  2.392    3.147    2.631   -5.593   32.553   11.36   13.62  127.29
  133.95  157.66 0.32957D-09  1  0  0.07389  247.67  261.39 0.67240D+14  2.394    3.135    2.620   -5.708   32.459   11.37   13.66  127.67
  134.27  158.08 0.32885D-09  1  0  0.07482  247.44  261.30 0.67486D+14  2.396    3.124    2.609   -5.825   32.364   11.39   13.69  128.06
  134.60  158.51 0.32814D-09  1  0  0.07578  247.21  261.22 0.67744D+14  2.399    3.112    2.598   -5.945   32.266   11.40   13.73  128.44
  134.92  158.93 0.32742D-09  1  0  0.07676  246.97  261.13 0.68015D+14  2.401    3.100    2.587   -6.068   32.166   11.42   13.77  128.82
  135.24  159.35 0.32671D-09  1  0  0.07776  246.72  261.04 0.68299D+14  2.403    3.088    2.576   -6.193   32.063   11.43   13.81  129.20
  135.56  159.78 0.32600D-09  1  0  0.07879  246.47  260.95 0.68598D+14  2.406    3.076    2.565   -6.322   31.958   11.45   13.85  129.58
  135.88  160.20 0.32530D-09  1  0  0.07985  246.22  260.86 0.68912D+14  2.408    3.064    2.554   -6.454   31.851   11.46   13.89  129.96
  136.21  160.62 0.32460D-09  1  0  0.08094  245.96  260.76 0.69242D+14  2.410    3.052    2.543   -6.589   31.741   11.48   13.93  130.34
  136.53  161.04 0.32390D-09  1  0  0.08205  245.69  260.67 0.69589D+14  2.413    3.040    2.532   -6.727   31.628   11.50   13.98  130.71
  136.85  161.46 0.32321D-09  1  0  0.08320  245.41  260.57 0.69952D+14  2.416    3.028    2.520   -6.869   31.512   11.51   14.02  131.09
  137.17  161.88 0.32252D-09  1  0  0.08438  245.13  260.47 0.70334D+14  2.418    3.016    2.509   -7.014   31.394   11.53   14.07  131.46
  137.49  162.30 0.32183D-09  1  0  0.08559  244.84  260.37 0.70735D+14  2.421    3.003    2.498   -7.163   31.273   11.55   14.12  131.83
  137.82  162.72 0.32115D-09  1  0  0.08684  244.54  260.26 0.71156D+14  2.424    2.991    2.486   -7.316   31.148   11.57   14.17  132.21
  138.14  163.13 0.32047D-09  1  0  0.08812  244.23  260.15 0.71598D+14  2.427    2.978    2.474   -7.473   31.021   11.59   14.23  132.58
  138.46  163.55 0.31979D-09  1  0  0.08944  243.91  260.04 0.72063D+14  2.430    2.965    2.463   -7.634   30.890   11.61   14.28  132.95
  138.78  163.96 0.31912D-09  1  0  0.09080  243.59  259.93 0.72551D+14  2.433    2.953    2.451   -7.800   30.755   11.63   14.34  133.31
  139.10  164.38 0.31845D-09  1  0  0.09220  243.25  259.81 0.73064D+14  2.436    2.939    2.439   -7.969   30.617   11.66   14.40  133.68
  139.43  164.79 0.31778D-09  1  0  0.09365  242.91  259.70 0.73603D+14  2.440    2.926    2.427   -8.144   30.476   11.68   14.46  134.05
  139.75  165.21 0.31711D-09  1  0  0.09514  242.55  259.57 0.74170D+14  2.443    2.913    2.415   -8.323   30.330   11.70   14.53  134.41
  140.07  165.62 0.31645D-09  1  0  0.09667  242.18  259.45 0.74766D+14  2.447    2.899    2.402   -8.507   30.181   11.73   14.59  134.77
  140.39  166.03 0.31579D-09  1  0  0.09826  241.80  259.32 0.75394D+14  2.451    2.886    2.390   -8.696   30.027   11.75   14.66  135.13
  140.71  166.44 0.31514D-09  1  0  0.09990  241.41  259.19 0.76054D+14  2.454    2.872    2.377   -8.891   29.870   11.78   14.73  135.49
  141.04  166.85 0.31448D-09  1  0  0.10160  241.00  259.06 0.76750D+14  2.458    2.858    2.364   -9.091   29.707   11.81   14.81  135.85
  141.36  167.26 0.31384D-09  1  0  0.10335  240.58  258.92 0.77483D+14  2.463    2.843    2.352   -9.297   29.541   11.84   14.89  136.21
  141.68  167.67 0.31319D-09  1  0  0.10516  240.14  258.77 0.78255D+14  2.467    2.829    2.338   -9.508   29.369   11.87   14.97  136.57
  142.00  168.08 0.31254D-09  1  0  0.10704  239.69  258.63 0.79069D+14  2.471    2.814    2.325   -9.727   29.192   11.90   15.06  136.92
  142.32  168.49 0.31190D-09  1  0  0.10898  239.22  258.48 0.79929D+14  2.476    2.799    2.311   -9.951   29.010   11.93   15.15  137.28
  142.65  168.89 0.31127D-09  1  0  0.11100  238.74  258.32 0.80836D+14  2.481    2.783    2.298  -10.182   28.823   11.96   15.24  137.63
  142.97  169.30 0.31063D-09  1  0  0.11309  238.23  258.16 0.81794D+14  2.486    2.767    2.284  -10.421   28.630   12.00   15.34  137.98
  143.29  169.70 0.31000D-09  1  0  0.11526  237.70  258.00 0.82807D+14  2.491    2.751    2.269  -10.666   28.432   12.03   15.44  138.33
  143.61  170.10 0.30937D-09  1  0  0.11751  237.15  257.83 0.83879D+14  2.497    2.735    2.255  -10.919   28.227   12.07   15.55  138.67
  143.93  170.51 0.30874D-09  1  0  0.11985  236.58  257.66 0.85013D+14  2.503    2.718    2.240  -11.180   28.016   12.10   15.66  139.02
  144.26  170.91 0.30812D-09  1  0  0.12229  235.99  257.48 0.86214D+14  2.509    2.701    2.224  -11.449   27.799   12.14   15.78  139.36
  144.58  171.31 0.30750D-09  1  0  0.12483  235.36  257.29 0.87488D+14  2.515    2.683    2.209  -11.727   27.574   12.18   15.90  139.70
  144.90  171.70 0.30688D-09  1  0  0.12747  234.71  257.10 0.88839D+14  2.522    2.665    2.193  -12.014   27.343   12.22   16.03  140.04
  145.22  172.10 0.30627D-09  1  0  0.13022  234.03  256.90 0.90273D+14  2.529    2.646    2.176  -12.309   27.104   12.27   16.17  140.37
  145.54  172.50 0.30565D-09  1  0  0.13310  233.31  256.70 0.91796D+14  2.537    2.626    2.159  -12.615   26.858   12.31   16.32  140.71
  145.87  172.89 0.30504D-09  1  0  0.13610  232.56  256.49 0.93416D+14  2.544    2.606    2.142  -12.930   26.603   12.35   16.47  141.04
  146.19  173.28 0.30444D-09  1  0  0.13925  231.77  256.27 0.95141D+14  2.553    2.586    2.124  -13.255   26.341   12.40   16.63  141.37
  146.51  173.67 0.30383D-09  1  0  0.14253  230.94  256.05 0.96977D+14  2.562    2.564    2.106  -13.592   26.070   12.45   16.80  141.69
  146.83  174.06 0.30323D-09  1  0  0.14598  230.07  255.82 0.98934D+14  2.571    2.542    2.086  -13.939   25.790   12.50   16.98  142.01
  147.15  174.44 0.30263D-09  1  0  0.14960  229.14  255.58 0.10102D+15  2.581    2.519    2.067  -14.298   25.501   12.54   17.18  142.33
  147.48  174.83 0.30203D-09  1  0  0.15339  228.16  255.33 0.10325D+15  2.592    2.495    2.046  -14.668   25.202   12.59   17.38  142.64
  147.80  175.21 0.30144D-09  1  0  0.15738  227.13  255.07 0.10563D+15  2.603    2.470    2.025  -15.051   24.894   12.64   17.60  142.95
  148.12  175.58 0.30085D-09  1  0  0.16159  226.03  254.81 0.10817D+15  2.615    2.444    2.002  -15.446   24.576   12.69   17.83  143.26
  148.44  175.96 0.30026D-09  1  0  0.16602  224.86  254.53 0.11089D+15  2.628    2.417    1.979  -15.855   24.247   12.74   18.07  143.56
  148.76  176.33 0.29967D-09  1  0  0.17070  223.61  254.25 0.11380D+15  2.643    2.388    1.954  -16.276   23.908   12.79   18.33  143.85
  149.09  176.70 0.29909D-09  1  0  0.17565  222.28  253.96 0.11690D+15  2.658    2.358    1.929  -16.711   23.558   12.84   18.61  144.14
  149.41  177.06 0.29851D-09  1  0  0.18090  220.85  253.66 0.12022D+15  2.674    2.326    1.902  -17.159   23.198   12.88   18.91  144.42
  149.73  177.42 0.29793D-09  1  0  0.18646  219.33  253.35 0.12377D+15  2.692    2.292    1.873  -17.621   22.827   12.93   19.23  144.69
  150.05  177.77 0.29735D-09  1  0  0.19237  217.68  253.03 0.12755D+15  2.712    2.256    1.843  -18.096   22.446   12.96   19.56  144.95
  150.37  178.12 0.29678D-09  1  0  0.19867  215.91  252.71 0.13156D+15  2.733    2.218    1.811  -18.584   22.054   12.99   19.93  145.21
  150.70  178.46 0.29621D-09  1  0  0.20539  214.00  252.37 0.13582D+15  2.757    2.177    1.777  -19.084   21.652   13.01   20.31  145.45
  151.02  182.00 0.29564D-09  0  0  0.21258  211.92  252.04 0.14030D+15  2.783    2.133    1.740  -19.138   21.616  151.02  151.02  151.02
  151.34  182.39 0.29507D-09  0  0  0.22029  209.66  251.70 0.14499D+15  2.812    2.086    1.701  -19.191   21.579  151.34  151.34  151.34
  151.66  182.78 0.29451D-09  0  0  0.22857  207.19  251.36 0.14983D+15  2.844    2.035    1.659  -19.248   21.540  151.66  151.66  151.66
  151.98  183.17 0.29395D-09  0  0  0.23749  204.48  251.03 0.15476D+15  2.880    1.980    1.613  -19.309   21.497  151.98  151.98  151.98
  152.31  183.56 0.29339D-09  0  0  0.24714  201.50  250.70 0.15964D+15  2.921    1.920    1.564  -19.376   21.450  152.31  152.31  152.31
  152.63  183.94 0.29283D-09  0  0  0.25760  198.21  250.40 0.16429D+15  2.968    1.854    1.509  -19.448   21.399  152.63  152.63  152.63
  152.95  184.33 0.29228D-09  0  0  0.26897  194.55  250.14 0.16841D+15  3.022    1.782    1.450  -19.527   21.342  152.95  152.95  152.95
  153.27  184.72 0.29173D-09  0  0  0.28139  190.46  249.93 0.17156D+15  3.085    1.702    1.384  -19.613   21.279  153.27  153.27  153.27
  153.59  185.11 0.29118D-09  0  0  0.29501  185.87  249.80 0.17313D+15  3.158    1.612    1.311  -19.709   21.209  153.59  153.59  153.59
  153.92  185.50 0.29063D-09  0  0  0.31000  180.68  249.79 0.17220D+15  3.246    1.512    1.229  -19.815   21.129  153.92  153.92  153.92
  154.24  185.89 0.29009D-09  0  0  0.32100  176.79  249.89 0.16926D+15  3.315    1.436    1.167  -19.897   21.070  154.24  154.24  154.24
  154.56  186.27 0.28954D-09  0  0  0.32100  176.79  249.89 0.16832D+15  3.315    1.434    1.164  -19.906   21.070  154.56  154.56  154.56
  154.88  186.66 0.28900D-09  0  0  0.32100  176.80  249.89 0.16739D+15  3.315    1.431    1.161  -19.915   21.071  154.88  154.88  154.88
  155.20  187.05 0.28846D-09  0  0  0.32100  176.81  249.89 0.16646D+15  3.315    1.429    1.159  -19.924   21.071  155.20  155.20  155.20
  155.53  187.44 0.28793D-09  0  0  0.32100  176.81  249.88 0.16554D+15  3.315    1.426    1.156  -19.933   21.071  155.53  155.53  155.53
  155.85  187.83 0.28740D-09  0  0  0.32100  176.82  249.88 0.16462D+15  3.315    1.424    1.154  -19.941   21.071  155.85  155.85  155.85
  156.17  188.21 0.28686D-09  0  0  0.32100  176.82  249.88 0.16371D+15  3.315    1.421    1.151  -19.950   21.072  156.17  156.17  156.17
  156.49  188.60 0.28633D-09  0  0  0.32100  176.83  249.87 0.16281D+15  3.315    1.419    1.148  -19.959   21.072  156.49  156.49  156.49
  156.81  188.99 0.28581D-09  0  0  0.32100  176.83  249.87 0.16191D+15  3.315    1.416    1.146  -19.968   21.072  156.81  156.81  156.81
  157.14  189.38 0.28528D-09  0  0  0.32100  176.84  249.87 0.16101D+15  3.315    1.414    1.143  -19.977   21.072  157.14  157.14  157.14
  157.46  189.77 0.28476D-09  0  0  0.32100  176.85  249.86 0.16012D+15  3.315    1.411    1.141  -19.985   21.073  157.46  157.46  157.46
  157.78  190.15 0.28424D-09  0  0  0.32100  176.85  249.86 0.15924D+15  3.315    1.409    1.138  -19.994   21.073  157.78  157.78  157.78
  158.10  190.54 0.28372D-09  0  0  0.32100  176.86  249.86 0.15836D+15  3.315    1.406    1.136  -20.003   21.073  158.10  158.10  158.10
  158.42  190.93 0.28320D-09  0  0  0.32100  176.86  249.85 0.15749D+15  3.314    1.404    1.133  -20.012   21.074  158.42  158.42  158.42
  158.75  191.32 0.28269D-09  0  0  0.32100  176.87  249.85 0.15662D+15  3.314    1.402    1.131  -20.020   21.074  158.75  158.75  158.75
  159.07  191.71 0.28218D-09  0  0  0.32100  176.88  249.84 0.15576D+15  3.314    1.399    1.129  -20.029   21.075  159.07  159.07  159.07
  159.39  192.09 0.28167D-09  0  0  0.32100  176.88  249.84 0.15490D+15  3.314    1.397    1.126  -20.038   21.075  159.39  159.39  159.39
  159.71  192.48 0.28116D-09  0  0  0.32100  176.89  249.83 0.15405D+15  3.314    1.394    1.124  -20.047   21.075  159.71  159.71  159.71
  160.03  192.87 0.28065D-09  0  0  0.32100  176.89  249.83 0.15321D+15  3.314    1.392    1.121  -20.055   21.076  160.03  160.03  160.03
  160.36  193.26 0.28015D-09  0  0  0.32100  176.90  249.82 0.15237D+15  3.314    1.390    1.119  -20.064   21.076  160.36  160.36  160.36
  160.68  193.65 0.27965D-09  0  0  0.32100  176.90  249.82 0.15153D+15  3.314    1.387    1.116  -20.073   21.077  160.68  160.68  160.68
  161.00  194.03 0.27915D-09  0  0  0.32100  176.91  249.81 0.15070D+15  3.314    1.385    1.114  -20.081   21.077  161.00  161.00  161.00
