R_tot = 1561.0 R_core =  1400.0  Tsurf =   100.00  g =  1.310
     Pint       Hint       etaref      pCLA conv   zbot     %vol    Tbot     Tm      Fbot     Ftop     dlid
 0.50161D-09 0.20375D+13 0.10000D+13   0.0000  1  160.034  0.00000  253.58  253.64   25.595   87.156    4.02
 0.51020D-09 0.20500D+13 0.10000D+13   0.0000  1  158.102  0.00000  253.90  253.96   25.670   87.682    4.01
 0.51804D-09 0.20625D+13 0.10000D+13   0.0000  1  156.492  0.00000  254.17  254.23   25.689   88.153    4.00
 0.52702D-09 0.20750D+13 0.10000D+13   0.0000  1  154.560  0.00000  254.48  254.54   25.765   88.680    3.99
 0.53521D-09 0.20875D+13 0.10000D+13   0.0000  1  152.950  0.00000  254.74  254.80   25.785   89.152    3.98
 0.54460D-09 0.21000D+13 0.10000D+13   0.0000  1  151.018  0.00000  255.06  255.11   25.862   89.681    3.97
 0.55316D-09 0.21125D+13 0.10000D+13   0.0000  1  149.408  0.00000  255.31  255.37   25.882   90.154    3.96
 0.56300D-09 0.21250D+13 0.10000D+13   0.0000  1  147.476  0.00000  255.62  255.67   25.960   90.684    3.95
 0.57195D-09 0.21375D+13 0.10000D+13   0.0000  1  145.866  0.00000  255.87  255.93   25.982   91.159    3.94
 0.58110D-09 0.21500D+13 0.10000D+13   0.0000  1  144.256  0.00000  256.12  256.18   26.005   91.634    3.93
 0.59166D-09 0.21625D+13 0.10000D+13   0.0000  1  142.324  0.00000  256.42  256.47   26.085   92.167    3.92
 0.60125D-09 0.21750D+13 0.10000D+13   0.0000  1  140.714  0.00000  256.66  256.72   26.109   92.645    3.91
 0.61105D-09 0.21875D+13 0.10000D+13   0.0000  1  139.104  0.00000  256.91  256.96   26.135   93.123    3.90
 0.62108D-09 0.22000D+13 0.10000D+13   0.0000  1  137.494  0.00000  257.15  257.21   26.161   93.602    3.89
 0.63134D-09 0.22125D+13 0.10000D+13   0.0000  1  135.884  0.00000  257.39  257.45   26.188   94.082    3.88
 0.64184D-09 0.22250D+13 0.10000D+13   0.0000  1  134.274  0.00000  257.63  257.69   26.216   94.563    3.87
 0.65259D-09 0.22375D+13 0.10000D+13   0.0000  1  132.664  0.00000  257.87  257.92   26.245   95.045    3.87
 0.66359D-09 0.22500D+13 0.10000D+13   0.0000  1  131.054  0.00000  258.10  258.16   26.276   95.529    3.86
 0.67486D-09 0.22625D+13 0.10000D+13   0.0000  1  129.444  0.00000  258.34  258.39   26.307   96.013    3.85
 0.68641D-09 0.22750D+13 0.10000D+13   0.0000  1  127.834  0.00000  258.57  258.62   26.341   96.499    3.84
 0.69824D-09 0.22875D+13 0.10000D+13   0.0000  1  126.224  0.00000  258.80  258.85   26.375   96.987    3.83
 0.70869D-09 0.23000D+13 0.10000D+13   0.0000  1  124.936  0.00000  258.98  259.04   26.352   97.415    3.82
 0.72108D-09 0.23125D+13 0.10000D+13   0.0000  1  123.326  0.00000  259.21  259.26   26.390   97.905    3.81
 0.73379D-09 0.23250D+13 0.10000D+13   0.0000  1  121.716  0.00000  259.44  259.49   26.429   98.397    3.80
 0.74500D-09 0.23375D+13 0.10000D+13   0.0000  1  120.428  0.00000  259.62  259.67   26.410   98.829    3.79
 0.75833D-09 0.23500D+13 0.10000D+13   0.0000  1  118.818  0.00000  259.84  259.89   26.453   99.324    3.78
 0.77202D-09 0.23625D+13 0.10000D+13   0.0000  1  117.208  0.00000  260.06  260.11   26.497   99.821    3.77
 0.78406D-09 0.23750D+13 0.10000D+13   0.0000  1  115.920  0.00000  260.24  260.29   26.483  100.257    3.76
 0.79845D-09 0.23875D+13 0.10000D+13   0.0000  1  114.310  0.00000  260.46  260.50   26.531  100.757    3.75
 0.81109D-09 0.24000D+13 0.10000D+13   0.0000  1  113.022  0.00000  260.63  260.68   26.519  101.197    3.74
 0.82402D-09 0.24125D+13 0.10000D+13   0.0000  1  111.734  0.00000  260.80  260.85   26.510  101.637    3.74
 0.83951D-09 0.24250D+13 0.10000D+13   0.0000  1  110.124  0.00000  261.02  261.06   26.564  102.143    3.73
 0.85310D-09 0.24375D+13 0.10000D+13   0.0000  1  108.836  0.00000  261.19  261.23   26.558  102.587    3.72
 0.86701D-09 0.24500D+13 0.10000D+13   0.0000  1  107.548  0.00000  261.36  261.41   26.553  103.032    3.71
 0.88125D-09 0.24625D+13 0.10000D+13   0.0000  1  106.260  0.00000  261.53  261.58   26.551  103.478    3.70
 0.89584D-09 0.24750D+13 0.10000D+13   0.0000  1  104.972  0.00000  261.70  261.75   26.550  103.927    3.69
 0.91078D-09 0.24875D+13 0.10000D+13   0.0000  1  103.684  0.00000  261.86  261.92   26.551  104.377    3.68
 0.92609D-09 0.25000D+13 0.10000D+13   0.0000  1  102.396  0.00000  262.03  262.08   26.554  104.829    3.67
 0.94178D-09 0.25125D+13 0.10000D+13   0.0000  1  101.108  0.00000  262.20  262.25   26.559  105.283    3.66
 0.95787D-09 0.25250D+13 0.10000D+13   0.0000  1   99.820  0.00000  262.36  262.41   26.567  105.738    3.66
 0.97438D-09 0.25375D+13 0.10000D+13   0.0000  1   98.532  0.00000  262.53  262.57   26.576  106.196    3.65
 0.99131D-09 0.25500D+13 0.10000D+13   0.0000  1   97.244  0.00000  262.69  262.74   26.588  106.655    3.64
 0.10087D-08 0.25625D+13 0.10000D+13   0.0000  1   95.956  0.00000  262.85  262.90   26.602  107.117    3.63
 0.10233D-08 0.25750D+13 0.10000D+13   0.0000  1   94.990  0.00000  262.97  263.03   26.551  107.511    3.62
 0.10415D-08 0.25875D+13 0.10000D+13   0.0000  1   93.702  0.00000  263.13  263.18   26.569  107.977    3.61
 0.10602D-08 0.26000D+13 0.10000D+13   0.0000  1   92.414  0.00000  263.30  263.34   26.590  108.445    3.60
 0.10759D-08 0.26125D+13 0.10000D+13   0.0000  1   91.448  0.00000  263.41  263.47   26.544  108.843    3.59
 0.10956D-08 0.26250D+13 0.10000D+13   0.0000  1   90.160  0.00000  263.57  263.62   26.570  109.316    3.59
 0.11158D-08 0.26375D+13 0.10000D+13   0.0000  1   88.872  0.00000  263.73  263.77   26.599  109.791    3.58
 0.11327D-08 0.26500D+13 0.10000D+13   0.0000  1   87.906  0.00000  263.85  263.90   26.559  110.194    3.57
 0.11499D-08 0.26625D+13 0.10000D+13   0.0000  1   86.940  0.00000  263.97  264.02   26.521  110.600    3.56
 0.11717D-08 0.26750D+13 0.10000D+13   0.0000  1   85.652  0.00000  264.12  264.17   26.557  111.082    3.55
 0.11899D-08 0.26875D+13 0.10000D+13   0.0000  1   84.686  0.00000  264.24  264.29   26.523  111.491    3.54
 0.12129D-08 0.27000D+13 0.10000D+13   0.0000  1   83.398  0.00000  264.40  264.44   26.566  111.978    3.53
 0.12320D-08 0.27125D+13 0.10000D+13   0.0000  1   82.432  0.00000  264.51  264.55   26.536  112.391    3.53
 0.12516D-08 0.27250D+13 0.10000D+13   0.0000  1   81.466  0.00000  264.63  264.67   26.509  112.806    3.52
 0.12716D-08 0.27375D+13 0.10000D+13   0.0000  1   80.500  0.00000  264.74  264.79   26.484  113.223    3.51
 0.12921D-08 0.27500D+13 0.10000D+13   0.0000  1   79.534  0.00000  264.86  264.91   26.460  113.641    3.50
 0.13131D-08 0.27625D+13 0.10000D+13   0.0000  1   78.568  0.00000  264.97  265.02   26.440  114.062    3.49
 0.13399D-08 0.27750D+13 0.10000D+13   0.0000  1   77.280  0.00000  265.12  265.16   26.500  114.566    3.48
 0.13621D-08 0.27875D+13 0.10000D+13   0.0000  1   76.314  0.00000  265.24  265.28   26.485  114.992    3.48
 0.13849D-08 0.28000D+13 0.10000D+13   0.0000  1   75.348  0.00000  265.35  265.39   26.472  115.419    3.47
 0.14082D-08 0.28125D+13 0.10000D+13   0.0000  1   74.382  0.00000  265.46  265.50   26.462  115.850    3.46
 0.14263D-08 0.28250D+13 0.10000D+13   0.0000  1   73.738  0.00000  265.54  265.59   26.372  116.197    3.45
 0.14507D-08 0.28375D+13 0.10000D+13   0.0000  1   72.772  0.00000  265.65  265.70   26.366  116.631    3.44
 0.14757D-08 0.28500D+13 0.10000D+13   0.0000  1   71.806  0.00000  265.76  265.81   26.363  117.068    3.44
 0.15015D-08 0.28625D+13 0.10000D+13   0.0000  1   70.840  0.00000  265.87  265.92   26.363  117.507    3.43
 0.15279D-08 0.28750D+13 0.10000D+13   0.0000  1   69.874  0.00000  265.98  266.02   26.366  117.949    3.42
 0.15482D-08 0.28875D+13 0.10000D+13   0.0000  1   69.230  0.00000  266.06  266.11   26.285  118.304    3.41
 0.15759D-08 0.29000D+13 0.10000D+13   0.0000  1   68.264  0.00000  266.17  266.21   26.293  118.750    3.40
 0.16044D-08 0.29125D+13 0.10000D+13   0.0000  1   67.298  0.00000  266.28  266.32   26.304  119.200    3.39
 0.16262D-08 0.29250D+13 0.10000D+13   0.0000  1   66.654  0.00000  266.35  266.40   26.229  119.560    3.39
 0.16561D-08 0.29375D+13 0.10000D+13   0.0000  1   65.688  0.00000  266.46  266.50   26.245  120.015    3.38
 0.16869D-08 0.29500D+13 0.10000D+13   0.0000  1   64.722  0.00000  266.57  266.61   26.266  120.473    3.37
 0.17104D-08 0.29625D+13 0.10000D+13   0.0000  1   64.078  0.00000  266.64  266.69   26.197  120.838    3.36
 0.17428D-08 0.29750D+13 0.10000D+13   0.0000  1   63.112  0.00000  266.75  266.79   26.223  121.302    3.35
 0.17674D-08 0.29875D+13 0.10000D+13   0.0000  1   62.468  0.00000  266.82  266.87   26.159  121.671    3.35
 0.18016D-08 0.30000D+13 0.10000D+13   0.0000  1   61.502  0.00000  266.93  266.96   26.191  122.141    3.34
