R_tot = 1561.0 R_core =  1400.0  Tsurf =   100.00  g =  1.310
   zbot    P(MPa) Hint     conv melt pCLA   Tbot     Tm     etam        k   Fcond_bot Fcond_top   Fbot     Ftop    dlid z_topTBL z_botTBL
    0.00   -0.00 0.11245D-05  0  0  0.01105  273.24  261.57 0.32206D+15  2.167    0.000    0.000    0.000    0.000    0.00    0.00    0.00
    0.32    0.39 0.11247D-06  0  0  0.01108  273.21  265.40 0.21574D+15  2.167 1398.882 1398.305 1382.222 1414.963    0.32    0.32    0.32
    0.64    0.77 0.56246D-07  0  0  0.01110  273.18  266.02 0.20193D+15  2.167  699.459  698.882  682.794  715.542    0.64    0.64    0.64
    0.97    1.16 0.37505D-07  0  0  0.01113  273.15  266.41 0.19343D+15  2.168  466.317  465.740  449.648  482.403    0.97    0.97    0.97
    1.29    1.55 0.28135D-07  0  0  0.01115  273.12  266.71 0.18724D+15  2.168  349.747  349.170  333.073  365.834    1.29    1.29    1.29
    1.61    1.94 0.22512D-07  0  0  0.01118  273.08  266.94 0.18235D+15  2.168  279.804  279.227  263.126  295.894    1.61    1.61    1.61
    1.93    2.33 0.18764D-07  0  0  0.01120  273.05  267.13 0.17830D+15  2.168  233.176  232.599  216.493  249.268    1.93    1.93    1.93
    2.25    2.71 0.16087D-07  0  0  0.01123  273.02  267.30 0.17485D+15  2.169  199.870  199.293  183.182  215.964    2.25    2.25    2.25
    2.58    3.10 0.14079D-07  0  0  0.01125  272.99  267.44 0.17183D+15  2.169  174.890  174.313  158.198  190.987    2.58    2.58    2.58
    2.90    3.49 0.12517D-07  0  0  0.01128  272.96  267.57 0.16916D+15  2.169  155.462  154.885  138.765  171.561    2.90    2.90    2.90
    3.22    3.88 0.11268D-07  0  0  0.01131  272.93  267.68 0.16675D+15  2.170  139.919  139.342  123.217  156.020    3.22    3.22    3.22
    3.54    4.27 0.10246D-07  0  0  0.01133  272.89  267.78 0.16457D+15  2.170  127.202  126.625  110.496  143.306    3.54    3.54    3.54
    3.86    4.65 0.93937D-08  0  0  0.01136  272.86  267.88 0.16256D+15  2.170  116.604  116.028   99.894  132.711    3.86    3.86    3.86
    4.19    5.04 0.86729D-08  0  0  0.01138  272.83  267.96 0.16071D+15  2.170  107.637  107.061   90.922  123.746    4.19    4.19    4.19
    4.51    5.43 0.80550D-08  0  0  0.01141  272.80  268.04 0.15900D+15  2.171   99.951   99.374   83.231  116.062    4.51    4.51    4.51
    4.83    5.82 0.75196D-08  0  0  0.01144  272.77  268.11 0.15739D+15  2.171   93.290   92.713   76.565  109.403    4.83    4.83    4.83
    5.15    6.21 0.70511D-08  0  0  0.01146  272.74  268.18 0.15589D+15  2.171   87.461   86.884   70.732  103.577    5.15    5.15    5.15
    5.47    6.59 0.66377D-08  0  0  0.01149  272.70  268.24 0.15448D+15  2.171   82.318   81.742   65.584   98.436    5.47    5.47    5.47
    5.80    6.98 0.62702D-08  0  0  0.01151  272.67  268.30 0.15314D+15  2.172   77.746   77.170   61.008   93.867    5.80    5.80    5.80
    6.12    7.37 0.59414D-08  0  0  0.01154  272.64  268.35 0.15188D+15  2.172   73.656   73.080   56.913   89.779    6.12    6.12    6.12
    6.44    7.76 0.56455D-08  0  0  0.01157  272.61  268.40 0.15068D+15  2.172   69.975   69.398   53.227   86.100    6.44    6.44    6.44
    6.76    8.15 0.53778D-08  0  0  0.01159  272.57  268.45 0.14953D+15  2.173   66.644   66.068   49.892   82.771    6.76    6.76    6.76
    7.08    8.54 0.51344D-08  0  0  0.01162  272.54  268.49 0.14844D+15  2.173   63.616   63.040   46.859   79.746    7.08    7.08    7.08
    7.41    8.92 0.49122D-08  0  0  0.01165  272.51  268.53 0.14739D+15  2.173   60.851   60.275   44.090   76.983    7.41    7.41    7.41
    7.73    9.31 0.47085D-08  0  0  0.01168  272.48  268.57 0.14639D+15  2.173   58.317   57.741   41.551   74.451    7.73    7.73    7.73
    8.05    9.70 0.45211D-08  0  0  0.01170  272.45  268.61 0.14543D+15  2.174   55.985   55.409   39.215   72.122    8.05    8.05    8.05
    8.37   10.09 0.43481D-08  0  0  0.01173  272.41  268.64 0.14450D+15  2.174   53.833   53.257   37.058   69.972    8.37    8.37    8.37
    8.69   10.48 0.41879D-08  0  0  0.01176  272.38  268.67 0.14361D+15  2.174   51.840   51.264   35.060   67.982    8.69    8.69    8.69
    9.02   10.86 0.40392D-08  0  0  0.01179  272.35  268.70 0.14275D+15  2.174   49.990   49.414   33.205   66.134    9.02    9.02    9.02
    9.34   11.25 0.39007D-08  0  0  0.01181  272.31  268.73 0.14192D+15  2.175   48.267   47.691   31.478   64.413    9.34    9.34    9.34
    9.66   11.64 0.37715D-08  0  0  0.01184  272.28  268.76 0.14112D+15  2.175   46.659   46.083   29.865   62.807    9.66    9.66    9.66
    9.98   12.03 0.36506D-08  0  0  0.01187  272.25  268.78 0.14034D+15  2.175   45.154   44.579   28.356   61.305    9.98    9.98    9.98
   10.30   12.42 0.35372D-08  0  0  0.01190  272.22  268.81 0.13959D+15  2.176   43.744   43.168   26.941   59.897   10.30   10.30   10.30
   10.63   12.80 0.34307D-08  0  0  0.01193  272.18  268.83 0.13886D+15  2.176   42.419   41.844   25.612   58.575   10.63   10.63   10.63
   10.95   13.19 0.33305D-08  0  0  0.01195  272.15  268.85 0.13815D+15  2.176   41.172   40.597   24.360   57.330   10.95   10.95   10.95
   11.27   13.58 0.32360D-08  0  0  0.01198  272.12  268.87 0.13746D+15  2.176   39.997   39.421   23.180   56.157   11.27   11.27   11.27
   11.59   13.97 0.31468D-08  0  0  0.01201  272.09  268.89 0.13679D+15  2.177   38.886   38.311   22.065   55.049   11.59   11.59   11.59
   11.91   14.36 0.30624D-08  0  0  0.01204  272.05  268.91 0.13614D+15  2.177   37.836   37.261   21.010   54.001   11.91   11.91   11.91
   12.24   14.74 0.29824D-08  0  0  0.01207  272.02  268.93 0.13551D+15  2.177   36.841   36.266   20.010   53.008   12.24   12.24   12.24
   12.56   15.13 0.29065D-08  0  0  0.01210  271.99  268.94 0.13489D+15  2.178   35.897   35.321   19.061   52.067   12.56   12.56   12.56
   12.88   15.52 0.28345D-08  0  0  0.01213  271.95  268.96 0.13429D+15  2.178   35.000   34.425   18.160   51.172   12.88   12.88   12.88
   13.20   15.91 0.27659D-08  0  0  0.01216  271.92  268.97 0.13370D+15  2.178   34.147   33.572   17.302   50.321   13.20   13.20   13.20
   13.52   16.30 0.27006D-08  0  0  0.01219  271.89  268.98 0.13312D+15  2.178   33.334   32.759   16.485   49.511   13.52   13.52   13.52
   13.85   16.68 0.26383D-08  0  0  0.01222  271.85  269.00 0.13256D+15  2.179   32.559   31.984   15.705   48.739   13.85   13.85   13.85
   14.17   17.07 0.25789D-08  0  0  0.01224  271.82  269.01 0.13202D+15  2.179   31.820   31.245   14.961   48.002   14.17   14.17   14.17
   14.49   17.46 0.25221D-08  0  0  0.01227  271.79  269.02 0.13148D+15  2.179   31.113   30.538   14.250   47.297   14.49   14.49   14.49
   14.81   17.85 0.24678D-08  0  0  0.01230  271.75  269.03 0.13096D+15  2.180   30.437   29.862   13.569   46.624   14.81   14.81   14.81
   15.13   18.24 0.24158D-08  0  0  0.01233  271.72  269.04 0.13044D+15  2.180   29.790   29.215   12.917   45.979   15.13   15.13   15.13
   15.46   18.63 0.23660D-08  0  0  0.01236  271.69  269.04 0.12994D+15  2.180   29.170   28.595   12.292   45.361   15.46   15.46   15.46
   15.78   19.01 0.23182D-08  0  0  0.01239  271.65  269.05 0.12945D+15  2.180   28.575   28.000   11.693   44.768   15.78   15.78   15.78
   16.10   19.40 0.22723D-08  0  0  0.01243  271.62  269.06 0.12897D+15  2.181   28.004   27.429   11.117   44.200   16.10   16.10   16.10
   16.42   19.79 0.22282D-08  0  0  0.01246  271.59  269.06 0.12849D+15  2.181   27.455   26.880   10.564   43.653   16.42   16.42   16.42
   16.74   19.80 0.21858D-08  1  0  0.01249  271.55  269.07 0.12803D+15  2.181   26.927   26.353   10.118   43.213    9.99   14.47   16.11
   17.07   20.19 0.21450D-08  1  0  0.01252  271.52  269.08 0.12757D+15  2.182   26.420   25.845   10.007   43.100   10.01   14.40   16.43
   17.39   20.58 0.21057D-08  1  0  0.01255  271.48  269.08 0.12713D+15  2.182   25.931   25.356    9.898   42.990   10.03   14.33   16.76
   17.71   20.97 0.20678D-08  1  0  0.01258  271.45  269.08 0.12669D+15  2.182   25.459   24.885    9.792   42.882   10.05   14.27   17.08
   18.03   21.36 0.20313D-08  1  0  0.01261  271.42  269.09 0.12626D+15  2.182   25.005   24.431    9.687   42.776   10.07   14.21   17.41
   18.35   21.75 0.19961D-08  1  0  0.01264  271.38  269.09 0.12584D+15  2.183   24.567   23.992    9.585   42.671   10.09   14.16   17.73
   18.68   22.14 0.19621D-08  1  0  0.01267  271.35  269.09 0.12542D+15  2.183   24.143   23.569    9.484   42.569   10.11   14.10   18.06
   19.00   22.53 0.19292D-08  1  0  0.01271  271.31  269.09 0.12501D+15  2.183   23.734   23.160    9.385   42.469   10.13   14.06   18.38
   19.32   22.92 0.18975D-08  1  0  0.01274  271.28  269.10 0.12461D+15  2.184   23.339   22.765    9.288   42.371   10.15   14.01   18.71
   19.64   23.31 0.18668D-08  1  0  0.01277  271.25  269.10 0.12421D+15  2.184   22.957   22.383    9.193   42.274   10.17   13.97   19.03
   19.96   23.70 0.18370D-08  1  0  0.01280  271.21  269.10 0.12383D+15  2.184   22.587   22.013    9.099   42.179   10.19   13.93   19.36
   20.29   24.09 0.18082D-08  1  0  0.01283  271.18  269.10 0.12344D+15  2.184   22.228   21.654    9.007   42.086   10.21   13.89   19.69
   20.61   24.48 0.17804D-08  1  0  0.01287  271.14  269.10 0.12307D+15  2.185   21.881   21.307    8.917   41.994   10.23   13.85   20.01
   20.93   24.87 0.17533D-08  1  0  0.01290  271.11  269.10 0.12270D+15  2.185   21.545   20.971    8.828   41.904   10.25   13.82   20.34
   21.25   25.26 0.17271D-08  1  0  0.01293  271.07  269.09 0.12233D+15  2.185   21.218   20.645    8.740   41.815   10.26   13.79   20.66
   21.57   25.65 0.17017D-08  1  0  0.01296  271.04  269.09 0.12197D+15  2.186   20.902   20.328    8.654   41.727   10.28   13.76   20.99
   21.90   26.04 0.16770D-08  1  0  0.01300  271.01  269.09 0.12162D+15  2.186   20.595   20.021    8.569   41.641   10.30   13.73   21.32
   22.22   26.43 0.16531D-08  1  0  0.01303  270.97  269.09 0.12127D+15  2.186   20.296   19.723    8.486   41.557   10.31   13.70   21.64
   22.54   26.82 0.16298D-08  1  0  0.01306  270.94  269.09 0.12092D+15  2.187   20.006   19.433    8.404   41.473   10.33   13.68   21.97
   22.86   27.21 0.16072D-08  1  0  0.01310  270.90  269.08 0.12058D+15  2.187   19.725   19.151    8.322   41.391   10.35   13.65   22.29
   23.18   27.60 0.15852D-08  1  0  0.01313  270.87  269.08 0.12025D+15  2.187   19.451   18.877    8.243   41.310   10.36   13.63   22.62
   23.51   27.99 0.15638D-08  1  0  0.01317  270.83  269.08 0.11992D+15  2.187   19.185   18.611    8.164   41.230   10.38   13.61   22.95
   23.83   28.38 0.15430D-08  1  0  0.01320  270.80  269.07 0.11959D+15  2.188   18.925   18.352    8.086   41.152   10.39   13.59   23.27
   24.15   28.77 0.15227D-08  1  0  0.01323  270.76  269.07 0.11927D+15  2.188   18.673   18.100    8.009   41.074   10.41   13.57   23.60
   24.47   29.16 0.15030D-08  1  0  0.01327  270.73  269.06 0.11895D+15  2.188   18.428   17.854    7.934   40.998   10.43   13.55   23.93
   24.79   29.56 0.14838D-08  1  0  0.01330  270.69  269.06 0.11864D+15  2.189   18.188   17.615    7.859   40.922   10.44   13.54   24.25
   25.12   29.95 0.14651D-08  1  0  0.01334  270.66  269.05 0.11833D+15  2.189   17.955   17.382    7.786   40.848   10.45   13.52   24.58
   25.44   30.34 0.14468D-08  1  0  0.01337  270.62  269.05 0.11803D+15  2.189   17.728   17.155    7.713   40.775   10.47   13.51   24.91
   25.76   30.73 0.14290D-08  1  0  0.01341  270.59  269.04 0.11773D+15  2.190   17.506   16.933    7.641   40.702   10.48   13.49   25.23
   26.08   31.12 0.14117D-08  1  0  0.01344  270.55  269.03 0.11743D+15  2.190   17.290   16.717    7.571   40.630   10.50   13.48   25.56
   26.40   31.51 0.13947D-08  1  0  0.01348  270.52  269.03 0.11714D+15  2.190   17.080   16.507    7.501   40.560   10.51   13.46   25.89
   26.73   31.90 0.13782D-08  1  0  0.01351  270.48  269.02 0.11685D+15  2.190   16.874   16.301    7.431   40.490   10.53   13.45   26.22
   27.05   32.29 0.13621D-08  1  0  0.01355  270.44  269.01 0.11656D+15  2.191   16.673   16.100    7.363   40.421   10.54   13.44   26.54
   27.37   32.68 0.13464D-08  1  0  0.01358  270.41  269.01 0.11628D+15  2.191   16.477   15.904    7.296   40.353   10.55   13.43   26.87
   27.69   33.08 0.13310D-08  1  0  0.01362  270.37  269.00 0.11600D+15  2.191   16.285   15.713    7.229   40.285   10.57   13.42   27.20
   28.01   33.47 0.13159D-08  1  0  0.01366  270.34  268.99 0.11572D+15  2.192   16.098   15.525    7.163   40.219   10.58   13.41   27.52
   28.34   33.86 0.13013D-08  1  0  0.01369  270.30  268.98 0.11545D+15  2.192   15.915   15.343    7.098   40.153   10.59   13.40   27.85
   28.66   34.25 0.12869D-08  1  0  0.01373  270.27  268.97 0.11518D+15  2.192   15.736   15.164    7.033   40.088   10.60   13.39   28.18
   28.98   34.64 0.12729D-08  1  0  0.01377  270.23  268.96 0.11491D+15  2.193   15.561   14.989    6.969   40.024   10.62   13.38   28.51
   29.30   35.03 0.12591D-08  1  0  0.01380  270.19  268.96 0.11465D+15  2.193   15.390   14.818    6.906   39.960   10.63   13.38   28.84
   29.62   35.43 0.12457D-08  1  0  0.01384  270.16  268.95 0.11439D+15  2.193   15.223   14.651    6.844   39.897   10.64   13.37   29.16
   29.95   35.82 0.12326D-08  1  0  0.01388  270.12  268.94 0.11413D+15  2.194   15.059   14.487    6.782   39.835   10.65   13.36   29.49
   30.27   36.21 0.12197D-08  1  0  0.01391  270.09  268.93 0.11388D+15  2.194   14.899   14.327    6.721   39.773   10.67   13.36   29.82
   30.59   36.60 0.12071D-08  1  0  0.01395  270.05  268.92 0.11363D+15  2.194   14.742   14.170    6.660   39.712   10.68   13.35   30.15
   30.91   36.99 0.11948D-08  1  0  0.01399  270.01  268.91 0.11338D+15  2.194   14.589   14.017    6.600   39.652   10.69   13.35   30.48
   31.23   37.38 0.11827D-08  1  0  0.01403  269.98  268.90 0.11313D+15  2.195   14.438   13.866    6.540   39.592   10.70   13.34   30.80
   31.56   37.78 0.11709D-08  1  0  0.01407  269.94  268.89 0.11288D+15  2.195   14.291   13.719    6.482   39.533   10.71   13.34   31.13
   31.88   38.17 0.11593D-08  1  0  0.01411  269.90  268.87 0.11264D+15  2.195   14.147   13.575    6.423   39.474   10.72   13.33   31.46
   32.20   38.56 0.11480D-08  1  0  0.01414  269.87  268.86 0.11240D+15  2.196   14.005   13.433    6.366   39.416   10.73   13.33   31.79
   32.52   38.95 0.11368D-08  1  0  0.01418  269.83  268.85 0.11217D+15  2.196   13.866   13.294    6.308   39.359   10.75   13.32   32.12
   32.84   39.34 0.11259D-08  1  0  0.01422  269.80  268.84 0.11193D+15  2.196   13.730   13.159    6.252   39.302   10.76   13.32   32.45
   33.17   39.74 0.11152D-08  1  0  0.01426  269.76  268.83 0.11170D+15  2.197   13.597   13.025    6.195   39.246   10.77   13.32   32.78
   33.49   40.13 0.11047D-08  1  0  0.01430  269.72  268.82 0.11147D+15  2.197   13.466   12.894    6.140   39.190   10.78   13.31   33.10
   33.81   40.52 0.10944D-08  1  0  0.01434  269.69  268.81 0.11124D+15  2.197   13.338   12.766    6.084   39.134   10.79   13.31   33.43
   34.13   40.91 0.10843D-08  1  0  0.01438  269.65  268.79 0.11102D+15  2.198   13.212   12.640    6.030   39.079   10.80   13.31   33.76
   34.45   41.31 0.10744D-08  1  0  0.01442  269.61  268.78 0.11080D+15  2.198   13.088   12.517    5.975   39.025   10.81   13.31   34.09
   34.78   41.70 0.10647D-08  1  0  0.01446  269.57  268.77 0.11058D+15  2.198   12.967   12.396    5.921   38.971   10.82   13.30   34.42
   35.10   42.09 0.10552D-08  1  0  0.01450  269.54  268.75 0.11036D+15  2.199   12.848   12.277    5.868   38.918   10.83   13.30   34.75
   35.42   42.48 0.10458D-08  1  0  0.01454  269.50  268.74 0.11014D+15  2.199   12.731   12.160    5.815   38.865   10.84   13.30   35.08
   35.74   42.88 0.10366D-08  1  0  0.01458  269.46  268.73 0.10993D+15  2.199   12.616   12.045    5.762   38.812   10.85   13.30   35.41
   36.06   43.27 0.10275D-08  1  0  0.01462  269.43  268.71 0.10972D+15  2.199   12.503   11.932    5.710   38.760   10.86   13.30   35.74
   36.39   43.66 0.10186D-08  1  0  0.01466  269.39  268.70 0.10951D+15  2.200   12.393   11.822    5.658   38.708   10.87   13.30   36.07
   36.71   44.05 0.10099D-08  1  0  0.01471  269.35  268.69 0.10930D+15  2.200   12.284   11.713    5.607   38.657   10.88   13.30   36.40
   37.03   44.45 0.10014D-08  1  0  0.01475  269.31  268.67 0.10909D+15  2.200   12.177   11.606    5.556   38.606   10.89   13.30   36.73
   37.35   44.84 0.99292D-09  1  0  0.01479  269.28  268.66 0.10889D+15  2.201   12.072   11.501    5.505   38.556   10.90   13.30   37.06
   37.67   45.23 0.98464D-09  1  0  0.01483  269.24  268.64 0.10869D+15  2.201   11.969   11.398    5.455   38.505   10.91   13.30   37.39
   38.00   45.63 0.97650D-09  1  0  0.01487  269.20  268.63 0.10849D+15  2.201   11.867   11.296    5.405   38.456   10.92   13.30   37.72
   38.32   46.02 0.96850D-09  1  0  0.01492  269.16  268.62 0.10829D+15  2.202   11.767   11.197    5.355   38.406   10.93   13.30   38.05
   38.64   46.41 0.96063D-09  1  0  0.01496  269.13  268.60 0.10809D+15  2.202   11.669   11.098    5.306   38.357   10.94   13.30   38.38
   38.96   46.81 0.95288D-09  1  0  0.01500  269.09  268.59 0.10789D+15  2.202   11.572   11.002    5.257   38.309   10.95   13.30   38.71
   39.28   47.20 0.94527D-09  1  0  0.01505  269.05  268.57 0.10770D+15  2.203   11.477   10.907    5.209   38.260   10.95   13.30   39.04
   39.61   47.59 0.93778D-09  1  0  0.01509  269.01  268.55 0.10751D+15  2.203   11.384   10.814    5.160   38.213   10.96   13.30   39.38
   39.93   47.99 0.93041D-09  1  0  0.01513  268.97  268.54 0.10732D+15  2.203   11.292   10.722    5.112   38.165   10.97   13.30   39.71
   40.25   48.38 0.92316D-09  1  0  0.01518  268.94  268.52 0.10713D+15  2.204   11.201   10.631    5.065   38.118   10.98   13.30   40.04
   40.57   48.78 0.91602D-09  1  0  0.01522  268.90  268.51 0.10695D+15  2.204   11.112   10.542    5.017   38.071   10.99   13.30   40.37
   40.89   49.17 0.90900D-09  1  0  0.01527  268.86  268.49 0.10676D+15  2.204   11.025   10.455    4.970   38.024   11.00   13.31   40.70
   41.22   49.56 0.90209D-09  1  0  0.01531  268.82  268.48 0.10658D+15  2.205   10.938   10.368    4.924   37.978   11.01   13.31   41.03
   41.54   49.96 0.89528D-09  1  0  0.01536  268.78  268.46 0.10640D+15  2.205   10.853   10.283    4.877   37.932   11.02   13.31   41.37
   41.86   50.35 0.88858D-09  1  0  0.01540  268.74  268.44 0.10622D+15  2.205   10.770   10.200    4.831   37.886   11.02   13.31   41.70
   42.18   50.75 0.88198D-09  1  0  0.01545  268.70  268.43 0.10604D+15  2.206   10.687   10.118    4.785   37.841   11.03   13.31   42.03
   42.50   51.14 0.87548D-09  1  0  0.01549  268.67  268.41 0.10586D+15  2.206   10.606   10.036    4.739   37.795   11.04   13.32   42.36
   42.83   51.54 0.86908D-09  1  0  0.01554  268.63  268.39 0.10568D+15  2.206   10.526    9.957    4.694   37.751   11.05   13.32   42.70
   43.15   51.93 0.86277D-09  1  0  0.01558  268.59  268.37 0.10551D+15  2.207   10.448    9.878    4.649   37.706   11.06   13.32   43.03
   43.47   52.32 0.85656D-09  1  0  0.01563  268.55  268.36 0.10534D+15  2.207   10.370    9.800    4.604   37.662   11.07   13.32   43.36
   43.79   52.72 0.85044D-09  1  0  0.01568  268.51  268.34 0.10517D+15  2.207   10.294    9.724    4.559   37.618   11.07   13.32   43.69
   44.11   53.11 0.84441D-09  1  0  0.01572  268.47  268.32 0.10500D+15  2.208   10.218    9.649    4.515   37.574   11.08   13.33   44.03
   44.44   53.51 0.83846D-09  1  0  0.01577  268.43  268.30 0.10483D+15  2.208   10.144    9.575    4.470   37.530   11.09   13.33   44.36
   44.76   53.90 0.83260D-09  1  0  0.01582  268.39  268.29 0.10466D+15  2.208   10.071    9.502    4.426   37.487   11.10   13.33   44.70
   45.08   54.30 0.82683D-09  1  0  0.01587  268.35  268.27 0.10450D+15  2.209    9.999    9.429    4.383   37.444   11.10   13.34   45.03
   45.40   54.70 0.82113D-09  1  0  0.01591  268.31  268.25 0.10433D+15  2.209    9.927    9.358    4.339   37.401   11.11   13.34   45.36
   45.72   55.09 0.81552D-09  1  0  0.01596  268.28  268.23 0.10417D+15  2.209    9.857    9.288    4.296   37.359   11.12   13.34   45.70
   46.05   55.49 0.80999D-09  1  0  0.01601  268.24  268.21 0.10401D+15  2.210    9.788    9.219    4.253   37.316   11.13   13.34   46.03
   46.37   55.88 0.80453D-09  1  0  0.01606  268.20  268.19 0.10385D+15  2.210    9.720    9.151    4.210   37.274   11.14   13.35   46.37
   46.69   56.27 0.79915D-09  1  0  0.01611  268.16  268.18 0.10369D+15  2.210    9.653    9.084    4.167   37.232   11.14   13.35   46.69
   47.01   56.66 0.79384D-09  1  0  0.01616  268.12  268.16 0.10353D+15  2.211    9.586    9.018    4.125   37.191   11.15   13.35   47.01
   47.33   57.05 0.78860D-09  1  0  0.01621  268.08  268.14 0.10338D+15  2.211    9.521    8.952    4.082   37.149   11.16   13.36   47.33
   47.66   57.44 0.78344D-09  1  0  0.01626  268.04  268.12 0.10322D+15  2.211    9.456    8.888    4.040   37.108   11.17   13.36   47.66
   47.98   57.82 0.77834D-09  1  0  0.01631  268.00  268.10 0.10307D+15  2.212    9.393    8.824    3.998   37.067   11.17   13.36   47.98
   48.30   58.21 0.77332D-09  1  0  0.01636  267.96  268.08 0.10292D+15  2.212    9.330    8.761    3.956   37.026   11.18   13.37   48.30
   48.62   58.60 0.76835D-09  1  0  0.01641  267.92  268.06 0.10277D+15  2.213    9.268    8.699    3.915   36.986   11.19   13.37   48.62
   48.94   58.99 0.76346D-09  1  0  0.01646  267.88  268.04 0.10262D+15  2.213    9.207    8.638    3.873   36.945   11.19   13.38   48.94
   49.27   59.38 0.75863D-09  1  0  0.01651  267.84  268.02 0.10247D+15  2.213    9.146    8.578    3.832   36.905   11.20   13.38   49.27
   49.59   59.76 0.75386D-09  1  0  0.01656  267.80  268.00 0.10232D+15  2.214    9.086    8.518    3.791   36.865   11.21   13.38   49.59
   49.91   60.15 0.74915D-09  1  0  0.01662  267.75  267.98 0.10218D+15  2.214    9.028    8.460    3.750   36.825   11.22   13.39   49.91
   50.23   60.54 0.74450D-09  1  0  0.01667  267.71  267.96 0.10203D+15  2.214    8.969    8.402    3.709   36.785   11.22   13.39   50.23
   50.55   60.93 0.73992D-09  1  0  0.01672  267.67  267.94 0.10189D+15  2.215    8.912    8.344    3.669   36.746   11.23   13.39   50.55
   50.88   61.32 0.73539D-09  1  0  0.01677  267.63  267.92 0.10174D+15  2.215    8.855    8.288    3.628   36.706   11.24   13.40   50.88
   51.20   61.70 0.73091D-09  1  0  0.01683  267.59  267.90 0.10160D+15  2.215    8.799    8.232    3.588   36.667   11.24   13.40   51.20
   51.52   62.09 0.72650D-09  1  0  0.01688  267.55  267.88 0.10146D+15  2.216    8.744    8.177    3.548   36.628   11.25   13.41   51.52
   51.84   62.48 0.72213D-09  1  0  0.01693  267.51  267.86 0.10132D+15  2.216    8.690    8.122    3.508   36.589   11.26   13.41   51.84
   52.16   62.87 0.71783D-09  1  0  0.01699  267.47  267.83 0.10119D+15  2.216    8.636    8.068    3.468   36.551   11.26   13.42   52.16
   52.49   63.26 0.71357D-09  1  0  0.01704  267.43  267.81 0.10105D+15  2.217    8.582    8.015    3.428   36.512   11.27   13.42   52.49
   52.81   63.64 0.70937D-09  1  0  0.01710  267.39  267.79 0.10091D+15  2.217    8.530    7.962    3.389   36.474   11.28   13.42   52.81
   53.13   64.03 0.70522D-09  1  0  0.01715  267.34  267.77 0.10078D+15  2.217    8.478    7.911    3.349   36.436   11.28   13.43   53.13
   53.45   64.42 0.70111D-09  1  0  0.01721  267.30  267.75 0.10065D+15  2.218    8.426    7.859    3.310   36.398   11.29   13.43   53.45
   53.77   64.81 0.69706D-09  1  0  0.01727  267.26  267.73 0.10051D+15  2.218    8.376    7.809    3.270   36.360   11.30   13.44   53.77
   54.10   65.20 0.69306D-09  1  0  0.01732  267.22  267.70 0.10038D+15  2.219    8.326    7.759    3.231   36.322   11.30   13.44   54.10
   54.42   65.58 0.68910D-09  1  0  0.01738  267.18  267.68 0.10025D+15  2.219    8.276    7.709    3.192   36.284   11.31   13.45   54.42
   54.74   65.97 0.68519D-09  1  0  0.01743  267.14  267.66 0.10012D+15  2.219    8.227    7.660    3.153   36.247   11.32   13.45   54.74
   55.06   66.36 0.68132D-09  1  0  0.01749  267.09  267.64 0.99994D+14  2.220    8.179    7.612    3.115   36.209   11.32   13.46   55.06
   55.38   66.75 0.67750D-09  1  0  0.01755  267.05  267.62 0.99867D+14  2.220    8.131    7.564    3.076   36.172   11.33   13.46   55.38
   55.71   67.14 0.67373D-09  1  0  0.01761  267.01  267.59 0.99741D+14  2.220    8.083    7.517    3.037   36.135   11.34   13.47   55.71
   56.03   67.52 0.67000D-09  1  0  0.01767  266.97  267.57 0.99616D+14  2.221    8.037    7.470    2.999   36.098   11.34   13.47   56.03
   56.35   67.91 0.66631D-09  1  0  0.01772  266.93  267.55 0.99492D+14  2.221    7.990    7.424    2.960   36.061   11.35   13.48   56.35
   56.67   68.30 0.66266D-09  1  0  0.01778  266.88  267.52 0.99369D+14  2.221    7.945    7.378    2.922   36.025   11.35   13.48   56.67
   56.99   68.69 0.65905D-09  1  0  0.01784  266.84  267.50 0.99248D+14  2.222    7.899    7.333    2.884   35.988   11.36   13.49   56.99
   57.32   69.08 0.65549D-09  1  0  0.01790  266.80  267.48 0.99127D+14  2.222    7.855    7.289    2.846   35.952   11.37   13.49   57.32
   57.64   69.47 0.65196D-09  1  0  0.01796  266.75  267.45 0.99007D+14  2.223    7.811    7.244    2.808   35.915   11.37   13.50   57.64
   57.96   69.85 0.64848D-09  1  0  0.01802  266.71  267.43 0.98888D+14  2.223    7.767    7.201    2.770   35.879   11.38   13.50   57.96
   58.28   70.24 0.64503D-09  1  0  0.01808  266.67  267.41 0.98770D+14  2.223    7.724    7.158    2.732   35.843   11.38   13.51   58.28
   58.60   70.63 0.64162D-09  1  0  0.01815  266.63  267.38 0.98653D+14  2.224    7.681    7.115    2.695   35.807   11.39   13.51   58.60
   58.93   71.02 0.63824D-09  1  0  0.01821  266.58  267.36 0.98538D+14  2.224    7.638    7.073    2.657   35.771   11.40   13.52   58.93
   59.25   71.41 0.63491D-09  1  0  0.01827  266.54  267.34 0.98423D+14  2.224    7.597    7.031    2.619   35.735   11.40   13.52   59.25
   59.57   71.79 0.63161D-09  1  0  0.01833  266.50  267.31 0.98309D+14  2.225    7.555    6.990    2.582   35.699   11.41   13.53   59.57
   59.89   72.18 0.62834D-09  1  0  0.01840  266.45  267.29 0.98196D+14  2.225    7.514    6.949    2.544   35.664   11.41   13.53   59.89
   60.21   72.57 0.62511D-09  1  0  0.01846  266.41  267.26 0.98084D+14  2.226    7.474    6.908    2.507   35.628   11.42   13.54   60.21
   60.54   72.96 0.62192D-09  1  0  0.01852  266.36  267.24 0.97973D+14  2.226    7.434    6.868    2.470   35.593   11.43   13.55   60.54
   60.86   73.35 0.61876D-09  1  0  0.01859  266.32  267.21 0.97863D+14  2.226    7.394    6.829    2.432   35.557   11.43   13.55   60.86
   61.18   73.73 0.61563D-09  1  0  0.01865  266.28  267.19 0.97754D+14  2.227    7.355    6.789    2.395   35.522   11.44   13.56   61.18
   61.50   74.12 0.61253D-09  1  0  0.01872  266.23  267.16 0.97646D+14  2.227    7.316    6.751    2.358   35.487   11.44   13.56   61.50
   61.82   74.51 0.60947D-09  1  0  0.01878  266.19  267.14 0.97539D+14  2.228    7.277    6.712    2.321   35.452   11.45   13.57   61.82
   62.15   74.90 0.60644D-09  1  0  0.01885  266.14  267.11 0.97433D+14  2.228    7.239    6.674    2.284   35.417   11.46   13.57   62.15
   62.47   75.29 0.60344D-09  1  0  0.01891  266.10  267.09 0.97328D+14  2.228    7.202    6.637    2.247   35.382   11.46   13.58   62.47
   62.79   75.67 0.60047D-09  1  0  0.01898  266.06  267.06 0.97223D+14  2.229    7.164    6.599    2.210   35.347   11.47   13.58   62.79
   63.11   76.06 0.59753D-09  1  0  0.01905  266.01  267.04 0.97120D+14  2.229    7.127    6.563    2.174   35.312   11.47   13.59   63.11
   63.43   76.45 0.59462D-09  1  0  0.01912  265.97  267.01 0.97018D+14  2.229    7.091    6.526    2.137   35.277   11.48   13.60   63.43
   63.76   76.84 0.59174D-09  1  0  0.01918  265.92  266.99 0.96916D+14  2.230    7.054    6.490    2.100   35.243   11.48   13.60   63.76
   64.08   77.23 0.58889D-09  1  0  0.01925  265.88  266.96 0.96816D+14  2.230    7.019    6.454    2.063   35.208   11.49   13.61   64.08
   64.40   77.61 0.58607D-09  1  0  0.01932  265.83  266.93 0.96716D+14  2.231    6.983    6.419    2.027   35.174   11.50   13.61   64.40
   64.72   78.00 0.58328D-09  1  0  0.01939  265.79  266.91 0.96618D+14  2.231    6.948    6.384    1.990   35.139   11.50   13.62   64.72
   65.04   78.39 0.58051D-09  1  0  0.01946  265.74  266.88 0.96520D+14  2.231    6.913    6.349    1.954   35.105   11.51   13.63   65.04
   65.37   78.78 0.57777D-09  1  0  0.01953  265.70  266.85 0.96423D+14  2.232    6.879    6.315    1.917   35.071   11.51   13.63   65.37
   65.69   79.17 0.57506D-09  1  0  0.01960  265.65  266.83 0.96328D+14  2.232    6.845    6.281    1.880   35.036   11.52   13.64   65.69
   66.01   79.56 0.57238D-09  1  0  0.01967  265.60  266.80 0.96233D+14  2.233    6.811    6.247    1.844   35.002   11.52   13.64   66.01
   66.33   79.94 0.56972D-09  1  0  0.01975  265.56  266.77 0.96139D+14  2.233    6.777    6.214    1.808   34.968   11.53   13.65   66.33
   66.65   80.33 0.56708D-09  1  0  0.01982  265.51  266.75 0.96046D+14  2.233    6.744    6.181    1.771   34.934   11.54   13.66   66.65
   66.98   80.72 0.56447D-09  1  0  0.01989  265.47  266.72 0.95954D+14  2.234    6.711    6.148    1.735   34.900   11.54   13.66   66.98
   67.30   81.11 0.56189D-09  1  0  0.01996  265.42  266.69 0.95862D+14  2.234    6.679    6.115    1.698   34.866   11.55   13.67   67.30
   67.62   81.50 0.55933D-09  1  0  0.02004  265.37  266.67 0.95772D+14  2.235    6.647    6.083    1.662   34.832   11.55   13.68   67.62
   67.94   81.88 0.55680D-09  1  0  0.02011  265.33  266.64 0.95683D+14  2.235    6.615    6.051    1.626   34.798   11.56   13.68   67.94
   68.26   82.27 0.55429D-09  1  0  0.02019  265.28  266.61 0.95594D+14  2.235    6.583    6.020    1.589   34.764   11.56   13.69   68.26
   68.59   82.66 0.55180D-09  1  0  0.02026  265.23  266.58 0.95507D+14  2.236    6.552    5.989    1.553   34.730   11.57   13.70   68.59
   68.91   83.05 0.54934D-09  1  0  0.02034  265.19  266.55 0.95420D+14  2.236    6.521    5.958    1.517   34.697   11.57   13.70   68.91
   69.23   83.44 0.54690D-09  1  0  0.02041  265.14  266.53 0.95335D+14  2.237    6.490    5.927    1.481   34.663   11.58   13.71   69.23
   69.55   83.82 0.54448D-09  1  0  0.02049  265.09  266.50 0.95250D+14  2.237    6.459    5.897    1.444   34.629   11.58   13.71   69.55
   69.87   84.21 0.54208D-09  1  0  0.02057  265.05  266.47 0.95166D+14  2.237    6.429    5.866    1.408   34.596   11.59   13.72   69.87
   70.20   84.60 0.53971D-09  1  0  0.02065  265.00  266.44 0.95084D+14  2.238    6.399    5.837    1.372   34.562   11.60   13.73   70.20
   70.52   84.99 0.53736D-09  1  0  0.02073  264.95  266.41 0.95002D+14  2.238    6.370    5.807    1.336   34.529   11.60   13.73   70.52
   70.84   85.38 0.53503D-09  1  0  0.02081  264.90  266.38 0.94921D+14  2.239    6.340    5.778    1.299   34.495   11.61   13.74   70.84
   71.16   85.76 0.53272D-09  1  0  0.02089  264.86  266.35 0.94841D+14  2.239    6.311    5.749    1.263   34.461   11.61   13.75   71.16
   71.48   86.15 0.53043D-09  1  0  0.02097  264.81  266.33 0.94761D+14  2.240    6.282    5.720    1.227   34.428   11.62   13.76   71.48
   71.81   86.54 0.52816D-09  1  0  0.02105  264.76  266.30 0.94683D+14  2.240    6.253    5.691    1.191   34.395   11.62   13.76   71.81
   72.13   86.93 0.52591D-09  1  0  0.02113  264.71  266.27 0.94606D+14  2.240    6.225    5.663    1.155   34.361   11.63   13.77   72.13
   72.45   87.32 0.52369D-09  1  0  0.02121  264.66  266.24 0.94530D+14  2.241    6.197    5.635    1.118   34.328   11.63   13.78   72.45
   72.77   87.70 0.52148D-09  1  0  0.02129  264.62  266.21 0.94454D+14  2.241    6.169    5.607    1.082   34.294   11.64   13.78   72.77
   73.09   88.09 0.51929D-09  1  0  0.02138  264.57  266.18 0.94380D+14  2.242    6.141    5.580    1.046   34.261   11.64   13.79   73.09
   73.42   88.48 0.51712D-09  1  0  0.02146  264.52  266.15 0.94306D+14  2.242    6.114    5.552    1.010   34.228   11.65   13.80   73.42
   73.74   88.87 0.51497D-09  1  0  0.02155  264.47  266.12 0.94234D+14  2.243    6.087    5.525    0.973   34.194   11.66   13.80   73.74
   74.06   89.26 0.51284D-09  1  0  0.02163  264.42  266.09 0.94162D+14  2.243    6.060    5.498    0.937   34.161   11.66   13.81   74.06
   74.38   89.65 0.51073D-09  1  0  0.02172  264.37  266.06 0.94091D+14  2.243    6.033    5.472    0.901   34.128   11.67   13.82   74.38
   74.70   90.03 0.50863D-09  1  0  0.02180  264.32  266.03 0.94022D+14  2.244    6.007    5.445    0.864   34.094   11.67   13.83   74.70
   75.03   90.42 0.50655D-09  1  0  0.02189  264.27  266.00 0.93953D+14  2.244    5.980    5.419    0.828   34.061   11.68   13.83   75.03
   75.35   90.81 0.50449D-09  1  0  0.02198  264.22  265.97 0.93885D+14  2.245    5.954    5.393    0.791   34.028   11.68   13.84   75.35
   75.67   91.20 0.50245D-09  1  0  0.02207  264.17  265.94 0.93818D+14  2.245    5.928    5.367    0.755   33.994   11.69   13.85   75.67
   75.99   91.59 0.50043D-09  1  0  0.02216  264.12  265.91 0.93752D+14  2.246    5.903    5.342    0.719   33.961   11.69   13.85   75.99
   76.31   91.97 0.49842D-09  1  0  0.02225  264.07  265.87 0.93687D+14  2.246    5.877    5.317    0.682   33.928   11.70   13.86   76.31
   76.64   92.36 0.49643D-09  1  0  0.02234  264.02  265.84 0.93623D+14  2.246    5.852    5.292    0.646   33.894   11.70   13.87   76.64
   76.96   92.75 0.49446D-09  1  0  0.02243  263.97  265.81 0.93560D+14  2.247    5.827    5.267    0.609   33.861   11.71   13.88   76.96
   77.28   93.14 0.49250D-09  1  0  0.02252  263.92  265.78 0.93498D+14  2.247    5.802    5.242    0.572   33.828   11.71   13.88   77.28
   77.60   93.53 0.49056D-09  1  0  0.02261  263.87  265.75 0.93437D+14  2.248    5.778    5.217    0.536   33.795   11.72   13.89   77.60
   77.92   93.91 0.48864D-09  1  0  0.02271  263.82  265.72 0.93377D+14  2.248    5.753    5.193    0.499   33.761   11.72   13.90   77.92
   78.25   94.30 0.48673D-09  1  0  0.02280  263.77  265.68 0.93318D+14  2.249    5.729    5.169    0.462   33.728   11.73   13.91   78.25
   78.57   94.69 0.48483D-09  1  0  0.02290  263.72  265.65 0.93260D+14  2.249    5.705    5.145    0.426   33.695   11.74   13.92   78.57
   78.89   95.08 0.48296D-09  1  0  0.02299  263.67  265.62 0.93203D+14  2.250    5.681    5.121    0.389   33.661   11.74   13.92   78.89
   79.21   95.47 0.48109D-09  1  0  0.02309  263.61  265.59 0.93147D+14  2.250    5.657    5.098    0.352   33.628   11.75   13.93   79.21
   79.53   95.85 0.47925D-09  1  0  0.02319  263.56  265.56 0.93092D+14  2.250    5.634    5.074    0.315   33.595   11.75   13.94   79.53
   79.86   96.24 0.47741D-09  1  0  0.02328  263.51  265.52 0.93038D+14  2.251    5.611    5.051    0.278   33.561   11.76   13.95   79.86
   80.18   96.63 0.47560D-09  1  0  0.02338  263.46  265.49 0.92985D+14  2.251    5.588    5.028    0.241   33.528   11.76   13.95   80.18
   80.50   97.02 0.47379D-09  1  0  0.02348  263.41  265.46 0.92933D+14  2.252    5.565    5.006    0.204   33.494   11.77   13.96   80.50
   80.82   97.41 0.47201D-09  1  0  0.02358  263.35  265.42 0.92882D+14  2.252    5.542    4.983    0.167   33.461   11.77   13.97   80.82
   81.14   97.79 0.47023D-09  1  0  0.02368  263.30  265.39 0.92832D+14  2.253    5.519    4.960    0.130   33.427   11.78   13.98   81.14
   81.47   98.18 0.46847D-09  1  0  0.02379  263.25  265.36 0.92784D+14  2.253    5.497    4.938    0.092   33.394   11.78   13.99   81.47
   81.79   98.57 0.46672D-09  1  0  0.02389  263.19  265.32 0.92736D+14  2.254    5.475    4.916    0.055   33.360   11.79   13.99   81.79
   82.11   98.96 0.46499D-09  1  0  0.02399  263.14  265.29 0.92689D+14  2.254    5.453    4.894    0.018   33.327   11.80   14.00   82.11
   82.43   99.35 0.46327D-09  1  0  0.02410  263.09  264.94 0.95709D+14  2.255    5.431    4.872    0.000   33.311   11.95   13.98   82.43
   82.75   99.74 0.46157D-09  1  0  0.02420  263.03  264.92 0.95476D+14  2.255    5.409    4.851    0.000   33.311   11.94   13.97   82.75
   83.08  100.12 0.45987D-09  1  0  0.02431  262.98  264.91 0.95244D+14  2.256    5.387    4.829    0.000   33.311   11.94   13.97   83.08
   83.40  100.51 0.45819D-09  1  0  0.02442  262.93  264.89 0.95015D+14  2.256    5.366    4.808    0.000   33.311   11.94   13.96   83.40
   83.72  100.90 0.45653D-09  1  0  0.02453  262.87  264.88 0.94786D+14  2.257    5.345    4.787    0.000   33.311   11.93   13.95   83.72
   84.04  101.29 0.45487D-09  1  0  0.02464  262.82  264.86 0.94560D+14  2.257    5.324    4.766    0.000   33.311   11.93   13.95   84.04
   84.36  101.68 0.45323D-09  1  0  0.02475  262.76  264.85 0.94334D+14  2.257    5.303    4.745    0.000   33.311   11.93   13.94   84.36
   84.69  102.06 0.45161D-09  1  0  0.02486  262.71  264.83 0.94111D+14  2.258    5.282    4.724    0.000   33.311   11.92   13.93   84.69
   85.01  102.45 0.44999D-09  1  0  0.02497  262.65  264.81 0.93889D+14  2.258    5.261    4.704    0.000   33.311   11.92   13.93   85.01
   85.33  102.84 0.44839D-09  1  0  0.02508  262.60  264.80 0.93668D+14  2.259    5.241    4.683    0.000   33.311   11.92   13.92   85.33
   85.65  103.23 0.44679D-09  1  0  0.02519  262.54  264.78 0.93449D+14  2.259    5.220    4.663    0.000   33.311   11.91   13.91   85.65
   85.97  103.62 0.44521D-09  1  0  0.02531  262.49  264.77 0.93232D+14  2.260    5.200    4.643    0.000   33.311   11.91   13.91   85.97
   86.30  104.00 0.44365D-09  1  0  0.02543  262.43  264.75 0.93016D+14  2.260    5.180    4.623    0.000   33.311   11.91   13.90   86.30
   86.62  104.39 0.44209D-09  1  0  0.02554  262.37  264.73 0.92801D+14  2.261    5.160    4.603    0.000   33.311   11.90   13.89   86.62
   86.94  104.78 0.44054D-09  1  0  0.02566  262.32  264.71 0.92588D+14  2.261    5.141    4.584    0.000   33.311   11.90   13.89   86.94
   87.26  105.17 0.43901D-09  1  0  0.02578  262.26  264.70 0.92377D+14  2.262    5.121    4.564    0.000   33.311   11.90   13.88   87.26
   87.58  105.56 0.43749D-09  1  0  0.02590  262.20  264.68 0.92167D+14  2.262    5.101    4.545    0.000   33.311   11.89   13.88   87.58
   87.91  105.94 0.43598D-09  1  0  0.02602  262.15  264.66 0.91958D+14  2.263    5.082    4.526    0.000   33.311   11.89   13.87   87.91
   88.23  106.33 0.43448D-09  1  0  0.02614  262.09  264.64 0.91752D+14  2.263    5.063    4.507    0.000   33.311   11.89   13.86   88.23
   88.55  106.72 0.43299D-09  1  0  0.02627  262.03  264.63 0.91546D+14  2.264    5.044    4.488    0.000   33.311   11.89   13.86   88.55
   88.87  107.11 0.43151D-09  1  0  0.02639  261.97  264.61 0.91342D+14  2.264    5.025    4.469    0.000   33.311   11.88   13.85   88.87
   89.19  107.50 0.43004D-09  1  0  0.02652  261.92  264.59 0.91140D+14  2.265    5.006    4.450    0.000   33.311   11.88   13.85   89.19
   89.52  107.88 0.42859D-09  1  0  0.02664  261.86  264.57 0.90939D+14  2.265    4.987    4.432    0.000   33.311   11.88   13.84   89.52
   89.84  108.27 0.42714D-09  1  0  0.02677  261.80  264.55 0.90740D+14  2.266    4.969    4.413    0.000   33.311   11.87   13.83   89.84
   90.16  108.66 0.42570D-09  1  0  0.02690  261.74  264.53 0.90542D+14  2.266    4.950    4.395    0.000   33.311   11.87   13.83   90.16
   90.48  109.05 0.42428D-09  1  0  0.02703  261.68  264.52 0.90346D+14  2.267    4.932    4.377    0.000   33.311   11.87   13.82   90.48
   90.80  109.44 0.42286D-09  1  0  0.02716  261.62  264.50 0.90152D+14  2.268    4.914    4.359    0.000   33.311   11.86   13.81   90.80
   91.13  109.83 0.42146D-09  1  0  0.02729  261.56  264.48 0.89958D+14  2.268    4.895    4.341    0.000   33.311   11.86   13.81   91.13
   91.45  110.21 0.42006D-09  1  0  0.02743  261.50  264.46 0.89767D+14  2.269    4.877    4.323    0.000   33.311   11.86   13.80   91.45
   91.77  110.60 0.41868D-09  1  0  0.02756  261.44  264.44 0.89577D+14  2.269    4.860    4.305    0.000   33.311   11.85   13.80   91.77
   92.09  110.99 0.41730D-09  1  0  0.02770  261.38  264.42 0.89388D+14  2.270    4.842    4.287    0.000   33.311   11.85   13.79   92.09
   92.41  111.38 0.41593D-09  1  0  0.02784  261.32  264.40 0.89201D+14  2.270    4.824    4.270    0.000   33.311   11.85   13.79   92.41
   92.74  111.77 0.41458D-09  1  0  0.02798  261.26  264.38 0.89016D+14  2.271    4.807    4.253    0.000   33.311   11.85   13.78   92.74
   93.06  112.15 0.41323D-09  1  0  0.02812  261.20  264.36 0.88832D+14  2.271    4.789    4.235    0.000   33.311   11.84   13.77   93.06
   93.38  112.54 0.41189D-09  1  0  0.02826  261.14  264.34 0.88649D+14  2.272    4.772    4.218    0.000   33.311   11.84   13.77   93.38
   93.70  112.93 0.41056D-09  1  0  0.02840  261.07  264.32 0.88468D+14  2.272    4.755    4.201    0.000   33.311   11.84   13.76   93.70
   94.02  113.32 0.40924D-09  1  0  0.02855  261.01  264.30 0.88289D+14  2.273    4.738    4.184    0.000   33.311   11.83   13.76   94.02
   94.35  113.71 0.40793D-09  1  0  0.02869  260.95  264.27 0.88111D+14  2.273    4.721    4.167    0.000   33.311   11.83   13.75   94.35
   94.67  114.09 0.40663D-09  1  0  0.02884  260.89  264.25 0.87935D+14  2.274    4.704    4.151    0.000   33.311   11.83   13.74   94.67
   94.99  114.48 0.40534D-09  1  0  0.02899  260.82  264.23 0.87761D+14  2.275    4.687    4.134    0.000   33.311   11.83   13.74   94.99
   95.31  114.87 0.40405D-09  1  0  0.02914  260.76  264.21 0.87588D+14  2.275    4.671    4.118    0.000   33.311   11.82   13.73   95.31
   95.63  115.26 0.40278D-09  1  0  0.02929  260.70  264.19 0.87416D+14  2.276    4.654    4.101    0.000   33.311   11.82   13.73   95.63
   95.96  115.65 0.40151D-09  1  0  0.02944  260.63  264.17 0.87246D+14  2.276    4.638    4.085    0.000   33.311   11.82   13.72   95.96
   96.28  116.03 0.40025D-09  1  0  0.02960  260.57  264.14 0.87078D+14  2.277    4.621    4.069    0.000   33.311   11.81   13.72   96.28
   96.60  116.42 0.39900D-09  1  0  0.02975  260.50  264.12 0.86911D+14  2.277    4.605    4.053    0.000   33.311   11.81   13.71   96.60
   96.92  116.81 0.39776D-09  1  0  0.02991  260.44  264.10 0.86746D+14  2.278    4.589    4.037    0.000   33.311   11.81   13.70   96.92
   97.24  117.20 0.39652D-09  1  0  0.03007  260.37  264.08 0.86583D+14  2.279    4.573    4.021    0.000   33.311   11.81   13.70   97.24
   97.57  117.59 0.39530D-09  1  0  0.03023  260.31  264.05 0.86421D+14  2.279    4.557    4.005    0.000   33.311   11.80   13.69   97.57
   97.89  117.97 0.39408D-09  1  0  0.03040  260.24  264.03 0.86261D+14  2.280    4.541    3.989    0.000   33.311   11.80   13.69   97.89
   98.21  118.36 0.39287D-09  1  0  0.03056  260.18  264.01 0.86102D+14  2.280    4.525    3.974    0.000   33.311   11.80   13.68   98.21
   98.53  118.75 0.39167D-09  1  0  0.03073  260.11  263.98 0.85945D+14  2.281    4.510    3.958    0.000   33.311   11.80   13.68   98.53
   98.85  119.14 0.39048D-09  1  0  0.03090  260.04  263.96 0.85790D+14  2.282    4.494    3.943    0.000   33.311   11.79   13.67   98.85
   99.18  119.53 0.38929D-09  1  0  0.03106  259.97  263.93 0.85636D+14  2.282    4.478    3.927    0.000   33.311   11.79   13.67   99.18
   99.50  119.91 0.38811D-09  1  0  0.03124  259.91  263.91 0.85484D+14  2.283    4.463    3.912    0.000   33.311   11.79   13.66   99.50
   99.82  120.30 0.38694D-09  1  0  0.03141  259.84  263.88 0.85334D+14  2.283    4.448    3.897    0.000   33.311   11.79   13.65   99.82
  100.14  120.69 0.38578D-09  1  0  0.03159  259.77  263.86 0.85185D+14  2.284    4.432    3.882    0.000   33.311   11.78   13.65  100.14
  100.46  121.08 0.38462D-09  1  0  0.03176  259.70  263.83 0.85038D+14  2.285    4.417    3.867    0.000   33.311   11.78   13.64  100.46
  100.79  121.47 0.38348D-09  1  0  0.03194  259.63  263.81 0.84893D+14  2.285    4.402    3.852    0.000   33.311   11.78   13.64  100.79
  101.11  121.86 0.38234D-09  1  0  0.03212  259.56  263.78 0.84750D+14  2.286    4.387    3.837    0.000   33.311   11.78   13.63  101.11
  101.43  122.24 0.38120D-09  1  0  0.03231  259.49  263.76 0.84608D+14  2.286    4.372    3.823    0.000   33.311   11.77   13.63  101.43
  101.75  122.63 0.38008D-09  1  0  0.03249  259.42  263.73 0.84468D+14  2.287    4.358    3.808    0.000   33.311   11.77   13.62  101.75
  102.07  123.02 0.37896D-09  1  0  0.03268  259.35  263.71 0.84330D+14  2.288    4.343    3.794    0.000   33.311   11.77   13.62  102.07
  102.40  123.41 0.37784D-09  1  0  0.03287  259.28  263.68 0.84193D+14  2.288    4.328    3.779    0.000   33.311   11.77   13.61  102.40
  102.72  123.80 0.37674D-09  1  0  0.03306  259.21  263.65 0.84058D+14  2.289    4.314    3.765    0.000   33.311   11.77   13.60  102.72
  103.04  124.18 0.37564D-09  1  0  0.03325  259.13  263.63 0.83925D+14  2.290    4.299    3.750    0.000   33.311   11.76   13.60  103.04
  103.36  124.57 0.37455D-09  1  0  0.03345  259.06  263.60 0.83794D+14  2.290    4.285    3.736    0.000   33.311   11.76   13.59  103.36
  103.68  124.96 0.37347D-09  1  0  0.03365  258.99  263.57 0.83665D+14  2.291    4.270    3.722    0.000   33.311   11.76   13.59  103.68
  104.01  125.35 0.37239D-09  1  0  0.03385  258.92  263.54 0.83538D+14  2.292    4.256    3.708    0.000   33.311   11.76   13.58  104.01
  104.33  125.74 0.37132D-09  1  0  0.03405  258.84  263.52 0.83412D+14  2.292    4.242    3.694    0.000   33.311   11.76   13.58  104.33
  104.65  126.12 0.37025D-09  1  0  0.03425  258.77  263.49 0.83289D+14  2.293    4.228    3.680    0.000   33.311   11.75   13.57  104.65
  104.97  126.51 0.36919D-09  1  0  0.03446  258.69  263.46 0.83167D+14  2.294    4.214    3.666    0.000   33.311   11.75   13.57  104.97
  105.29  126.90 0.36814D-09  1  0  0.03467  258.62  263.43 0.83047D+14  2.294    4.200    3.652    0.000   33.311   11.75   13.56  105.29
  105.62  127.29 0.36710D-09  1  0  0.03488  258.54  263.40 0.82929D+14  2.295    4.186    3.639    0.000   33.311   11.75   13.56  105.62
  105.94  127.68 0.36606D-09  1  0  0.03510  258.46  263.37 0.82813D+14  2.296    4.172    3.625    0.000   33.311   11.75   13.55  105.94
  106.26  128.06 0.36503D-09  1  0  0.03531  258.39  263.34 0.82699D+14  2.296    4.159    3.612    0.000   33.311   11.74   13.54  106.26
  106.58  128.45 0.36400D-09  1  0  0.03553  258.31  263.31 0.82587D+14  2.297    4.145    3.598    0.000   33.311   11.74   13.54  106.58
  106.90  128.84 0.36298D-09  1  0  0.03576  258.23  263.28 0.82477D+14  2.298    4.131    3.585    0.000   33.311   11.74   13.53  106.90
  107.23  129.23 0.36197D-09  1  0  0.03598  258.15  263.25 0.82369D+14  2.298    4.118    3.571    0.000   33.311   11.74   13.53  107.23
  107.55  129.62 0.36096D-09  1  0  0.03621  258.07  263.22 0.82263D+14  2.299    4.104    3.558    0.000   33.311   11.74   13.52  107.55
  107.87  130.00 0.35996D-09  1  0  0.03644  257.99  263.19 0.82160D+14  2.300    4.091    3.545    0.000   33.311   11.74   13.52  107.87
  108.19  130.39 0.35896D-09  1  0  0.03667  257.91  263.16 0.82058D+14  2.301    4.077    3.532    0.000   33.311   11.74   13.51  108.19
  108.51  130.78 0.35797D-09  1  0  0.03691  257.83  263.13 0.81959D+14  2.301    4.064    3.519    0.000   33.311   11.73   13.51  108.51
  108.84  131.17 0.35699D-09  1  0  0.03715  257.75  263.10 0.81861D+14  2.302    4.051    3.506    0.000   33.311   11.73   13.50  108.84
  109.16  131.56 0.35601D-09  1  0  0.03739  257.67  263.06 0.81766D+14  2.303    4.038    3.493    0.000   33.311   11.73   13.50  109.16
  109.48  131.95 0.35504D-09  1  0  0.03764  257.58  263.03 0.81673D+14  2.303    4.025    3.480    0.000   33.311   11.73   13.49  109.48
  109.80  132.33 0.35407D-09  1  0  0.03789  257.50  263.00 0.81583D+14  2.304    4.012    3.467    0.000   33.311   11.73   13.48  109.80
  110.12  132.72 0.35311D-09  1  0  0.03814  257.42  262.97 0.81494D+14  2.305    3.999    3.454    0.000   33.311   11.73   13.48  110.12
  110.45  133.11 0.35216D-09  1  0  0.03839  257.33  262.93 0.81408D+14  2.306    3.986    3.442    0.000   33.311   11.73   13.47  110.45
  110.77  133.50 0.35121D-09  1  0  0.03865  257.25  262.90 0.81324D+14  2.306    3.973    3.429    0.000   33.311   11.73   13.47  110.77
  111.09  133.89 0.35026D-09  1  0  0.03891  257.16  262.86 0.81243D+14  2.307    3.960    3.416    0.000   33.311   11.73   13.46  111.09
  111.41  134.27 0.34932D-09  1  0  0.03918  257.07  262.83 0.81164D+14  2.308    3.947    3.404    0.000   33.311   11.73   13.46  111.41
  111.73  134.66 0.34839D-09  1  0  0.03945  256.99  262.80 0.81088D+14  2.309    3.935    3.391    0.000   33.311   11.72   13.45  111.73
  112.06  135.05 0.34746D-09  1  0  0.03972  256.90  262.76 0.81014D+14  2.310    3.922    3.379    0.000   33.311   11.72   13.45  112.06
  112.38  135.44 0.34654D-09  1  0  0.04000  256.81  262.72 0.80943D+14  2.310    3.909    3.367    0.000   33.311   11.72   13.44  112.38
  112.70  135.83 0.34562D-09  1  0  0.04028  256.72  262.69 0.80874D+14  2.311    3.897    3.354    0.000   33.311   11.72   13.43  112.70
  113.02  136.21 0.34471D-09  1  0  0.04056  256.63  262.65 0.80808D+14  2.312    3.884    3.342    0.000   33.311   11.72   13.43  113.02
  113.34  136.60 0.34381D-09  1  0  0.04085  256.54  262.62 0.80744D+14  2.313    3.872    3.330    0.000   33.311   11.72   13.42  113.34
  113.67  136.99 0.34290D-09  1  0  0.04114  256.44  262.58 0.80683D+14  2.314    3.860    3.318    0.000   33.311   11.72   13.42  113.67
  113.99 ******* 0.34201D-09  1  0  0.04143  256.35  262.54 0.80622D+14  2.315    3.847    3.306   -0.017   33.296   11.90   13.42 *******
  114.31  -78.21 0.34112D-09  1  0  0.04173  256.26  262.50 0.80566D+14  2.315    3.835    3.294   -0.057   33.262   11.91   13.43 -244.09
  114.63   22.91 0.34023D-09  1  0  0.04204  256.16  262.47 0.80514D+14  2.316    3.823    3.282   -0.097   33.227   11.91   13.44  -76.61
  114.95   59.84 0.33935D-09  1  0  0.04235  256.07  262.43 0.80464D+14  2.317    3.810    3.270   -0.138   33.192   11.91   13.45  -15.65
  115.28   79.12 0.33847D-09  1  0  0.04266  255.97  262.39 0.80418D+14  2.318    3.798    3.258   -0.180   33.157   11.92   13.46   16.02
  115.60   91.04 0.33760D-09  1  0  0.04298  255.87  262.35 0.80374D+14  2.319    3.786    3.246   -0.222   33.121   11.92   13.47   35.49
  115.92   99.21 0.33673D-09  1  0  0.04330  255.77  262.31 0.80334D+14  2.320    3.774    3.234   -0.265   33.084   11.92   13.48   48.72
  116.24  105.20 0.33587D-09  1  0  0.04362  255.68  262.27 0.80296D+14  2.321    3.762    3.223   -0.308   33.047   11.92   13.49   58.34
  116.56  109.82 0.33502D-09  1  0  0.04396  255.58  262.23 0.80262D+14  2.321    3.750    3.211   -0.352   33.009   11.93   13.50   65.68
  116.89  113.51 0.33416D-09  1  0  0.04429  255.47  262.19 0.80231D+14  2.322    3.738    3.199   -0.397   32.971   11.93   13.52   71.48
  117.21  116.55 0.33332D-09  1  0  0.04463  255.37  262.15 0.80203D+14  2.323    3.726    3.188   -0.442   32.933   11.93   13.53   76.20
  117.53  119.12 0.33247D-09  1  0  0.04498  255.27  262.10 0.80179D+14  2.324    3.715    3.176   -0.488   32.894   11.94   13.54   80.14
  117.85  121.32 0.33163D-09  1  0  0.04533  255.16  262.06 0.80158D+14  2.325    3.703    3.165   -0.534   32.854   11.94   13.55   83.48
  118.17  123.26 0.33080D-09  1  0  0.04569  255.06  262.02 0.80141D+14  2.326    3.691    3.153   -0.581   32.814   11.95   13.56   86.36
  118.50  124.97 0.32997D-09  1  0  0.04605  254.95  261.98 0.80128D+14  2.327    3.679    3.142   -0.629   32.773   11.95   13.58   88.89
  118.82  126.51 0.32915D-09  1  0  0.04642  254.84  261.93 0.80118D+14  2.328    3.667    3.130   -0.678   32.732   11.95   13.59   91.12
  119.14  127.91 0.32833D-09  1  0  0.04679  254.74  261.89 0.80112D+14  2.329    3.656    3.119   -0.727   32.690   11.96   13.60   93.12
  119.46  129.19 0.32751D-09  1  0  0.04717  254.63  261.84 0.80109D+14  2.330    3.644    3.108   -0.778   32.648   11.96   13.62   94.92
  119.78  130.37 0.32670D-09  1  0  0.04756  254.51  261.80 0.80111D+14  2.331    3.633    3.096   -0.828   32.605   11.97   13.63   96.56
  120.11  131.47 0.32589D-09  1  0  0.04795  254.40  261.75 0.80117D+14  2.332    3.621    3.085   -0.880   32.561   11.97   13.64   98.06
  120.43  132.50 0.32509D-09  1  0  0.04835  254.29  261.70 0.80127D+14  2.333    3.609    3.074   -0.933   32.517   11.98   13.66   99.45
  120.75  133.47 0.32429D-09  1  0  0.04875  254.17  261.66 0.80141D+14  2.334    3.598    3.063   -0.986   32.472   11.98   13.67  100.74
  121.07  134.39 0.32350D-09  1  0  0.04917  254.06  261.61 0.80159D+14  2.335    3.586    3.052   -1.040   32.426   11.99   13.69  101.94
  121.39  135.26 0.32271D-09  1  0  0.04958  253.94  261.56 0.80182D+14  2.336    3.575    3.041   -1.095   32.379   11.99   13.70  103.07
  121.72  136.09 0.32192D-09  1  0  0.05001  253.82  261.51 0.80210D+14  2.337    3.564    3.030   -1.151   32.332   12.00   13.72  104.12
  122.04  136.89 0.32114D-09  1  0  0.05044  253.70  261.46 0.80242D+14  2.339    3.552    3.019   -1.208   32.285   12.00   13.74  105.13
  122.36  137.66 0.32036D-09  1  0  0.05088  253.58  261.41 0.80279D+14  2.340    3.541    3.007   -1.265   32.236   12.01   13.75  106.08
  122.68  138.39 0.31959D-09  1  0  0.05133  253.45  261.36 0.80321D+14  2.341    3.529    2.997   -1.324   32.187   12.01   13.77  106.98
  123.00  139.11 0.31882D-09  1  0  0.05179  253.33  261.31 0.80368D+14  2.342    3.518    2.986   -1.383   32.137   12.02   13.79  107.84
  123.33  139.80 0.31806D-09  1  0  0.05225  253.20  261.26 0.80421D+14  2.343    3.507    2.975   -1.444   32.086   12.03   13.80  108.67
  123.65  140.47 0.31730D-09  1  0  0.05272  253.07  261.20 0.80479D+14  2.344    3.496    2.964   -1.506   32.034   12.03   13.82  109.46
  123.97  141.13 0.31654D-09  1  0  0.05320  252.94  261.15 0.80542D+14  2.345    3.484    2.953   -1.568   31.982   12.04   13.84  110.23
  124.29  141.77 0.31579D-09  1  0  0.05369  252.81  261.10 0.80611D+14  2.347    3.473    2.942   -1.632   31.928   12.05   13.86  110.97
  124.61  142.39 0.31504D-09  1  0  0.05418  252.67  261.04 0.80685D+14  2.348    3.462    2.931   -1.697   31.874   12.05   13.88  111.68
  124.94  143.00 0.31429D-09  1  0  0.05469  252.54  260.99 0.80766D+14  2.349    3.451    2.920   -1.763   31.819   12.06   13.90  112.37
  125.26  143.60 0.31355D-09  1  0  0.05521  252.40  260.93 0.80853D+14  2.350    3.439    2.910   -1.830   31.763   12.07   13.92  113.04
  125.58  144.18 0.31281D-09  1  0  0.05573  252.26  260.87 0.80947D+14  2.352    3.428    2.899   -1.898   31.706   12.08   13.94  113.69
  125.90  144.76 0.31208D-09  1  0  0.05627  252.12  260.81 0.81047D+14  2.353    3.417    2.888   -1.968   31.648   12.09   13.96  114.32
  126.22  145.32 0.31135D-09  1  0  0.05681  251.97  260.75 0.81153D+14  2.354    3.406    2.877   -2.038   31.589   12.09   13.98  114.94
  126.55  145.88 0.31062D-09  1  0  0.05737  251.83  260.69 0.81267D+14  2.356    3.395    2.867   -2.110   31.529   12.10   14.00  115.54
  126.87  146.43 0.30990D-09  1  0  0.05793  251.68  260.63 0.81388D+14  2.357    3.383    2.856   -2.184   31.468   12.11   14.02  116.13
  127.19  146.97 0.30918D-09  1  0  0.05851  251.53  260.57 0.81517D+14  2.358    3.372    2.845   -2.258   31.406   12.12   14.05  116.70
  127.51  147.50 0.30846D-09  1  0  0.05910  251.38  260.51 0.81653D+14  2.360    3.361    2.834   -2.334   31.342   12.13   14.07  117.27
  127.83  148.03 0.30775D-09  1  0  0.05970  251.22  260.45 0.81797D+14  2.361    3.350    2.824   -2.412   31.278   12.14   14.10  117.82
  128.16  148.55 0.30704D-09  1  0  0.06031  251.06  260.38 0.81949D+14  2.363    3.339    2.813   -2.491   31.212   12.15   14.12  118.36
  128.48  149.07 0.30634D-09  1  0  0.06093  250.90  260.32 0.82110D+14  2.364    3.328    2.802   -2.571   31.145   12.16   14.15  118.89
  128.80  149.58 0.30564D-09  1  0  0.06157  250.74  260.25 0.82280D+14  2.366    3.316    2.792   -2.653   31.077   12.17   14.17  119.42
  129.12  150.08 0.30494D-09  1  0  0.06222  250.57  260.18 0.82459D+14  2.367    3.305    2.781   -2.737   31.008   12.18   14.20  119.93
  129.44  150.58 0.30425D-09  1  0  0.06289  250.40  260.11 0.82647D+14  2.369    3.294    2.770   -2.822   30.938   12.19   14.23  120.44
  129.77  151.08 0.30356D-09  1  0  0.06356  250.23  260.04 0.82846D+14  2.370    3.283    2.760   -2.909   30.866   12.20   14.26  120.94
  130.09  151.57 0.30287D-09  1  0  0.06426  250.05  259.97 0.83054D+14  2.372    3.272    2.749   -2.997   30.792   12.22   14.29  121.43
  130.41  152.05 0.30218D-09  1  0  0.06496  249.88  259.90 0.83273D+14  2.374    3.260    2.738   -3.088   30.717   12.23   14.32  121.92
  130.73  152.54 0.30150D-09  1  0  0.06569  249.69  259.83 0.83503D+14  2.375    3.249    2.728   -3.180   30.641   12.24   14.35  122.40
  131.05  153.02 0.30083D-09  1  0  0.06643  249.51  259.75 0.83745D+14  2.377    3.238    2.717   -3.274   30.563   12.26   14.38  122.87
  131.38  153.49 0.30015D-09  1  0  0.06718  249.32  259.68 0.83998D+14  2.379    3.227    2.706   -3.370   30.484   12.27   14.41  123.34
  131.70  153.97 0.29948D-09  1  0  0.06795  249.13  259.60 0.84264D+14  2.381    3.215    2.696   -3.468   30.403   12.28   14.44  123.80
  132.02  154.44 0.29882D-09  1  0  0.06874  248.93  259.52 0.84542D+14  2.382    3.204    2.685   -3.568   30.321   12.30   14.48  124.26
  132.34  154.90 0.29815D-09  1  0  0.06955  248.73  259.44 0.84834D+14  2.384    3.193    2.674   -3.670   30.236   12.31   14.51  124.71
  132.66  155.37 0.29749D-09  1  0  0.07038  248.53  259.36 0.85140D+14  2.386    3.181    2.664   -3.775   30.150   12.33   14.55  125.16
  132.99  155.83 0.29683D-09  1  0  0.07123  248.32  259.28 0.85460D+14  2.388    3.170    2.653   -3.881   30.062   12.34   14.59  125.61
  133.31  156.29 0.29618D-09  1  0  0.07209  248.11  259.19 0.85796D+14  2.390    3.158    2.642   -3.990   29.973   12.36   14.63  126.05
  133.63  156.74 0.29553D-09  1  0  0.07298  247.89  259.11 0.86147D+14  2.392    3.147    2.631   -4.102   29.881   12.38   14.67  126.48
  133.95  157.20 0.29488D-09  1  0  0.07389  247.67  259.02 0.86515D+14  2.394    3.135    2.620   -4.216   29.787   12.39   14.71  126.92
  134.27  157.65 0.29424D-09  1  0  0.07482  247.44  258.93 0.86900D+14  2.396    3.124    2.609   -4.332   29.692   12.41   14.75  127.34
  134.60  158.10 0.29359D-09  1  0  0.07578  247.21  258.84 0.87304D+14  2.399    3.112    2.598   -4.451   29.594   12.43   14.79  127.77
  134.92  158.55 0.29296D-09  1  0  0.07676  246.97  258.75 0.87726D+14  2.401    3.100    2.587   -4.573   29.494   12.45   14.84  128.19
  135.24  158.99 0.29232D-09  1  0  0.07776  246.72  258.65 0.88168D+14  2.403    3.088    2.576   -4.698   29.392   12.47   14.88  128.61
  135.56  159.44 0.29169D-09  1  0  0.07879  246.47  258.55 0.88630D+14  2.406    3.076    2.565   -4.825   29.287   12.49   14.93  129.02
  135.88  159.88 0.29106D-09  1  0  0.07985  246.22  258.46 0.89115D+14  2.408    3.064    2.554   -4.956   29.180   12.51   14.98  129.44
  136.21  160.32 0.29043D-09  1  0  0.08094  245.96  258.35 0.89622D+14  2.410    3.052    2.543   -5.090   29.070   12.53   15.03  129.84
  136.53  160.76 0.28981D-09  1  0  0.08205  245.69  258.25 0.90154D+14  2.413    3.040    2.532   -5.227   28.958   12.56   15.09  130.25
  136.85  161.20 0.28919D-09  1  0  0.08320  245.41  258.15 0.90710D+14  2.416    3.028    2.520   -5.367   28.844   12.58   15.14  130.65
  137.17  161.63 0.28857D-09  1  0  0.08438  245.13  258.04 0.91293D+14  2.418    3.016    2.509   -5.511   28.726   12.60   15.20  131.05
  137.49  162.07 0.28796D-09  1  0  0.08559  244.84  257.93 0.91904D+14  2.421    3.003    2.498   -5.658   28.606   12.63   15.26  131.45
  137.82  162.50 0.28734D-09  1  0  0.08684  244.54  257.82 0.92545D+14  2.424    2.991    2.486   -5.809   28.482   12.65   15.32  131.85
  138.14  162.93 0.28674D-09  1  0  0.08812  244.23  257.70 0.93216D+14  2.427    2.978    2.474   -5.964   28.356   12.68   15.38  132.24
  138.46  163.36 0.28613D-09  1  0  0.08944  243.91  257.58 0.93921D+14  2.430    2.965    2.463   -6.123   28.226   12.71   15.45  132.63
  138.78  163.79 0.28553D-09  1  0  0.09080  243.59  257.46 0.94660D+14  2.433    2.953    2.451   -6.286   28.093   12.74   15.51  133.02
  139.10  164.21 0.28493D-09  1  0  0.09220  243.25  257.34 0.95436D+14  2.436    2.939    2.439   -6.453   27.957   12.77   15.58  133.41
  139.43  164.64 0.28433D-09  1  0  0.09365  242.91  257.21 0.96250D+14  2.440    2.926    2.427   -6.625   27.817   12.80   15.66  133.79
  139.75  165.06 0.28373D-09  1  0  0.09514  242.55  257.08 0.97105D+14  2.443    2.913    2.415   -6.801   27.673   12.83   15.73  134.17
  140.07  165.49 0.28314D-09  1  0  0.09667  242.18  256.95 0.98004D+14  2.447    2.899    2.402   -6.982   27.526   12.86   15.81  134.55
  140.39  165.91 0.28255D-09  1  0  0.09826  241.80  256.81 0.98950D+14  2.451    2.886    2.390   -7.168   27.374   12.89   15.90  134.93
  140.71  166.33 0.28197D-09  1  0  0.09990  241.41  256.67 0.99944D+14  2.454    2.872    2.377   -7.359   27.219   12.93   15.98  135.30
  141.04  166.74 0.28138D-09  1  0  0.10160  241.00  256.53 0.10099D+15  2.458    2.858    2.364   -7.555   27.059   12.96   16.07  135.67
  141.36  167.16 0.28080D-09  1  0  0.10335  240.58  256.38 0.10209D+15  2.463    2.843    2.352   -7.757   26.895   13.00   16.16  136.04
  141.68  167.58 0.28022D-09  1  0  0.10516  240.14  256.23 0.10325D+15  2.467    2.829    2.338   -7.965   26.726   13.04   16.26  136.41
  142.00  167.99 0.27965D-09  1  0  0.10704  239.69  256.07 0.10448D+15  2.471    2.814    2.325   -8.178   26.553   13.08   16.36  136.78
  142.32  168.40 0.27907D-09  1  0  0.10898  239.22  255.91 0.10577D+15  2.476    2.799    2.311   -8.398   26.374   13.12   16.47  137.14
  142.65  168.82 0.27850D-09  1  0  0.11100  238.74  255.74 0.10714D+15  2.481    2.783    2.298   -8.624   26.191   13.16   16.58  137.50
  142.97  169.23 0.27793D-09  1  0  0.11309  238.23  255.57 0.10858D+15  2.486    2.767    2.284   -8.857   26.002   13.21   16.70  137.86
  143.29  169.63 0.27737D-09  1  0  0.11526  237.70  255.40 0.11010D+15  2.491    2.751    2.269   -9.097   25.807   13.25   16.82  138.22
  143.61  170.04 0.27680D-09  1  0  0.11751  237.15  255.22 0.11171D+15  2.497    2.735    2.255   -9.344   25.607   13.30   16.95  138.57
  143.93  170.45 0.27624D-09  1  0  0.11985  236.58  255.03 0.11342D+15  2.503    2.718    2.240   -9.599   25.400   13.35   17.08  138.92
  144.26  170.85 0.27569D-09  1  0  0.12229  235.99  254.84 0.11523D+15  2.509    2.701    2.224   -9.861   25.188   13.40   17.22  139.27
  144.58  171.25 0.27513D-09  1  0  0.12483  235.36  254.64 0.11716D+15  2.515    2.683    2.209  -10.132   24.969   13.45   17.37  139.61
  144.90  171.65 0.27458D-09  1  0  0.12747  234.71  254.43 0.11920D+15  2.522    2.665    2.193  -10.411   24.743   13.51   17.53  139.96
  145.22  172.05 0.27403D-09  1  0  0.13022  234.03  254.22 0.12137D+15  2.529    2.646    2.176  -10.699   24.510   13.56   17.69  140.30
  145.54  172.45 0.27348D-09  1  0  0.13310  233.31  254.01 0.12367D+15  2.537    2.626    2.159  -10.996   24.270   13.62   17.87  140.63
  145.87  172.85 0.27293D-09  1  0  0.13610  232.56  253.78 0.12613D+15  2.544    2.606    2.142  -11.302   24.022   13.68   18.05  140.97
  146.19  173.24 0.27239D-09  1  0  0.13925  231.77  253.55 0.12875D+15  2.553    2.586    2.124  -11.618   23.767   13.74   18.24  141.30
  146.51  173.63 0.27185D-09  1  0  0.14253  230.94  253.31 0.13155D+15  2.562    2.564    2.106  -11.944   23.504   13.81   18.45  141.62
  146.83  174.02 0.27131D-09  1  0  0.14598  230.07  253.06 0.13453D+15  2.571    2.542    2.086  -12.281   23.232   13.87   18.67  141.95
  147.15  174.40 0.27077D-09  1  0  0.14960  229.14  252.80 0.13773D+15  2.581    2.519    2.067  -12.628   22.951   13.94   18.90  142.27
  147.48  174.79 0.27024D-09  1  0  0.15339  228.16  252.53 0.14114D+15  2.592    2.495    2.046  -12.987   22.662   14.01   19.14  142.58
  147.80  175.17 0.26971D-09  1  0  0.15738  227.13  252.26 0.14480D+15  2.603    2.470    2.025  -13.357   22.363   14.07   19.41  142.89
  148.12  175.54 0.26918D-09  1  0  0.16159  226.03  251.97 0.14872D+15  2.615    2.444    2.002  -13.739   22.056   14.14   19.69  143.19
  148.44  175.92 0.26865D-09  1  0  0.16602  224.86  251.68 0.15293D+15  2.628    2.417    1.979  -14.133   21.738   14.21   19.98  143.49
  148.76  176.29 0.26813D-09  1  0  0.17070  223.61  251.37 0.15744D+15  2.643    2.388    1.954  -14.539   21.411   14.28   20.30  143.78
  149.09  176.65 0.26761D-09  1  0  0.17565  222.28  251.06 0.16228D+15  2.658    2.358    1.929  -14.958   21.073   14.35   20.64  144.07
  149.41  177.01 0.26709D-09  1  0  0.18090  220.85  250.73 0.16748D+15  2.674    2.326    1.902  -15.390   20.726   14.42   21.00  144.34
  149.73  177.37 0.26657D-09  1  0  0.18646  219.33  250.40 0.17305D+15  2.692    2.292    1.873  -15.834   20.369   14.49   21.39  144.61
  150.05  177.72 0.26605D-09  1  0  0.19237  217.68  250.06 0.17903D+15  2.712    2.256    1.843  -16.290   20.002   14.54   21.81  144.87
  150.37  178.06 0.26554D-09  1  0  0.19867  215.91  249.70 0.18542D+15  2.733    2.218    1.811  -16.759   19.625   14.60   22.26  145.11
  150.70  181.62 0.26503D-09  0  0  0.20539  214.00  249.34 0.19224D+15  2.757    2.177    1.777  -16.849   19.558  150.70  150.70  150.70
  151.02  182.00 0.26452D-09  0  0  0.21258  211.92  248.97 0.19948D+15  2.783    2.133    1.740  -16.899   19.524  151.02  151.02  151.02
  151.34  182.39 0.26401D-09  0  0  0.22029  209.66  248.60 0.20712D+15  2.812    2.086    1.701  -16.951   19.487  151.34  151.34  151.34
  151.66  182.78 0.26351D-09  0  0  0.22857  207.19  248.23 0.21511D+15  2.844    2.035    1.659  -17.008   19.447  151.66  151.66  151.66
  151.98  183.17 0.26301D-09  0  0  0.23749  204.48  247.86 0.22335D+15  2.880    1.980    1.613  -17.068   19.404  151.98  151.98  151.98
  152.31  183.56 0.26251D-09  0  0  0.24714  201.50  247.50 0.23166D+15  2.921    1.920    1.564  -17.134   19.357  152.31  152.31  152.31
  152.63  183.94 0.26201D-09  0  0  0.25760  198.21  247.16 0.23978D+15  2.968    1.854    1.509  -17.206   19.305  152.63  152.63  152.63
  152.95  184.33 0.26151D-09  0  0  0.26897  194.55  246.85 0.24728D+15  3.022    1.782    1.450  -17.284   19.248  152.95  152.95  152.95
  153.27  184.72 0.26102D-09  0  0  0.28139  190.46  246.59 0.25351D+15  3.085    1.702    1.384  -17.369   19.185  153.27  153.27  153.27
  153.59  185.11 0.26053D-09  0  0  0.29501  185.87  246.41 0.25751D+15  3.158    1.612    1.311  -17.464   19.114  153.59  153.59  153.59
  153.92  185.50 0.26004D-09  0  0  0.31000  180.68  246.35 0.25790D+15  3.246    1.512    1.229  -17.570   19.034  153.92  153.92  153.92
  154.24  185.89 0.25955D-09  0  0  0.32100  176.79  246.40 0.25470D+15  3.315    1.436    1.167  -17.652   18.975  154.24  154.24  154.24
  154.56  186.27 0.25907D-09  0  0  0.32100  176.79  246.40 0.25329D+15  3.315    1.434    1.164  -17.660   18.975  154.56  154.56  154.56
  154.88  186.66 0.25858D-09  0  0  0.32100  176.80  246.40 0.25188D+15  3.315    1.431    1.161  -17.668   18.975  154.88  154.88  154.88
  155.20  187.05 0.25810D-09  0  0  0.32100  176.81  246.40 0.25049D+15  3.315    1.429    1.159  -17.676   18.975  155.20  155.20  155.20
  155.53  187.44 0.25762D-09  0  0  0.32100  176.81  246.39 0.24910D+15  3.315    1.426    1.156  -17.684   18.975  155.53  155.53  155.53
  155.85  187.83 0.25714D-09  0  0  0.32100  176.82  246.39 0.24772D+15  3.315    1.424    1.154  -17.692   18.975  155.85  155.85  155.85
  156.17  188.21 0.25667D-09  0  0  0.32100  176.82  246.39 0.24635D+15  3.315    1.421    1.151  -17.701   18.975  156.17  156.17  156.17
  156.49  188.60 0.25619D-09  0  0  0.32100  176.83  246.39 0.24498D+15  3.315    1.419    1.148  -17.709   18.975  156.49  156.49  156.49
  156.81  188.99 0.25572D-09  0  0  0.32100  176.83  246.38 0.24363D+15  3.315    1.416    1.146  -17.717   18.975  156.81  156.81  156.81
  157.14  189.38 0.25525D-09  0  0  0.32100  176.84  246.38 0.24228D+15  3.315    1.414    1.143  -17.725   18.975  157.14  157.14  157.14
  157.46  189.77 0.25479D-09  0  0  0.32100  176.85  246.38 0.24094D+15  3.315    1.411    1.141  -17.733   18.975  157.46  157.46  157.46
  157.78  190.15 0.25432D-09  0  0  0.32100  176.85  246.37 0.23961D+15  3.315    1.409    1.138  -17.741   18.975  157.78  157.78  157.78
  158.10  190.54 0.25386D-09  0  0  0.32100  176.86  246.37 0.23829D+15  3.315    1.406    1.136  -17.749   18.975  158.10  158.10  158.10
  158.42  190.93 0.25339D-09  0  0  0.32100  176.86  246.36 0.23697D+15  3.314    1.404    1.133  -17.757   18.975  158.42  158.42  158.42
  158.75  191.32 0.25293D-09  0  0  0.32100  176.87  246.36 0.23567D+15  3.314    1.402    1.131  -17.765   18.975  158.75  158.75  158.75
  159.07  191.71 0.25248D-09  0  0  0.32100  176.88  246.36 0.23437D+15  3.314    1.399    1.129  -17.774   18.975  159.07  159.07  159.07
  159.39  192.09 0.25202D-09  0  0  0.32100  176.88  246.35 0.23308D+15  3.314    1.397    1.126  -17.782   18.975  159.39  159.39  159.39
  159.71  192.48 0.25156D-09  0  0  0.32100  176.89  246.35 0.23180D+15  3.314    1.394    1.124  -17.790   18.975  159.71  159.71  159.71
  160.03  192.87 0.25111D-09  0  0  0.32100  176.89  246.34 0.23052D+15  3.314    1.392    1.121  -17.798   18.975  160.03  160.03  160.03
  160.36  193.26 0.25066D-09  0  0  0.32100  176.90  246.34 0.22925D+15  3.314    1.390    1.119  -17.806   18.975  160.36  160.36  160.36
  160.68  193.65 0.25021D-09  0  0  0.32100  176.90  246.33 0.22799D+15  3.314    1.387    1.116  -17.814   18.975  160.68  160.68  160.68
  161.00  194.03 0.24977D-09  0  0  0.32100  176.91  246.33 0.22674D+15  3.314    1.385    1.114  -17.822   18.976  161.00  161.00  161.00
