R_tot = 1561.0 R_core =  1400.0  Tsurf =   100.00  g =  1.310
   zbot    P(MPa) Hint     conv melt pCLA   Tbot     Tm     etam        k   Fcond_bot Fcond_top   Fbot     Ftop    dlid z_topTBL z_botTBL
    0.00   -0.00 0.11906D-05  0  0  0.01105  273.24  261.57 0.32206D+15  2.167    0.000    0.000    0.000    0.000    0.00    0.00    0.00
    0.32    0.39 0.11908D-06  0  0  0.01108  273.21  265.61 0.21128D+15  2.167 1398.882 1398.305 1381.242 1415.943    0.32    0.32    0.32
    0.64    0.77 0.59554D-07  0  0  0.01110  273.18  266.26 0.19716D+15  2.167  699.459  698.882  681.814  716.522    0.64    0.64    0.64
    0.97    1.16 0.39711D-07  0  0  0.01113  273.15  266.67 0.18851D+15  2.168  466.317  465.740  448.668  483.383    0.97    0.97    0.97
    1.29    1.55 0.29789D-07  0  0  0.01115  273.12  266.98 0.18221D+15  2.168  349.747  349.170  332.092  366.814    1.29    1.29    1.29
    1.61    1.94 0.23836D-07  0  0  0.01118  273.08  267.22 0.17725D+15  2.168  279.804  279.227  262.145  296.874    1.61    1.61    1.61
    1.93    2.33 0.19868D-07  0  0  0.01120  273.05  267.42 0.17315D+15  2.168  233.176  232.599  215.511  250.249    1.93    1.93    1.93
    2.25    2.71 0.17033D-07  0  0  0.01123  273.02  267.60 0.16966D+15  2.169  199.870  199.293  182.201  216.945    2.25    2.25    2.25
    2.58    3.10 0.14907D-07  0  0  0.01125  272.99  267.75 0.16661D+15  2.169  174.890  174.313  157.216  191.968    2.58    2.58    2.58
    2.90    3.49 0.13253D-07  0  0  0.01128  272.96  267.88 0.16391D+15  2.169  155.462  154.885  137.783  172.542    2.90    2.90    2.90
    3.22    3.88 0.11931D-07  0  0  0.01131  272.93  268.00 0.16148D+15  2.170  139.919  139.342  122.235  157.001    3.22    3.22    3.22
    3.54    4.27 0.10848D-07  0  0  0.01133  272.89  268.11 0.15928D+15  2.170  127.202  126.625  109.513  144.287    3.54    3.54    3.54
    3.86    4.65 0.99462D-08  0  0  0.01136  272.86  268.21 0.15726D+15  2.170  116.604  116.028   98.911  133.692    3.86    3.86    3.86
    4.19    5.04 0.91830D-08  0  0  0.01138  272.83  268.30 0.15540D+15  2.170  107.637  107.061   89.939  124.727    4.19    4.19    4.19
    4.51    5.43 0.85289D-08  0  0  0.01141  272.80  268.38 0.15367D+15  2.171   99.951   99.374   82.248  117.044    4.51    4.51    4.51
    4.83    5.82 0.79619D-08  0  0  0.01144  272.77  268.46 0.15206D+15  2.171   93.290   92.713   75.581  110.385    4.83    4.83    4.83
    5.15    6.21 0.74658D-08  0  0  0.01146  272.74  268.53 0.15055D+15  2.171   87.461   86.884   69.748  104.558    5.15    5.15    5.15
    5.47    6.59 0.70281D-08  0  0  0.01149  272.70  268.59 0.14913D+15  2.171   82.318   81.742   64.600   99.418    5.47    5.47    5.47
    5.80    6.98 0.66390D-08  0  0  0.01151  272.67  268.65 0.14779D+15  2.172   77.746   77.170   60.024   94.849    5.80    5.80    5.80
    6.12    7.37 0.62909D-08  0  0  0.01154  272.64  268.71 0.14652D+15  2.172   73.656   73.080   55.928   90.761    6.12    6.12    6.12
    6.44    7.76 0.59776D-08  0  0  0.01157  272.61  268.76 0.14531D+15  2.172   69.975   69.398   52.242   87.082    6.44    6.44    6.44
    6.76    8.15 0.56941D-08  0  0  0.01159  272.57  268.81 0.14416D+15  2.173   66.644   66.068   48.906   83.754    6.76    6.76    6.76
    7.08    8.54 0.54364D-08  0  0  0.01162  272.54  268.86 0.14307D+15  2.173   63.616   63.040   45.874   80.728    7.08    7.08    7.08
    7.41    8.92 0.52011D-08  0  0  0.01165  272.51  268.90 0.14202D+15  2.173   60.851   60.275   43.104   77.966    7.41    7.41    7.41
    7.73    9.31 0.49855D-08  0  0  0.01168  272.48  268.95 0.14101D+15  2.173   58.317   57.741   40.565   75.434    7.73    7.73    7.73
    8.05    9.70 0.47870D-08  0  0  0.01170  272.45  268.98 0.14005D+15  2.174   55.985   55.409   38.228   73.105    8.05    8.05    8.05
    8.37   10.09 0.46039D-08  0  0  0.01173  272.41  269.02 0.13912D+15  2.174   53.833   53.257   36.071   70.955    8.37    8.37    8.37
    8.69   10.48 0.44343D-08  0  0  0.01176  272.38  269.06 0.13823D+15  2.174   51.840   51.264   34.073   68.965    8.69    8.69    8.69
    9.02   10.86 0.42768D-08  0  0  0.01179  272.35  269.09 0.13737D+15  2.174   49.990   49.414   32.218   67.117    9.02    9.02    9.02
    9.34   11.25 0.41302D-08  0  0  0.01181  272.31  269.12 0.13654D+15  2.175   48.267   47.691   30.490   65.397    9.34    9.34    9.34
    9.66   11.64 0.39933D-08  0  0  0.01184  272.28  269.15 0.13574D+15  2.175   46.659   46.083   28.877   63.791    9.66    9.66    9.66
    9.98   12.03 0.38653D-08  0  0  0.01187  272.25  269.18 0.13496D+15  2.175   45.154   44.579   27.368   62.289    9.98    9.98    9.98
   10.30   12.42 0.37453D-08  0  0  0.01190  272.22  269.20 0.13421D+15  2.176   43.744   43.168   25.953   60.881   10.30   10.30   10.30
   10.63   12.80 0.36325D-08  0  0  0.01193  272.18  269.23 0.13348D+15  2.176   42.419   41.844   24.623   59.559   10.63   10.63   10.63
   10.95   13.19 0.35264D-08  0  0  0.01195  272.15  269.25 0.13277D+15  2.176   41.172   40.597   23.371   58.315   10.95   10.95   10.95
   11.27   13.58 0.34264D-08  0  0  0.01198  272.12  269.27 0.13208D+15  2.176   39.997   39.421   22.191   57.141   11.27   11.27   11.27
   11.59   13.97 0.33319D-08  0  0  0.01201  272.09  269.29 0.13141D+15  2.177   38.886   38.311   21.075   56.034   11.59   11.59   11.59
   11.91   14.36 0.32425D-08  0  0  0.01204  272.05  269.31 0.13076D+15  2.177   37.836   37.261   20.020   54.986   11.91   11.91   11.91
   12.24   14.74 0.31578D-08  0  0  0.01207  272.02  269.33 0.13013D+15  2.177   36.841   36.266   19.020   53.993   12.24   12.24   12.24
   12.56   15.13 0.30775D-08  0  0  0.01210  271.99  269.35 0.12951D+15  2.178   35.897   35.321   18.071   53.052   12.56   12.56   12.56
   12.88   15.52 0.30012D-08  0  0  0.01213  271.95  269.37 0.12891D+15  2.178   35.000   34.425   17.169   52.157   12.88   12.88   12.88
   13.20   15.91 0.29286D-08  0  0  0.01216  271.92  269.38 0.12832D+15  2.178   34.147   33.572   16.311   51.307   13.20   13.20   13.20
   13.52   16.30 0.28595D-08  0  0  0.01219  271.89  269.40 0.12775D+15  2.178   33.334   32.759   15.494   50.497   13.52   13.52   13.52
   13.85   16.68 0.27935D-08  0  0  0.01222  271.85  269.41 0.12719D+15  2.179   32.559   31.984   14.714   49.724   13.85   13.85   13.85
   14.17   17.07 0.27306D-08  0  0  0.01224  271.82  269.42 0.12664D+15  2.179   31.820   31.245   13.969   48.987   14.17   14.17   14.17
   14.49   17.46 0.26705D-08  0  0  0.01227  271.79  269.44 0.12611D+15  2.179   31.113   30.538   13.258   48.283   14.49   14.49   14.49
   14.81   17.85 0.26130D-08  0  0  0.01230  271.75  269.45 0.12559D+15  2.180   30.437   29.862   12.577   47.610   14.81   14.81   14.81
   15.13   18.24 0.25579D-08  0  0  0.01233  271.72  269.46 0.12507D+15  2.180   29.790   29.215   11.925   46.965   15.13   15.13   15.13
   15.46   18.63 0.25051D-08  0  0  0.01236  271.69  269.47 0.12457D+15  2.180   29.170   28.595   11.300   46.347   15.46   15.46   15.46
   15.78   19.01 0.24545D-08  0  0  0.01239  271.65  269.48 0.12408D+15  2.180   28.575   28.000   10.700   45.755   15.78   15.78   15.78
   16.10   19.40 0.24059D-08  0  0  0.01243  271.62  269.49 0.12360D+15  2.181   28.004   27.429   10.124   45.186   16.10   16.10   16.10
   16.42   19.79 0.23592D-08  0  0  0.01246  271.59  269.49 0.12313D+15  2.181   27.455   26.880    9.570   44.640   16.42   16.42   16.42
   16.74   20.18 0.23143D-08  0  0  0.01249  271.55  269.50 0.12267D+15  2.181   26.927   26.353    9.037   44.115   16.74   16.74   16.74
   17.07   20.21 0.22711D-08  1  0  0.01252  271.52  269.51 0.12221D+15  2.182   26.420   25.845    8.730   43.810    9.85   14.41   16.47
   17.39   20.60 0.22296D-08  1  0  0.01255  271.48  269.51 0.12177D+15  2.182   25.931   25.356    8.621   43.700    9.87   14.34   16.79
   17.71   20.99 0.21895D-08  1  0  0.01258  271.45  269.52 0.12133D+15  2.182   25.459   24.885    8.514   43.593    9.89   14.27   17.12
   18.03   21.38 0.21508D-08  1  0  0.01261  271.42  269.52 0.12090D+15  2.182   25.005   24.431    8.410   43.487    9.91   14.20   17.45
   18.35   21.77 0.21135D-08  1  0  0.01264  271.38  269.53 0.12048D+15  2.183   24.567   23.992    8.307   43.383    9.93   14.14   17.77
   18.68   22.16 0.20775D-08  1  0  0.01267  271.35  269.53 0.12007D+15  2.183   24.143   23.569    8.207   43.282    9.95   14.08   18.10
   19.00   22.55 0.20427D-08  1  0  0.01271  271.31  269.53 0.11966D+15  2.183   23.734   23.160    8.108   43.182    9.97   14.03   18.43
   19.32   22.94 0.20091D-08  1  0  0.01274  271.28  269.54 0.11926D+15  2.184   23.339   22.765    8.011   43.084    9.99   13.98   18.75
   19.64   23.33 0.19766D-08  1  0  0.01277  271.25  269.54 0.11887D+15  2.184   22.957   22.383    7.916   42.988   10.00   13.93   19.08
   19.96   23.73 0.19451D-08  1  0  0.01280  271.21  269.54 0.11848D+15  2.184   22.587   22.013    7.822   42.893   10.02   13.89   19.41
   20.29   24.12 0.19146D-08  1  0  0.01283  271.18  269.54 0.11810D+15  2.184   22.228   21.654    7.730   42.800   10.04   13.84   19.74
   20.61   24.51 0.18851D-08  1  0  0.01287  271.14  269.54 0.11772D+15  2.185   21.881   21.307    7.639   42.709   10.06   13.80   20.06
   20.93   24.90 0.18565D-08  1  0  0.01290  271.11  269.54 0.11735D+15  2.185   21.545   20.971    7.550   42.619   10.07   13.77   20.39
   21.25   25.29 0.18287D-08  1  0  0.01293  271.07  269.54 0.11699D+15  2.185   21.218   20.645    7.463   42.531   10.09   13.73   20.72
   21.57   25.68 0.18018D-08  1  0  0.01296  271.04  269.54 0.11663D+15  2.186   20.902   20.328    7.376   42.444   10.11   13.70   21.05
   21.90   26.07 0.17757D-08  1  0  0.01300  271.01  269.54 0.11628D+15  2.186   20.595   20.021    7.291   42.359   10.12   13.67   21.37
   22.22   26.47 0.17503D-08  1  0  0.01303  270.97  269.54 0.11593D+15  2.186   20.296   19.723    7.208   42.274   10.14   13.64   21.70
   22.54   26.86 0.17256D-08  1  0  0.01306  270.94  269.54 0.11559D+15  2.187   20.006   19.433    7.125   42.191   10.16   13.61   22.03
   22.86   27.25 0.17017D-08  1  0  0.01310  270.90  269.54 0.11525D+15  2.187   19.725   19.151    7.044   42.110   10.17   13.58   22.36
   23.18   27.64 0.16784D-08  1  0  0.01313  270.87  269.54 0.11492D+15  2.187   19.451   18.877    6.964   42.029   10.19   13.56   22.69
   23.51   28.03 0.16558D-08  1  0  0.01317  270.83  269.53 0.11459D+15  2.187   19.185   18.611    6.885   41.950   10.20   13.53   23.02
   23.83   28.43 0.16337D-08  1  0  0.01320  270.80  269.53 0.11427D+15  2.188   18.925   18.352    6.808   41.872   10.22   13.51   23.34
   24.15   28.82 0.16123D-08  1  0  0.01323  270.76  269.53 0.11395D+15  2.188   18.673   18.100    6.731   41.794   10.23   13.49   23.67
   24.47   29.21 0.15914D-08  1  0  0.01327  270.73  269.52 0.11363D+15  2.188   18.428   17.854    6.655   41.718   10.25   13.47   24.00
   24.79   29.60 0.15710D-08  1  0  0.01330  270.69  269.52 0.11332D+15  2.189   18.188   17.615    6.581   41.643   10.26   13.45   24.33
   25.12   29.99 0.15512D-08  1  0  0.01334  270.66  269.51 0.11301D+15  2.189   17.955   17.382    6.507   41.569   10.27   13.43   24.66
   25.44   30.39 0.15319D-08  1  0  0.01337  270.62  269.51 0.11271D+15  2.189   17.728   17.155    6.434   41.496   10.29   13.41   24.99
   25.76   30.78 0.15131D-08  1  0  0.01341  270.59  269.50 0.11241D+15  2.190   17.506   16.933    6.362   41.424   10.30   13.39   25.32
   26.08   31.17 0.14947D-08  1  0  0.01344  270.55  269.50 0.11212D+15  2.190   17.290   16.717    6.291   41.353   10.31   13.38   25.65
   26.40   31.56 0.14768D-08  1  0  0.01348  270.52  269.49 0.11182D+15  2.190   17.080   16.507    6.221   41.283   10.33   13.36   25.98
   26.73   31.96 0.14593D-08  1  0  0.01351  270.48  269.49 0.11154D+15  2.190   16.874   16.301    6.152   41.213   10.34   13.35   26.31
   27.05   32.35 0.14422D-08  1  0  0.01355  270.44  269.48 0.11125D+15  2.191   16.673   16.100    6.083   41.145   10.35   13.34   26.64
   27.37   32.74 0.14256D-08  1  0  0.01358  270.41  269.48 0.11097D+15  2.191   16.477   15.904    6.016   41.077   10.37   13.32   26.97
   27.69   33.14 0.14093D-08  1  0  0.01362  270.37  269.47 0.11069D+15  2.191   16.285   15.713    5.949   41.010   10.38   13.31   27.30
   28.01   33.53 0.13934D-08  1  0  0.01366  270.34  269.46 0.11042D+15  2.192   16.098   15.525    5.883   40.944   10.39   13.30   27.63
   28.34   33.92 0.13778D-08  1  0  0.01369  270.30  269.45 0.11015D+15  2.192   15.915   15.343    5.817   40.878   10.40   13.29   27.96
   28.66   34.32 0.13626D-08  1  0  0.01373  270.27  269.45 0.10988D+15  2.192   15.736   15.164    5.753   40.813   10.42   13.28   28.29
   28.98   34.71 0.13478D-08  1  0  0.01377  270.23  269.44 0.10961D+15  2.193   15.561   14.989    5.689   40.749   10.43   13.27   28.62
   29.30   35.10 0.13332D-08  1  0  0.01380  270.19  269.43 0.10935D+15  2.193   15.390   14.818    5.625   40.686   10.44   13.26   28.95
   29.62   35.50 0.13190D-08  1  0  0.01384  270.16  269.42 0.10909D+15  2.193   15.223   14.651    5.563   40.624   10.45   13.25   29.28
   29.95   35.89 0.13051D-08  1  0  0.01388  270.12  269.41 0.10884D+15  2.194   15.059   14.487    5.500   40.562   10.46   13.24   29.61
   30.27   36.28 0.12915D-08  1  0  0.01391  270.09  269.41 0.10858D+15  2.194   14.899   14.327    5.439   40.500   10.47   13.23   29.94
   30.59   36.68 0.12781D-08  1  0  0.01395  270.05  269.40 0.10833D+15  2.194   14.742   14.170    5.378   40.440   10.49   13.23   30.27
   30.91   37.07 0.12651D-08  1  0  0.01399  270.01  269.39 0.10808D+15  2.194   14.589   14.017    5.318   40.380   10.50   13.22   30.61
   31.23   37.46 0.12523D-08  1  0  0.01403  269.98  269.38 0.10784D+15  2.195   14.438   13.866    5.258   40.320   10.51   13.21   30.94
   31.56   37.86 0.12398D-08  1  0  0.01407  269.94  269.37 0.10759D+15  2.195   14.291   13.719    5.199   40.262   10.52   13.21   31.27
   31.88   38.25 0.12275D-08  1  0  0.01411  269.90  269.36 0.10735D+15  2.195   14.147   13.575    5.141   40.203   10.53   13.20   31.60
   32.20   38.65 0.12155D-08  1  0  0.01414  269.87  269.35 0.10712D+15  2.196   14.005   13.433    5.083   40.146   10.54   13.20   31.93
   32.52   39.04 0.12037D-08  1  0  0.01418  269.83  269.34 0.10688D+15  2.196   13.866   13.294    5.025   40.088   10.55   13.19   32.27
   32.84   39.44 0.11922D-08  1  0  0.01422  269.80  269.33 0.10665D+15  2.196   13.730   13.159    4.968   40.032   10.56   13.19   32.60
   33.17   39.83 0.11808D-08  1  0  0.01426  269.76  269.32 0.10642D+15  2.197   13.597   13.025    4.912   39.976   10.57   13.18   32.93
   33.49   40.23 0.11697D-08  1  0  0.01430  269.72  269.30 0.10619D+15  2.197   13.466   12.894    4.856   39.920   10.58   13.18   33.26
   33.81   40.62 0.11588D-08  1  0  0.01434  269.69  269.29 0.10596D+15  2.197   13.338   12.766    4.801   39.865   10.59   13.17   33.60
   34.13   41.01 0.11481D-08  1  0  0.01438  269.65  269.28 0.10574D+15  2.198   13.212   12.640    4.746   39.811   10.60   13.17   33.93
   34.45   41.41 0.11376D-08  1  0  0.01442  269.61  269.27 0.10552D+15  2.198   13.088   12.517    4.691   39.756   10.61   13.17   34.26
   34.78   41.81 0.11273D-08  1  0  0.01446  269.57  269.26 0.10530D+15  2.198   12.967   12.396    4.637   39.703   10.62   13.16   34.60
   35.10   42.20 0.11172D-08  1  0  0.01450  269.54  269.25 0.10508D+15  2.199   12.848   12.277    4.583   39.650   10.63   13.16   34.93
   35.42   42.60 0.11073D-08  1  0  0.01454  269.50  269.23 0.10487D+15  2.199   12.731   12.160    4.530   39.597   10.64   13.16   35.27
   35.74   42.99 0.10975D-08  1  0  0.01458  269.46  269.22 0.10466D+15  2.199   12.616   12.045    4.477   39.545   10.65   13.16   35.60
   36.06   43.39 0.10880D-08  1  0  0.01462  269.43  269.21 0.10444D+15  2.199   12.503   11.932    4.425   39.493   10.66   13.15   35.94
   36.39   43.78 0.10786D-08  1  0  0.01466  269.39  269.20 0.10424D+15  2.200   12.393   11.822    4.373   39.441   10.67   13.15   36.27
   36.71   44.18 0.10693D-08  1  0  0.01471  269.35  269.18 0.10403D+15  2.200   12.284   11.713    4.321   39.390   10.68   13.15   36.61
   37.03   44.58 0.10603D-08  1  0  0.01475  269.31  269.17 0.10382D+15  2.200   12.177   11.606    4.270   39.340   10.69   13.15   36.94
   37.35   44.97 0.10513D-08  1  0  0.01479  269.28  269.16 0.10362D+15  2.201   12.072   11.501    4.219   39.290   10.70   13.15   37.28
   37.67   45.37 0.10426D-08  1  0  0.01483  269.24  269.14 0.10342D+15  2.201   11.969   11.398    4.168   39.240   10.70   13.15   37.61
   38.00   45.77 0.10339D-08  1  0  0.01487  269.20  269.13 0.10322D+15  2.201   11.867   11.296    4.118   39.190   10.71   13.15   37.95
   38.32   46.16 0.10255D-08  1  0  0.01492  269.16  269.11 0.10302D+15  2.202   11.767   11.197    4.068   39.141   10.72   13.15   38.29
   38.64   46.56 0.10171D-08  1  0  0.01496  269.13  269.10 0.10283D+15  2.202   11.669   11.098    4.019   39.093   10.73   13.15   38.62
   38.96   46.96 0.10089D-08  1  0  0.01500  269.09  269.09 0.10263D+15  2.202   11.572   11.002    3.970   39.044   10.74   13.14   38.96
   39.28   47.35 0.10009D-08  1  0  0.01505  269.05  269.07 0.10244D+15  2.203   11.477   10.907    3.921   38.996   10.75   13.14   39.28
   39.61   47.73 0.99294D-09  1  0  0.01509  269.01  269.06 0.10225D+15  2.203   11.384   10.814    3.872   38.948   10.76   13.14   39.61
   39.93   48.12 0.98514D-09  1  0  0.01513  268.97  269.04 0.10206D+15  2.203   11.292   10.722    3.824   38.901   10.76   13.14   39.93
   40.25   48.51 0.97746D-09  1  0  0.01518  268.94  269.03 0.10187D+15  2.204   11.201   10.631    3.776   38.854   10.77   13.14   40.25
   40.57   48.90 0.96991D-09  1  0  0.01522  268.90  269.01 0.10169D+15  2.204   11.112   10.542    3.729   38.807   10.78   13.15   40.57
   40.89   49.29 0.96247D-09  1  0  0.01527  268.86  269.00 0.10150D+15  2.204   11.025   10.455    3.681   38.761   10.79   13.15   40.89
   41.22   49.67 0.95515D-09  1  0  0.01531  268.82  268.98 0.10132D+15  2.205   10.938   10.368    3.634   38.715   10.80   13.15   41.22
   41.54   50.06 0.94794D-09  1  0  0.01536  268.78  268.97 0.10114D+15  2.205   10.853   10.283    3.587   38.669   10.81   13.15   41.54
   41.86   50.45 0.94085D-09  1  0  0.01540  268.74  268.95 0.10096D+15  2.205   10.770   10.200    3.541   38.624   10.81   13.15   41.86
   42.18   50.84 0.93386D-09  1  0  0.01545  268.70  268.93 0.10079D+15  2.206   10.687   10.118    3.495   38.579   10.82   13.15   42.18
   42.50   51.23 0.92698D-09  1  0  0.01549  268.67  268.92 0.10061D+15  2.206   10.606   10.036    3.449   38.534   10.83   13.15   42.50
   42.83   51.61 0.92020D-09  1  0  0.01554  268.63  268.90 0.10043D+15  2.206   10.526    9.957    3.403   38.489   10.84   13.15   42.83
   43.15   52.00 0.91352D-09  1  0  0.01558  268.59  268.89 0.10026D+15  2.207   10.448    9.878    3.358   38.445   10.84   13.15   43.15
   43.47   52.39 0.90694D-09  1  0  0.01563  268.55  268.87 0.10009D+15  2.207   10.370    9.800    3.312   38.401   10.85   13.15   43.47
   43.79   52.78 0.90046D-09  1  0  0.01568  268.51  268.85 0.99919D+14  2.207   10.294    9.724    3.268   38.357   10.86   13.16   43.79
   44.11   53.17 0.89408D-09  1  0  0.01572  268.47  268.83 0.99751D+14  2.208   10.218    9.649    3.223   38.313   10.87   13.16   44.11
   44.44   53.55 0.88778D-09  1  0  0.01577  268.43  268.82 0.99583D+14  2.208   10.144    9.575    3.178   38.270   10.87   13.16   44.44
   44.76   53.94 0.88158D-09  1  0  0.01582  268.39  268.80 0.99417D+14  2.208   10.071    9.502    3.134   38.227   10.88   13.16   44.76
   45.08   54.33 0.87546D-09  1  0  0.01587  268.35  268.78 0.99253D+14  2.209    9.999    9.429    3.090   38.184   10.89   13.16   45.08
   45.40   54.72 0.86944D-09  1  0  0.01591  268.31  268.77 0.99089D+14  2.209    9.927    9.358    3.046   38.142   10.90   13.17   45.40
   45.72   55.11 0.86349D-09  1  0  0.01596  268.28  268.75 0.98928D+14  2.209    9.857    9.288    3.003   38.099   10.90   13.17   45.72
   46.05   55.49 0.85763D-09  1  0  0.01601  268.24  268.73 0.98767D+14  2.210    9.788    9.219    2.959   38.057   10.91   13.17   46.05
   46.37   55.88 0.85186D-09  1  0  0.01606  268.20  268.71 0.98608D+14  2.210    9.720    9.151    2.916   38.015   10.92   13.17   46.37
   46.69   56.27 0.84616D-09  1  0  0.01611  268.16  268.69 0.98450D+14  2.210    9.653    9.084    2.873   37.974   10.93   13.18   46.69
   47.01   56.66 0.84054D-09  1  0  0.01616  268.12  268.68 0.98293D+14  2.211    9.586    9.018    2.830   37.932   10.93   13.18   47.01
   47.33   57.05 0.83499D-09  1  0  0.01621  268.08  268.66 0.98138D+14  2.211    9.521    8.952    2.787   37.891   10.94   13.18   47.33
   47.66   57.44 0.82952D-09  1  0  0.01626  268.04  268.64 0.97984D+14  2.211    9.456    8.888    2.745   37.850   10.95   13.18   47.66
   47.98   57.82 0.82413D-09  1  0  0.01631  268.00  268.62 0.97831D+14  2.212    9.393    8.824    2.703   37.809   10.95   13.19   47.98
   48.30   58.21 0.81880D-09  1  0  0.01636  267.96  268.60 0.97679D+14  2.212    9.330    8.761    2.661   37.769   10.96   13.19   48.30
   48.62   58.60 0.81355D-09  1  0  0.01641  267.92  268.58 0.97529D+14  2.213    9.268    8.699    2.619   37.728   10.97   13.19   48.62
   48.94   58.99 0.80837D-09  1  0  0.01646  267.88  268.56 0.97380D+14  2.213    9.207    8.638    2.577   37.688   10.97   13.20   48.94
   49.27   59.38 0.80325D-09  1  0  0.01651  267.84  268.54 0.97232D+14  2.213    9.146    8.578    2.535   37.648   10.98   13.20   49.27
   49.59   59.76 0.79820D-09  1  0  0.01656  267.80  268.52 0.97085D+14  2.214    9.086    8.518    2.494   37.608   10.99   13.20   49.59
   49.91   60.15 0.79322D-09  1  0  0.01662  267.75  268.50 0.96939D+14  2.214    9.028    8.460    2.453   37.569   10.99   13.20   49.91
   50.23   60.54 0.78830D-09  1  0  0.01667  267.71  268.48 0.96795D+14  2.214    8.969    8.402    2.412   37.529   11.00   13.21   50.23
   50.55   60.93 0.78344D-09  1  0  0.01672  267.67  268.47 0.96651D+14  2.215    8.912    8.344    2.371   37.490   11.01   13.21   50.55
   50.88   61.32 0.77864D-09  1  0  0.01677  267.63  268.45 0.96509D+14  2.215    8.855    8.288    2.330   37.451   11.01   13.21   50.88
   51.20   61.70 0.77391D-09  1  0  0.01683  267.59  268.42 0.96368D+14  2.215    8.799    8.232    2.289   37.412   11.02   13.22   51.20
   51.52   62.09 0.76923D-09  1  0  0.01688  267.55  268.40 0.96228D+14  2.216    8.744    8.177    2.249   37.373   11.03   13.22   51.52
   51.84   62.48 0.76461D-09  1  0  0.01693  267.51  268.38 0.96090D+14  2.216    8.690    8.122    2.209   37.334   11.03   13.23   51.84
   52.16   62.87 0.76005D-09  1  0  0.01699  267.47  268.36 0.95952D+14  2.216    8.636    8.068    2.168   37.296   11.04   13.23   52.16
   52.49   63.26 0.75555D-09  1  0  0.01704  267.43  268.34 0.95815D+14  2.217    8.582    8.015    2.128   37.258   11.04   13.23   52.49
   52.81   63.64 0.75110D-09  1  0  0.01710  267.39  268.32 0.95680D+14  2.217    8.530    7.962    2.088   37.220   11.05   13.24   52.81
   53.13   64.03 0.74670D-09  1  0  0.01715  267.34  268.30 0.95546D+14  2.217    8.478    7.911    2.048   37.182   11.06   13.24   53.13
   53.45   64.42 0.74236D-09  1  0  0.01721  267.30  268.28 0.95412D+14  2.218    8.426    7.859    2.009   37.144   11.06   13.24   53.45
   53.77   64.81 0.73806D-09  1  0  0.01727  267.26  268.26 0.95280D+14  2.218    8.376    7.809    1.969   37.106   11.07   13.25   53.77
   54.10   65.20 0.73382D-09  1  0  0.01732  267.22  268.24 0.95149D+14  2.219    8.326    7.759    1.930   37.068   11.08   13.25   54.10
   54.42   65.58 0.72963D-09  1  0  0.01738  267.18  268.22 0.95019D+14  2.219    8.276    7.709    1.890   37.031   11.08   13.26   54.42
   54.74   65.97 0.72549D-09  1  0  0.01743  267.14  268.19 0.94890D+14  2.219    8.227    7.660    1.851   36.994   11.09   13.26   54.74
   55.06   66.36 0.72140D-09  1  0  0.01749  267.09  268.17 0.94762D+14  2.220    8.179    7.612    1.812   36.957   11.09   13.26   55.06
   55.38   66.75 0.71736D-09  1  0  0.01755  267.05  268.15 0.94635D+14  2.220    8.131    7.564    1.773   36.920   11.10   13.27   55.38
   55.71   67.14 0.71336D-09  1  0  0.01761  267.01  268.13 0.94509D+14  2.220    8.083    7.517    1.734   36.883   11.11   13.27   55.71
   56.03   67.52 0.70941D-09  1  0  0.01767  266.97  268.11 0.94384D+14  2.221    8.037    7.470    1.695   36.846   11.11   13.28   56.03
   56.35   67.91 0.70550D-09  1  0  0.01772  266.93  268.08 0.94260D+14  2.221    7.990    7.424    1.656   36.809   11.12   13.28   56.35
   56.67   68.30 0.70164D-09  1  0  0.01778  266.88  268.06 0.94137D+14  2.221    7.945    7.378    1.618   36.773   11.12   13.29   56.67
   56.99   68.69 0.69782D-09  1  0  0.01784  266.84  268.04 0.94015D+14  2.222    7.899    7.333    1.579   36.736   11.13   13.29   56.99
   57.32   69.08 0.69405D-09  1  0  0.01790  266.80  268.02 0.93894D+14  2.222    7.855    7.289    1.541   36.700   11.13   13.29   57.32
   57.64   69.47 0.69031D-09  1  0  0.01796  266.75  267.99 0.93774D+14  2.223    7.811    7.244    1.502   36.664   11.14   13.30   57.64
   57.96   69.85 0.68662D-09  1  0  0.01802  266.71  267.97 0.93655D+14  2.223    7.767    7.201    1.464   36.628   11.15   13.30   57.96
   58.28   70.24 0.68297D-09  1  0  0.01808  266.67  267.95 0.93537D+14  2.223    7.724    7.158    1.426   36.592   11.15   13.31   58.28
   58.60   70.63 0.67936D-09  1  0  0.01815  266.63  267.92 0.93420D+14  2.224    7.681    7.115    1.388   36.556   11.16   13.31   58.60
   58.93   71.02 0.67579D-09  1  0  0.01821  266.58  267.90 0.93304D+14  2.224    7.638    7.073    1.350   36.520   11.16   13.32   58.93
   59.25   71.41 0.67226D-09  1  0  0.01827  266.54  267.88 0.93188D+14  2.224    7.597    7.031    1.312   36.484   11.17   13.32   59.25
   59.57   71.79 0.66876D-09  1  0  0.01833  266.50  267.85 0.93074D+14  2.225    7.555    6.990    1.274   36.449   11.17   13.33   59.57
   59.89   72.18 0.66531D-09  1  0  0.01840  266.45  267.83 0.92961D+14  2.225    7.514    6.949    1.236   36.413   11.18   13.33   59.89
   60.21   72.57 0.66189D-09  1  0  0.01846  266.41  267.81 0.92849D+14  2.226    7.474    6.908    1.199   36.378   11.19   13.34   60.21
   60.54   72.96 0.65850D-09  1  0  0.01852  266.36  267.78 0.92737D+14  2.226    7.434    6.868    1.161   36.343   11.19   13.34   60.54
   60.86   73.35 0.65516D-09  1  0  0.01859  266.32  267.76 0.92627D+14  2.226    7.394    6.829    1.123   36.308   11.20   13.35   60.86
   61.18   73.73 0.65184D-09  1  0  0.01865  266.28  267.73 0.92518D+14  2.227    7.355    6.789    1.086   36.273   11.20   13.35   61.18
   61.50   74.12 0.64857D-09  1  0  0.01872  266.23  267.71 0.92409D+14  2.227    7.316    6.751    1.048   36.238   11.21   13.36   61.50
   61.82   74.51 0.64532D-09  1  0  0.01878  266.19  267.69 0.92301D+14  2.228    7.277    6.712    1.011   36.203   11.21   13.36   61.82
   62.15   74.90 0.64211D-09  1  0  0.01885  266.14  267.66 0.92195D+14  2.228    7.239    6.674    0.973   36.168   11.22   13.37   62.15
   62.47   75.29 0.63894D-09  1  0  0.01891  266.10  267.64 0.92089D+14  2.228    7.202    6.637    0.936   36.133   11.22   13.37   62.47
   62.79   75.67 0.63579D-09  1  0  0.01898  266.06  267.61 0.91984D+14  2.229    7.164    6.599    0.899   36.098   11.23   13.38   62.79
   63.11   76.06 0.63268D-09  1  0  0.01905  266.01  267.59 0.91880D+14  2.229    7.127    6.563    0.862   36.064   11.23   13.38   63.11
   63.43   76.45 0.62960D-09  1  0  0.01912  265.97  267.56 0.91777D+14  2.229    7.091    6.526    0.825   36.029   11.24   13.39   63.43
   63.76   76.84 0.62655D-09  1  0  0.01918  265.92  267.54 0.91675D+14  2.230    7.054    6.490    0.787   35.995   11.24   13.39   63.76
   64.08   77.23 0.62353D-09  1  0  0.01925  265.88  267.51 0.91574D+14  2.230    7.019    6.454    0.750   35.960   11.25   13.40   64.08
   64.40   77.61 0.62055D-09  1  0  0.01932  265.83  267.49 0.91474D+14  2.231    6.983    6.419    0.713   35.926   11.26   13.40   64.40
   64.72   78.00 0.61759D-09  1  0  0.01939  265.79  267.46 0.91374D+14  2.231    6.948    6.384    0.676   35.892   11.26   13.41   64.72
   65.04   78.39 0.61466D-09  1  0  0.01946  265.74  267.43 0.91276D+14  2.231    6.913    6.349    0.639   35.857   11.27   13.42   65.04
   65.37   78.78 0.61176D-09  1  0  0.01953  265.70  267.41 0.91178D+14  2.232    6.879    6.315    0.602   35.823   11.27   13.42   65.37
   65.69   79.17 0.60889D-09  1  0  0.01960  265.65  267.38 0.91081D+14  2.232    6.845    6.281    0.566   35.789   11.28   13.43   65.69
   66.01   79.56 0.60605D-09  1  0  0.01967  265.60  267.36 0.90986D+14  2.233    6.811    6.247    0.529   35.755   11.28   13.43   66.01
   66.33   79.94 0.60323D-09  1  0  0.01975  265.56  267.33 0.90891D+14  2.233    6.777    6.214    0.492   35.721   11.29   13.44   66.33
   66.65   80.33 0.60044D-09  1  0  0.01982  265.51  267.30 0.90797D+14  2.233    6.744    6.181    0.455   35.687   11.29   13.44   66.65
   66.98   80.72 0.59768D-09  1  0  0.01989  265.47  267.28 0.90704D+14  2.234    6.711    6.148    0.418   35.653   11.30   13.45   66.98
   67.30   81.11 0.59494D-09  1  0  0.01996  265.42  267.25 0.90611D+14  2.234    6.679    6.115    0.381   35.619   11.30   13.45   67.30
   67.62   81.50 0.59223D-09  1  0  0.02004  265.37  267.22 0.90520D+14  2.235    6.647    6.083    0.345   35.586   11.31   13.46   67.62
   67.94   81.88 0.58955D-09  1  0  0.02011  265.33  267.20 0.90430D+14  2.235    6.615    6.051    0.308   35.552   11.31   13.47   67.94
   68.26   82.27 0.58689D-09  1  0  0.02019  265.28  267.17 0.90340D+14  2.235    6.583    6.020    0.271   35.518   11.32   13.47   68.26
   68.59   82.66 0.58426D-09  1  0  0.02026  265.23  267.14 0.90251D+14  2.236    6.552    5.989    0.235   35.485   11.32   13.48   68.59
   68.91   83.05 0.58165D-09  1  0  0.02034  265.19  267.11 0.90164D+14  2.236    6.521    5.958    0.198   35.451   11.33   13.48   68.91
   69.23   83.44 0.57907D-09  1  0  0.02041  265.14  267.09 0.90077D+14  2.237    6.490    5.927    0.161   35.417   11.33   13.49   69.23
   69.55   83.82 0.57651D-09  1  0  0.02049  265.09  267.06 0.89991D+14  2.237    6.459    5.897    0.125   35.384   11.34   13.50   69.55
   69.87   84.21 0.57397D-09  1  0  0.02057  265.05  267.03 0.89905D+14  2.237    6.429    5.866    0.088   35.350   11.34   13.50   69.87
   70.20   84.60 0.57146D-09  1  0  0.02065  265.00  267.00 0.89821D+14  2.238    6.399    5.837    0.051   35.317   11.35   13.51   70.20
   70.52   84.99 0.56897D-09  1  0  0.02073  264.95  266.97 0.89738D+14  2.238    6.370    5.807    0.015   35.283   11.35   13.51   70.52
   70.84   85.38 0.56650D-09  1  0  0.02081  264.90  266.23 0.96438D+14  2.239    6.340    5.778    0.000   35.270   11.68   13.46   70.84
   71.16   85.76 0.56405D-09  1  0  0.02089  264.86  266.22 0.96152D+14  2.239    6.311    5.749    0.000   35.270   11.67   13.45   71.16
   71.48   86.15 0.56163D-09  1  0  0.02097  264.81  266.21 0.95868D+14  2.240    6.282    5.720    0.000   35.270   11.67   13.44   71.48
   71.81   86.54 0.55923D-09  1  0  0.02105  264.76  266.20 0.95586D+14  2.240    6.253    5.691    0.000   35.270   11.66   13.44   71.81
   72.13   86.93 0.55685D-09  1  0  0.02113  264.71  266.20 0.95306D+14  2.240    6.225    5.663    0.000   35.270   11.66   13.43   72.13
   72.45   87.32 0.55449D-09  1  0  0.02121  264.66  266.19 0.95027D+14  2.241    6.197    5.635    0.000   35.270   11.66   13.42   72.45
   72.77   87.70 0.55215D-09  1  0  0.02129  264.62  266.18 0.94750D+14  2.241    6.169    5.607    0.000   35.270   11.65   13.41   72.77
   73.09   88.09 0.54984D-09  1  0  0.02138  264.57  266.17 0.94475D+14  2.242    6.141    5.580    0.000   35.270   11.65   13.41   73.09
   73.42   88.48 0.54754D-09  1  0  0.02146  264.52  266.16 0.94201D+14  2.242    6.114    5.552    0.000   35.270   11.64   13.40   73.42
   73.74   88.87 0.54526D-09  1  0  0.02155  264.47  266.15 0.93929D+14  2.243    6.087    5.525    0.000   35.270   11.64   13.39   73.74
   74.06   89.26 0.54301D-09  1  0  0.02163  264.42  266.14 0.93659D+14  2.243    6.060    5.498    0.000   35.270   11.64   13.39   74.06
   74.38   89.65 0.54077D-09  1  0  0.02172  264.37  266.13 0.93391D+14  2.243    6.033    5.472    0.000   35.270   11.63   13.38   74.38
   74.70   90.03 0.53855D-09  1  0  0.02180  264.32  266.12 0.93124D+14  2.244    6.007    5.445    0.000   35.270   11.63   13.37   74.70
   75.03   90.42 0.53635D-09  1  0  0.02189  264.27  266.11 0.92859D+14  2.244    5.980    5.419    0.000   35.270   11.62   13.37   75.03
   75.35   90.81 0.53417D-09  1  0  0.02198  264.22  266.10 0.92595D+14  2.245    5.954    5.393    0.000   35.270   11.62   13.36   75.35
   75.67   91.20 0.53201D-09  1  0  0.02207  264.17  266.09 0.92334D+14  2.245    5.928    5.367    0.000   35.270   11.62   13.35   75.67
   75.99   91.59 0.52987D-09  1  0  0.02216  264.12  266.08 0.92073D+14  2.246    5.903    5.342    0.000   35.270   11.61   13.35   75.99
   76.31   91.97 0.52774D-09  1  0  0.02225  264.07  266.07 0.91815D+14  2.246    5.877    5.317    0.000   35.270   11.61   13.34   76.31
   76.64   92.36 0.52563D-09  1  0  0.02234  264.02  266.06 0.91558D+14  2.246    5.852    5.292    0.000   35.270   11.60   13.33   76.64
   76.96   92.75 0.52354D-09  1  0  0.02243  263.97  266.05 0.91303D+14  2.247    5.827    5.267    0.000   35.270   11.60   13.33   76.96
   77.28   93.14 0.52147D-09  1  0  0.02252  263.92  266.04 0.91049D+14  2.247    5.802    5.242    0.000   35.270   11.60   13.32   77.28
   77.60   93.53 0.51942D-09  1  0  0.02261  263.87  266.03 0.90797D+14  2.248    5.778    5.217    0.000   35.270   11.59   13.31   77.60
   77.92   93.91 0.51738D-09  1  0  0.02271  263.82  266.02 0.90546D+14  2.248    5.753    5.193    0.000   35.270   11.59   13.31   77.92
   78.25   94.30 0.51536D-09  1  0  0.02280  263.77  266.01 0.90297D+14  2.249    5.729    5.169    0.000   35.270   11.58   13.30   78.25
   78.57   94.69 0.51335D-09  1  0  0.02290  263.72  266.00 0.90050D+14  2.249    5.705    5.145    0.000   35.270   11.58   13.29   78.57
   78.89   95.08 0.51137D-09  1  0  0.02299  263.67  265.98 0.89804D+14  2.250    5.681    5.121    0.000   35.270   11.58   13.29   78.89
   79.21   95.47 0.50939D-09  1  0  0.02309  263.61  265.97 0.89560D+14  2.250    5.657    5.098    0.000   35.270   11.57   13.28   79.21
   79.53   95.85 0.50744D-09  1  0  0.02319  263.56  265.96 0.89317D+14  2.250    5.634    5.074    0.000   35.270   11.57   13.27   79.53
   79.86   96.24 0.50550D-09  1  0  0.02328  263.51  265.95 0.89076D+14  2.251    5.611    5.051    0.000   35.270   11.56   13.27   79.86
   80.18   96.63 0.50357D-09  1  0  0.02338  263.46  265.94 0.88837D+14  2.251    5.588    5.028    0.000   35.270   11.56   13.26   80.18
   80.50   97.02 0.50166D-09  1  0  0.02348  263.41  265.92 0.88598D+14  2.252    5.565    5.006    0.000   35.270   11.56   13.26   80.50
   80.82   97.41 0.49977D-09  1  0  0.02358  263.35  265.91 0.88362D+14  2.252    5.542    4.983    0.000   35.270   11.55   13.25   80.82
   81.14   97.79 0.49789D-09  1  0  0.02368  263.30  265.90 0.88127D+14  2.253    5.519    4.960    0.000   35.270   11.55   13.24   81.14
   81.47   98.18 0.49603D-09  1  0  0.02379  263.25  265.89 0.87894D+14  2.253    5.497    4.938    0.000   35.270   11.54   13.24   81.47
   81.79   98.57 0.49418D-09  1  0  0.02389  263.19  265.87 0.87662D+14  2.254    5.475    4.916    0.000   35.270   11.54   13.23   81.79
   82.11   98.96 0.49234D-09  1  0  0.02399  263.14  265.86 0.87431D+14  2.254    5.453    4.894    0.000   35.270   11.54   13.22   82.11
   82.43   99.35 0.49052D-09  1  0  0.02410  263.09  265.85 0.87202D+14  2.255    5.431    4.872    0.000   35.270   11.53   13.22   82.43
   82.75   99.74 0.48872D-09  1  0  0.02420  263.03  265.83 0.86975D+14  2.255    5.409    4.851    0.000   35.270   11.53   13.21   82.75
   83.08  100.12 0.48693D-09  1  0  0.02431  262.98  265.82 0.86749D+14  2.256    5.387    4.829    0.000   35.270   11.53   13.21   83.08
   83.40  100.51 0.48515D-09  1  0  0.02442  262.93  265.81 0.86525D+14  2.256    5.366    4.808    0.000   35.270   11.52   13.20   83.40
   83.72  100.90 0.48338D-09  1  0  0.02453  262.87  265.79 0.86302D+14  2.257    5.345    4.787    0.000   35.270   11.52   13.20   83.72
   84.04  101.29 0.48163D-09  1  0  0.02464  262.82  265.78 0.86080D+14  2.257    5.324    4.766    0.000   35.270   11.51   13.19   84.04
   84.36  101.68 0.47989D-09  1  0  0.02475  262.76  265.76 0.85860D+14  2.257    5.303    4.745    0.000   35.270   11.51   13.18   84.36
   84.69  102.06 0.47817D-09  1  0  0.02486  262.71  265.75 0.85642D+14  2.258    5.282    4.724    0.000   35.270   11.51   13.18   84.69
   85.01  102.45 0.47646D-09  1  0  0.02497  262.65  265.74 0.85425D+14  2.258    5.261    4.704    0.000   35.270   11.50   13.17   85.01
   85.33  102.84 0.47476D-09  1  0  0.02508  262.60  265.72 0.85209D+14  2.259    5.241    4.683    0.000   35.270   11.50   13.17   85.33
   85.65  103.23 0.47308D-09  1  0  0.02519  262.54  265.71 0.84995D+14  2.259    5.220    4.663    0.000   35.270   11.49   13.16   85.65
   85.97  103.62 0.47140D-09  1  0  0.02531  262.49  265.69 0.84783D+14  2.260    5.200    4.643    0.000   35.270   11.49   13.16   85.97
   86.30  104.00 0.46974D-09  1  0  0.02543  262.43  265.68 0.84571D+14  2.260    5.180    4.623    0.000   35.270   11.49   13.15   86.30
   86.62  104.39 0.46809D-09  1  0  0.02554  262.37  265.66 0.84362D+14  2.261    5.160    4.603    0.000   35.270   11.48   13.14   86.62
   86.94  104.78 0.46646D-09  1  0  0.02566  262.32  265.65 0.84154D+14  2.261    5.141    4.584    0.000   35.270   11.48   13.14   86.94
   87.26  105.17 0.46483D-09  1  0  0.02578  262.26  265.63 0.83947D+14  2.262    5.121    4.564    0.000   35.270   11.47   13.13   87.26
   87.58  105.56 0.46322D-09  1  0  0.02590  262.20  265.61 0.83742D+14  2.262    5.101    4.545    0.000   35.270   11.47   13.13   87.58
   87.91  105.94 0.46162D-09  1  0  0.02602  262.15  265.60 0.83538D+14  2.263    5.082    4.526    0.000   35.270   11.47   13.12   87.91
   88.23  106.33 0.46004D-09  1  0  0.02614  262.09  265.58 0.83335D+14  2.263    5.063    4.507    0.000   35.270   11.46   13.12   88.23
   88.55  106.72 0.45846D-09  1  0  0.02627  262.03  265.57 0.83134D+14  2.264    5.044    4.488    0.000   35.270   11.46   13.11   88.55
   88.87  107.11 0.45689D-09  1  0  0.02639  261.97  265.55 0.82935D+14  2.264    5.025    4.469    0.000   35.270   11.46   13.11   88.87
   89.19  107.50 0.45534D-09  1  0  0.02652  261.92  265.53 0.82737D+14  2.265    5.006    4.450    0.000   35.270   11.45   13.10   89.19
   89.52  107.88 0.45380D-09  1  0  0.02664  261.86  265.52 0.82540D+14  2.265    4.987    4.432    0.000   35.270   11.45   13.10   89.52
   89.84  108.27 0.45227D-09  1  0  0.02677  261.80  265.50 0.82345D+14  2.266    4.969    4.413    0.000   35.270   11.44   13.09   89.84
   90.16  108.66 0.45075D-09  1  0  0.02690  261.74  265.48 0.82151D+14  2.266    4.950    4.395    0.000   35.270   11.44   13.08   90.16
   90.48  109.05 0.44924D-09  1  0  0.02703  261.68  265.46 0.81959D+14  2.267    4.932    4.377    0.000   35.270   11.44   13.08   90.48
   90.80  109.44 0.44774D-09  1  0  0.02716  261.62  265.45 0.81768D+14  2.268    4.914    4.359    0.000   35.270   11.43   13.07   90.80
   91.13  109.83 0.44625D-09  1  0  0.02729  261.56  265.43 0.81579D+14  2.268    4.895    4.341    0.000   35.270   11.43   13.07   91.13
   91.45  110.21 0.44477D-09  1  0  0.02743  261.50  265.41 0.81391D+14  2.269    4.877    4.323    0.000   35.270   11.43   13.06   91.45
   91.77  110.60 0.44330D-09  1  0  0.02756  261.44  265.39 0.81204D+14  2.269    4.860    4.305    0.000   35.270   11.42   13.06   91.77
   92.09  110.99 0.44185D-09  1  0  0.02770  261.38  265.37 0.81019D+14  2.270    4.842    4.287    0.000   35.270   11.42   13.05   92.09
   92.41  111.38 0.44040D-09  1  0  0.02784  261.32  265.36 0.80836D+14  2.270    4.824    4.270    0.000   35.270   11.41   13.05   92.41
   92.74  111.77 0.43896D-09  1  0  0.02798  261.26  265.34 0.80654D+14  2.271    4.807    4.253    0.000   35.270   11.41   13.04   92.74
   93.06  112.15 0.43754D-09  1  0  0.02812  261.20  265.32 0.80473D+14  2.271    4.789    4.235    0.000   35.270   11.41   13.04   93.06
   93.38  112.54 0.43612D-09  1  0  0.02826  261.14  265.30 0.80294D+14  2.272    4.772    4.218    0.000   35.270   11.40   13.03   93.38
   93.70  112.93 0.43471D-09  1  0  0.02840  261.07  265.28 0.80116D+14  2.272    4.755    4.201    0.000   35.270   11.40   13.03   93.70
   94.02  113.32 0.43331D-09  1  0  0.02855  261.01  265.26 0.79939D+14  2.273    4.738    4.184    0.000   35.270   11.40   13.02   94.02
   94.35  113.71 0.43193D-09  1  0  0.02869  260.95  265.24 0.79765D+14  2.273    4.721    4.167    0.000   35.270   11.39   13.02   94.35
   94.67  114.09 0.43055D-09  1  0  0.02884  260.89  265.22 0.79591D+14  2.274    4.704    4.151    0.000   35.270   11.39   13.01   94.67
   94.99  114.48 0.42918D-09  1  0  0.02899  260.82  265.20 0.79419D+14  2.275    4.687    4.134    0.000   35.270   11.39   13.01   94.99
   95.31  114.87 0.42782D-09  1  0  0.02914  260.76  265.18 0.79249D+14  2.275    4.671    4.118    0.000   35.270   11.38   13.00   95.31
   95.63  115.26 0.42647D-09  1  0  0.02929  260.70  265.16 0.79080D+14  2.276    4.654    4.101    0.000   35.270   11.38   13.00   95.63
   95.96  115.65 0.42513D-09  1  0  0.02944  260.63  265.14 0.78912D+14  2.276    4.638    4.085    0.000   35.270   11.38   12.99   95.96
   96.28  116.03 0.42379D-09  1  0  0.02960  260.57  265.12 0.78746D+14  2.277    4.621    4.069    0.000   35.270   11.37   12.99   96.28
   96.60  116.42 0.42247D-09  1  0  0.02975  260.50  265.10 0.78582D+14  2.277    4.605    4.053    0.000   35.270   11.37   12.98   96.60
   96.92  116.81 0.42115D-09  1  0  0.02991  260.44  265.08 0.78418D+14  2.278    4.589    4.037    0.000   35.270   11.37   12.98   96.92
   97.24  117.20 0.41985D-09  1  0  0.03007  260.37  265.06 0.78257D+14  2.279    4.573    4.021    0.000   35.270   11.36   12.97   97.24
   97.57  117.59 0.41855D-09  1  0  0.03023  260.31  265.04 0.78097D+14  2.279    4.557    4.005    0.000   35.270   11.36   12.97   97.57
   97.89  117.97 0.41726D-09  1  0  0.03040  260.24  265.01 0.77938D+14  2.280    4.541    3.989    0.000   35.270   11.36   12.96   97.89
   98.21  118.36 0.41598D-09  1  0  0.03056  260.18  264.99 0.77781D+14  2.280    4.525    3.974    0.000   35.270   11.35   12.96   98.21
   98.53  118.75 0.41471D-09  1  0  0.03073  260.11  264.97 0.77625D+14  2.281    4.510    3.958    0.000   35.270   11.35   12.95   98.53
   98.85  119.14 0.41345D-09  1  0  0.03090  260.04  264.95 0.77471D+14  2.282    4.494    3.943    0.000   35.270   11.35   12.95   98.85
   99.18  119.53 0.41219D-09  1  0  0.03106  259.97  264.92 0.77319D+14  2.282    4.478    3.927    0.000   35.270   11.34   12.94   99.18
   99.50  119.91 0.41094D-09  1  0  0.03124  259.91  264.90 0.77168D+14  2.283    4.463    3.912    0.000   35.270   11.34   12.94   99.50
   99.82  120.30 0.40970D-09  1  0  0.03141  259.84  264.88 0.77018D+14  2.283    4.448    3.897    0.000   35.270   11.34   12.93   99.82
  100.14  120.69 0.40847D-09  1  0  0.03159  259.77  264.85 0.76870D+14  2.284    4.432    3.882    0.000   35.270   11.33   12.93  100.14
  100.46  121.08 0.40725D-09  1  0  0.03176  259.70  264.83 0.76724D+14  2.285    4.417    3.867    0.000   35.270   11.33   12.92  100.46
  100.79  121.47 0.40603D-09  1  0  0.03194  259.63  264.81 0.76579D+14  2.285    4.402    3.852    0.000   35.270   11.33   12.92  100.79
  101.11  121.86 0.40483D-09  1  0  0.03212  259.56  264.78 0.76436D+14  2.286    4.387    3.837    0.000   35.270   11.33   12.91  101.11
  101.43  122.24 0.40363D-09  1  0  0.03231  259.49  264.76 0.76295D+14  2.286    4.372    3.823    0.000   35.270   11.32   12.91  101.43
  101.75  122.63 0.40243D-09  1  0  0.03249  259.42  264.74 0.76154D+14  2.287    4.358    3.808    0.000   35.270   11.32   12.90  101.75
  102.07  123.02 0.40125D-09  1  0  0.03268  259.35  264.71 0.76016D+14  2.288    4.343    3.794    0.000   35.270   11.32   12.90  102.07
  102.40  123.41 0.40007D-09  1  0  0.03287  259.28  264.69 0.75879D+14  2.288    4.328    3.779    0.000   35.270   11.31   12.89  102.40
  102.72  123.80 0.39890D-09  1  0  0.03306  259.21  264.66 0.75744D+14  2.289    4.314    3.765    0.000   35.270   11.31   12.89  102.72
  103.04  124.18 0.39774D-09  1  0  0.03325  259.13  264.64 0.75611D+14  2.290    4.299    3.750    0.000   35.270   11.31   12.88  103.04
  103.36  124.57 0.39658D-09  1  0  0.03345  259.06  264.61 0.75479D+14  2.290    4.285    3.736    0.000   35.270   11.31   12.88  103.36
  103.68  124.96 0.39543D-09  1  0  0.03365  258.99  264.58 0.75348D+14  2.291    4.270    3.722    0.000   35.270   11.30   12.87  103.68
  104.01  125.35 0.39429D-09  1  0  0.03385  258.92  264.56 0.75220D+14  2.292    4.256    3.708    0.000   35.270   11.30   12.87  104.01
  104.33  125.74 0.39316D-09  1  0  0.03405  258.84  264.53 0.75093D+14  2.292    4.242    3.694    0.000   35.270   11.30   12.86  104.33
  104.65  126.12 0.39203D-09  1  0  0.03425  258.77  264.50 0.74968D+14  2.293    4.228    3.680    0.000   35.270   11.29   12.86  104.65
  104.97  126.51 0.39091D-09  1  0  0.03446  258.69  264.48 0.74844D+14  2.294    4.214    3.666    0.000   35.270   11.29   12.85  104.97
  105.29  126.90 0.38980D-09  1  0  0.03467  258.62  264.45 0.74723D+14  2.294    4.200    3.652    0.000   35.270   11.29   12.85  105.29
  105.62  127.29 0.38869D-09  1  0  0.03488  258.54  264.42 0.74603D+14  2.295    4.186    3.639    0.000   35.270   11.29   12.84  105.62
  105.94  127.68 0.38759D-09  1  0  0.03510  258.46  264.40 0.74484D+14  2.296    4.172    3.625    0.000   35.270   11.28   12.84  105.94
  106.26  128.06 0.38650D-09  1  0  0.03531  258.39  264.37 0.74368D+14  2.296    4.159    3.612    0.000   35.270   11.28   12.83  106.26
  106.58 -553.68 0.38541D-09  1  0  0.03553  258.31  264.34 0.74256D+14  2.297    4.145    3.598   -0.025   35.249   11.44   12.84 *******
  106.90  -93.20 0.38433D-09  1  0  0.03576  258.23  264.31 0.74143D+14  2.298    4.131    3.585   -0.054   35.224   11.44   12.84 -261.56
  107.23   -3.61 0.38326D-09  1  0  0.03598  258.15  264.28 0.74032D+14  2.298    4.118    3.571   -0.083   35.198   11.44   12.85 -113.22
  107.55   34.73 0.38219D-09  1  0  0.03621  258.07  264.25 0.73923D+14  2.299    4.104    3.558   -0.113   35.172   11.44   12.86  -49.91
  107.87   56.14 0.38113D-09  1  0  0.03644  257.99  264.22 0.73816D+14  2.300    4.091    3.545   -0.143   35.146   11.44   12.86  -14.71
  108.19   69.88 0.38008D-09  1  0  0.03667  257.91  264.19 0.73710D+14  2.301    4.077    3.532   -0.174   35.120   11.45   12.87    7.77
  108.51   79.50 0.37903D-09  1  0  0.03691  257.83  264.16 0.73607D+14  2.301    4.064    3.519   -0.205   35.093   11.45   12.87   23.41
  108.84   86.66 0.37799D-09  1  0  0.03715  257.75  264.13 0.73505D+14  2.302    4.051    3.506   -0.236   35.066   11.45   12.88   34.97
  109.16   92.22 0.37695D-09  1  0  0.03739  257.67  264.10 0.73405D+14  2.303    4.038    3.493   -0.268   35.038   11.45   12.89   43.88
  109.48   96.69 0.37592D-09  1  0  0.03764  257.58  264.07 0.73307D+14  2.303    4.025    3.480   -0.300   35.011   11.45   12.89   50.98
  109.80  100.39 0.37490D-09  1  0  0.03789  257.50  264.04 0.73212D+14  2.304    4.012    3.467   -0.333   34.983   11.45   12.90   56.79
  110.12  103.51 0.37388D-09  1  0  0.03814  257.42  264.01 0.73118D+14  2.305    3.999    3.454   -0.365   34.955   11.45   12.91   61.65
  110.45  106.19 0.37287D-09  1  0  0.03839  257.33  263.98 0.73026D+14  2.306    3.986    3.442   -0.399   34.926   11.45   12.91   65.78
  110.77  108.54 0.37187D-09  1  0  0.03865  257.25  263.95 0.72937D+14  2.306    3.973    3.429   -0.433   34.897   11.45   12.92   69.35
  111.09  110.61 0.37087D-09  1  0  0.03891  257.16  263.91 0.72849D+14  2.307    3.960    3.416   -0.467   34.867   11.45   12.93   72.47
  111.41  112.47 0.36987D-09  1  0  0.03918  257.07  263.88 0.72764D+14  2.308    3.947    3.404   -0.501   34.838   11.45   12.93   75.23
  111.73  114.15 0.36889D-09  1  0  0.03945  256.99  263.85 0.72681D+14  2.309    3.935    3.391   -0.537   34.808   11.45   12.94   77.70
  112.06  115.69 0.36790D-09  1  0  0.03972  256.90  263.81 0.72600D+14  2.310    3.922    3.379   -0.572   34.777   11.45   12.95   79.93
  112.38  117.10 0.36693D-09  1  0  0.04000  256.81  263.78 0.72521D+14  2.310    3.909    3.367   -0.608   34.746   11.45   12.96   81.95
  112.70  118.41 0.36596D-09  1  0  0.04028  256.72  263.75 0.72445D+14  2.311    3.897    3.354   -0.645   34.715   11.46   12.96   83.79
  113.02  119.63 0.36499D-09  1  0  0.04056  256.63  263.71 0.72371D+14  2.312    3.884    3.342   -0.682   34.684   11.46   12.97   85.49
  113.34  120.77 0.36403D-09  1  0  0.04085  256.54  263.68 0.72299D+14  2.313    3.872    3.330   -0.719   34.652   11.46   12.98   87.07
  113.67  121.84 0.36308D-09  1  0  0.04114  256.44  263.64 0.72229D+14  2.314    3.860    3.318   -0.757   34.619   11.46   12.99   88.53
  113.99  122.86 0.36213D-09  1  0  0.04143  256.35  263.61 0.72162D+14  2.315    3.847    3.306   -0.796   34.586   11.46   13.00   89.89
  114.31  123.83 0.36118D-09  1  0  0.04173  256.26  263.57 0.72098D+14  2.315    3.835    3.294   -0.835   34.553   11.46   13.01   91.18
  114.63  124.75 0.36024D-09  1  0  0.04204  256.16  263.53 0.72036D+14  2.316    3.823    3.282   -0.875   34.519   11.46   13.01   92.39
  114.95  125.63 0.35931D-09  1  0  0.04235  256.07  263.50 0.71976D+14  2.317    3.810    3.270   -0.915   34.485   11.47   13.02   93.53
  115.28  126.48 0.35838D-09  1  0  0.04266  255.97  263.46 0.71919D+14  2.318    3.798    3.258   -0.956   34.450   11.47   13.03   94.61
  115.60  127.29 0.35746D-09  1  0  0.04298  255.87  263.42 0.71865D+14  2.319    3.786    3.246   -0.997   34.415   11.47   13.04   95.64
  115.92  128.08 0.35654D-09  1  0  0.04330  255.77  263.38 0.71813D+14  2.320    3.774    3.234   -1.039   34.380   11.47   13.05   96.63
  116.24  128.84 0.35563D-09  1  0  0.04362  255.68  263.35 0.71764D+14  2.321    3.762    3.223   -1.082   34.344   11.47   13.06   97.57
  116.56  129.58 0.35472D-09  1  0  0.04396  255.58  263.31 0.71718D+14  2.321    3.750    3.211   -1.125   34.307   11.48   13.07   98.47
  116.89  130.30 0.35382D-09  1  0  0.04429  255.47  263.27 0.71674D+14  2.322    3.738    3.199   -1.169   34.270   11.48   13.08   99.34
  117.21  130.99 0.35292D-09  1  0  0.04463  255.37  263.23 0.71634D+14  2.323    3.726    3.188   -1.213   34.232   11.48   13.09  100.17
  117.53  131.67 0.35203D-09  1  0  0.04498  255.27  263.19 0.71596D+14  2.324    3.715    3.176   -1.258   34.194   11.48   13.10  100.98
  117.85  132.34 0.35114D-09  1  0  0.04533  255.16  263.15 0.71562D+14  2.325    3.703    3.165   -1.304   34.156   11.49   13.11  101.76
  118.17  132.99 0.35026D-09  1  0  0.04569  255.06  263.11 0.71530D+14  2.326    3.691    3.153   -1.351   34.116   11.49   13.12  102.52
  118.50  133.62 0.34938D-09  1  0  0.04605  254.95  263.06 0.71502D+14  2.327    3.679    3.142   -1.398   34.077   11.49   13.14  103.25
  118.82  134.25 0.34851D-09  1  0  0.04642  254.84  263.02 0.71477D+14  2.328    3.667    3.130   -1.446   34.036   11.50   13.15  103.96
  119.14  134.86 0.34764D-09  1  0  0.04679  254.74  262.98 0.71455D+14  2.329    3.656    3.119   -1.494   33.995   11.50   13.16  104.65
  119.46  135.46 0.34678D-09  1  0  0.04717  254.63  262.94 0.71436D+14  2.330    3.644    3.108   -1.544   33.954   11.50   13.17  105.33
  119.78  136.05 0.34592D-09  1  0  0.04756  254.51  262.89 0.71421D+14  2.331    3.633    3.096   -1.594   33.911   11.51   13.18  105.99
  120.11  136.63 0.34506D-09  1  0  0.04795  254.40  262.85 0.71409D+14  2.332    3.621    3.085   -1.645   33.869   11.51   13.20  106.63
  120.43  137.21 0.34421D-09  1  0  0.04835  254.29  262.80 0.71401D+14  2.333    3.609    3.074   -1.697   33.825   11.51   13.21  107.26
  120.75  137.77 0.34337D-09  1  0  0.04875  254.17  262.76 0.71396D+14  2.334    3.598    3.063   -1.750   33.781   11.52   13.22  107.88
  121.07  138.33 0.34253D-09  1  0  0.04917  254.06  262.71 0.71396D+14  2.335    3.586    3.052   -1.803   33.736   11.52   13.24  108.48
  121.39  138.88 0.34169D-09  1  0  0.04958  253.94  262.67 0.71399D+14  2.336    3.575    3.041   -1.857   33.690   11.52   13.25  109.07
  121.72  139.42 0.34086D-09  1  0  0.05001  253.82  262.62 0.71406D+14  2.337    3.564    3.030   -1.913   33.644   11.53   13.26  109.65
  122.04  139.96 0.34003D-09  1  0  0.05044  253.70  262.57 0.71416D+14  2.339    3.552    3.019   -1.969   33.597   11.53   13.28  110.23
  122.36  140.49 0.33921D-09  1  0  0.05088  253.58  262.52 0.71432D+14  2.340    3.541    3.007   -2.026   33.549   11.54   13.29  110.79
  122.68  141.02 0.33839D-09  1  0  0.05133  253.45  262.47 0.71451D+14  2.341    3.529    2.997   -2.084   33.501   11.54   13.31  111.34
  123.00  141.54 0.33758D-09  1  0  0.05179  253.33  262.42 0.71474D+14  2.342    3.518    2.986   -2.143   33.452   11.55   13.32  111.88
  123.33  142.06 0.33677D-09  1  0  0.05225  253.20  262.37 0.71503D+14  2.343    3.507    2.975   -2.203   33.401   11.55   13.34  112.42
  123.65  142.57 0.33596D-09  1  0  0.05272  253.07  262.32 0.71535D+14  2.344    3.496    2.964   -2.264   33.350   11.56   13.36  112.94
  123.97  143.08 0.33516D-09  1  0  0.05320  252.94  262.27 0.71573D+14  2.345    3.484    2.953   -2.326   33.299   11.56   13.37  113.46
  124.29  143.58 0.33436D-09  1  0  0.05369  252.81  262.22 0.71615D+14  2.347    3.473    2.942   -2.390   33.246   11.57   13.39  113.98
  124.61  144.08 0.33357D-09  1  0  0.05418  252.67  262.17 0.71662D+14  2.348    3.462    2.931   -2.454   33.192   11.58   13.41  114.49
  124.94  144.58 0.33278D-09  1  0  0.05469  252.54  262.11 0.71714D+14  2.349    3.451    2.920   -2.519   33.138   11.58   13.42  114.99
  125.26  145.07 0.33199D-09  1  0  0.05521  252.40  262.06 0.71772D+14  2.350    3.439    2.910   -2.586   33.082   11.59   13.44  115.48
  125.58  145.56 0.33121D-09  1  0  0.05573  252.26  262.00 0.71834D+14  2.352    3.428    2.899   -2.654   33.026   11.59   13.46  115.97
  125.90  146.04 0.33043D-09  1  0  0.05627  252.12  261.95 0.71903D+14  2.353    3.417    2.888   -2.723   32.969   11.60   13.48  116.46
  126.22  146.53 0.32966D-09  1  0  0.05681  251.97  261.89 0.71977D+14  2.354    3.406    2.877   -2.793   32.910   11.61   13.50  116.93
  126.55  147.01 0.32889D-09  1  0  0.05737  251.83  261.83 0.72057D+14  2.356    3.395    2.867   -2.865   32.851   11.62   13.52  117.41
  126.87  147.48 0.32813D-09  1  0  0.05793  251.68  261.77 0.72144D+14  2.357    3.383    2.856   -2.938   32.790   11.62   13.54  117.88
  127.19  147.96 0.32737D-09  1  0  0.05851  251.53  261.71 0.72236D+14  2.358    3.372    2.845   -3.012   32.729   11.63   13.56  118.34
  127.51  148.43 0.32661D-09  1  0  0.05910  251.38  261.65 0.72335D+14  2.360    3.361    2.834   -3.088   32.666   11.64   13.58  118.80
  127.83  148.90 0.32585D-09  1  0  0.05970  251.22  261.59 0.72441D+14  2.361    3.350    2.824   -3.165   32.602   11.65   13.61  119.26
  128.16  149.37 0.32510D-09  1  0  0.06031  251.06  261.53 0.72554D+14  2.363    3.339    2.813   -3.244   32.537   11.66   13.63  119.71
  128.48  149.83 0.32436D-09  1  0  0.06093  250.90  261.47 0.72674D+14  2.364    3.328    2.802   -3.324   32.471   11.66   13.65  120.16
  128.80  150.29 0.32362D-09  1  0  0.06157  250.74  261.40 0.72801D+14  2.366    3.316    2.792   -3.406   32.403   11.67   13.68  120.61
  129.12  150.76 0.32288D-09  1  0  0.06222  250.57  261.34 0.72936D+14  2.367    3.305    2.781   -3.489   32.334   11.68   13.70  121.05
  129.44  151.21 0.32214D-09  1  0  0.06289  250.40  261.27 0.73079D+14  2.369    3.294    2.770   -3.574   32.264   11.69   13.73  121.49
  129.77  151.67 0.32141D-09  1  0  0.06356  250.23  261.21 0.73230D+14  2.370    3.283    2.760   -3.661   32.193   11.70   13.75  121.93
  130.09  152.13 0.32068D-09  1  0  0.06426  250.05  261.14 0.73390D+14  2.372    3.272    2.749   -3.749   32.120   11.71   13.78  122.36
  130.41  152.58 0.31996D-09  1  0  0.06496  249.88  261.07 0.73558D+14  2.374    3.260    2.738   -3.840   32.045   11.72   13.81  122.79
  130.73  153.03 0.31924D-09  1  0  0.06569  249.69  261.00 0.73736D+14  2.375    3.249    2.728   -3.932   31.969   11.73   13.83  123.22
  131.05  153.48 0.31852D-09  1  0  0.06643  249.51  260.93 0.73924D+14  2.377    3.238    2.717   -4.026   31.892   11.74   13.86  123.64
  131.38  153.93 0.31781D-09  1  0  0.06718  249.32  260.85 0.74121D+14  2.379    3.227    2.706   -4.122   31.813   11.76   13.89  124.07
  131.70  154.38 0.31710D-09  1  0  0.06795  249.13  260.78 0.74329D+14  2.381    3.215    2.696   -4.220   31.732   11.77   13.92  124.48
  132.02  154.82 0.31639D-09  1  0  0.06874  248.93  260.70 0.74547D+14  2.382    3.204    2.685   -4.320   31.650   11.78   13.95  124.90
  132.34  155.26 0.31569D-09  1  0  0.06955  248.73  260.62 0.74776D+14  2.384    3.193    2.674   -4.423   31.566   11.79   13.99  125.32
  132.66  155.71 0.31499D-09  1  0  0.07038  248.53  260.55 0.75017D+14  2.386    3.181    2.664   -4.527   31.480   11.81   14.02  125.73
  132.99  156.15 0.31430D-09  1  0  0.07123  248.32  260.47 0.75271D+14  2.388    3.170    2.653   -4.634   31.392   11.82   14.05  126.14
  133.31  156.59 0.31360D-09  1  0  0.07209  248.11  260.39 0.75536D+14  2.390    3.158    2.642   -4.743   31.302   11.84   14.09  126.55
  133.63  157.03 0.31291D-09  1  0  0.07298  247.89  260.30 0.75815D+14  2.392    3.147    2.631   -4.855   31.211   11.85   14.13  126.95
  133.95  157.46 0.31223D-09  1  0  0.07389  247.67  260.22 0.76108D+14  2.394    3.135    2.620   -4.969   31.117   11.86   14.16  127.35
  134.27  157.90 0.31154D-09  1  0  0.07482  247.44  260.13 0.76415D+14  2.396    3.124    2.609   -5.086   31.022   11.88   14.20  127.76
  134.60  158.33 0.31087D-09  1  0  0.07578  247.21  260.04 0.76737D+14  2.399    3.112    2.598   -5.205   30.924   11.90   14.24  128.16
  134.92  158.77 0.31019D-09  1  0  0.07676  246.97  259.95 0.77075D+14  2.401    3.100    2.587   -5.328   30.824   11.91   14.28  128.55
  135.24  159.20 0.30952D-09  1  0  0.07776  246.72  259.86 0.77429D+14  2.403    3.088    2.576   -5.453   30.721   11.93   14.33  128.95
  135.56  159.63 0.30885D-09  1  0  0.07879  246.47  259.77 0.77800D+14  2.406    3.076    2.565   -5.581   30.616   11.95   14.37  129.34
  135.88  160.06 0.30818D-09  1  0  0.07985  246.22  259.67 0.78190D+14  2.408    3.064    2.554   -5.712   30.509   11.97   14.42  129.73
  136.21  160.49 0.30752D-09  1  0  0.08094  245.96  259.58 0.78598D+14  2.410    3.052    2.543   -5.847   30.399   11.99   14.46  130.12
  136.53  160.92 0.30686D-09  1  0  0.08205  245.69  259.48 0.79026D+14  2.413    3.040    2.532   -5.984   30.287   12.01   14.51  130.51
  136.85  161.35 0.30620D-09  1  0  0.08320  245.41  259.37 0.79475D+14  2.416    3.028    2.520   -6.125   30.172   12.03   14.56  130.90
  137.17  161.77 0.30555D-09  1  0  0.08438  245.13  259.27 0.79946D+14  2.418    3.016    2.509   -6.270   30.054   12.05   14.61  131.28
  137.49  162.20 0.30489D-09  1  0  0.08559  244.84  259.16 0.80439D+14  2.421    3.003    2.498   -6.418   29.933   12.07   14.67  131.67
  137.82  162.62 0.30425D-09  1  0  0.08684  244.54  259.05 0.80957D+14  2.424    2.991    2.486   -6.570   29.809   12.09   14.72  132.05
  138.14  163.04 0.30360D-09  1  0  0.08812  244.23  258.94 0.81501D+14  2.427    2.978    2.474   -6.726   29.682   12.11   14.78  132.43
  138.46  163.46 0.30296D-09  1  0  0.08944  243.91  258.83 0.82071D+14  2.430    2.965    2.463   -6.886   29.552   12.14   14.84  132.81
  138.78  163.89 0.30232D-09  1  0  0.09080  243.59  258.71 0.82670D+14  2.433    2.953    2.451   -7.050   29.418   12.16   14.90  133.18
  139.10  164.31 0.30169D-09  1  0  0.09220  243.25  258.59 0.83299D+14  2.436    2.939    2.439   -7.218   29.281   12.19   14.97  133.56
  139.43  164.72 0.30105D-09  1  0  0.09365  242.91  258.47 0.83960D+14  2.440    2.926    2.427   -7.391   29.140   12.21   15.04  133.93
  139.75  165.14 0.30042D-09  1  0  0.09514  242.55  258.34 0.84655D+14  2.443    2.913    2.415   -7.569   28.996   12.24   15.11  134.30
  140.07  165.56 0.29980D-09  1  0  0.09667  242.18  258.22 0.85385D+14  2.447    2.899    2.402   -7.752   28.847   12.27   15.18  134.67
  140.39  165.97 0.29917D-09  1  0  0.09826  241.80  258.08 0.86152D+14  2.451    2.886    2.390   -7.939   28.695   12.30   15.25  135.04
  140.71  166.39 0.29855D-09  1  0  0.09990  241.41  257.95 0.86960D+14  2.454    2.872    2.377   -8.132   28.538   12.33   15.33  135.41
  141.04  166.80 0.29793D-09  1  0  0.10160  241.00  257.81 0.87811D+14  2.458    2.858    2.364   -8.330   28.377   12.36   15.42  135.77
  141.36  167.22 0.29732D-09  1  0  0.10335  240.58  257.67 0.88706D+14  2.463    2.843    2.352   -8.534   28.212   12.39   15.50  136.13
  141.68  167.63 0.29670D-09  1  0  0.10516  240.14  257.52 0.89650D+14  2.467    2.829    2.338   -8.744   28.041   12.43   15.59  136.49
  142.00  168.04 0.29609D-09  1  0  0.10704  239.69  257.37 0.90646D+14  2.471    2.814    2.325   -8.960   27.866   12.46   15.68  136.85
  142.32  168.45 0.29549D-09  1  0  0.10898  239.22  257.21 0.91696D+14  2.476    2.799    2.311   -9.182   27.686   12.50   15.78  137.21
  142.65  168.86 0.29488D-09  1  0  0.11100  238.74  257.05 0.92805D+14  2.481    2.783    2.298   -9.411   27.501   12.54   15.88  137.57
  142.97  169.26 0.29428D-09  1  0  0.11309  238.23  256.89 0.93976D+14  2.486    2.767    2.284   -9.646   27.310   12.58   15.99  137.92
  143.29  169.67 0.29368D-09  1  0  0.11526  237.70  256.72 0.95214D+14  2.491    2.751    2.269   -9.889   27.113   12.62   16.10  138.27
  143.61  170.07 0.29309D-09  1  0  0.11751  237.15  256.54 0.96524D+14  2.497    2.735    2.255  -10.139   26.911   12.66   16.22  138.62
  143.93  170.48 0.29249D-09  1  0  0.11985  236.58  256.36 0.97911D+14  2.503    2.718    2.240  -10.397   26.702   12.70   16.34  138.97
  144.26  170.88 0.29190D-09  1  0  0.12229  235.99  256.18 0.99381D+14  2.509    2.701    2.224  -10.663   26.487   12.74   16.47  139.32
  144.58  171.28 0.29131D-09  1  0  0.12483  235.36  255.99 0.10094D+15  2.515    2.683    2.209  -10.937   26.265   12.79   16.60  139.66
  144.90  171.68 0.29073D-09  1  0  0.12747  234.71  255.79 0.10259D+15  2.522    2.665    2.193  -11.220   26.037   12.84   16.75  140.00
  145.22  172.08 0.29015D-09  1  0  0.13022  234.03  255.58 0.10435D+15  2.529    2.646    2.176  -11.512   25.801   12.89   16.90  140.34
  145.54  172.47 0.28957D-09  1  0  0.13310  233.31  255.37 0.10622D+15  2.537    2.626    2.159  -11.813   25.558   12.94   17.06  140.67
  145.87  172.87 0.28899D-09  1  0  0.13610  232.56  255.16 0.10821D+15  2.544    2.606    2.142  -12.123   25.307   12.99   17.22  141.00
  146.19  173.26 0.28841D-09  1  0  0.13925  231.77  254.93 0.11032D+15  2.553    2.586    2.124  -12.444   25.048   13.04   17.40  141.33
  146.51  173.65 0.28784D-09  1  0  0.14253  230.94  254.70 0.11258D+15  2.562    2.564    2.106  -12.775   24.780   13.10   17.59  141.66
  146.83  174.04 0.28727D-09  1  0  0.14598  230.07  254.46 0.11499D+15  2.571    2.542    2.086  -13.117   24.504   13.15   17.79  141.98
  147.15  174.42 0.28670D-09  1  0  0.14960  229.14  254.21 0.11756D+15  2.581    2.519    2.067  -13.471   24.220   13.21   18.00  142.30
  147.48  174.81 0.28614D-09  1  0  0.15339  228.16  253.95 0.12030D+15  2.592    2.495    2.046  -13.835   23.926   13.27   18.22  142.61
  147.80  175.19 0.28557D-09  1  0  0.15738  227.13  253.69 0.12324D+15  2.603    2.470    2.025  -14.212   23.622   13.32   18.46  142.92
  148.12  175.57 0.28501D-09  1  0  0.16159  226.03  253.41 0.12639D+15  2.615    2.444    2.002  -14.601   23.309   13.38   18.71  143.23
  148.44  175.94 0.28446D-09  1  0  0.16602  224.86  253.13 0.12975D+15  2.628    2.417    1.979  -15.002   22.986   13.44   18.98  143.52
  148.76  176.31 0.28390D-09  1  0  0.17070  223.61  252.84 0.13336D+15  2.643    2.388    1.954  -15.416   22.653   13.50   19.27  143.82
  149.09  176.68 0.28335D-09  1  0  0.17565  222.28  252.53 0.13722D+15  2.658    2.358    1.929  -15.843   22.309   13.56   19.57  144.10
  149.41  177.04 0.28280D-09  1  0  0.18090  220.85  252.22 0.14135D+15  2.674    2.326    1.902  -16.282   21.955   13.61   19.90  144.38
  149.73  177.39 0.28225D-09  1  0  0.18646  219.33  251.90 0.14578D+15  2.692    2.292    1.873  -16.735   21.591   13.67   20.25  144.65
  150.05  177.74 0.28170D-09  1  0  0.19237  217.68  251.57 0.15050D+15  2.712    2.256    1.843  -17.201   21.217   13.71   20.63  144.91
  150.37  178.09 0.28116D-09  1  0  0.19867  215.91  251.23 0.15555D+15  2.733    2.218    1.811  -17.680   20.833   13.75   21.03  145.16
  150.70  181.62 0.28062D-09  0  0  0.20539  214.00  250.89 0.16091D+15  2.757    2.177    1.777  -17.968   20.604  150.70  150.70  150.70
  151.02  182.00 0.28008D-09  0  0  0.21258  211.92  250.53 0.16658D+15  2.783    2.133    1.740  -18.018   20.570  151.02  151.02  151.02
  151.34  182.39 0.27954D-09  0  0  0.22029  209.66  250.18 0.17253D+15  2.812    2.086    1.701  -18.071   20.533  151.34  151.34  151.34
  151.66  182.78 0.27901D-09  0  0  0.22857  207.19  249.82 0.17872D+15  2.844    2.035    1.659  -18.128   20.494  151.66  151.66  151.66
  151.98  183.17 0.27848D-09  0  0  0.23749  204.48  249.47 0.18506D+15  2.880    1.980    1.613  -18.189   20.451  151.98  151.98  151.98
  152.31  183.56 0.27795D-09  0  0  0.24714  201.50  249.13 0.19140D+15  2.921    1.920    1.564  -18.255   20.404  152.31  152.31  152.31
  152.63  183.94 0.27742D-09  0  0  0.25760  198.21  248.81 0.19751D+15  2.968    1.854    1.509  -18.327   20.352  152.63  152.63  152.63
  152.95  184.33 0.27690D-09  0  0  0.26897  194.55  248.53 0.20305D+15  3.022    1.782    1.450  -18.405   20.295  152.95  152.95  152.95
  153.27  184.72 0.27637D-09  0  0  0.28139  190.46  248.29 0.20748D+15  3.085    1.702    1.384  -18.491   20.232  153.27  153.27  153.27
  153.59  185.11 0.27585D-09  0  0  0.29501  185.87  248.14 0.21003D+15  3.158    1.612    1.311  -18.587   20.161  153.59  153.59  153.59
  153.92  185.50 0.27533D-09  0  0  0.31000  180.68  248.11 0.20960D+15  3.246    1.512    1.229  -18.693   20.082  153.92  153.92  153.92
  154.24  185.89 0.27482D-09  0  0  0.32100  176.79  248.18 0.20649D+15  3.315    1.436    1.167  -18.774   20.023  154.24  154.24  154.24
  154.56  186.27 0.27430D-09  0  0  0.32100  176.79  248.18 0.20534D+15  3.315    1.434    1.164  -18.783   20.023  154.56  154.56  154.56
  154.88  186.66 0.27379D-09  0  0  0.32100  176.80  248.18 0.20420D+15  3.315    1.431    1.161  -18.791   20.023  154.88  154.88  154.88
  155.20  187.05 0.27328D-09  0  0  0.32100  176.81  248.18 0.20307D+15  3.315    1.429    1.159  -18.800   20.023  155.20  155.20  155.20
  155.53  187.44 0.27277D-09  0  0  0.32100  176.81  248.17 0.20195D+15  3.315    1.426    1.156  -18.808   20.023  155.53  155.53  155.53
  155.85  187.83 0.27227D-09  0  0  0.32100  176.82  248.17 0.20083D+15  3.315    1.424    1.154  -18.817   20.023  155.85  155.85  155.85
  156.17  188.21 0.27177D-09  0  0  0.32100  176.82  248.17 0.19972D+15  3.315    1.421    1.151  -18.825   20.023  156.17  156.17  156.17
  156.49  188.60 0.27126D-09  0  0  0.32100  176.83  248.16 0.19861D+15  3.315    1.419    1.148  -18.834   20.023  156.49  156.49  156.49
  156.81  188.99 0.27077D-09  0  0  0.32100  176.83  248.16 0.19752D+15  3.315    1.416    1.146  -18.842   20.023  156.81  156.81  156.81
  157.14  189.38 0.27027D-09  0  0  0.32100  176.84  248.16 0.19642D+15  3.315    1.414    1.143  -18.851   20.024  157.14  157.14  157.14
  157.46  189.77 0.26977D-09  0  0  0.32100  176.85  248.15 0.19534D+15  3.315    1.411    1.141  -18.859   20.024  157.46  157.46  157.46
  157.78  190.15 0.26928D-09  0  0  0.32100  176.85  248.15 0.19426D+15  3.315    1.409    1.138  -18.868   20.024  157.78  157.78  157.78
  158.10  190.54 0.26879D-09  0  0  0.32100  176.86  248.15 0.19319D+15  3.315    1.406    1.136  -18.876   20.024  158.10  158.10  158.10
  158.42  190.93 0.26830D-09  0  0  0.32100  176.86  248.14 0.19213D+15  3.314    1.404    1.133  -18.885   20.024  158.42  158.42  158.42
  158.75  191.32 0.26781D-09  0  0  0.32100  176.87  248.14 0.19107D+15  3.314    1.402    1.131  -18.893   20.025  158.75  158.75  158.75
  159.07  191.71 0.26733D-09  0  0  0.32100  176.88  248.13 0.19001D+15  3.314    1.399    1.129  -18.901   20.025  159.07  159.07  159.07
  159.39  192.09 0.26684D-09  0  0  0.32100  176.88  248.13 0.18897D+15  3.314    1.397    1.126  -18.910   20.025  159.39  159.39  159.39
  159.71  192.48 0.26636D-09  0  0  0.32100  176.89  248.13 0.18793D+15  3.314    1.394    1.124  -18.918   20.025  159.71  159.71  159.71
  160.03  192.87 0.26588D-09  0  0  0.32100  176.89  248.12 0.18690D+15  3.314    1.392    1.121  -18.927   20.025  160.03  160.03  160.03
  160.36  193.26 0.26541D-09  0  0  0.32100  176.90  248.12 0.18587D+15  3.314    1.390    1.119  -18.935   20.026  160.36  160.36  160.36
  160.68  193.65 0.26493D-09  0  0  0.32100  176.90  248.11 0.18485D+15  3.314    1.387    1.116  -18.943   20.026  160.68  160.68  160.68
  161.00  194.03 0.26446D-09  0  0  0.32100  176.91  248.11 0.18383D+15  3.314    1.385    1.114  -18.952   20.026  161.00  161.00  161.00
