R_tot = 1561.0 R_core =  1400.0  Tsurf =   100.00  g =  1.310
   zbot    P(MPa) Hint     conv melt pCLA   Tbot     Tm     etam        k   Fcond_bot Fcond_top   Fbot     Ftop    dlid z_topTBL z_botTBL
    0.00   -0.00 0.10473D-05  0  0  0.01105  273.24  261.57 0.32206D+15  2.167    0.000    0.000    0.000    0.000    0.00    0.00    0.00
    0.32    0.39 0.10475D-06  0  0  0.01108  273.21  265.16 0.22113D+15  2.167 1398.882 1398.305 1383.365 1413.820    0.32    0.32    0.32
    0.64    0.77 0.52386D-07  0  0  0.01110  273.18  265.74 0.20772D+15  2.167  699.459  698.882  683.938  714.398    0.64    0.64    0.64
    0.97    1.16 0.34931D-07  0  0  0.01113  273.15  266.11 0.19944D+15  2.168  466.317  465.740  450.792  481.259    0.97    0.97    0.97
    1.29    1.55 0.26204D-07  0  0  0.01115  273.12  266.39 0.19339D+15  2.168  349.747  349.170  334.217  364.691    1.29    1.29    1.29
    1.61    1.94 0.20967D-07  0  0  0.01118  273.08  266.61 0.18860D+15  2.168  279.804  279.227  264.270  294.750    1.61    1.61    1.61
    1.93    2.33 0.17476D-07  0  0  0.01120  273.05  266.79 0.18462D+15  2.168  233.176  232.599  217.638  248.124    1.93    1.93    1.93
    2.25    2.71 0.14983D-07  0  0  0.01123  273.02  266.94 0.18123D+15  2.169  199.870  199.293  184.327  214.820    2.25    2.25    2.25
    2.58    3.10 0.13113D-07  0  0  0.01125  272.99  267.08 0.17826D+15  2.169  174.890  174.313  159.344  189.843    2.58    2.58    2.58
    2.90    3.49 0.11658D-07  0  0  0.01128  272.96  267.20 0.17562D+15  2.169  155.462  154.885  139.911  170.416    2.90    2.90    2.90
    3.22    3.88 0.10494D-07  0  0  0.01131  272.93  267.30 0.17325D+15  2.170  139.919  139.342  124.363  154.876    3.22    3.22    3.22
    3.54    4.27 0.95424D-08  0  0  0.01133  272.89  267.40 0.17109D+15  2.170  127.202  126.625  111.642  142.161    3.54    3.54    3.54
    3.86    4.65 0.87490D-08  0  0  0.01136  272.86  267.48 0.16911D+15  2.170  116.604  116.028  101.040  131.566    3.86    3.86    3.86
    4.19    5.04 0.80777D-08  0  0  0.01138  272.83  267.56 0.16728D+15  2.170  107.637  107.061   92.069  122.601    4.19    4.19    4.19
    4.51    5.43 0.75022D-08  0  0  0.01141  272.80  267.64 0.16558D+15  2.171   99.951   99.374   84.379  114.917    4.51    4.51    4.51
    4.83    5.82 0.70035D-08  0  0  0.01144  272.77  267.70 0.16400D+15  2.171   93.290   92.713   77.713  108.258    4.83    4.83    4.83
    5.15    6.21 0.65672D-08  0  0  0.01146  272.74  267.76 0.16251D+15  2.171   87.461   86.884   71.880  102.431    5.15    5.15    5.15
    5.47    6.59 0.61821D-08  0  0  0.01149  272.70  267.82 0.16111D+15  2.171   82.318   81.742   66.733   97.290    5.47    5.47    5.47
    5.80    6.98 0.58399D-08  0  0  0.01151  272.67  267.87 0.15978D+15  2.172   77.746   77.170   62.157   92.721    5.80    5.80    5.80
    6.12    7.37 0.55337D-08  0  0  0.01154  272.64  267.92 0.15853D+15  2.172   73.656   73.080   58.062   88.633    6.12    6.12    6.12
    6.44    7.76 0.52581D-08  0  0  0.01157  272.61  267.97 0.15733D+15  2.172   69.975   69.398   54.377   84.954    6.44    6.44    6.44
    6.76    8.15 0.50087D-08  0  0  0.01159  272.57  268.01 0.15620D+15  2.173   66.644   66.068   51.041   81.625    6.76    6.76    6.76
    7.08    8.54 0.47820D-08  0  0  0.01162  272.54  268.05 0.15511D+15  2.173   63.616   63.040   48.009   78.599    7.08    7.08    7.08
    7.41    8.92 0.45751D-08  0  0  0.01165  272.51  268.09 0.15407D+15  2.173   60.851   60.275   45.240   75.837    7.41    7.41    7.41
    7.73    9.31 0.43854D-08  0  0  0.01168  272.48  268.12 0.15308D+15  2.173   58.317   57.741   42.702   73.305    7.73    7.73    7.73
    8.05    9.70 0.42108D-08  0  0  0.01170  272.45  268.16 0.15212D+15  2.174   55.985   55.409   40.366   70.975    8.05    8.05    8.05
    8.37   10.09 0.40497D-08  0  0  0.01173  272.41  268.19 0.15120D+15  2.174   53.833   53.257   38.209   68.825    8.37    8.37    8.37
    8.69   10.48 0.39005D-08  0  0  0.01176  272.38  268.22 0.15031D+15  2.174   51.840   51.264   36.212   66.834    8.69    8.69    8.69
    9.02   10.86 0.37620D-08  0  0  0.01179  272.35  268.25 0.14945D+15  2.174   49.990   49.414   34.357   64.986    9.02    9.02    9.02
    9.34   11.25 0.36330D-08  0  0  0.01181  272.31  268.27 0.14863D+15  2.175   48.267   47.691   32.630   63.265    9.34    9.34    9.34
    9.66   11.64 0.35126D-08  0  0  0.01184  272.28  268.29 0.14783D+15  2.175   46.659   46.083   31.018   61.660    9.66    9.66    9.66
    9.98   12.03 0.34000D-08  0  0  0.01187  272.25  268.32 0.14705D+15  2.175   45.154   44.579   29.509   60.157    9.98    9.98    9.98
   10.30   12.42 0.32945D-08  0  0  0.01190  272.22  268.34 0.14630D+15  2.176   43.744   43.168   28.094   58.749   10.30   10.30   10.30
   10.63   12.80 0.31953D-08  0  0  0.01193  272.18  268.36 0.14558D+15  2.176   42.419   41.844   26.765   57.427   10.63   10.63   10.63
   10.95   13.19 0.31019D-08  0  0  0.01195  272.15  268.38 0.14487D+15  2.176   41.172   40.597   25.514   56.182   10.95   10.95   10.95
   11.27   13.58 0.30139D-08  0  0  0.01198  272.12  268.40 0.14418D+15  2.176   39.997   39.421   24.334   55.008   11.27   11.27   11.27
   11.59   13.97 0.29308D-08  0  0  0.01201  272.09  268.41 0.14351D+15  2.177   38.886   38.311   23.219   53.900   11.59   11.59   11.59
   11.91   14.36 0.28522D-08  0  0  0.01204  272.05  268.43 0.14286D+15  2.177   37.836   37.261   22.164   52.852   11.91   11.91   11.91
   12.24   14.74 0.27777D-08  0  0  0.01207  272.02  268.44 0.14223D+15  2.177   36.841   36.266   21.165   51.859   12.24   12.24   12.24
   12.56   15.13 0.27071D-08  0  0  0.01210  271.99  268.45 0.14161D+15  2.178   35.897   35.321   20.217   50.917   12.56   12.56   12.56
   12.88   15.52 0.26399D-08  0  0  0.01213  271.95  268.47 0.14101D+15  2.178   35.000   34.425   19.315   50.023   12.88   12.88   12.88
   13.20   15.91 0.25761D-08  0  0  0.01216  271.92  268.48 0.14043D+15  2.178   34.147   33.572   18.458   49.172   13.20   13.20   13.20
   13.52   16.30 0.25153D-08  0  0  0.01219  271.89  268.49 0.13985D+15  2.178   33.334   32.759   17.641   48.361   13.52   13.52   13.52
   13.85   16.68 0.24573D-08  0  0  0.01222  271.85  268.50 0.13929D+15  2.179   32.559   31.984   16.862   47.589   13.85   13.85   13.85
   14.17   17.07 0.24019D-08  0  0  0.01224  271.82  268.51 0.13874D+15  2.179   31.820   31.245   16.118   46.852   14.17   14.17   14.17
   14.49   17.46 0.23490D-08  0  0  0.01227  271.79  268.52 0.13821D+15  2.179   31.113   30.538   15.407   46.147   14.49   14.49   14.49
   14.81   17.85 0.22984D-08  0  0  0.01230  271.75  268.52 0.13769D+15  2.180   30.437   29.862   14.727   45.473   14.81   14.81   14.81
   15.13   18.24 0.22500D-08  0  0  0.01233  271.72  268.53 0.13717D+15  2.180   29.790   29.215   14.075   44.828   15.13   15.13   15.13
   15.46   18.63 0.22036D-08  0  0  0.01236  271.69  268.54 0.13667D+15  2.180   29.170   28.595   13.451   44.210   15.46   15.46   15.46
   15.78   19.01 0.21591D-08  0  0  0.01239  271.65  268.54 0.13618D+15  2.180   28.575   28.000   12.851   43.618   15.78   15.78   15.78
   16.10   19.40 0.21163D-08  0  0  0.01243  271.62  268.55 0.13570D+15  2.181   28.004   27.429   12.276   43.049   16.10   16.10   16.10
   16.42   19.79 0.20753D-08  0  0  0.01246  271.59  268.55 0.13522D+15  2.181   27.455   26.880   11.723   42.502   16.42   16.42   16.42
   16.74   19.78 0.20358D-08  1  0  0.01249  271.55  268.56 0.13476D+15  2.181   26.927   26.353   11.602   42.380   10.18   14.44   16.07
   17.07   20.16 0.19978D-08  1  0  0.01252  271.52  268.56 0.13430D+15  2.182   26.420   25.845   11.491   42.266   10.21   14.38   16.40
   17.39   20.55 0.19612D-08  1  0  0.01255  271.48  268.56 0.13386D+15  2.182   25.931   25.356   11.382   42.155   10.23   14.32   16.72
   17.71   20.94 0.19259D-08  1  0  0.01258  271.45  268.57 0.13342D+15  2.182   25.459   24.885   11.276   42.046   10.25   14.27   17.04
   18.03   21.33 0.18919D-08  1  0  0.01261  271.42  268.57 0.13299D+15  2.182   25.005   24.431   11.171   41.939   10.28   14.22   17.37
   18.35   21.72 0.18591D-08  1  0  0.01264  271.38  268.57 0.13256D+15  2.183   24.567   23.992   11.069   41.835   10.30   14.17   17.69
   18.68   22.11 0.18274D-08  1  0  0.01267  271.35  268.57 0.13215D+15  2.183   24.143   23.569   10.968   41.732   10.32   14.12   18.02
   19.00   22.50 0.17968D-08  1  0  0.01271  271.31  268.57 0.13174D+15  2.183   23.734   23.160   10.869   41.631   10.34   14.08   18.34
   19.32   22.89 0.17673D-08  1  0  0.01274  271.28  268.57 0.13133D+15  2.184   23.339   22.765   10.772   41.532   10.36   14.04   18.67
   19.64   23.28 0.17386D-08  1  0  0.01277  271.25  268.57 0.13094D+15  2.184   22.957   22.383   10.677   41.435   10.38   14.01   18.99
   19.96   23.67 0.17110D-08  1  0  0.01280  271.21  268.57 0.13055D+15  2.184   22.587   22.013   10.583   41.339   10.40   13.97   19.31
   20.29   24.06 0.16841D-08  1  0  0.01283  271.18  268.57 0.13017D+15  2.184   22.228   21.654   10.491   41.245   10.42   13.94   19.64
   20.61   24.45 0.16582D-08  1  0  0.01287  271.14  268.56 0.12979D+15  2.185   21.881   21.307   10.401   41.153   10.44   13.91   19.96
   20.93   24.84 0.16330D-08  1  0  0.01290  271.11  268.56 0.12942D+15  2.185   21.545   20.971   10.312   41.062   10.46   13.88   20.29
   21.25   25.23 0.16086D-08  1  0  0.01293  271.07  268.56 0.12905D+15  2.185   21.218   20.645   10.225   40.973   10.47   13.85   20.61
   21.57   25.62 0.15849D-08  1  0  0.01296  271.04  268.56 0.12869D+15  2.186   20.902   20.328   10.138   40.885   10.49   13.83   20.94
   21.90   26.01 0.15619D-08  1  0  0.01300  271.01  268.55 0.12833D+15  2.186   20.595   20.021   10.054   40.798   10.51   13.80   21.26
   22.22   26.40 0.15396D-08  1  0  0.01303  270.97  268.55 0.12798D+15  2.186   20.296   19.723    9.970   40.713   10.53   13.78   21.59
   22.54   26.79 0.15179D-08  1  0  0.01306  270.94  268.54 0.12764D+15  2.187   20.006   19.433    9.888   40.629   10.55   13.76   21.91
   22.86   27.18 0.14969D-08  1  0  0.01310  270.90  268.54 0.12730D+15  2.187   19.725   19.151    9.807   40.547   10.56   13.74   22.24
   23.18   27.57 0.14764D-08  1  0  0.01313  270.87  268.53 0.12696D+15  2.187   19.451   18.877    9.727   40.465   10.58   13.72   22.56
   23.51   27.96 0.14565D-08  1  0  0.01317  270.83  268.53 0.12663D+15  2.187   19.185   18.611    9.649   40.385   10.60   13.70   22.89
   23.83   28.35 0.14371D-08  1  0  0.01320  270.80  268.52 0.12631D+15  2.188   18.925   18.352    9.571   40.306   10.61   13.68   23.21
   24.15   28.74 0.14182D-08  1  0  0.01323  270.76  268.52 0.12598D+15  2.188   18.673   18.100    9.495   40.228   10.63   13.67   23.54
   24.47   29.13 0.13998D-08  1  0  0.01327  270.73  268.51 0.12567D+15  2.188   18.428   17.854    9.419   40.151   10.65   13.65   23.86
   24.79   29.52 0.13819D-08  1  0  0.01330  270.69  268.51 0.12535D+15  2.189   18.188   17.615    9.345   40.075   10.66   13.64   24.19
   25.12   29.91 0.13645D-08  1  0  0.01334  270.66  268.50 0.12504D+15  2.189   17.955   17.382    9.271   40.000   10.68   13.63   24.51
   25.44   30.30 0.13475D-08  1  0  0.01337  270.62  268.49 0.12474D+15  2.189   17.728   17.155    9.199   39.926   10.69   13.61   24.84
   25.76   30.69 0.13309D-08  1  0  0.01341  270.59  268.48 0.12444D+15  2.190   17.506   16.933    9.127   39.853   10.71   13.60   25.16
   26.08   31.08 0.13148D-08  1  0  0.01344  270.55  268.48 0.12414D+15  2.190   17.290   16.717    9.056   39.781   10.72   13.59   25.49
   26.40   31.47 0.12990D-08  1  0  0.01348  270.52  268.47 0.12385D+15  2.190   17.080   16.507    8.987   39.710   10.74   13.58   25.81
   26.73   31.86 0.12836D-08  1  0  0.01351  270.48  268.46 0.12355D+15  2.190   16.874   16.301    8.918   39.640   10.75   13.57   26.14
   27.05   32.25 0.12686D-08  1  0  0.01355  270.44  268.45 0.12327D+15  2.191   16.673   16.100    8.849   39.570   10.77   13.56   26.46
   27.37   32.64 0.12540D-08  1  0  0.01358  270.41  268.44 0.12298D+15  2.191   16.477   15.904    8.782   39.502   10.78   13.55   26.79
   27.69   33.03 0.12396D-08  1  0  0.01362  270.37  268.44 0.12270D+15  2.191   16.285   15.713    8.716   39.434   10.79   13.55   27.11
   28.01   33.42 0.12256D-08  1  0  0.01366  270.34  268.43 0.12243D+15  2.192   16.098   15.525    8.650   39.367   10.81   13.54   27.44
   28.34   33.81 0.12120D-08  1  0  0.01369  270.30  268.42 0.12215D+15  2.192   15.915   15.343    8.585   39.301   10.82   13.53   27.76
   28.66   34.20 0.11986D-08  1  0  0.01373  270.27  268.41 0.12188D+15  2.192   15.736   15.164    8.520   39.235   10.83   13.53   28.09
   28.98   34.59 0.11855D-08  1  0  0.01377  270.23  268.40 0.12162D+15  2.193   15.561   14.989    8.457   39.170   10.85   13.52   28.42
   29.30   34.98 0.11727D-08  1  0  0.01380  270.19  268.39 0.12135D+15  2.193   15.390   14.818    8.394   39.106   10.86   13.51   28.74
   29.62   35.37 0.11602D-08  1  0  0.01384  270.16  268.38 0.12109D+15  2.193   15.223   14.651    8.331   39.043   10.87   13.51   29.07
   29.95   35.76 0.11480D-08  1  0  0.01388  270.12  268.37 0.12083D+15  2.194   15.059   14.487    8.270   38.980   10.89   13.50   29.39
   30.27   36.15 0.11360D-08  1  0  0.01391  270.09  268.35 0.12057D+15  2.194   14.899   14.327    8.209   38.918   10.90   13.50   29.72
   30.59   36.54 0.11243D-08  1  0  0.01395  270.05  268.34 0.12032D+15  2.194   14.742   14.170    8.148   38.857   10.91   13.50   30.05
   30.91   36.93 0.11128D-08  1  0  0.01399  270.01  268.33 0.12007D+15  2.194   14.589   14.017    8.089   38.796   10.92   13.49   30.37
   31.23   37.32 0.11016D-08  1  0  0.01403  269.98  268.32 0.11982D+15  2.195   14.438   13.866    8.029   38.736   10.94   13.49   30.70
   31.56   37.71 0.10906D-08  1  0  0.01407  269.94  268.31 0.11958D+15  2.195   14.291   13.719    7.971   38.676   10.95   13.49   31.02
   31.88   38.10 0.10798D-08  1  0  0.01411  269.90  268.30 0.11934D+15  2.195   14.147   13.575    7.913   38.617   10.96   13.48   31.35
   32.20   38.49 0.10692D-08  1  0  0.01414  269.87  268.29 0.11910D+15  2.196   14.005   13.433    7.855   38.559   10.97   13.48   31.68
   32.52   38.88 0.10588D-08  1  0  0.01418  269.83  268.27 0.11886D+15  2.196   13.866   13.294    7.798   38.501   10.99   13.48   32.00
   32.84   39.27 0.10487D-08  1  0  0.01422  269.80  268.26 0.11862D+15  2.196   13.730   13.159    7.741   38.444   11.00   13.48   32.33
   33.17   39.66 0.10387D-08  1  0  0.01426  269.76  268.25 0.11839D+15  2.197   13.597   13.025    7.685   38.387   11.01   13.48   32.65
   33.49   40.05 0.10289D-08  1  0  0.01430  269.72  268.23 0.11816D+15  2.197   13.466   12.894    7.630   38.331   11.02   13.47   32.98
   33.81   40.44 0.10193D-08  1  0  0.01434  269.69  268.22 0.11793D+15  2.197   13.338   12.766    7.575   38.275   11.03   13.47   33.31
   34.13   40.84 0.10099D-08  1  0  0.01438  269.65  268.21 0.11771D+15  2.198   13.212   12.640    7.520   38.220   11.04   13.47   33.63
   34.45   41.23 0.10007D-08  1  0  0.01442  269.61  268.19 0.11749D+15  2.198   13.088   12.517    7.466   38.165   11.05   13.47   33.96
   34.78   41.62 0.99163D-09  1  0  0.01446  269.57  268.18 0.11726D+15  2.198   12.967   12.396    7.413   38.111   11.06   13.47   34.29
   35.10   42.01 0.98274D-09  1  0  0.01450  269.54  268.17 0.11705D+15  2.199   12.848   12.277    7.359   38.057   11.08   13.47   34.61
   35.42   42.40 0.97401D-09  1  0  0.01454  269.50  268.15 0.11683D+15  2.199   12.731   12.160    7.307   38.004   11.09   13.47   34.94
   35.74   42.79 0.96544D-09  1  0  0.01458  269.46  268.14 0.11661D+15  2.199   12.616   12.045    7.254   37.951   11.10   13.47   35.27
   36.06   43.18 0.95701D-09  1  0  0.01462  269.43  268.12 0.11640D+15  2.199   12.503   11.932    7.202   37.898   11.11   13.47   35.59
   36.39   43.57 0.94874D-09  1  0  0.01466  269.39  268.11 0.11619D+15  2.200   12.393   11.822    7.151   37.846   11.12   13.47   35.92
   36.71   43.96 0.94062D-09  1  0  0.01471  269.35  268.09 0.11598D+15  2.200   12.284   11.713    7.100   37.794   11.13   13.47   36.25
   37.03   44.35 0.93263D-09  1  0  0.01475  269.31  268.08 0.11578D+15  2.200   12.177   11.606    7.049   37.743   11.14   13.47   36.57
   37.35   44.75 0.92478D-09  1  0  0.01479  269.28  268.06 0.11557D+15  2.201   12.072   11.501    6.999   37.692   11.15   13.48   36.90
   37.67   45.14 0.91707D-09  1  0  0.01483  269.24  268.05 0.11537D+15  2.201   11.969   11.398    6.949   37.642   11.16   13.48   37.23
   38.00   45.53 0.90949D-09  1  0  0.01487  269.20  268.03 0.11517D+15  2.201   11.867   11.296    6.899   37.592   11.17   13.48   37.56
   38.32   45.92 0.90203D-09  1  0  0.01492  269.16  268.02 0.11497D+15  2.202   11.767   11.197    6.850   37.542   11.18   13.48   37.88
   38.64   46.31 0.89470D-09  1  0  0.01496  269.13  268.00 0.11477D+15  2.202   11.669   11.098    6.801   37.493   11.19   13.48   38.21
   38.96   46.70 0.88749D-09  1  0  0.01500  269.09  267.99 0.11457D+15  2.202   11.572   11.002    6.752   37.444   11.20   13.48   38.54
   39.28   47.09 0.88040D-09  1  0  0.01505  269.05  267.97 0.11438D+15  2.203   11.477   10.907    6.704   37.395   11.21   13.49   38.87
   39.61   47.48 0.87342D-09  1  0  0.01509  269.01  267.95 0.11419D+15  2.203   11.384   10.814    6.656   37.347   11.22   13.49   39.19
   39.93   47.88 0.86656D-09  1  0  0.01513  268.97  267.94 0.11400D+15  2.203   11.292   10.722    6.608   37.299   11.23   13.49   39.52
   40.25   48.27 0.85981D-09  1  0  0.01518  268.94  267.92 0.11381D+15  2.204   11.201   10.631    6.561   37.251   11.24   13.49   39.85
   40.57   48.66 0.85316D-09  1  0  0.01522  268.90  267.90 0.11362D+15  2.204   11.112   10.542    6.514   37.204   11.25   13.49   40.18
   40.89   49.05 0.84662D-09  1  0  0.01527  268.86  267.89 0.11344D+15  2.204   11.025   10.455    6.467   37.157   11.26   13.50   40.50
   41.22   49.44 0.84018D-09  1  0  0.01531  268.82  267.87 0.11325D+15  2.205   10.938   10.368    6.420   37.111   11.26   13.50   40.83
   41.54   49.83 0.83384D-09  1  0  0.01536  268.78  267.85 0.11307D+15  2.205   10.853   10.283    6.374   37.064   11.27   13.50   41.16
   41.86   50.22 0.82760D-09  1  0  0.01540  268.74  267.83 0.11289D+15  2.205   10.770   10.200    6.328   37.018   11.28   13.51   41.49
   42.18   50.62 0.82145D-09  1  0  0.01545  268.70  267.82 0.11271D+15  2.206   10.687   10.118    6.283   36.973   11.29   13.51   41.81
   42.50   51.01 0.81540D-09  1  0  0.01549  268.67  267.80 0.11254D+15  2.206   10.606   10.036    6.237   36.927   11.30   13.51   42.14
   42.83   51.40 0.80943D-09  1  0  0.01554  268.63  267.78 0.11236D+15  2.206   10.526    9.957    6.192   36.882   11.31   13.52   42.47
   43.15   51.79 0.80356D-09  1  0  0.01558  268.59  267.76 0.11219D+15  2.207   10.448    9.878    6.147   36.837   11.32   13.52   42.80
   43.47   52.18 0.79778D-09  1  0  0.01563  268.55  267.74 0.11201D+15  2.207   10.370    9.800    6.103   36.792   11.33   13.52   43.13
   43.79   52.58 0.79207D-09  1  0  0.01568  268.51  267.73 0.11184D+15  2.207   10.294    9.724    6.059   36.748   11.34   13.53   43.46
   44.11   52.97 0.78646D-09  1  0  0.01572  268.47  267.71 0.11167D+15  2.208   10.218    9.649    6.014   36.704   11.34   13.53   43.78
   44.44   53.36 0.78092D-09  1  0  0.01577  268.43  267.69 0.11150D+15  2.208   10.144    9.575    5.971   36.660   11.35   13.53   44.11
   44.76   53.75 0.77546D-09  1  0  0.01582  268.39  267.67 0.11134D+15  2.208   10.071    9.502    5.927   36.617   11.36   13.54   44.44
   45.08   54.14 0.77008D-09  1  0  0.01587  268.35  267.65 0.11117D+15  2.209    9.999    9.429    5.883   36.573   11.37   13.54   44.77
   45.40   54.54 0.76478D-09  1  0  0.01591  268.31  267.63 0.11101D+15  2.209    9.927    9.358    5.840   36.530   11.38   13.54   45.10
   45.72   54.93 0.75955D-09  1  0  0.01596  268.28  267.61 0.11085D+15  2.209    9.857    9.288    5.797   36.487   11.39   13.55   45.43
   46.05   55.32 0.75440D-09  1  0  0.01601  268.24  267.59 0.11068D+15  2.210    9.788    9.219    5.754   36.445   11.39   13.55   45.76
   46.37   55.71 0.74932D-09  1  0  0.01606  268.20  267.57 0.11052D+15  2.210    9.720    9.151    5.712   36.402   11.40   13.56   46.09
   46.69   56.10 0.74430D-09  1  0  0.01611  268.16  267.55 0.11037D+15  2.210    9.653    9.084    5.670   36.360   11.41   13.56   46.41
   47.01   56.50 0.73936D-09  1  0  0.01616  268.12  267.54 0.11021D+15  2.211    9.586    9.018    5.627   36.318   11.42   13.56   46.74
   47.33   56.89 0.73448D-09  1  0  0.01621  268.08  267.52 0.11005D+15  2.211    9.521    8.952    5.585   36.277   11.43   13.57   47.07
   47.66   57.28 0.72967D-09  1  0  0.01626  268.04  267.50 0.10990D+15  2.211    9.456    8.888    5.544   36.235   11.43   13.57   47.40
   47.98   57.67 0.72493D-09  1  0  0.01631  268.00  267.47 0.10974D+15  2.212    9.393    8.824    5.502   36.194   11.44   13.58   47.73
   48.30   58.07 0.72024D-09  1  0  0.01636  267.96  267.45 0.10959D+15  2.212    9.330    8.761    5.461   36.153   11.45   13.58   48.06
   48.62   58.46 0.71562D-09  1  0  0.01641  267.92  267.43 0.10944D+15  2.213    9.268    8.699    5.419   36.112   11.46   13.59   48.39
   48.94   58.85 0.71106D-09  1  0  0.01646  267.88  267.41 0.10929D+15  2.213    9.207    8.638    5.378   36.071   11.47   13.59   48.72
   49.27   59.25 0.70656D-09  1  0  0.01651  267.84  267.39 0.10914D+15  2.213    9.146    8.578    5.337   36.031   11.47   13.60   49.05
   49.59   59.64 0.70212D-09  1  0  0.01656  267.80  267.37 0.10900D+15  2.214    9.086    8.518    5.297   35.990   11.48   13.60   49.38
   49.91   60.03 0.69774D-09  1  0  0.01662  267.75  267.35 0.10885D+15  2.214    9.028    8.460    5.256   35.950   11.49   13.61   49.71
   50.23   60.42 0.69341D-09  1  0  0.01667  267.71  267.33 0.10871D+15  2.214    8.969    8.402    5.216   35.910   11.50   13.61   50.04
   50.55   60.82 0.68914D-09  1  0  0.01672  267.67  267.31 0.10856D+15  2.215    8.912    8.344    5.175   35.870   11.50   13.62   50.37
   50.88   61.21 0.68492D-09  1  0  0.01677  267.63  267.29 0.10842D+15  2.215    8.855    8.288    5.135   35.831   11.51   13.62   50.70
   51.20   61.60 0.68075D-09  1  0  0.01683  267.59  267.27 0.10828D+15  2.215    8.799    8.232    5.095   35.791   11.52   13.63   51.03
   51.52   62.00 0.67664D-09  1  0  0.01688  267.55  267.24 0.10814D+15  2.216    8.744    8.177    5.056   35.752   11.53   13.63   51.36
   51.84   62.39 0.67258D-09  1  0  0.01693  267.51  267.22 0.10800D+15  2.216    8.690    8.122    5.016   35.713   11.53   13.64   51.69
   52.16   62.78 0.66856D-09  1  0  0.01699  267.47  267.20 0.10786D+15  2.216    8.636    8.068    4.976   35.674   11.54   13.64   52.02
   52.49   63.18 0.66460D-09  1  0  0.01704  267.43  267.18 0.10773D+15  2.217    8.582    8.015    4.937   35.635   11.55   13.65   52.35
   52.81   63.57 0.66069D-09  1  0  0.01710  267.39  267.16 0.10759D+15  2.217    8.530    7.962    4.898   35.597   11.55   13.65   52.69
   53.13   63.96 0.65682D-09  1  0  0.01715  267.34  267.13 0.10746D+15  2.217    8.478    7.911    4.859   35.558   11.56   13.66   53.02
   53.45   64.36 0.65300D-09  1  0  0.01721  267.30  267.11 0.10733D+15  2.218    8.426    7.859    4.820   35.520   11.57   13.66   53.35
   53.77   64.75 0.64922D-09  1  0  0.01727  267.26  267.09 0.10719D+15  2.218    8.376    7.809    4.781   35.482   11.58   13.67   53.68
   54.10   65.15 0.64549D-09  1  0  0.01732  267.22  267.07 0.10706D+15  2.219    8.326    7.759    4.742   35.444   11.58   13.67   54.01
   54.42   65.54 0.64181D-09  1  0  0.01738  267.18  267.04 0.10693D+15  2.219    8.276    7.709    4.704   35.406   11.59   13.68   54.34
   54.74   65.93 0.63817D-09  1  0  0.01743  267.14  267.02 0.10681D+15  2.219    8.227    7.660    4.665   35.368   11.60   13.68   54.68
   55.06   66.33 0.63457D-09  1  0  0.01749  267.09  267.00 0.10668D+15  2.220    8.179    7.612    4.627   35.331   11.60   13.69   55.01
   55.38   66.72 0.63101D-09  1  0  0.01755  267.05  266.97 0.10655D+15  2.220    8.131    7.564    4.588   35.293   11.61   13.70   55.34
   55.71   67.12 0.62749D-09  1  0  0.01761  267.01  266.95 0.10643D+15  2.220    8.083    7.517    4.550   35.256   11.62   13.70   55.67
   56.03   67.51 0.62402D-09  1  0  0.01767  266.97  266.93 0.10630D+15  2.221    8.037    7.470    4.512   35.219   11.62   13.71   56.00
   56.35   67.91 0.62058D-09  1  0  0.01772  266.93  266.90 0.10618D+15  2.221    7.990    7.424    4.474   35.182   11.63   13.71   56.34
   56.67   68.30 0.61718D-09  1  0  0.01778  266.88  266.88 0.10606D+15  2.221    7.945    7.378    4.436   35.145   11.64   13.72   56.67
   56.99   68.69 0.61382D-09  1  0  0.01784  266.84  266.86 0.10594D+15  2.222    7.899    7.333    4.398   35.108   11.65   13.72   56.99
   57.32   69.08 0.61050D-09  1  0  0.01790  266.80  266.83 0.10582D+15  2.222    7.855    7.289    4.361   35.071   11.65   13.73   57.32
   57.64   69.47 0.60722D-09  1  0  0.01796  266.75  266.81 0.10570D+15  2.223    7.811    7.244    4.323   35.035   11.66   13.74   57.64
   57.96   69.85 0.60397D-09  1  0  0.01802  266.71  266.78 0.10558D+15  2.223    7.767    7.201    4.286   34.998   11.67   13.74   57.96
   58.28   70.24 0.60076D-09  1  0  0.01808  266.67  266.76 0.10546D+15  2.223    7.724    7.158    4.248   34.962   11.67   13.75   58.28
   58.60   70.63 0.59758D-09  1  0  0.01815  266.63  266.73 0.10535D+15  2.224    7.681    7.115    4.211   34.925   11.68   13.75   58.60
   58.93   71.02 0.59444D-09  1  0  0.01821  266.58  266.71 0.10523D+15  2.224    7.638    7.073    4.174   34.889   11.68   13.76   58.93
   59.25   71.41 0.59134D-09  1  0  0.01827  266.54  266.68 0.10512D+15  2.224    7.597    7.031    4.137   34.853   11.69   13.77   59.25
   59.57   71.79 0.58826D-09  1  0  0.01833  266.50  266.66 0.10501D+15  2.225    7.555    6.990    4.100   34.817   11.70   13.77   59.57
   59.89   72.18 0.58522D-09  1  0  0.01840  266.45  266.63 0.10489D+15  2.225    7.514    6.949    4.063   34.781   11.70   13.78   59.89
   60.21   72.57 0.58221D-09  1  0  0.01846  266.41  266.61 0.10478D+15  2.226    7.474    6.908    4.026   34.746   11.71   13.78   60.21
   60.54   72.96 0.57924D-09  1  0  0.01852  266.36  266.58 0.10467D+15  2.226    7.434    6.868    3.989   34.710   11.72   13.79   60.54
   60.86   73.35 0.57629D-09  1  0  0.01859  266.32  266.56 0.10456D+15  2.226    7.394    6.829    3.952   34.674   11.72   13.80   60.86
   61.18   73.73 0.57338D-09  1  0  0.01865  266.28  266.53 0.10446D+15  2.227    7.355    6.789    3.915   34.639   11.73   13.80   61.18
   61.50   74.12 0.57050D-09  1  0  0.01872  266.23  266.51 0.10435D+15  2.227    7.316    6.751    3.879   34.604   11.74   13.81   61.50
   61.82   74.51 0.56765D-09  1  0  0.01878  266.19  266.48 0.10424D+15  2.228    7.277    6.712    3.842   34.568   11.74   13.82   61.82
   62.15   74.90 0.56482D-09  1  0  0.01885  266.14  266.46 0.10414D+15  2.228    7.239    6.674    3.805   34.533   11.75   13.82   62.15
   62.47   75.29 0.56203D-09  1  0  0.01891  266.10  266.43 0.10404D+15  2.228    7.202    6.637    3.769   34.498   11.76   13.83   62.47
   62.79   75.67 0.55926D-09  1  0  0.01898  266.06  266.40 0.10393D+15  2.229    7.164    6.599    3.732   34.463   11.76   13.84   62.79
   63.11   76.06 0.55653D-09  1  0  0.01905  266.01  266.38 0.10383D+15  2.229    7.127    6.563    3.696   34.428   11.77   13.84   63.11
   63.43   76.45 0.55382D-09  1  0  0.01912  265.97  266.35 0.10373D+15  2.229    7.091    6.526    3.660   34.393   11.77   13.85   63.43
   63.76   76.84 0.55113D-09  1  0  0.01918  265.92  266.32 0.10363D+15  2.230    7.054    6.490    3.623   34.358   11.78   13.86   63.76
   64.08   77.23 0.54848D-09  1  0  0.01925  265.88  266.30 0.10353D+15  2.230    7.019    6.454    3.587   34.323   11.79   13.86   64.08
   64.40   77.61 0.54585D-09  1  0  0.01932  265.83  266.27 0.10343D+15  2.231    6.983    6.419    3.551   34.289   11.79   13.87   64.40
   64.72   78.00 0.54325D-09  1  0  0.01939  265.79  266.24 0.10334D+15  2.231    6.948    6.384    3.515   34.254   11.80   13.88   64.72
   65.04   78.39 0.54067D-09  1  0  0.01946  265.74  266.22 0.10324D+15  2.231    6.913    6.349    3.479   34.220   11.81   13.88   65.04
   65.37   78.78 0.53812D-09  1  0  0.01953  265.70  266.19 0.10315D+15  2.232    6.879    6.315    3.443   34.185   11.81   13.89   65.37
   65.69   79.17 0.53560D-09  1  0  0.01960  265.65  266.16 0.10305D+15  2.232    6.845    6.281    3.407   34.151   11.82   13.90   65.69
   66.01   79.56 0.53310D-09  1  0  0.01967  265.60  266.14 0.10296D+15  2.233    6.811    6.247    3.371   34.116   11.82   13.90   66.01
   66.33   79.94 0.53062D-09  1  0  0.01975  265.56  266.11 0.10287D+15  2.233    6.777    6.214    3.335   34.082   11.83   13.91   66.33
   66.65   80.33 0.52817D-09  1  0  0.01982  265.51  266.08 0.10278D+15  2.233    6.744    6.181    3.299   34.048   11.84   13.92   66.65
   66.98   80.72 0.52574D-09  1  0  0.01989  265.47  266.05 0.10269D+15  2.234    6.711    6.148    3.263   34.013   11.84   13.92   66.98
   67.30   81.11 0.52333D-09  1  0  0.01996  265.42  266.02 0.10260D+15  2.234    6.679    6.115    3.227   33.979   11.85   13.93   67.30
   67.62   81.50 0.52095D-09  1  0  0.02004  265.37  266.00 0.10251D+15  2.235    6.647    6.083    3.191   33.945   11.85   13.94   67.62
   67.94   81.88 0.51859D-09  1  0  0.02011  265.33  265.97 0.10242D+15  2.235    6.615    6.051    3.155   33.911   11.86   13.94   67.94
   68.26   82.27 0.51625D-09  1  0  0.02019  265.28  265.94 0.10234D+15  2.235    6.583    6.020    3.119   33.877   11.87   13.95   68.26
   68.59   82.66 0.51393D-09  1  0  0.02026  265.23  265.91 0.10225D+15  2.236    6.552    5.989    3.083   33.843   11.87   13.96   68.59
   68.91   83.05 0.51164D-09  1  0  0.02034  265.19  265.88 0.10217D+15  2.236    6.521    5.958    3.048   33.809   11.88   13.97   68.91
   69.23   83.44 0.50936D-09  1  0  0.02041  265.14  265.85 0.10208D+15  2.237    6.490    5.927    3.012   33.775   11.88   13.97   69.23
   69.55   83.82 0.50711D-09  1  0  0.02049  265.09  265.83 0.10200D+15  2.237    6.459    5.897    2.976   33.742   11.89   13.98   69.55
   69.87   84.21 0.50488D-09  1  0  0.02057  265.05  265.80 0.10192D+15  2.237    6.429    5.866    2.940   33.708   11.90   13.99   69.87
   70.20   84.60 0.50267D-09  1  0  0.02065  265.00  265.77 0.10184D+15  2.238    6.399    5.837    2.905   33.674   11.90   14.00   70.20
   70.52   84.99 0.50048D-09  1  0  0.02073  264.95  265.74 0.10176D+15  2.238    6.370    5.807    2.869   33.640   11.91   14.00   70.52
   70.84   85.38 0.49831D-09  1  0  0.02081  264.90  265.71 0.10168D+15  2.239    6.340    5.778    2.833   33.607   11.91   14.01   70.84
   71.16   85.76 0.49616D-09  1  0  0.02089  264.86  265.68 0.10160D+15  2.239    6.311    5.749    2.797   33.573   11.92   14.02   71.16
   71.48   86.15 0.49403D-09  1  0  0.02097  264.81  265.65 0.10153D+15  2.240    6.282    5.720    2.762   33.539   11.93   14.03   71.48
   71.81   86.54 0.49191D-09  1  0  0.02105  264.76  265.62 0.10145D+15  2.240    6.253    5.691    2.726   33.506   11.93   14.03   71.81
   72.13   86.93 0.48982D-09  1  0  0.02113  264.71  265.59 0.10138D+15  2.240    6.225    5.663    2.690   33.472   11.94   14.04   72.13
   72.45   87.32 0.48775D-09  1  0  0.02121  264.66  265.56 0.10130D+15  2.241    6.197    5.635    2.654   33.438   11.94   14.05   72.45
   72.77   87.70 0.48569D-09  1  0  0.02129  264.62  265.53 0.10123D+15  2.241    6.169    5.607    2.619   33.405   11.95   14.06   72.77
   73.09   88.09 0.48365D-09  1  0  0.02138  264.57  265.50 0.10116D+15  2.242    6.141    5.580    2.583   33.371   11.95   14.06   73.09
   73.42   88.48 0.48163D-09  1  0  0.02146  264.52  265.47 0.10109D+15  2.242    6.114    5.552    2.547   33.338   11.96   14.07   73.42
   73.74   88.87 0.47963D-09  1  0  0.02155  264.47  265.44 0.10102D+15  2.243    6.087    5.525    2.511   33.304   11.97   14.08   73.74
   74.06   89.26 0.47764D-09  1  0  0.02163  264.42  265.41 0.10095D+15  2.243    6.060    5.498    2.476   33.271   11.97   14.09   74.06
   74.38   89.65 0.47568D-09  1  0  0.02172  264.37  265.38 0.10088D+15  2.243    6.033    5.472    2.440   33.238   11.98   14.09   74.38
   74.70   90.03 0.47372D-09  1  0  0.02180  264.32  265.35 0.10082D+15  2.244    6.007    5.445    2.404   33.204   11.98   14.10   74.70
   75.03   90.42 0.47179D-09  1  0  0.02189  264.27  265.31 0.10075D+15  2.244    5.980    5.419    2.368   33.171   11.99   14.11   75.03
   75.35   90.81 0.46987D-09  1  0  0.02198  264.22  265.28 0.10069D+15  2.245    5.954    5.393    2.332   33.137   12.00   14.12   75.35
   75.67   91.20 0.46797D-09  1  0  0.02207  264.17  265.25 0.10062D+15  2.245    5.928    5.367    2.296   33.104   12.00   14.13   75.67
   75.99   91.59 0.46609D-09  1  0  0.02216  264.12  265.22 0.10056D+15  2.246    5.903    5.342    2.260   33.070   12.01   14.13   75.99
   76.31   91.97 0.46422D-09  1  0  0.02225  264.07  265.19 0.10050D+15  2.246    5.877    5.317    2.224   33.037   12.01   14.14   76.31
   76.64   92.36 0.46236D-09  1  0  0.02234  264.02  265.16 0.10044D+15  2.246    5.852    5.292    2.188   33.003   12.02   14.15   76.64
   76.96   92.75 0.46052D-09  1  0  0.02243  263.97  265.12 0.10038D+15  2.247    5.827    5.267    2.152   32.970   12.03   14.16   76.96
   77.28   93.14 0.45870D-09  1  0  0.02252  263.92  265.09 0.10032D+15  2.247    5.802    5.242    2.116   32.937   12.03   14.17   77.28
   77.60   93.53 0.45689D-09  1  0  0.02261  263.87  265.06 0.10027D+15  2.248    5.778    5.217    2.080   32.903   12.04   14.18   77.60
   77.92   93.91 0.45510D-09  1  0  0.02271  263.82  265.03 0.10021D+15  2.248    5.753    5.193    2.044   32.870   12.04   14.18   77.92
   78.25   94.30 0.45332D-09  1  0  0.02280  263.77  264.99 0.10016D+15  2.249    5.729    5.169    2.008   32.836   12.05   14.19   78.25
   78.57   94.69 0.45156D-09  1  0  0.02290  263.72  264.96 0.10010D+15  2.249    5.705    5.145    1.972   32.803   12.05   14.20   78.57
   78.89   95.08 0.44981D-09  1  0  0.02299  263.67  264.93 0.10005D+15  2.250    5.681    5.121    1.935   32.769   12.06   14.21   78.89
   79.21   95.47 0.44808D-09  1  0  0.02309  263.61  264.90 0.99996D+14  2.250    5.657    5.098    1.899   32.736   12.07   14.22   79.21
   79.53   95.85 0.44636D-09  1  0  0.02319  263.56  264.86 0.99946D+14  2.250    5.634    5.074    1.863   32.702   12.07   14.23   79.53
   79.86   96.24 0.44465D-09  1  0  0.02328  263.51  264.83 0.99896D+14  2.251    5.611    5.051    1.826   32.669   12.08   14.23   79.86
   80.18   96.63 0.44296D-09  1  0  0.02338  263.46  264.80 0.99847D+14  2.251    5.588    5.028    1.790   32.635   12.08   14.24   80.18
   80.50   97.02 0.44128D-09  1  0  0.02348  263.41  264.76 0.99800D+14  2.252    5.565    5.006    1.753   32.602   12.09   14.25   80.50
   80.82   97.41 0.43961D-09  1  0  0.02358  263.35  264.73 0.99754D+14  2.252    5.542    4.983    1.717   32.568   12.10   14.26   80.82
   81.14   97.79 0.43796D-09  1  0  0.02368  263.30  264.69 0.99708D+14  2.253    5.519    4.960    1.680   32.535   12.10   14.27   81.14
   81.47   98.18 0.43632D-09  1  0  0.02379  263.25  264.66 0.99664D+14  2.253    5.497    4.938    1.643   32.501   12.11   14.28   81.47
   81.79   98.57 0.43469D-09  1  0  0.02389  263.19  264.63 0.99621D+14  2.254    5.475    4.916    1.607   32.467   12.11   14.29   81.79
   82.11   98.96 0.43308D-09  1  0  0.02399  263.14  264.59 0.99579D+14  2.254    5.453    4.894    1.570   32.434   12.12   14.30   82.11
   82.43   99.35 0.43148D-09  1  0  0.02410  263.09  264.56 0.99539D+14  2.255    5.431    4.872    1.533   32.400   12.13   14.31   82.43
   82.75   99.74 0.42989D-09  1  0  0.02420  263.03  264.52 0.99499D+14  2.255    5.409    4.851    1.496   32.366   12.13   14.31   82.75
   83.08  100.12 0.42831D-09  1  0  0.02431  262.98  264.49 0.99461D+14  2.256    5.387    4.829    1.459   32.333   12.14   14.32   83.08
   83.40  100.51 0.42675D-09  1  0  0.02442  262.93  264.45 0.99424D+14  2.256    5.366    4.808    1.422   32.299   12.14   14.33   83.40
   83.72  100.90 0.42520D-09  1  0  0.02453  262.87  264.42 0.99388D+14  2.257    5.345    4.787    1.385   32.265   12.15   14.34   83.72
   84.04  101.29 0.42366D-09  1  0  0.02464  262.82  264.38 0.99353D+14  2.257    5.324    4.766    1.347   32.231   12.16   14.35   84.04
   84.36  101.68 0.42213D-09  1  0  0.02475  262.76  264.35 0.99320D+14  2.257    5.303    4.745    1.310   32.197   12.16   14.36   84.36
   84.69  102.06 0.42061D-09  1  0  0.02486  262.71  264.31 0.99287D+14  2.258    5.282    4.724    1.273   32.163   12.17   14.37   84.69
   85.01  102.45 0.41911D-09  1  0  0.02497  262.65  264.27 0.99256D+14  2.258    5.261    4.704    1.235   32.129   12.17   14.38   85.01
   85.33  102.84 0.41761D-09  1  0  0.02508  262.60  264.24 0.99227D+14  2.259    5.241    4.683    1.197   32.095   12.18   14.39   85.33
   85.65  103.23 0.41613D-09  1  0  0.02519  262.54  264.20 0.99198D+14  2.259    5.220    4.663    1.160   32.061   12.19   14.40   85.65
   85.97  103.62 0.41466D-09  1  0  0.02531  262.49  264.17 0.99171D+14  2.260    5.200    4.643    1.122   32.027   12.19   14.41   85.97
   86.30  104.00 0.41320D-09  1  0  0.02543  262.43  264.13 0.99145D+14  2.260    5.180    4.623    1.084   31.992   12.20   14.42   86.30
   86.62  104.39 0.41175D-09  1  0  0.02554  262.37  264.09 0.99120D+14  2.261    5.160    4.603    1.046   31.958   12.21   14.43   86.62
   86.94  104.78 0.41031D-09  1  0  0.02566  262.32  264.06 0.99097D+14  2.261    5.141    4.584    1.008   31.924   12.21   14.44   86.94
   87.26  105.17 0.40888D-09  1  0  0.02578  262.26  264.02 0.99075D+14  2.262    5.121    4.564    0.970   31.889   12.22   14.45   87.26
   87.58  105.56 0.40746D-09  1  0  0.02590  262.20  263.98 0.99054D+14  2.262    5.101    4.545    0.932   31.855   12.22   14.46   87.58
   87.91  105.94 0.40606D-09  1  0  0.02602  262.15  263.94 0.99034D+14  2.263    5.082    4.526    0.893   31.820   12.23   14.47   87.91
   88.23  106.33 0.40466D-09  1  0  0.02614  262.09  263.91 0.99016D+14  2.263    5.063    4.507    0.855   31.786   12.24   14.48   88.23
   88.55  106.72 0.40327D-09  1  0  0.02627  262.03  263.87 0.99000D+14  2.264    5.044    4.488    0.816   31.751   12.24   14.49   88.55
   88.87  107.11 0.40190D-09  1  0  0.02639  261.97  263.83 0.98984D+14  2.264    5.025    4.469    0.777   31.716   12.25   14.50   88.87
   89.19  107.50 0.40053D-09  1  0  0.02652  261.92  263.79 0.98971D+14  2.265    5.006    4.450    0.739   31.681   12.26   14.51   89.19
   89.52  107.88 0.39917D-09  1  0  0.02664  261.86  263.75 0.98958D+14  2.265    4.987    4.432    0.700   31.646   12.26   14.52   89.52
   89.84  108.27 0.39783D-09  1  0  0.02677  261.80  263.72 0.98947D+14  2.266    4.969    4.413    0.660   31.611   12.27   14.53   89.84
   90.16  108.66 0.39649D-09  1  0  0.02690  261.74  263.68 0.98937D+14  2.266    4.950    4.395    0.621   31.576   12.27   14.54   90.16
   90.48  109.05 0.39516D-09  1  0  0.02703  261.68  263.64 0.98929D+14  2.267    4.932    4.377    0.582   31.541   12.28   14.55   90.48
   90.80  109.44 0.39384D-09  1  0  0.02716  261.62  263.60 0.98923D+14  2.268    4.914    4.359    0.542   31.506   12.29   14.56   90.80
   91.13  109.83 0.39253D-09  1  0  0.02729  261.56  263.56 0.98918D+14  2.268    4.895    4.341    0.503   31.470   12.29   14.57   91.13
   91.45  110.21 0.39123D-09  1  0  0.02743  261.50  263.52 0.98914D+14  2.269    4.877    4.323    0.463   31.435   12.30   14.58   91.45
   91.77  110.60 0.38994D-09  1  0  0.02756  261.44  263.48 0.98912D+14  2.269    4.860    4.305    0.423   31.400   12.31   14.59   91.77
   92.09  110.99 0.38866D-09  1  0  0.02770  261.38  263.44 0.98912D+14  2.270    4.842    4.287    0.383   31.364   12.31   14.60   92.09
   92.41  111.38 0.38739D-09  1  0  0.02784  261.32  263.40 0.98913D+14  2.270    4.824    4.270    0.343   31.328   12.32   14.62   92.41
   92.74  111.77 0.38612D-09  1  0  0.02798  261.26  263.36 0.98915D+14  2.271    4.807    4.253    0.303   31.292   12.33   14.63   92.74
   93.06  112.15 0.38487D-09  1  0  0.02812  261.20  263.32 0.98920D+14  2.271    4.789    4.235    0.262   31.256   12.33   14.64   93.06
   93.38  112.54 0.38362D-09  1  0  0.02826  261.14  263.28 0.98926D+14  2.272    4.772    4.218    0.221   31.220   12.34   14.65   93.38
   93.70  112.93 0.38239D-09  1  0  0.02840  261.07  263.24 0.98933D+14  2.272    4.755    4.201    0.181   31.184   12.35   14.66   93.70
   94.02  113.32 0.38116D-09  1  0  0.02855  261.01  263.20 0.98943D+14  2.273    4.738    4.184    0.140   31.148   12.36   14.67   94.02
   94.35  113.71 0.37994D-09  1  0  0.02869  260.95  263.16 0.98954D+14  2.273    4.721    4.167    0.098   31.112   12.36   14.68   94.35
   94.67  114.09 0.37872D-09  1  0  0.02884  260.89  263.11 0.98966D+14  2.274    4.704    4.151    0.057   31.075   12.37   14.70   94.67
   94.99  114.48 0.37752D-09  1  0  0.02899  260.82  263.07 0.98981D+14  2.275    4.687    4.134    0.016   31.039   12.38   14.71   94.99
   95.31  114.87 0.37632D-09  1  0  0.02914  260.76  263.06 0.98710D+14  2.275    4.671    4.118    0.000   31.025   12.37   14.71   95.31
   95.63  115.26 0.37513D-09  1  0  0.02929  260.70  263.03 0.98539D+14  2.276    4.654    4.101    0.000   31.025   12.37   14.70   95.63
   95.96  115.65 0.37395D-09  1  0  0.02944  260.63  263.01 0.98369D+14  2.276    4.638    4.085    0.000   31.025   12.37   14.70   95.96
   96.28  116.03 0.37278D-09  1  0  0.02960  260.57  262.99 0.98201D+14  2.277    4.621    4.069    0.000   31.025   12.36   14.69   96.28
   96.60  116.42 0.37162D-09  1  0  0.02975  260.50  262.96 0.98035D+14  2.277    4.605    4.053    0.000   31.025   12.36   14.68   96.60
   96.92  116.81 0.37046D-09  1  0  0.02991  260.44  262.94 0.97871D+14  2.278    4.589    4.037    0.000   31.025   12.36   14.68   96.92
   97.24  117.20 0.36931D-09  1  0  0.03007  260.37  262.91 0.97708D+14  2.279    4.573    4.021    0.000   31.025   12.36   14.67   97.24
   97.57  117.59 0.36817D-09  1  0  0.03023  260.31  262.89 0.97547D+14  2.279    4.557    4.005    0.000   31.025   12.36   14.66   97.57
   97.89  117.97 0.36704D-09  1  0  0.03040  260.24  262.86 0.97388D+14  2.280    4.541    3.989    0.000   31.025   12.36   14.66   97.89
   98.21  118.36 0.36591D-09  1  0  0.03056  260.18  262.84 0.97231D+14  2.280    4.525    3.974    0.000   31.025   12.35   14.65   98.21
   98.53  118.75 0.36479D-09  1  0  0.03073  260.11  262.81 0.97075D+14  2.281    4.510    3.958    0.000   31.025   12.35   14.64   98.53
   98.85  119.14 0.36368D-09  1  0  0.03090  260.04  262.78 0.96921D+14  2.282    4.494    3.943    0.000   31.025   12.35   14.64   98.85
   99.18  119.53 0.36257D-09  1  0  0.03106  259.97  262.76 0.96770D+14  2.282    4.478    3.927    0.000   31.025   12.35   14.63   99.18
   99.50  119.91 0.36148D-09  1  0  0.03124  259.91  262.73 0.96620D+14  2.283    4.463    3.912    0.000   31.025   12.35   14.63   99.50
   99.82  120.30 0.36039D-09  1  0  0.03141  259.84  262.71 0.96471D+14  2.283    4.448    3.897    0.000   31.025   12.35   14.62   99.82
  100.14  120.69 0.35930D-09  1  0  0.03159  259.77  262.68 0.96325D+14  2.284    4.432    3.882    0.000   31.025   12.34   14.61  100.14
  100.46  121.08 0.35823D-09  1  0  0.03176  259.70  262.65 0.96181D+14  2.285    4.417    3.867    0.000   31.025   12.34   14.61  100.46
  100.79  121.47 0.35716D-09  1  0  0.03194  259.63  262.62 0.96038D+14  2.285    4.402    3.852    0.000   31.025   12.34   14.60  100.79
  101.11  121.86 0.35610D-09  1  0  0.03212  259.56  262.60 0.95898D+14  2.286    4.387    3.837    0.000   31.025   12.34   14.59  101.11
  101.43  122.24 0.35504D-09  1  0  0.03231  259.49  262.57 0.95759D+14  2.286    4.372    3.823    0.000   31.025   12.34   14.59  101.43
  101.75  122.63 0.35399D-09  1  0  0.03249  259.42  262.54 0.95622D+14  2.287    4.358    3.808    0.000   31.025   12.34   14.58  101.75
  102.07  123.02 0.35295D-09  1  0  0.03268  259.35  262.51 0.95488D+14  2.288    4.343    3.794    0.000   31.025   12.34   14.57  102.07
  102.40  123.41 0.35191D-09  1  0  0.03287  259.28  262.48 0.95355D+14  2.288    4.328    3.779    0.000   31.025   12.33   14.57  102.40
  102.72  123.80 0.35088D-09  1  0  0.03306  259.21  262.46 0.95224D+14  2.289    4.314    3.765    0.000   31.025   12.33   14.56  102.72
  103.04  124.18 0.34986D-09  1  0  0.03325  259.13  262.43 0.95096D+14  2.290    4.299    3.750    0.000   31.025   12.33   14.56  103.04
  103.36  124.57 0.34885D-09  1  0  0.03345  259.06  262.40 0.94969D+14  2.290    4.285    3.736    0.000   31.025   12.33   14.55  103.36
  103.68  124.96 0.34784D-09  1  0  0.03365  258.99  262.37 0.94845D+14  2.291    4.270    3.722    0.000   31.025   12.33   14.54  103.68
  104.01  125.35 0.34683D-09  1  0  0.03385  258.92  262.34 0.94722D+14  2.292    4.256    3.708    0.000   31.025   12.33   14.54  104.01
  104.33  125.74 0.34583D-09  1  0  0.03405  258.84  262.31 0.94602D+14  2.292    4.242    3.694    0.000   31.025   12.33   14.53  104.33
  104.65  126.12 0.34484D-09  1  0  0.03425  258.77  262.28 0.94484D+14  2.293    4.228    3.680    0.000   31.025   12.33   14.52  104.65
  104.97  126.51 0.34386D-09  1  0  0.03446  258.69  262.25 0.94368D+14  2.294    4.214    3.666    0.000   31.025   12.33   14.52  104.97
  105.29  126.90 0.34288D-09  1  0  0.03467  258.62  262.22 0.94254D+14  2.294    4.200    3.652    0.000   31.025   12.33   14.51  105.29
  105.62  127.29 0.34191D-09  1  0  0.03488  258.54  262.19 0.94142D+14  2.295    4.186    3.639    0.000   31.025   12.33   14.51  105.62
  105.94  127.68 0.34094D-09  1  0  0.03510  258.46  262.16 0.94033D+14  2.296    4.172    3.625    0.000   31.025   12.32   14.50  105.94
  106.26  128.06 0.33998D-09  1  0  0.03531  258.39  262.12 0.93926D+14  2.296    4.159    3.612    0.000   31.025   12.32   14.49  106.26
  106.58  128.45 0.33902D-09  1  0  0.03553  258.31  262.09 0.93821D+14  2.297    4.145    3.598    0.000   31.025   12.32   14.49  106.58
  106.90  128.84 0.33807D-09  1  0  0.03576  258.23  262.06 0.93718D+14  2.298    4.131    3.585    0.000   31.025   12.32   14.48  106.90
  107.23  129.23 0.33713D-09  1  0  0.03598  258.15  262.03 0.93618D+14  2.298    4.118    3.571    0.000   31.025   12.32   14.47  107.23
  107.55  129.62 0.33619D-09  1  0  0.03621  258.07  262.00 0.93520D+14  2.299    4.104    3.558    0.000   31.025   12.32   14.47  107.55
  107.87  130.00 0.33526D-09  1  0  0.03644  257.99  261.96 0.93425D+14  2.300    4.091    3.545    0.000   31.025   12.32   14.46  107.87
  108.19  130.39 0.33433D-09  1  0  0.03667  257.91  261.93 0.93332D+14  2.301    4.077    3.532    0.000   31.025   12.32   14.45  108.19
  108.51  130.78 0.33341D-09  1  0  0.03691  257.83  261.90 0.93241D+14  2.301    4.064    3.519    0.000   31.025   12.32   14.45  108.51
  108.84  131.17 0.33249D-09  1  0  0.03715  257.75  261.86 0.93154D+14  2.302    4.051    3.506    0.000   31.025   12.32   14.44  108.84
  109.16  131.56 0.33158D-09  1  0  0.03739  257.67  261.83 0.93068D+14  2.303    4.038    3.493    0.000   31.025   12.32   14.44  109.16
  109.48  131.95 0.33067D-09  1  0  0.03764  257.58  261.79 0.92985D+14  2.303    4.025    3.480    0.000   31.025   12.32   14.43  109.48
  109.80  132.33 0.32977D-09  1  0  0.03789  257.50  261.76 0.92905D+14  2.304    4.012    3.467    0.000   31.025   12.32   14.42  109.80
  110.12  132.72 0.32888D-09  1  0  0.03814  257.42  261.72 0.92827D+14  2.305    3.999    3.454    0.000   31.025   12.32   14.42  110.12
  110.45  133.11 0.32799D-09  1  0  0.03839  257.33  261.69 0.92753D+14  2.306    3.986    3.442    0.000   31.025   12.32   14.41  110.45
  110.77  133.50 0.32711D-09  1  0  0.03865  257.25  261.65 0.92680D+14  2.306    3.973    3.429    0.000   31.025   12.32   14.40  110.77
  111.09  133.89 0.32623D-09  1  0  0.03891  257.16  261.62 0.92611D+14  2.307    3.960    3.416    0.000   31.025   12.32   14.40  111.09
  111.41  134.27 0.32535D-09  1  0  0.03918  257.07  261.58 0.92545D+14  2.308    3.947    3.404    0.000   31.025   12.32   14.39  111.41
  111.73  134.66 0.32448D-09  1  0  0.03945  256.99  261.54 0.92481D+14  2.309    3.935    3.391    0.000   31.025   12.32   14.39  111.73
  112.06  135.05 0.32362D-09  1  0  0.03972  256.90  261.50 0.92420D+14  2.310    3.922    3.379    0.000   31.025   12.32   14.38  112.06
  112.38  135.44 0.32276D-09  1  0  0.04000  256.81  261.47 0.92363D+14  2.310    3.909    3.367    0.000   31.025   12.32   14.37  112.38
  112.70  135.83 0.32191D-09  1  0  0.04028  256.72  261.43 0.92308D+14  2.311    3.897    3.354    0.000   31.025   12.32   14.37  112.70
  113.02  136.21 0.32106D-09  1  0  0.04056  256.63  261.39 0.92256D+14  2.312    3.884    3.342    0.000   31.025   12.32   14.36  113.02
  113.34  136.60 0.32021D-09  1  0  0.04085  256.54  261.35 0.92208D+14  2.313    3.872    3.330    0.000   31.025   12.32   14.35  113.34
  113.67  136.99 0.31937D-09  1  0  0.04114  256.44  261.31 0.92162D+14  2.314    3.860    3.318    0.000   31.025   12.33   14.35  113.67
  113.99  137.38 0.31854D-09  1  0  0.04143  256.35  261.27 0.92120D+14  2.315    3.847    3.306    0.000   31.025   12.33   14.34  113.99
  114.31  137.77 0.31771D-09  1  0  0.04173  256.26  261.23 0.92082D+14  2.315    3.835    3.294    0.000   31.025   12.33   14.33  114.31
  114.63  138.15 0.31688D-09  1  0  0.04204  256.16  261.19 0.92046D+14  2.316    3.823    3.282    0.000   31.025   12.33   14.33  114.63
  114.95  138.54 0.31606D-09  1  0  0.04235  256.07  261.15 0.92015D+14  2.317    3.810    3.270    0.000   31.025   12.33   14.32  114.95
  115.28  138.93 0.31524D-09  1  0  0.04266  255.97  261.11 0.91986D+14  2.318    3.798    3.258    0.000   31.025   12.33   14.31  115.28
  115.60  139.32 0.31443D-09  1  0  0.04298  255.87  261.07 0.91961D+14  2.319    3.786    3.246    0.000   31.025   12.33   14.31  115.60
  115.92  139.71 0.31363D-09  1  0  0.04330  255.77  261.03 0.91940D+14  2.320    3.774    3.234    0.000   31.025   12.33   14.30  115.92
  116.24  140.09 0.31282D-09  1  0  0.04362  255.68  260.99 0.91923D+14  2.321    3.762    3.223    0.000   31.025   12.34   14.29  116.24
  116.56  140.48 0.31202D-09  1  0  0.04396  255.58  260.94 0.91909D+14  2.321    3.750    3.211    0.000   31.025   12.34   14.29  116.56
  116.89  140.87 0.31123D-09  1  0  0.04429  255.47  260.90 0.91900D+14  2.322    3.738    3.199    0.000   31.025   12.34   14.28  116.89
  117.21  141.26 0.31044D-09  1  0  0.04463  255.37  260.86 0.91894D+14  2.323    3.726    3.188    0.000   31.025   12.34   14.28  117.21
  117.53  141.65 0.30966D-09  1  0  0.04498  255.27  260.81 0.91892D+14  2.324    3.715    3.176    0.000   31.025   12.34   14.27  117.53
  117.85  142.04 0.30888D-09  1  0  0.04533  255.16  260.77 0.91895D+14  2.325    3.703    3.165    0.000   31.025   12.35   14.26  117.85
  118.17  142.42 0.30810D-09  1  0  0.04569  255.06  260.72 0.91901D+14  2.326    3.691    3.153    0.000   31.025   12.35   14.26  118.17
  118.50  142.81 0.30733D-09  1  0  0.04605  254.95  260.68 0.91912D+14  2.327    3.679    3.142    0.000   31.025   12.35   14.25  118.50
  118.82  143.20 0.30656D-09  1  0  0.04642  254.84  260.63 0.91928D+14  2.328    3.667    3.130    0.000   31.025   12.35   14.24  118.82
  119.14  143.59 0.30579D-09  1  0  0.04679  254.74  260.58 0.91948D+14  2.329    3.656    3.119    0.000   31.025   12.36   14.23  119.14
  119.46  143.98 0.30504D-09  1  0  0.04717  254.63  260.54 0.91973D+14  2.330    3.644    3.108    0.000   31.025   12.36   14.23  119.46
  119.78  144.36 0.30428D-09  1  0  0.04756  254.51  260.49 0.92002D+14  2.331    3.633    3.096    0.000   31.025   12.36   14.22  119.78
  120.11  144.75 0.30353D-09  1  0  0.04795  254.40  260.44 0.92037D+14  2.332    3.621    3.085    0.000   31.025   12.37   14.21  120.11
  120.43 -865.17 0.30278D-09  1  0  0.04835  254.29  260.39 0.92062D+14  2.333    3.609    3.074   -0.020   31.007   12.56   14.22 *******
  120.75   -6.96 0.30204D-09  1  0  0.04875  254.17  260.34 0.92107D+14  2.334    3.598    3.063   -0.075   30.961   12.57   14.24 -132.30
  121.07   63.21 0.30130D-09  1  0  0.04917  254.06  260.29 0.92156D+14  2.335    3.586    3.052   -0.129   30.915   12.57   14.25  -16.17
  121.39   89.46 0.30056D-09  1  0  0.04958  253.94  260.24 0.92211D+14  2.336    3.575    3.041   -0.185   30.867   12.58   14.27   27.06
  121.72  103.33 0.29983D-09  1  0  0.05001  253.82  260.19 0.92272D+14  2.337    3.564    3.030   -0.242   30.819   12.59   14.29   49.75
  122.04  111.99 0.29910D-09  1  0  0.05044  253.70  260.14 0.92338D+14  2.339    3.552    3.019   -0.299   30.771   12.59   14.31   63.80
  122.36  117.97 0.29838D-09  1  0  0.05088  253.58  260.08 0.92410D+14  2.340    3.541    3.007   -0.357   30.721   12.60   14.32   73.41
  122.68  122.40 0.29766D-09  1  0  0.05133  253.45  260.03 0.92489D+14  2.341    3.529    2.997   -0.417   30.671   12.61   14.34   80.43
  123.00  125.84 0.29694D-09  1  0  0.05179  253.33  259.98 0.92573D+14  2.342    3.518    2.986   -0.477   30.620   12.62   14.36   85.82
  123.33  128.61 0.29623D-09  1  0  0.05225  253.20  259.92 0.92664D+14  2.343    3.507    2.975   -0.538   30.568   12.62   14.38   90.10
  123.65  130.92 0.29552D-09  1  0  0.05272  253.07  259.87 0.92761D+14  2.344    3.496    2.964   -0.600   30.516   12.63   14.40   93.60
  123.97  132.88 0.29482D-09  1  0  0.05320  252.94  259.81 0.92865D+14  2.345    3.484    2.953   -0.664   30.462   12.64   14.42   96.54
  124.29  134.58 0.29411D-09  1  0  0.05369  252.81  259.75 0.92976D+14  2.347    3.473    2.942   -0.728   30.408   12.65   14.44   99.05
  124.61  136.09 0.29342D-09  1  0  0.05418  252.67  259.70 0.93094D+14  2.348    3.462    2.931   -0.793   30.353   12.66   14.47  101.22
  124.94  137.44 0.29272D-09  1  0  0.05469  252.54  259.64 0.93220D+14  2.349    3.451    2.920   -0.860   30.297   12.67   14.49  103.14
  125.26  138.66 0.29203D-09  1  0  0.05521  252.40  259.58 0.93353D+14  2.350    3.439    2.910   -0.927   30.240   12.68   14.51  104.85
  125.58  139.78 0.29134D-09  1  0  0.05573  252.26  259.52 0.93494D+14  2.352    3.428    2.899   -0.996   30.182   12.69   14.53  106.38
  125.90  140.81 0.29066D-09  1  0  0.05627  252.12  259.46 0.93643D+14  2.353    3.417    2.888   -1.066   30.124   12.70   14.56  107.78
  126.22  141.78 0.28998D-09  1  0  0.05681  251.97  259.40 0.93800D+14  2.354    3.406    2.877   -1.137   30.064   12.71   14.58  109.05
  126.55  142.68 0.28930D-09  1  0  0.05737  251.83  259.33 0.93966D+14  2.356    3.395    2.867   -1.210   30.003   12.72   14.61  110.23
  126.87  143.53 0.28863D-09  1  0  0.05793  251.68  259.27 0.94141D+14  2.357    3.383    2.856   -1.283   29.941   12.73   14.63  111.32
  127.19  144.34 0.28796D-09  1  0  0.05851  251.53  259.21 0.94325D+14  2.358    3.372    2.845   -1.358   29.879   12.74   14.66  112.35
  127.51  145.12 0.28729D-09  1  0  0.05910  251.38  259.14 0.94519D+14  2.360    3.361    2.834   -1.435   29.815   12.75   14.68  113.30
  127.83  145.85 0.28663D-09  1  0  0.05970  251.22  259.07 0.94723D+14  2.361    3.350    2.824   -1.513   29.750   12.76   14.71  114.21
  128.16  146.56 0.28597D-09  1  0  0.06031  251.06  259.01 0.94936D+14  2.363    3.339    2.813   -1.592   29.683   12.78   14.74  115.06
  128.48  147.25 0.28532D-09  1  0  0.06093  250.90  258.94 0.95160D+14  2.364    3.328    2.802   -1.673   29.616   12.79   14.77  115.88
  128.80  147.91 0.28466D-09  1  0  0.06157  250.74  258.87 0.95396D+14  2.366    3.316    2.792   -1.755   29.548   12.80   14.80  116.65
  129.12  148.55 0.28401D-09  1  0  0.06222  250.57  258.80 0.95642D+14  2.367    3.305    2.781   -1.839   29.478   12.81   14.83  117.39
  129.44  149.17 0.28337D-09  1  0  0.06289  250.40  258.73 0.95900D+14  2.369    3.294    2.770   -1.924   29.407   12.83   14.86  118.11
  129.77  149.78 0.28272D-09  1  0  0.06356  250.23  258.65 0.96171D+14  2.370    3.283    2.760   -2.011   29.334   12.84   14.89  118.79
  130.09  150.37 0.28208D-09  1  0  0.06426  250.05  258.58 0.96454D+14  2.372    3.272    2.749   -2.100   29.260   12.86   14.92  119.45
  130.41  150.95 0.28145D-09  1  0  0.06496  249.88  258.50 0.96750D+14  2.374    3.260    2.738   -2.190   29.185   12.87   14.96  120.10
  130.73  151.52 0.28081D-09  1  0  0.06569  249.69  258.43 0.97060D+14  2.375    3.249    2.728   -2.283   29.108   12.89   14.99  120.72
  131.05  152.08 0.28018D-09  1  0  0.06643  249.51  258.35 0.97384D+14  2.377    3.238    2.717   -2.377   29.030   12.90   15.02  121.32
  131.38  152.63 0.27955D-09  1  0  0.06718  249.32  258.27 0.97723D+14  2.379    3.227    2.706   -2.473   28.951   12.92   15.06  121.90
  131.70  153.16 0.27893D-09  1  0  0.06795  249.13  258.19 0.98078D+14  2.381    3.215    2.696   -2.571   28.869   12.94   15.10  122.47
  132.02  153.69 0.27831D-09  1  0  0.06874  248.93  258.11 0.98448D+14  2.382    3.204    2.685   -2.671   28.787   12.95   15.14  123.03
  132.34  154.22 0.27769D-09  1  0  0.06955  248.73  258.02 0.98835D+14  2.384    3.193    2.674   -2.773   28.702   12.97   15.18  123.58
  132.66  154.73 0.27708D-09  1  0  0.07038  248.53  257.94 0.99239D+14  2.386    3.181    2.664   -2.877   28.616   12.99   15.22  124.11
  132.99  155.24 0.27646D-09  1  0  0.07123  248.32  257.85 0.99662D+14  2.388    3.170    2.653   -2.984   28.528   13.01   15.26  124.63
  133.31  155.74 0.27585D-09  1  0  0.07209  248.11  257.76 0.10010D+15  2.390    3.158    2.642   -3.092   28.438   13.03   15.30  125.14
  133.63  156.24 0.27525D-09  1  0  0.07298  247.89  257.67 0.10057D+15  2.392    3.147    2.631   -3.203   28.346   13.05   15.35  125.64
  133.95  156.73 0.27464D-09  1  0  0.07389  247.67  257.58 0.10105D+15  2.394    3.135    2.620   -3.317   28.253   13.07   15.39  126.14
  134.27  157.22 0.27404D-09  1  0  0.07482  247.44  257.49 0.10155D+15  2.396    3.124    2.609   -3.433   28.157   13.09   15.44  126.62
  134.60  157.70 0.27345D-09  1  0  0.07578  247.21  257.39 0.10208D+15  2.399    3.112    2.598   -3.552   28.059   13.11   15.49  127.10
  134.92  158.17 0.27285D-09  1  0  0.07676  246.97  257.30 0.10263D+15  2.401    3.100    2.587   -3.673   27.959   13.13   15.54  127.57
  135.24  158.65 0.27226D-09  1  0  0.07776  246.72  257.20 0.10320D+15  2.403    3.088    2.576   -3.797   27.857   13.16   15.59  128.03
  135.56  159.12 0.27167D-09  1  0  0.07879  246.47  257.10 0.10381D+15  2.406    3.076    2.565   -3.924   27.753   13.18   15.64  128.49
  135.88  159.58 0.27108D-09  1  0  0.07985  246.22  256.99 0.10443D+15  2.408    3.064    2.554   -4.054   27.646   13.21   15.70  128.94
  136.21  160.04 0.27050D-09  1  0  0.08094  245.96  256.89 0.10509D+15  2.410    3.052    2.543   -4.187   27.536   13.23   15.75  129.38
  136.53  160.50 0.26992D-09  1  0  0.08205  245.69  256.78 0.10578D+15  2.413    3.040    2.532   -4.323   27.425   13.26   15.81  129.82
  136.85  160.96 0.26934D-09  1  0  0.08320  245.41  256.67 0.10650D+15  2.416    3.028    2.520   -4.463   27.310   13.29   15.87  130.26
  137.17  161.41 0.26877D-09  1  0  0.08438  245.13  256.56 0.10725D+15  2.418    3.016    2.509   -4.605   27.193   13.31   15.94  130.69
  137.49  161.86 0.26819D-09  1  0  0.08559  244.84  256.44 0.10804D+15  2.421    3.003    2.498   -4.752   27.073   13.34   16.00  131.11
  137.82  162.31 0.26762D-09  1  0  0.08684  244.54  256.33 0.10887D+15  2.424    2.991    2.486   -4.902   26.950   13.37   16.07  131.53
  138.14  162.76 0.26706D-09  1  0  0.08812  244.23  256.21 0.10974D+15  2.427    2.978    2.474   -5.055   26.825   13.40   16.14  131.95
  138.46  163.20 0.26649D-09  1  0  0.08944  243.91  256.08 0.11064D+15  2.430    2.965    2.463   -5.213   26.696   13.44   16.21  132.36
  138.78  163.64 0.26593D-09  1  0  0.09080  243.59  255.96 0.11159D+15  2.433    2.953    2.451   -5.374   26.564   13.47   16.29  132.77
  139.10  164.08 0.26537D-09  1  0  0.09220  243.25  255.83 0.11259D+15  2.436    2.939    2.439   -5.540   26.428   13.50   16.36  133.18
  139.43  164.51 0.26482D-09  1  0  0.09365  242.91  255.70 0.11364D+15  2.440    2.926    2.427   -5.710   26.289   13.54   16.45  133.58
  139.75  164.95 0.26426D-09  1  0  0.09514  242.55  255.56 0.11474D+15  2.443    2.913    2.415   -5.885   26.147   13.58   16.53  133.98
  140.07  165.38 0.26371D-09  1  0  0.09667  242.18  255.42 0.11590D+15  2.447    2.899    2.402   -6.064   26.000   13.61   16.62  134.37
  140.39  165.81 0.26316D-09  1  0  0.09826  241.80  255.28 0.11711D+15  2.451    2.886    2.390   -6.248   25.850   13.65   16.71  134.76
  140.71  166.23 0.26261D-09  1  0  0.09990  241.41  255.13 0.11839D+15  2.454    2.872    2.377   -6.437   25.696   13.69   16.81  135.15
  141.04  166.66 0.26207D-09  1  0  0.10160  241.00  254.98 0.11974D+15  2.458    2.858    2.364   -6.631   25.538   13.74   16.91  135.53
  141.36  167.08 0.26153D-09  1  0  0.10335  240.58  254.83 0.12115D+15  2.463    2.843    2.352   -6.831   25.375   13.78   17.01  135.91
  141.68  167.51 0.26099D-09  1  0  0.10516  240.14  254.67 0.12264D+15  2.467    2.829    2.338   -7.036   25.208   13.82   17.12  136.29
  142.00  167.93 0.26045D-09  1  0  0.10704  239.69  254.51 0.12422D+15  2.471    2.814    2.325   -7.247   25.036   13.87   17.23  136.67
  142.32  168.34 0.25992D-09  1  0  0.10898  239.22  254.34 0.12588D+15  2.476    2.799    2.311   -7.464   24.860   13.92   17.35  137.04
  142.65  168.76 0.25939D-09  1  0  0.11100  238.74  254.16 0.12763D+15  2.481    2.783    2.298   -7.687   24.678   13.97   17.47  137.41
  142.97  169.18 0.25886D-09  1  0  0.11309  238.23  253.99 0.12949D+15  2.486    2.767    2.284   -7.917   24.491   14.02   17.60  137.77
  143.29  169.59 0.25833D-09  1  0  0.11526  237.70  253.80 0.13145D+15  2.491    2.751    2.269   -8.154   24.299   14.08   17.74  138.14
  143.61  170.00 0.25781D-09  1  0  0.11751  237.15  253.61 0.13353D+15  2.497    2.735    2.255   -8.397   24.102   14.13   17.88  138.50
  143.93  170.41 0.25729D-09  1  0  0.11985  236.58  253.42 0.13573D+15  2.503    2.718    2.240   -8.648   23.898   14.19   18.03  138.85
  144.26  170.82 0.25677D-09  1  0  0.12229  235.99  253.22 0.13807D+15  2.509    2.701    2.224   -8.907   23.688   14.25   18.19  139.21
  144.58  171.22 0.25625D-09  1  0  0.12483  235.36  253.01 0.14055D+15  2.515    2.683    2.209   -9.173   23.472   14.31   18.35  139.56
  144.90  171.62 0.25573D-09  1  0  0.12747  234.71  252.80 0.14318D+15  2.522    2.665    2.193   -9.448   23.250   14.38   18.53  139.90
  145.22  172.02 0.25522D-09  1  0  0.13022  234.03  252.58 0.14599D+15  2.529    2.646    2.176   -9.731   23.020   14.44   18.71  140.25
  145.54  172.42 0.25471D-09  1  0  0.13310  233.31  252.35 0.14897D+15  2.537    2.626    2.159  -10.022   22.784   14.51   18.91  140.59
  145.87  172.82 0.25420D-09  1  0  0.13610  232.56  252.12 0.15216D+15  2.544    2.606    2.142  -10.323   22.541   14.58   19.11  140.92
  146.19  173.21 0.25370D-09  1  0  0.13925  231.77  251.87 0.15556D+15  2.553    2.586    2.124  -10.634   22.289   14.65   19.33  141.26
  146.51  173.61 0.25319D-09  1  0  0.14253  230.94  251.62 0.15919D+15  2.562    2.564    2.106  -10.954   22.031   14.73   19.56  141.58
  146.83  173.99 0.25269D-09  1  0  0.14598  230.07  251.36 0.16307D+15  2.571    2.542    2.086  -11.284   21.764   14.81   19.81  141.91
  147.15  174.38 0.25219D-09  1  0  0.14960  229.14  251.09 0.16723D+15  2.581    2.519    2.067  -11.625   21.488   14.89   20.07  142.23
  147.48  174.76 0.25169D-09  1  0  0.15339  228.16  250.81 0.17169D+15  2.592    2.495    2.046  -11.976   21.204   14.97   20.35  142.54
  147.80  175.14 0.25120D-09  1  0  0.15738  227.13  250.52 0.17647D+15  2.603    2.470    2.025  -12.339   20.912   15.05   20.64  142.85
  148.12  175.52 0.25071D-09  1  0  0.16159  226.03  250.23 0.18161D+15  2.615    2.444    2.002  -12.713   20.610   15.14   20.96  143.15
  148.44  175.89 0.25022D-09  1  0  0.16602  224.86  249.92 0.18713D+15  2.628    2.417    1.979  -13.098   20.299   15.22   21.29  143.45
  148.76  176.26 0.24973D-09  1  0  0.17070  223.61  249.60 0.19306D+15  2.643    2.388    1.954  -13.496   19.979   15.31   21.65  143.74
  149.09  176.63 0.24924D-09  1  0  0.17565  222.28  249.27 0.19945D+15  2.658    2.358    1.929  -13.905   19.649   15.39   22.04  144.02
  149.41  176.99 0.24876D-09  1  0  0.18090  220.85  248.93 0.20633D+15  2.674    2.326    1.902  -14.327   19.309   15.48   22.45  144.29
  149.73  177.34 0.24828D-09  1  0  0.18646  219.33  248.58 0.21373D+15  2.692    2.292    1.873  -14.760   18.960   15.56   22.90  144.56
  150.05  177.68 0.24780D-09  1  0  0.19237  217.68  248.22 0.22169D+15  2.712    2.256    1.843  -15.205   18.602   15.64   23.37  144.81
  150.37  181.23 0.24732D-09  0  0  0.19867  215.91  247.85 0.23024D+15  2.733    2.218    1.811  -15.498   18.369  150.37  150.37  150.37
  150.70  181.62 0.24684D-09  0  0  0.20539  214.00  247.47 0.23939D+15  2.757    2.177    1.777  -15.544   18.337  150.70  150.70  150.70
  151.02  182.00 0.24637D-09  0  0  0.21258  211.92  247.08 0.24916D+15  2.783    2.133    1.740  -15.592   18.303  151.02  151.02  151.02
  151.34  182.39 0.24590D-09  0  0  0.22029  209.66  246.68 0.25953D+15  2.812    2.086    1.701  -15.645   18.266  151.34  151.34  151.34
  151.66  182.78 0.24543D-09  0  0  0.22857  207.19  246.29 0.27045D+15  2.844    2.035    1.659  -15.701   18.227  151.66  151.66  151.66
  151.98  183.17 0.24496D-09  0  0  0.23749  204.48  245.90 0.28179D+15  2.880    1.980    1.613  -15.761   18.183  151.98  151.98  151.98
  152.31  183.56 0.24449D-09  0  0  0.24714  201.50  245.51 0.29337D+15  2.921    1.920    1.564  -15.827   18.136  152.31  152.31  152.31
  152.63  183.94 0.24403D-09  0  0  0.25760  198.21  245.14 0.30482D+15  2.968    1.854    1.509  -15.898   18.084  152.63  152.63  152.63
  152.95  184.33 0.24357D-09  0  0  0.26897  194.55  244.80 0.31563D+15  3.022    1.782    1.450  -15.975   18.027  152.95  152.95  152.95
  153.27  184.72 0.24311D-09  0  0  0.28139  190.46  244.51 0.32496D+15  3.085    1.702    1.384  -16.061   17.963  153.27  153.27  153.27
  153.59  185.11 0.24265D-09  0  0  0.29501  185.87  244.30 0.33155D+15  3.158    1.612    1.311  -16.155   17.892  153.59  153.59  153.59
  153.92  185.50 0.24219D-09  0  0  0.31000  180.68  244.20 0.33358D+15  3.246    1.512    1.229  -16.261   17.812  153.92  153.92  153.92
  154.24  185.89 0.24174D-09  0  0  0.32100  176.79  244.23 0.33050D+15  3.315    1.436    1.167  -16.342   17.753  154.24  154.24  154.24
  154.56  186.27 0.24129D-09  0  0  0.32100  176.79  244.23 0.32866D+15  3.315    1.434    1.164  -16.349   17.753  154.56  154.56  154.56
  154.88  186.66 0.24084D-09  0  0  0.32100  176.80  244.23 0.32683D+15  3.315    1.431    1.161  -16.357   17.752  154.88  154.88  154.88
  155.20  187.05 0.24039D-09  0  0  0.32100  176.81  244.22 0.32502D+15  3.315    1.429    1.159  -16.365   17.752  155.20  155.20  155.20
  155.53  187.44 0.23994D-09  0  0  0.32100  176.81  244.22 0.32322D+15  3.315    1.426    1.156  -16.373   17.752  155.53  155.53  155.53
  155.85  187.83 0.23950D-09  0  0  0.32100  176.82  244.22 0.32142D+15  3.315    1.424    1.154  -16.381   17.752  155.85  155.85  155.85
  156.17  188.21 0.23905D-09  0  0  0.32100  176.82  244.22 0.31964D+15  3.315    1.421    1.151  -16.388   17.751  156.17  156.17  156.17
  156.49  188.60 0.23861D-09  0  0  0.32100  176.83  244.21 0.31787D+15  3.315    1.419    1.148  -16.396   17.751  156.49  156.49  156.49
  156.81  188.99 0.23817D-09  0  0  0.32100  176.83  244.21 0.31611D+15  3.315    1.416    1.146  -16.404   17.751  156.81  156.81  156.81
  157.14  189.38 0.23774D-09  0  0  0.32100  176.84  244.21 0.31437D+15  3.315    1.414    1.143  -16.412   17.751  157.14  157.14  157.14
  157.46  189.77 0.23730D-09  0  0  0.32100  176.85  244.20 0.31263D+15  3.315    1.411    1.141  -16.419   17.751  157.46  157.46  157.46
  157.78  190.15 0.23687D-09  0  0  0.32100  176.85  244.20 0.31090D+15  3.315    1.409    1.138  -16.427   17.751  157.78  157.78  157.78
  158.10  190.54 0.23643D-09  0  0  0.32100  176.86  244.20 0.30918D+15  3.315    1.406    1.136  -16.435   17.751  158.10  158.10  158.10
  158.42  190.93 0.23600D-09  0  0  0.32100  176.86  244.19 0.30748D+15  3.314    1.404    1.133  -16.442   17.750  158.42  158.42  158.42
  158.75  191.32 0.23558D-09  0  0  0.32100  176.87  244.19 0.30578D+15  3.314    1.402    1.131  -16.450   17.750  158.75  158.75  158.75
  159.07  191.71 0.23515D-09  0  0  0.32100  176.88  244.18 0.30409D+15  3.314    1.399    1.129  -16.458   17.750  159.07  159.07  159.07
  159.39  192.09 0.23472D-09  0  0  0.32100  176.88  244.18 0.30242D+15  3.314    1.397    1.126  -16.465   17.750  159.39  159.39  159.39
  159.71  192.48 0.23430D-09  0  0  0.32100  176.89  244.18 0.30075D+15  3.314    1.394    1.124  -16.473   17.750  159.71  159.71  159.71
  160.03  192.87 0.23388D-09  0  0  0.32100  176.89  244.17 0.29910D+15  3.314    1.392    1.121  -16.481   17.750  160.03  160.03  160.03
  160.36  193.26 0.23346D-09  0  0  0.32100  176.90  244.17 0.29745D+15  3.314    1.390    1.119  -16.488   17.750  160.36  160.36  160.36
  160.68  193.65 0.23304D-09  0  0  0.32100  176.90  244.16 0.29582D+15  3.314    1.387    1.116  -16.496   17.750  160.68  160.68  160.68
  161.00  194.03 0.23262D-09  0  0  0.32100  176.91  244.16 0.29419D+15  3.314    1.385    1.114  -16.504   17.750  161.00  161.00  161.00
