R_tot = 1561.0 R_core =  1400.0  Tsurf =   100.00  g =  1.310
     Pint       Hint       etaref      pCLA conv   zbot     %vol    Tbot     Tm      Fbot     Ftop     dlid
 0.12245D-09 0.48750D+12 0.32000D+15   0.0000  1  156.492  0.00000  254.17  254.22    3.272   18.569   19.00
 0.13118D-09 0.50000D+12 0.32000D+15   0.0000  1  149.086  0.00000  255.36  255.42    3.280   19.012   18.80
 0.14080D-09 0.51250D+12 0.32000D+15   0.0000  1  141.680  0.00000  256.52  256.57    3.291   19.458   18.60
 0.15079D-09 0.52500D+12 0.32000D+15   0.0000  1  134.918  0.00000  257.54  257.59    3.280   19.883   18.41
 0.16180D-09 0.53750D+12 0.32000D+15   0.0000  1  128.156  0.00000  258.52  258.58    3.274   20.312   18.22
 0.17359D-09 0.55000D+12 0.32000D+15   0.0000  1  121.716  0.00000  259.44  259.49    3.260   20.734   18.03
 0.18666D-09 0.56250D+12 0.32000D+15   0.0000  1  115.276  0.00000  260.32  260.37    3.254   21.161   17.85
 0.20014D-09 0.57500D+12 0.32000D+15   0.0000  1  109.480  0.00000  261.10  261.15    3.226   21.568   17.67
 0.21449D-09 0.58750D+12 0.32000D+15   0.0000  1  104.006  0.00000  261.82  261.87    3.192   21.967   17.49
 0.23039D-09 0.60000D+12 0.32000D+15   0.0000  1   98.532  0.00000  262.53  262.57    3.166   22.373   17.31
 0.24734D-09 0.61250D+12 0.32000D+15   0.0000  1   93.380  0.00000  263.17  263.22    3.133   22.772   17.13
 0.26531D-09 0.62500D+12 0.32000D+15   0.0000  1   88.550  0.00000  263.77  263.82    3.094   23.164   16.96
 0.28533D-09 0.63750D+12 0.32000D+15   0.0000  1   83.720  0.00000  264.36  264.40    3.064   23.563   16.79
 0.30540D-09 0.65000D+12 0.32000D+15   0.0000  1   79.534  0.00000  264.86  264.90    3.010   23.939   16.62
 0.32767D-09 0.66250D+12 0.32000D+15   0.0000  1   75.348  0.00000  265.35  265.40    2.966   24.322   16.46
 0.35102D-09 0.67500D+12 0.32000D+15   0.0000  1   71.484  0.00000  265.80  265.85    2.913   24.696   16.29
 0.37700D-09 0.68750D+12 0.32000D+15   0.0000  1   67.620  0.00000  266.24  266.28    2.870   25.079   16.13
 0.40414D-09 0.70000D+12 0.32000D+15   0.0000  1   64.078  0.00000  266.64  266.68    2.818   25.452   15.97
 0.43222D-09 0.71250D+12 0.32000D+15   0.0000  1   60.858  0.00000  267.00  267.05    2.756   25.813   15.81
 0.46340D-09 0.72500D+12 0.32000D+15   0.0000  1   57.638  0.00000  267.36  267.40    2.703   26.184   15.66
 0.49542D-09 0.73750D+12 0.32000D+15   0.0000  1   54.740  0.00000  267.67  267.72    2.638   26.542   15.50
 0.53098D-09 0.75000D+12 0.32000D+15   0.0000  1   51.842  0.00000  267.99  268.03    2.584   26.909   15.35
 0.56711D-09 0.76250D+12 0.32000D+15   0.0000  1   49.266  0.00000  268.26  268.31    2.515   27.261   15.20
 0.60720D-09 0.77500D+12 0.32000D+15   0.0000  1   46.690  0.00000  268.54  268.58    2.457   27.622   15.05
 0.64734D-09 0.78750D+12 0.32000D+15   0.0000  1   44.436  0.00000  268.78  268.82    2.381   27.966   14.91
 0.69175D-09 0.80000D+12 0.32000D+15   0.0000  1   42.182  0.00000  269.01  269.06    2.316   28.318   14.77
 0.74114D-09 0.81250D+12 0.32000D+15   0.0000  1   39.928  0.00000  269.25  269.28    2.261   28.681   14.62
 0.78982D-09 0.82500D+12 0.32000D+15   0.0000  1   37.996  0.00000  269.45  269.49    2.185   29.023   14.49
 0.84368D-09 0.83750D+12 0.32000D+15   0.0000  1   36.064  0.00000  269.65  269.68    2.120   29.374   14.35
 0.89536D-09 0.85000D+12 0.32000D+15   0.0000  1   34.454  0.00000  269.81  269.86    2.028   29.699   14.22
 0.95207D-09 0.86250D+12 0.32000D+15   0.0000  1   32.844  0.00000  269.98  270.03    1.946   30.032   14.09
 0.10146D-08 0.87500D+12 0.32000D+15   0.0000  1   31.234  0.00000  270.14  270.19    1.873   30.374   13.96
 0.10839D-08 0.88750D+12 0.32000D+15   0.0000  1   29.624  0.00000  270.30  270.34    1.811   30.726   13.83
 0.11482D-08 0.90000D+12 0.32000D+15   0.0000  1   28.336  0.00000  270.43  270.49    1.716   31.046   13.71
 0.12185D-08 0.91250D+12 0.32000D+15   0.0000  1   27.048  0.00000  270.56  270.62    1.629   31.373   13.59
 0.12352D-08 0.92500D+12 0.32000D+15   0.0000  1   27.048  0.00000  270.56  270.74    1.356   31.517   13.52
 0.12519D-08 0.93750D+12 0.32000D+15   0.0000  1   27.048  0.00000  270.56  270.86    1.082   31.662   13.46
 0.12686D-08 0.95000D+12 0.32000D+15   0.0000  1   27.048  0.00000  270.56  270.99    0.809   31.806   13.40
 0.12705D-08 0.96250D+12 0.32000D+15   0.0000  1   27.370  0.00000  270.53  271.11    0.488   31.904   13.36
 0.12870D-08 0.97500D+12 0.32000D+15   0.0000  1   27.370  0.00000  270.53  271.23    0.214   32.047   13.30
 0.75848D-09 0.98750D+12 0.32000D+15   0.0000  1   47.656  0.00000  268.43  268.48   -2.183   30.197   14.79
 0.78876D-09 0.10000D+13 0.32000D+15   0.0000  1   46.368  0.00000  268.57  268.61   -2.390   30.408   14.71
 0.81510D-09 0.10125D+13 0.32000D+15   0.0000  1   45.402  0.00000  268.67  268.75   -2.602   30.613   14.63
 0.84855D-09 0.10250D+13 0.32000D+15   0.0000  1   44.114  0.00000  268.81  268.86   -2.810   30.821   14.56
 0.87757D-09 0.10375D+13 0.32000D+15   0.0000  1   43.148  0.00000  268.91  268.99   -3.024   31.023   14.48
 0.91471D-09 0.10500D+13 0.32000D+15   0.0000  1   41.860  0.00000  269.05  269.09   -3.233   31.229   14.41
 0.94688D-09 0.10625D+13 0.32000D+15   0.0000  1   40.894  0.00000  269.15  269.21   -3.448   31.429   14.33
 0.98058D-09 0.10750D+13 0.32000D+15   0.0000  1   39.928  0.00000  269.25  269.31   -3.664   31.628   14.26
 0.10159D-08 0.10875D+13 0.32000D+15   0.0000  1   38.962  0.00000  269.35  269.42   -3.880   31.826   14.19
 0.10531D-08 0.11000D+13 0.32000D+15   0.0000  1   37.996  0.00000  269.45  269.51   -4.097   32.023   14.12
 0.10922D-08 0.11125D+13 0.32000D+15   0.0000  1   37.030  0.00000  269.55  269.60   -4.315   32.219   14.05
 0.11333D-08 0.11250D+13 0.32000D+15   0.0000  1   36.064  0.00000  269.65  269.69   -4.533   32.414   13.98
 0.11662D-08 0.11375D+13 0.32000D+15   0.0000  1   35.420  0.00000  269.71  269.79   -4.758   32.603   13.91
 0.12114D-08 0.11500D+13 0.32000D+15   0.0000  1   34.454  0.00000  269.81  269.87   -4.977   32.796   13.85
 0.12473D-08 0.11625D+13 0.32000D+15   0.0000  1   33.810  0.00000  269.88  269.96   -5.204   32.984   13.78
 0.12970D-08 0.11750D+13 0.32000D+15   0.0000  1   32.844  0.00000  269.98  270.02   -5.424   33.174   13.72
 0.13365D-08 0.11875D+13 0.32000D+15   0.0000  1   32.200  0.00000  270.04  270.11   -5.652   33.360   13.65
 0.13639D-08 0.12000D+13 0.32000D+15   0.0000  1   31.878  0.00000  270.07  270.23   -5.886   33.541   13.58
 0.13781D-08 0.12125D+13 0.32000D+15   0.0000  1   31.878  0.00000  270.07  270.38   -6.126   33.719   13.51
 0.13923D-08 0.12250D+13 0.32000D+15   0.0000  1   31.878  0.00000  270.07  270.53   -6.366   33.897   13.44
 0.14065D-08 0.12375D+13 0.32000D+15   0.0000  1   31.878  0.00000  270.07  270.68   -6.606   34.075   13.37
 0.14068D-08 0.12500D+13 0.32000D+15   0.0000  1   32.200  0.00000  270.04  270.86   -6.849   34.253   13.30
 0.14209D-08 0.12625D+13 0.32000D+15   0.0000  1   32.200  0.00000  270.04  271.01   -7.087   34.433   13.23
 0.14350D-08 0.12750D+13 0.32000D+15   0.0000  1   32.200  0.00000  270.04  271.16   -7.325   34.613   13.16
 0.14490D-08 0.12875D+13 0.32000D+15   0.0000  1   32.200  0.00000  270.04  271.31   -7.562   34.793   13.09
 0.14631D-08 0.13000D+13 0.32000D+15   0.0000  1   32.200  0.00000  270.04  271.46   -7.799   34.974   13.02
 0.14628D-08 0.13125D+13 0.32000D+15   0.0000  1   32.522  0.00000  270.01  271.65   -8.037   35.158   12.95
 0.14768D-08 0.13250D+13 0.32000D+15   0.0000  1   32.522  0.00000  270.01  271.80   -8.272   35.340   12.88
 0.14907D-08 0.13375D+13 0.32000D+15   0.0000  1   32.522  0.00000  270.01  271.94   -8.508   35.523   12.82
 0.15046D-08 0.13500D+13 0.32000D+15   0.0000  1   32.522  0.00000  270.01  272.09   -8.743   35.706   12.75
 0.15186D-08 0.13625D+13 0.32000D+15   0.0000  1   32.522  0.00000  270.01  272.24   -8.977   35.889   12.69
 0.15178D-08 0.13750D+13 0.32000D+15   0.0000  1   32.844  0.00000  269.98  272.43   -9.210   36.078   12.61
 0.15316D-08 0.13875D+13 0.32000D+15   0.0000  1   32.844  0.00000  269.98  272.58   -9.443   36.263   12.55
 0.15454D-08 0.14000D+13 0.32000D+15   0.0000  1   32.844  0.00000  269.98  272.73   -9.676   36.448   12.49
 0.15592D-08 0.14125D+13 0.32000D+15   0.0000  1   32.844  0.00000  269.98  272.87   -9.908   36.633   12.42
 0.15730D-08 0.14250D+13 0.32000D+15   0.0000  1   32.844  0.00000  269.98  273.02  -10.140   36.819   12.36
 0.15868D-08 0.14375D+13 0.32000D+15   0.0000  1   32.844  0.00000  269.98  273.17  -10.372   37.005   12.30
 0.16006D-08 0.14500D+13 0.32000D+15   0.0000  1   32.844  0.00000  269.98  273.31  -10.604   37.192   12.24
 0.15990D-08 0.14625D+13 0.32000D+15   0.0000  1   33.166  0.00000  269.94  273.50  -10.830   37.387   12.17
 0.16127D-08 0.14750D+13 0.32000D+15   0.0000  1   33.166  0.00000  269.94  273.65  -11.060   37.575   12.11
 0.16264D-08 0.14875D+13 0.32000D+15   0.0000  1   33.166  0.00000  269.94  273.80  -11.290   37.763   12.05
 0.16400D-08 0.15000D+13 0.32000D+15   0.0000  1   33.166  0.00000  269.94  273.94  -11.519   37.951   11.99
 0.16537D-08 0.15125D+13 0.32000D+15   0.0000  1   33.166  0.00000  269.94  274.09  -11.748   38.140   11.93
 0.16674D-08 0.15250D+13 0.32000D+15   0.0000  1   33.166  0.00000  269.94  274.24  -11.977   38.329   11.87
 0.16810D-08 0.15375D+13 0.32000D+15   0.0000  1   33.166  0.00000  269.94  274.38  -12.206   38.518   11.81
 0.16788D-08 0.15500D+13 0.32000D+15   0.0000  1   33.488  0.00000  269.91  274.57  -12.426   38.721   11.74
 0.16923D-08 0.15625D+13 0.32000D+15   0.0000  1   33.488  0.00000  269.91  274.72  -12.653   38.912   11.69
 0.17058D-08 0.15750D+13 0.32000D+15   0.0000  1   33.488  0.00000  269.91  274.86  -12.880   39.102   11.63
 0.17194D-08 0.15875D+13 0.32000D+15   0.0000  1   33.488  0.00000  269.91  275.01  -13.107   39.294   11.57
 0.17329D-08 0.16000D+13 0.32000D+15   0.0000  1   33.488  0.00000  269.91  275.15  -13.333   39.485   11.52
 0.17465D-08 0.16125D+13 0.32000D+15   0.0000  1   33.488  0.00000  269.91  275.30  -13.559   39.677   11.46
 0.17600D-08 0.16250D+13 0.32000D+15   0.0000  1   33.488  0.00000  269.91  275.44  -13.785   39.868   11.41
 0.17735D-08 0.16375D+13 0.32000D+15   0.0000  1   33.488  0.00000  269.91  275.58  -14.011   40.061   11.35
 0.17871D-08 0.16500D+13 0.32000D+15   0.0000  1   33.488  0.00000  269.91  275.73  -14.236   40.253   11.30
 0.17838D-08 0.16625D+13 0.32000D+15   0.0000  1   33.810  0.00000  269.88  275.92  -14.448   40.464   11.23
 0.17972D-08 0.16750D+13 0.32000D+15   0.0000  1   33.810  0.00000  269.88  276.06  -14.672   40.658   11.18
 0.18107D-08 0.16875D+13 0.32000D+15   0.0000  1   33.810  0.00000  269.88  276.21  -14.896   40.852   11.13
 0.18241D-08 0.17000D+13 0.32000D+15   0.0000  1   33.810  0.00000  269.88  276.35  -15.119   41.046   11.07
 0.18375D-08 0.17125D+13 0.32000D+15   0.0000  1   33.810  0.00000  269.88  276.49  -15.343   41.241   11.02
 0.18509D-08 0.17250D+13 0.32000D+15   0.0000  1   33.810  0.00000  269.88  276.63  -15.566   41.436   10.97
 0.18643D-08 0.17375D+13 0.32000D+15   0.0000  1   33.810  0.00000  269.88  276.77  -15.789   41.631   10.92
 0.18777D-08 0.17500D+13 0.32000D+15   0.0000  1   33.810  0.00000  269.88  276.91  -16.011   41.826   10.87
 0.18911D-08 0.17625D+13 0.32000D+15   0.0000  1   33.810  0.00000  269.88  277.06  -16.233   42.021   10.82
 0.19045D-08 0.17750D+13 0.32000D+15   0.0000  1   33.810  0.00000  269.88  277.20  -16.455   42.217   10.77
 0.19180D-08 0.17875D+13 0.32000D+15   0.0000  1   33.810  0.00000  269.88  277.34  -16.677   42.413   10.72
 0.19314D-08 0.18000D+13 0.32000D+15   0.0000  1   33.810  0.00000  269.88  277.48  -16.898   42.610   10.67
 0.19268D-08 0.18125D+13 0.32000D+15   0.0000  1   34.132  0.00000  269.84  277.67  -17.100   42.832   10.61
 0.19401D-08 0.18250D+13 0.32000D+15   0.0000  1   34.132  0.00000  269.84  277.81  -17.320   43.029   10.56
 0.19534D-08 0.18375D+13 0.32000D+15   0.0000  1   34.132  0.00000  269.84  277.95  -17.540   43.227   10.51
 0.19667D-08 0.18500D+13 0.32000D+15   0.0000  1   34.132  0.00000  269.84  278.09  -17.760   43.425   10.46
 0.19800D-08 0.18625D+13 0.32000D+15   0.0000  1   34.132  0.00000  269.84  278.23  -17.980   43.623   10.42
 0.19933D-08 0.18750D+13 0.32000D+15   0.0000  1   34.132  0.00000  269.84  278.37  -18.199   43.821   10.37
 0.20066D-08 0.18875D+13 0.32000D+15   0.0000  1   34.132  0.00000  269.84  278.50  -18.418   44.020   10.32
 0.20198D-08 0.19000D+13 0.32000D+15   0.0000  1   34.132  0.00000  269.84  278.64  -18.637   44.219   10.28
 0.20331D-08 0.19125D+13 0.32000D+15   0.0000  1   34.132  0.00000  269.84  278.78  -18.855   44.418   10.23
 0.20464D-08 0.19250D+13 0.32000D+15   0.0000  1   34.132  0.00000  269.84  278.92  -19.074   44.617   10.18
 0.20597D-08 0.19375D+13 0.32000D+15   0.0000  1   34.132  0.00000  269.84  279.05  -19.292   44.817   10.14
 0.20730D-08 0.19500D+13 0.32000D+15   0.0000  1   34.132  0.00000  269.84  279.19  -19.509   45.017   10.09
 0.20863D-08 0.19625D+13 0.32000D+15   0.0000  1   34.132  0.00000  269.84  279.33  -19.727   45.217   10.05
 0.20996D-08 0.19750D+13 0.32000D+15   0.0000  1   34.132  0.00000  269.84  279.46  -19.944   45.417   10.00
 0.21129D-08 0.19875D+13 0.32000D+15   0.0000  1   34.132  0.00000  269.84  279.60  -20.161   45.618    9.96
 0.21262D-08 0.20000D+13 0.32000D+15   0.0000  1   34.132  0.00000  269.84  279.73  -20.378   45.818    9.92
 0.21394D-08 0.20125D+13 0.32000D+15   0.0000  1   34.132  0.00000  269.84  279.87  -20.595   46.019    9.87
 0.21527D-08 0.20250D+13 0.32000D+15   0.0000  1   34.132  0.00000  269.84  280.00  -20.811   46.221    9.83
 0.21660D-08 0.20375D+13 0.32000D+15   0.0000  1   34.132  0.00000  269.84  280.14  -21.027   46.422    9.79
 0.21793D-08 0.20500D+13 0.32000D+15   0.0000  1   34.132  0.00000  269.84  280.27  -21.243   46.624    9.75
 0.21726D-08 0.20625D+13 0.32000D+15   0.0000  1   34.454  0.00000  269.81  280.47  -21.430   46.862    9.69
 0.21857D-08 0.20750D+13 0.32000D+15   0.0000  1   34.454  0.00000  269.81  280.60  -21.644   47.065    9.65
 0.21989D-08 0.20875D+13 0.32000D+15   0.0000  1   34.454  0.00000  269.81  280.74  -21.859   47.268    9.61
 0.22121D-08 0.21000D+13 0.32000D+15   0.0000  1   34.454  0.00000  269.81  280.87  -22.074   47.471    9.57
 0.22252D-08 0.21125D+13 0.32000D+15   0.0000  1   34.454  0.00000  269.81  281.00  -22.288   47.674    9.53
 0.22384D-08 0.21250D+13 0.32000D+15   0.0000  1   34.454  0.00000  269.81  281.14  -22.502   47.878    9.49
 0.22516D-08 0.21375D+13 0.32000D+15   0.0000  1   34.454  0.00000  269.81  281.27  -22.716   48.082    9.45
 0.22647D-08 0.21500D+13 0.32000D+15   0.0000  1   34.454  0.00000  269.81  281.40  -22.929   48.286    9.41
 0.22779D-08 0.21625D+13 0.32000D+15   0.0000  1   34.454  0.00000  269.81  281.53  -23.143   48.490    9.37
 0.22911D-08 0.21750D+13 0.32000D+15   0.0000  1   34.454  0.00000  269.81  281.66  -23.356   48.694    9.33
 0.23042D-08 0.21875D+13 0.32000D+15   0.0000  1   34.454  0.00000  269.81  281.80  -23.569   48.899    9.29
 0.23174D-08 0.22000D+13 0.32000D+15   0.0000  1   34.454  0.00000  269.81  281.93  -23.781   49.104    9.25
 0.23306D-08 0.22125D+13 0.32000D+15   0.0000  1   34.454  0.00000  269.81  282.06  -23.994   49.309    9.21
 0.23437D-08 0.22250D+13 0.32000D+15   0.0000  1   34.454  0.00000  269.81  282.19  -24.206   49.514    9.17
 0.23569D-08 0.22375D+13 0.32000D+15   0.0000  1   34.454  0.00000  269.81  282.32  -24.418   49.719    9.13
 0.23701D-08 0.22500D+13 0.32000D+15   0.0000  1   34.454  0.00000  269.81  282.45  -24.630   49.925    9.10
 0.23832D-08 0.22625D+13 0.32000D+15   0.0000  1   34.454  0.00000  269.81  282.58  -24.841   50.131    9.06
 0.23964D-08 0.22750D+13 0.32000D+15   0.0000  1   34.454  0.00000  269.81  282.71  -25.053   50.337    9.02
 0.24096D-08 0.22875D+13 0.32000D+15   0.0000  1   34.454  0.00000  269.81  282.84  -25.264   50.543    8.99
 0.24227D-08 0.23000D+13 0.32000D+15   0.0000  1   34.454  0.00000  269.81  282.96  -25.475   50.750    8.95
 0.24359D-08 0.23125D+13 0.32000D+15   0.0000  1   34.454  0.00000  269.81  283.09  -25.686   50.956    8.91
 0.24491D-08 0.23250D+13 0.32000D+15   0.0000  1   34.454  0.00000  269.81  283.22  -25.896   51.163    8.88
 0.24622D-08 0.23375D+13 0.32000D+15   0.0000  1   34.454  0.00000  269.81  283.35  -26.107   51.370    8.84
 0.24754D-08 0.23500D+13 0.32000D+15   0.0000  1   34.454  0.00000  269.81  283.48  -26.317   51.577    8.81
 0.24886D-08 0.23625D+13 0.32000D+15   0.0000  1   34.454  0.00000  269.81  283.60  -26.527   51.785    8.77
 0.25017D-08 0.23750D+13 0.32000D+15   0.0000  1   34.454  0.00000  269.81  283.73  -26.737   51.992    8.74
 0.25149D-08 0.23875D+13 0.32000D+15   0.0000  1   34.454  0.00000  269.81  283.86  -26.946   52.200    8.70
 0.25281D-08 0.24000D+13 0.32000D+15   0.0000  1   34.454  0.00000  269.81  283.98  -27.156   52.408    8.67
 0.25412D-08 0.24125D+13 0.32000D+15   0.0000  1   34.454  0.00000  269.81  284.11  -27.365   52.616    8.63
 0.25544D-08 0.24250D+13 0.32000D+15   0.0000  1   34.454  0.00000  269.81  284.24  -27.574   52.825    8.60
 0.25676D-08 0.24375D+13 0.32000D+15   0.0000  1   34.454  0.00000  269.81  284.36  -27.782   53.033    8.56
 0.25807D-08 0.24500D+13 0.32000D+15   0.0000  1   34.454  0.00000  269.81  284.49  -27.991   53.242    8.53
 0.25939D-08 0.24625D+13 0.32000D+15   0.0000  1   34.454  0.00000  269.81  284.61  -28.199   53.451    8.50
 0.26071D-08 0.24750D+13 0.32000D+15   0.0000  1   34.454  0.00000  269.81  284.74  -28.408   53.660    8.46
 0.26202D-08 0.24875D+13 0.32000D+15   0.0000  1   34.454  0.00000  269.81  284.86  -28.616   53.869    8.43
 0.26334D-08 0.25000D+13 0.32000D+15   0.0000  1   34.454  0.00000  269.81  284.99  -28.823   54.079    8.40
 0.26466D-08 0.25125D+13 0.32000D+15   0.0000  1   34.454  0.00000  269.81  285.11  -29.031   54.289    8.37
 0.26597D-08 0.25250D+13 0.32000D+15   0.0000  1   34.454  0.00000  269.81  285.24  -29.238   54.498    8.33
 0.26729D-08 0.25375D+13 0.32000D+15   0.0000  1   34.454  0.00000  269.81  285.36  -29.446   54.708    8.30
 0.26861D-08 0.25500D+13 0.32000D+15   0.0000  1   34.454  0.00000  269.81  285.48  -29.653   54.919    8.27
 0.26992D-08 0.25625D+13 0.32000D+15   0.0000  1   34.454  0.00000  269.81  285.61  -29.860   55.129    8.24
 0.27124D-08 0.25750D+13 0.32000D+15   0.0000  1   34.454  0.00000  269.81  285.73  -30.066   55.340    8.21
 0.27256D-08 0.25875D+13 0.32000D+15   0.0000  1   34.454  0.00000  269.81  285.85  -30.273   55.550    8.18
 0.27387D-08 0.26000D+13 0.32000D+15   0.0000  1   34.454  0.00000  269.81  285.97  -30.479   55.761    8.14
 0.27519D-08 0.26125D+13 0.32000D+15   0.0000  1   34.454  0.00000  269.81  286.10  -30.685   55.972    8.11
 0.27651D-08 0.26250D+13 0.32000D+15   0.0000  1   34.454  0.00000  269.81  286.22  -30.891   56.184    8.08
 0.27782D-08 0.26375D+13 0.32000D+15   0.0000  1   34.454  0.00000  269.81  286.34  -31.097   56.395    8.05
 0.27914D-08 0.26500D+13 0.32000D+15   0.0000  1   34.454  0.00000  269.81  286.46  -31.302   56.607    8.02
 0.28046D-08 0.26625D+13 0.32000D+15   0.0000  1   34.454  0.00000  269.81  286.58  -31.508   56.819    7.99
 0.28177D-08 0.26750D+13 0.32000D+15   0.0000  1   34.454  0.00000  269.81  286.70  -31.713   57.031    7.96
 0.28309D-08 0.26875D+13 0.32000D+15   0.0000  1   34.454  0.00000  269.81  286.82  -31.918   57.243    7.93
 0.28441D-08 0.27000D+13 0.32000D+15   0.0000  1   34.454  0.00000  269.81  286.94  -32.123   57.455    7.90
 0.28836D-08 0.27125D+13 0.32000D+15   0.0000  1   34.132  0.00000  269.84  286.98  -32.383   57.601    7.89
 0.28969D-08 0.27250D+13 0.32000D+15   0.0000  1   34.132  0.00000  269.84  287.10  -32.588   57.813    7.86
 0.29102D-08 0.27375D+13 0.32000D+15   0.0000  1   34.132  0.00000  269.84  287.22  -32.793   58.025    7.83
 0.29235D-08 0.27500D+13 0.32000D+15   0.0000  1   34.132  0.00000  269.84  287.34  -32.998   58.238    7.80
 0.29368D-08 0.27625D+13 0.32000D+15   0.0000  1   34.132  0.00000  269.84  287.46  -33.202   58.450    7.77
 0.29500D-08 0.27750D+13 0.32000D+15   0.0000  1   34.132  0.00000  269.84  287.58  -33.407   58.663    7.75
 0.29633D-08 0.27875D+13 0.32000D+15   0.0000  1   34.132  0.00000  269.84  287.70  -33.611   58.876    7.72
 0.29766D-08 0.28000D+13 0.32000D+15   0.0000  1   34.132  0.00000  269.84  287.82  -33.815   59.089    7.69
 0.29899D-08 0.28125D+13 0.32000D+15   0.0000  1   34.132  0.00000  269.84  287.93  -34.019   59.302    7.66
 0.30032D-08 0.28250D+13 0.32000D+15   0.0000  1   34.132  0.00000  269.84  288.05  -34.222   59.516    7.63
 0.30165D-08 0.28375D+13 0.32000D+15   0.0000  1   34.132  0.00000  269.84  288.17  -34.426   59.729    7.61
 0.30298D-08 0.28500D+13 0.32000D+15   0.0000  1   34.132  0.00000  269.84  288.29  -34.629   59.943    7.58
 0.30431D-08 0.28625D+13 0.32000D+15   0.0000  1   34.132  0.00000  269.84  288.40  -34.832   60.157    7.55
 0.30564D-08 0.28750D+13 0.32000D+15   0.0000  1   34.132  0.00000  269.84  288.52  -35.035   60.371    7.53
 0.30696D-08 0.28875D+13 0.32000D+15   0.0000  1   34.132  0.00000  269.84  288.64  -35.238   60.585    7.50
 0.30829D-08 0.29000D+13 0.32000D+15   0.0000  1   34.132  0.00000  269.84  288.75  -35.440   60.800    7.47
 0.30962D-08 0.29125D+13 0.32000D+15   0.0000  1   34.132  0.00000  269.84  288.87  -35.643   61.014    7.45
 0.31095D-08 0.29250D+13 0.32000D+15   0.0000  1   34.132  0.00000  269.84  288.98  -35.845   61.229    7.42
 0.31228D-08 0.29375D+13 0.32000D+15   0.0000  1   34.132  0.00000  269.84  289.10  -36.047   61.444    7.39
 0.31361D-08 0.29500D+13 0.32000D+15   0.0000  1   34.132  0.00000  269.84  289.21  -36.249   61.659    7.37
 0.31494D-08 0.29625D+13 0.32000D+15   0.0000  1   34.132  0.00000  269.84  289.33  -36.451   61.874    7.34
 0.31627D-08 0.29750D+13 0.32000D+15   0.0000  1   34.132  0.00000  269.84  289.44  -36.652   62.089    7.32
 0.31759D-08 0.29875D+13 0.32000D+15   0.0000  1   34.132  0.00000  269.84  289.56  -36.854   62.305    7.29
 0.31892D-08 0.30000D+13 0.32000D+15   0.0000  1   34.132  0.00000  269.84  289.67  -37.055   62.520    7.27
