R_tot = 1561.0 R_core =  1400.0  Tsurf =   100.00  g =  1.310
   zbot    P(MPa) Hint     conv melt pCLA   Tbot     Tm     etam        k   Fcond_bot Fcond_top   Fbot     Ftop    dlid z_topTBL z_botTBL
    0.00   -0.00 0.99218D-06  0  0  0.00000  273.16  261.50 0.32462D+15  2.168    0.000    0.000    0.000    0.000    0.00    0.00    0.00
    0.32    0.39 0.99237D-07  0  0  0.00000  273.13  264.92 0.22666D+15  2.168 1398.234 1397.657 1383.534 1412.355    0.32    0.32    0.32
    0.64    0.77 0.49629D-07  0  0  0.00000  273.10  265.48 0.21343D+15  2.168  699.141  698.564  684.437  713.264    0.64    0.64    0.64
    0.97    1.16 0.33093D-07  0  0  0.00000  273.07  265.83 0.20523D+15  2.168  466.110  465.533  451.402  480.235    0.97    0.97    0.97
    1.29    1.55 0.24825D-07  0  0  0.00000  273.04  266.10 0.19921D+15  2.169  349.594  349.017  334.882  363.721    1.29    1.29    1.29
    1.61    1.94 0.19864D-07  0  0  0.00000  273.01  266.31 0.19443D+15  2.169  279.685  279.108  264.968  293.814    1.61    1.61    1.61
    1.93    2.33 0.16557D-07  0  0  0.00000  272.98  266.48 0.19047D+15  2.169  233.078  232.502  218.358  247.210    1.93    1.93    1.93
    2.25    2.71 0.14194D-07  0  0  0.00000  272.95  266.63 0.18707D+15  2.169  199.788  199.211  185.064  213.922    2.25    2.25    2.25
    2.58    3.10 0.12423D-07  0  0  0.00000  272.92  266.76 0.18410D+15  2.170  174.820  174.244  160.092  188.956    2.58    2.58    2.58
    2.90    3.49 0.11045D-07  0  0  0.00000  272.89  266.87 0.18145D+15  2.170  155.401  154.824  140.669  169.539    2.90    2.90    2.90
    3.22    3.88 0.99421D-08  0  0  0.00000  272.86  266.98 0.17907D+15  2.170  139.865  139.289  125.129  154.005    3.22    3.22    3.22
    3.54    4.27 0.90402D-08  0  0  0.00000  272.83  267.07 0.17690D+15  2.170  127.155  126.578  112.414  141.296    3.54    3.54    3.54
    3.86    4.65 0.82885D-08  0  0  0.00000  272.80  267.15 0.17490D+15  2.171  116.562  115.986  101.818  130.706    3.86    3.86    3.86
    4.19    5.04 0.76525D-08  0  0  0.00000  272.77  267.23 0.17306D+15  2.171  107.599  107.023   92.851  121.745    4.19    4.19    4.19
    4.51    5.43 0.71074D-08  0  0  0.00000  272.74  267.30 0.17134D+15  2.171   99.917   99.341   85.164  114.065    4.51    4.51    4.51
    4.83    5.82 0.66349D-08  0  0  0.00000  272.71  267.36 0.16974D+15  2.171   93.259   92.683   78.502  107.409    4.83    4.83    4.83
    5.15    6.21 0.62215D-08  0  0  0.00000  272.68  267.42 0.16823D+15  2.172   87.433   86.857   72.672  101.585    5.15    5.15    5.15
    5.47    6.59 0.58568D-08  0  0  0.00000  272.65  267.47 0.16681D+15  2.172   82.292   81.716   67.527   96.447    5.47    5.47    5.47
    5.80    6.98 0.55325D-08  0  0  0.00000  272.62  267.53 0.16547D+15  2.172   77.723   77.147   62.954   91.879    5.80    5.80    5.80
    6.12    7.37 0.52424D-08  0  0  0.00000  272.59  267.57 0.16419D+15  2.172   73.635   73.059   58.862   87.793    6.12    6.12    6.12
    6.44    7.76 0.49813D-08  0  0  0.00000  272.56  267.62 0.16298D+15  2.173   69.955   69.379   55.178   84.116    6.44    6.44    6.44
    6.76    8.15 0.47451D-08  0  0  0.00000  272.53  267.66 0.16182D+15  2.173   66.626   66.050   51.845   80.789    6.76    6.76    6.76
    7.08    8.54 0.45304D-08  0  0  0.00000  272.50  267.70 0.16071D+15  2.173   63.600   63.024   48.814   77.764    7.08    7.08    7.08
    7.41    8.92 0.43343D-08  0  0  0.00000  272.47  267.74 0.15965D+15  2.173   60.836   60.260   46.047   75.003    7.41    7.41    7.41
    7.73    9.31 0.41545D-08  0  0  0.00000  272.44  267.77 0.15864D+15  2.174   58.303   57.727   43.510   72.472    7.73    7.73    7.73
    8.05    9.70 0.39892D-08  0  0  0.00000  272.41  267.80 0.15766D+15  2.174   55.973   55.397   41.175   70.144    8.05    8.05    8.05
    8.37   10.09 0.38366D-08  0  0  0.00000  272.38  267.83 0.15671D+15  2.174   53.822   53.246   39.020   67.994    8.37    8.37    8.37
    8.69   10.48 0.36952D-08  0  0  0.00000  272.35  267.86 0.15581D+15  2.174   51.830   51.254   37.024   66.005    8.69    8.69    8.69
    9.02   10.86 0.35640D-08  0  0  0.00000  272.32  267.89 0.15493D+15  2.175   49.980   49.405   35.171   64.157    9.02    9.02    9.02
    9.34   11.25 0.34418D-08  0  0  0.00000  272.28  267.91 0.15408D+15  2.175   48.258   47.683   33.444   62.437    9.34    9.34    9.34
    9.66   11.64 0.33278D-08  0  0  0.00000  272.25  267.94 0.15326D+15  2.175   46.651   46.075   31.833   60.832    9.66    9.66    9.66
    9.98   12.03 0.32211D-08  0  0  0.00000  272.22  267.96 0.15246D+15  2.176   45.148   44.572   30.325   59.331    9.98    9.98    9.98
   10.30   12.42 0.31211D-08  0  0  0.00000  272.19  267.98 0.15169D+15  2.176   43.738   43.162   28.912   57.923   10.30   10.30   10.30
   10.63   12.80 0.30271D-08  0  0  0.00000  272.16  268.00 0.15094D+15  2.176   42.414   41.838   27.584   56.601   10.63   10.63   10.63
   10.95   13.19 0.29387D-08  0  0  0.00000  272.13  268.02 0.15021D+15  2.176   41.168   40.592   26.333   55.357   10.95   10.95   10.95
   11.27   13.58 0.28553D-08  0  0  0.00000  272.10  268.03 0.14950D+15  2.177   39.993   39.417   25.154   54.184   11.27   11.27   11.27
   11.59   13.97 0.27766D-08  0  0  0.00000  272.07  268.05 0.14881D+15  2.177   38.883   38.307   24.040   53.076   11.59   11.59   11.59
   11.91   14.36 0.27021D-08  0  0  0.00000  272.04  268.07 0.14814D+15  2.177   37.833   37.258   22.986   52.029   11.91   11.91   11.91
   12.24   14.74 0.26315D-08  0  0  0.00000  272.01  268.08 0.14748D+15  2.177   36.838   36.263   21.988   51.036   12.24   12.24   12.24
   12.56   15.13 0.25646D-08  0  0  0.00000  271.98  268.09 0.14684D+15  2.178   35.895   35.320   21.040   50.095   12.56   12.56   12.56
   12.88   15.52 0.25010D-08  0  0  0.00000  271.95  268.11 0.14622D+15  2.178   34.998   34.423   20.140   49.200   12.88   12.88   12.88
   13.20   15.91 0.24405D-08  0  0  0.00000  271.92  268.12 0.14561D+15  2.178   34.146   33.571   19.283   48.350   13.20   13.20   13.20
   13.52   16.30 0.23829D-08  0  0  0.00000  271.88  268.13 0.14501D+15  2.178   33.334   32.759   18.467   47.540   13.52   13.52   13.52
   13.85   16.68 0.23279D-08  0  0  0.00000  271.85  268.14 0.14443D+15  2.179   32.559   31.984   17.688   46.768   13.85   13.85   13.85
   14.17   17.07 0.22755D-08  0  0  0.00000  271.82  268.15 0.14386D+15  2.179   31.820   31.245   16.945   46.031   14.17   14.17   14.17
   14.49   17.46 0.22254D-08  0  0  0.00000  271.79  268.16 0.14330D+15  2.179   31.114   30.539   16.235   45.326   14.49   14.49   14.49
   14.81   17.85 0.21775D-08  0  0  0.00000  271.76  268.16 0.14275D+15  2.180   30.439   29.864   15.555   44.653   14.81   14.81   14.81
   15.13   18.24 0.21316D-08  0  0  0.00000  271.73  268.17 0.14221D+15  2.180   29.792   29.217   14.904   44.008   15.13   15.13   15.13
   15.46   18.63 0.20876D-08  0  0  0.00000  271.70  268.18 0.14169D+15  2.180   29.172   28.597   14.280   43.390   15.46   15.46   15.46
   15.78   19.01 0.20454D-08  0  0  0.00000  271.67  268.18 0.14117D+15  2.180   28.577   28.003   13.681   42.798   15.78   15.78   15.78
   16.10   19.40 0.20049D-08  0  0  0.00000  271.64  268.19 0.14066D+15  2.181   28.007   27.432   13.106   42.229   16.10   16.10   16.10
   16.42   19.37 0.19660D-08  1  0  0.00000  271.61  268.19 0.14017D+15  2.181   27.458   26.883   12.795   41.919   10.30   14.46   15.73
   16.74   19.76 0.19286D-08  1  0  0.00000  271.57  268.20 0.13968D+15  2.181   26.931   26.356   12.685   41.806   10.33   14.40   16.05
   17.07   20.15 0.18926D-08  1  0  0.00000  271.54  268.20 0.13920D+15  2.181   26.423   25.849   12.577   41.695   10.35   14.35   16.38
   17.39   20.54 0.18580D-08  1  0  0.00000  271.51  268.21 0.13873D+15  2.182   25.935   25.360   12.471   41.586   10.37   14.29   16.70
   17.71   20.93 0.18246D-08  1  0  0.00000  271.48  268.21 0.13827D+15  2.182   25.464   24.889   12.367   41.480   10.39   14.24   17.02
   18.03   21.32 0.17923D-08  1  0  0.00000  271.45  268.21 0.13781D+15  2.182   25.010   24.435   12.265   41.376   10.42   14.19   17.35
   18.35   21.71 0.17613D-08  1  0  0.00000  271.42  268.21 0.13736D+15  2.182   24.572   23.997   12.166   41.273   10.44   14.15   17.67
   18.68   22.10 0.17313D-08  1  0  0.00000  271.39  268.21 0.13692D+15  2.183   24.149   23.574   12.068   41.173   10.46   14.11   17.99
   19.00   22.49 0.17023D-08  1  0  0.00000  271.35  268.22 0.13649D+15  2.183   23.740   23.166   11.973   41.075   10.48   14.07   18.32
   19.32   22.87 0.16742D-08  1  0  0.00000  271.32  268.22 0.13606D+15  2.183   23.345   22.771   11.879   40.978   10.50   14.04   18.64
   19.64   23.26 0.16471D-08  1  0  0.00000  271.29  268.22 0.13564D+15  2.184   22.963   22.388   11.786   40.884   10.52   14.00   18.96
   19.96   23.65 0.16209D-08  1  0  0.00000  271.26  268.22 0.13522D+15  2.184   22.593   22.019   11.696   40.791   10.54   13.97   19.29
   20.29   24.04 0.15955D-08  1  0  0.00000  271.23  268.22 0.13482D+15  2.184   22.235   21.661   11.607   40.699   10.56   13.94   19.61
   20.61   24.43 0.15709D-08  1  0  0.00000  271.20  268.21 0.13441D+15  2.184   21.888   21.314   11.520   40.610   10.58   13.91   19.93
   20.93   24.82 0.15471D-08  1  0  0.00000  271.17  268.21 0.13402D+15  2.185   21.552   20.978   11.434   40.521   10.60   13.88   20.26
   21.25   25.21 0.15239D-08  1  0  0.00000  271.13  268.21 0.13362D+15  2.185   21.226   20.652   11.350   40.435   10.62   13.86   20.58
   21.57   25.60 0.15015D-08  1  0  0.00000  271.10  268.21 0.13324D+15  2.185   20.909   20.335   11.267   40.349   10.64   13.84   20.91
   21.90   25.99 0.14797D-08  1  0  0.00000  271.07  268.21 0.13286D+15  2.185   20.602   20.029   11.185   40.266   10.65   13.81   21.23
   22.22   26.38 0.14586D-08  1  0  0.00000  271.04  268.20 0.13248D+15  2.186   20.304   19.730   11.105   40.183   10.67   13.79   21.55
   22.54   26.77 0.14380D-08  1  0  0.00000  271.01  268.20 0.13211D+15  2.186   20.015   19.441   11.026   40.102   10.69   13.77   21.88
   22.86   27.16 0.14181D-08  1  0  0.00000  270.98  268.20 0.13174D+15  2.186   19.733   19.160   10.949   40.022   10.71   13.75   22.20
   23.18   27.54 0.13987D-08  1  0  0.00000  270.94  268.19 0.13138D+15  2.187   19.460   18.886   10.872   39.943   10.72   13.74   22.53
   23.51   27.93 0.13798D-08  1  0  0.00000  270.91  268.19 0.13103D+15  2.187   19.194   18.620   10.797   39.866   10.74   13.72   22.85
   23.83   28.32 0.13614D-08  1  0  0.00000  270.88  268.18 0.13067D+15  2.187   18.935   18.361   10.722   39.789   10.76   13.71   23.17
   24.15   28.71 0.13436D-08  1  0  0.00000  270.85  268.18 0.13033D+15  2.187   18.683   18.109   10.649   39.714   10.77   13.69   23.50
   24.47   29.10 0.13262D-08  1  0  0.00000  270.82  268.18 0.12998D+15  2.188   18.437   17.864   10.577   39.640   10.79   13.68   23.82
   24.79   29.49 0.13092D-08  1  0  0.00000  270.78  268.17 0.12964D+15  2.188   18.198   17.625   10.506   39.567   10.80   13.66   24.15
   25.12   29.88 0.12927D-08  1  0  0.00000  270.75  268.16 0.12930D+15  2.188   17.965   17.392   10.436   39.495   10.82   13.65   24.47
   25.44   30.27 0.12766D-08  1  0  0.00000  270.72  268.16 0.12897D+15  2.188   17.738   17.165   10.367   39.424   10.83   13.64   24.80
   25.76   30.66 0.12609D-08  1  0  0.00000  270.69  268.15 0.12864D+15  2.189   17.517   16.944   10.299   39.354   10.85   13.63   25.12
   26.08   31.05 0.12456D-08  1  0  0.00000  270.66  268.15 0.12832D+15  2.189   17.301   16.728   10.232   39.285   10.86   13.62   25.44
   26.40   31.44 0.12307D-08  1  0  0.00000  270.62  268.14 0.12800D+15  2.189   17.090   16.517   10.166   39.217   10.88   13.61   25.77
   26.73   31.83 0.12161D-08  1  0  0.00000  270.59  268.13 0.12768D+15  2.190   16.885   16.312   10.100   39.149   10.89   13.60   26.09
   27.05   32.22 0.12019D-08  1  0  0.00000  270.56  268.13 0.12736D+15  2.190   16.684   16.111   10.036   39.083   10.91   13.59   26.42
   27.37   32.61 0.11880D-08  1  0  0.00000  270.53  268.12 0.12705D+15  2.190   16.488   15.915    9.972   39.017   10.92   13.58   26.74
   27.69   33.00 0.11744D-08  1  0  0.00000  270.50  268.11 0.12675D+15  2.190   16.297   15.724    9.909   38.953   10.93   13.58   27.07
   28.01   33.39 0.11611D-08  1  0  0.00000  270.46  268.10 0.12644D+15  2.191   16.110   15.537    9.847   38.889   10.95   13.57   27.39
   28.34   33.78 0.11482D-08  1  0  0.00000  270.43  268.10 0.12614D+15  2.191   15.927   15.354    9.786   38.826   10.96   13.56   27.72
   28.66   34.17 0.11355D-08  1  0  0.00000  270.40  268.09 0.12584D+15  2.191   15.749   15.176    9.725   38.763   10.97   13.56   28.04
   28.98   34.56 0.11231D-08  1  0  0.00000  270.37  268.08 0.12554D+15  2.192   15.574   15.001    9.665   38.702   10.99   13.55   28.36
   29.30   34.95 0.11110D-08  1  0  0.00000  270.33  268.07 0.12525D+15  2.192   15.403   14.830    9.606   38.641   11.00   13.55   28.69
   29.62   35.34 0.10992D-08  1  0  0.00000  270.30  268.06 0.12496D+15  2.192   15.236   14.663    9.548   38.580   11.01   13.54   29.01
   29.95   35.72 0.10876D-08  1  0  0.00000  270.27  268.05 0.12467D+15  2.192   15.072   14.500    9.490   38.521   11.03   13.54   29.34
   30.27   36.11 0.10762D-08  1  0  0.00000  270.24  268.04 0.12439D+15  2.193   14.912   14.340    9.433   38.462   11.04   13.53   29.66
   30.59   36.50 0.10651D-08  1  0  0.00000  270.20  268.03 0.12411D+15  2.193   14.756   14.183    9.376   38.404   11.05   13.53   29.99
   30.91   36.89 0.10542D-08  1  0  0.00000  270.17  268.03 0.12383D+15  2.193   14.602   14.030    9.320   38.347   11.06   13.52   30.31
   31.23   37.28 0.10436D-08  1  0  0.00000  270.14  268.02 0.12355D+15  2.193   14.452   13.879    9.265   38.290   11.08   13.52   30.64
   31.56   37.67 0.10332D-08  1  0  0.00000  270.11  268.01 0.12328D+15  2.194   14.305   13.732    9.210   38.233   11.09   13.52   30.96
   31.88   38.06 0.10229D-08  1  0  0.00000  270.07  268.00 0.12301D+15  2.194   14.161   13.588    9.156   38.178   11.10   13.52   31.29
   32.20   38.45 0.10129D-08  1  0  0.00000  270.04  267.99 0.12274D+15  2.194   14.019   13.447    9.103   38.123   11.11   13.51   31.61
   32.52   38.84 0.10031D-08  1  0  0.00000  270.01  267.97 0.12247D+15  2.195   13.881   13.308    9.050   38.068   11.12   13.51   31.94
   32.84   39.23 0.99347D-09  1  0  0.00000  269.98  267.96 0.12220D+15  2.195   13.745   13.173    8.997   38.014   11.13   13.51   32.26
   33.17   39.62 0.98402D-09  1  0  0.00000  269.94  267.95 0.12194D+15  2.195   13.612   13.039    8.945   37.961   11.14   13.51   32.59
   33.49   40.01 0.97477D-09  1  0  0.00000  269.91  267.94 0.12168D+15  2.195   13.481   12.909    8.894   37.908   11.15   13.51   32.91
   33.81   40.40 0.96568D-09  1  0  0.00000  269.88  267.93 0.12142D+15  2.196   13.353   12.781    8.843   37.856   11.17   13.50   33.24
   34.13   40.79 0.95677D-09  1  0  0.00000  269.84  267.92 0.12117D+15  2.196   13.227   12.655    8.793   37.804   11.18   13.50   33.56
   34.45   41.18 0.94803D-09  1  0  0.00000  269.81  267.91 0.12091D+15  2.196   13.104   12.532    8.743   37.753   11.19   13.50   33.89
   34.78   41.57 0.93944D-09  1  0  0.00000  269.78  267.90 0.12066D+15  2.197   12.983   12.411    8.693   37.702   11.20   13.50   34.21
   35.10   41.96 0.93102D-09  1  0  0.00000  269.75  267.88 0.12041D+15  2.197   12.864   12.292    8.645   37.652   11.21   13.50   34.54
   35.42   42.35 0.92275D-09  1  0  0.00000  269.71  267.87 0.12016D+15  2.197   12.747   12.175    8.596   37.602   11.22   13.50   34.86
   35.74   42.74 0.91462D-09  1  0  0.00000  269.68  267.86 0.11992D+15  2.197   12.632   12.060    8.548   37.553   11.23   13.50   35.19
   36.06   43.13 0.90665D-09  1  0  0.00000  269.65  267.85 0.11967D+15  2.198   12.520   11.948    8.501   37.504   11.24   13.50   35.51
   36.39   43.52 0.89881D-09  1  0  0.00000  269.61  267.84 0.11943D+15  2.198   12.409   11.837    8.453   37.456   11.25   13.50   35.84
   36.71   43.91 0.89111D-09  1  0  0.00000  269.58  267.82 0.11919D+15  2.198   12.301   11.729    8.407   37.408   11.26   13.50   36.16
   37.03   44.30 0.88354D-09  1  0  0.00000  269.55  267.81 0.11895D+15  2.199   12.194   11.622    8.360   37.360   11.27   13.50   36.49
   37.35   44.69 0.87611D-09  1  0  0.00000  269.51  267.80 0.11871D+15  2.199   12.089   11.517    8.315   37.313   11.28   13.50   36.81
   37.67   45.08 0.86880D-09  1  0  0.00000  269.48  267.78 0.11848D+15  2.199   11.986   11.414    8.269   37.267   11.29   13.50   37.14
   38.00   45.47 0.86162D-09  1  0  0.00000  269.45  267.77 0.11824D+15  2.200   11.884   11.313    8.224   37.220   11.30   13.50   37.47
   38.32   45.86 0.85456D-09  1  0  0.00000  269.41  267.76 0.11801D+15  2.200   11.785   11.213    8.179   37.175   11.31   13.50   37.79
   38.64   46.25 0.84761D-09  1  0  0.00000  269.38  267.74 0.11778D+15  2.200   11.687   11.115    8.135   37.129   11.32   13.50   38.12
   38.96   46.64 0.84078D-09  1  0  0.00000  269.35  267.73 0.11755D+15  2.200   11.590   11.019    8.091   37.084   11.32   13.51   38.44
   39.28   47.03 0.83406D-09  1  0  0.00000  269.31  267.72 0.11733D+15  2.201   11.495   10.924    8.047   37.039   11.33   13.51   38.77
   39.61   47.42 0.82745D-09  1  0  0.00000  269.28  267.70 0.11710D+15  2.201   11.402   10.831    8.004   36.995   11.34   13.51   39.09
   39.93   47.81 0.82095D-09  1  0  0.00000  269.25  267.69 0.11688D+15  2.201   11.310   10.739    7.961   36.951   11.35   13.51   39.42
   40.25   48.20 0.81455D-09  1  0  0.00000  269.21  267.67 0.11665D+15  2.202   11.220   10.649    7.919   36.908   11.36   13.51   39.74
   40.57   48.59 0.80826D-09  1  0  0.00000  269.18  267.66 0.11643D+15  2.202   11.131   10.560    7.877   36.864   11.37   13.51   40.07
   40.89   48.99 0.80206D-09  1  0  0.00000  269.15  267.65 0.11621D+15  2.202   11.044   10.472    7.835   36.821   11.38   13.51   40.40
   41.22   49.38 0.79596D-09  1  0  0.00000  269.11  267.63 0.11600D+15  2.202   10.957   10.386    7.793   36.779   11.39   13.52   40.72
   41.54   49.77 0.78995D-09  1  0  0.00000  269.08  267.62 0.11578D+15  2.203   10.873   10.302    7.752   36.737   11.39   13.52   41.05
   41.86   50.16 0.78404D-09  1  0  0.00000  269.05  267.60 0.11556D+15  2.203   10.789   10.218    7.711   36.695   11.40   13.52   41.37
   42.18   50.55 0.77822D-09  1  0  0.00000  269.01  267.59 0.11535D+15  2.203   10.707   10.136    7.670   36.653   11.41   13.52   41.70
   42.50   50.94 0.77248D-09  1  0  0.00000  268.98  267.57 0.11514D+15  2.204   10.626   10.055    7.630   36.612   11.42   13.52   42.02
   42.83   51.33 0.76683D-09  1  0  0.00000  268.95  267.56 0.11493D+15  2.204   10.546    9.975    7.590   36.571   11.43   13.53   42.35
   43.15   51.72 0.76127D-09  1  0  0.00000  268.91  267.54 0.11472D+15  2.204   10.468    9.897    7.550   36.531   11.43   13.53   42.68
   43.47   52.11 0.75579D-09  1  0  0.00000  268.88  267.53 0.11451D+15  2.204   10.390    9.820    7.511   36.490   11.44   13.53   43.00
   43.79   52.50 0.75039D-09  1  0  0.00000  268.84  267.51 0.11430D+15  2.205   10.314    9.743    7.472   36.450   11.45   13.53   43.33
   44.11   52.89 0.74506D-09  1  0  0.00000  268.81  267.50 0.11409D+15  2.205   10.239    9.668    7.433   36.411   11.46   13.54   43.65
   44.44   53.28 0.73982D-09  1  0  0.00000  268.78  267.48 0.11389D+15  2.205   10.165    9.594    7.394   36.371   11.47   13.54   43.98
   44.76   53.67 0.73465D-09  1  0  0.00000  268.74  267.46 0.11368D+15  2.206   10.092    9.521    7.356   36.332   11.47   13.54   44.31
   45.08   54.06 0.72955D-09  1  0  0.00000  268.71  267.45 0.11348D+15  2.206   10.020    9.449    7.318   36.293   11.48   13.54   44.63
   45.40   54.45 0.72453D-09  1  0  0.00000  268.67  267.43 0.11328D+15  2.206    9.949    9.378    7.280   36.255   11.49   13.55   44.96
   45.72   54.84 0.71958D-09  1  0  0.00000  268.64  267.42 0.11308D+15  2.207    9.879    9.308    7.243   36.216   11.50   13.55   45.28
   46.05   55.23 0.71470D-09  1  0  0.00000  268.61  267.40 0.11288D+15  2.207    9.810    9.240    7.205   36.178   11.50   13.55   45.61
   46.37   55.62 0.70988D-09  1  0  0.00000  268.57  267.38 0.11268D+15  2.207    9.742    9.172    7.168   36.141   11.51   13.56   45.94
   46.69   56.01 0.70513D-09  1  0  0.00000  268.54  267.37 0.11249D+15  2.207    9.675    9.105    7.131   36.103   11.52   13.56   46.26
   47.01   56.40 0.70045D-09  1  0  0.00000  268.50  267.35 0.11229D+15  2.208    9.608    9.038    7.095   36.066   11.52   13.56   46.59
   47.33   56.79 0.69583D-09  1  0  0.00000  268.47  267.33 0.11210D+15  2.208    9.543    8.973    7.059   36.029   11.53   13.56   46.92
   47.66   57.19 0.69127D-09  1  0  0.00000  268.43  267.32 0.11190D+15  2.208    9.479    8.909    7.022   35.992   11.54   13.57   47.24
   47.98   57.58 0.68677D-09  1  0  0.00000  268.40  267.30 0.11171D+15  2.209    9.415    8.845    6.987   35.956   11.55   13.57   47.57
   48.30   57.97 0.68234D-09  1  0  0.00000  268.37  267.28 0.11152D+15  2.209    9.353    8.783    6.951   35.919   11.55   13.57   47.89
   48.62   58.36 0.67796D-09  1  0  0.00000  268.33  267.26 0.11133D+15  2.209    9.291    8.721    6.916   35.883   11.56   13.58   48.22
   48.94   58.75 0.67364D-09  1  0  0.00000  268.30  267.25 0.11114D+15  2.210    9.230    8.660    6.880   35.848   11.57   13.58   48.55
   49.27   59.14 0.66938D-09  1  0  0.00000  268.26  267.23 0.11095D+15  2.210    9.169    8.600    6.845   35.812   11.57   13.58   48.87
   49.59   59.53 0.66517D-09  1  0  0.00000  268.23  267.21 0.11076D+15  2.210    9.110    8.540    6.811   35.777   11.58   13.59   49.20
   49.91   59.92 0.66101D-09  1  0  0.00000  268.19  267.20 0.11058D+15  2.210    9.051    8.482    6.776   35.742   11.59   13.59   49.53
   50.23   60.31 0.65691D-09  1  0  0.00000  268.16  267.18 0.11039D+15  2.211    8.993    8.424    6.742   35.707   11.59   13.59   49.85
   50.55   60.70 0.65287D-09  1  0  0.00000  268.13  267.16 0.11021D+15  2.211    8.936    8.367    6.708   35.672   11.60   13.60   50.18
   50.88   61.09 0.64887D-09  1  0  0.00000  268.09  267.14 0.11002D+15  2.211    8.880    8.310    6.674   35.637   11.61   13.60   50.51
   51.20   61.48 0.64492D-09  1  0  0.00000  268.06  267.12 0.10984D+15  2.212    8.824    8.255    6.640   35.603   11.61   13.60   50.83
   51.52   61.87 0.64103D-09  1  0  0.00000  268.02  267.11 0.10966D+15  2.212    8.769    8.199    6.606   35.569   11.62   13.61   51.16
   51.84   62.27 0.63718D-09  1  0  0.00000  267.99  267.09 0.10948D+15  2.212    8.714    8.145    6.573   35.535   11.62   13.61   51.49
   52.16   62.66 0.63338D-09  1  0  0.00000  267.95  267.07 0.10930D+15  2.213    8.661    8.091    6.540   35.502   11.63   13.61   51.81
   52.49   63.05 0.62962D-09  1  0  0.00000  267.92  267.05 0.10912D+15  2.213    8.608    8.038    6.507   35.468   11.64   13.62   52.14
   52.81   63.44 0.62591D-09  1  0  0.00000  267.88  267.03 0.10894D+15  2.213    8.555    7.986    6.474   35.435   11.64   13.62   52.47
   53.13   63.83 0.62225D-09  1  0  0.00000  267.85  267.01 0.10877D+15  2.213    8.503    7.934    6.441   35.402   11.65   13.62   52.79
   53.45   64.22 0.61863D-09  1  0  0.00000  267.81  267.00 0.10859D+15  2.214    8.452    7.883    6.409   35.369   11.65   13.63   53.12
   53.77   64.61 0.61505D-09  1  0  0.00000  267.78  266.98 0.10841D+15  2.214    8.402    7.833    6.376   35.336   11.66   13.63   53.45
   54.10   65.00 0.61152D-09  1  0  0.00000  267.74  266.96 0.10824D+15  2.214    8.352    7.783    6.344   35.304   11.67   13.63   53.77
   54.42   65.39 0.60803D-09  1  0  0.00000  267.71  266.94 0.10806D+15  2.215    8.302    7.733    6.312   35.272   11.67   13.64   54.10
   54.74   65.78 0.60458D-09  1  0  0.00000  267.67  266.92 0.10789D+15  2.215    8.253    7.685    6.280   35.240   11.68   13.64   54.43
   55.06   66.18 0.60117D-09  1  0  0.00000  267.64  266.90 0.10772D+15  2.215    8.205    7.637    6.249   35.208   11.68   13.65   54.76
   55.38   66.57 0.59780D-09  1  0  0.00000  267.60  266.88 0.10755D+15  2.216    8.158    7.589    6.217   35.176   11.69   13.65   55.08
   55.71   66.96 0.59447D-09  1  0  0.00000  267.57  266.86 0.10738D+15  2.216    8.110    7.542    6.186   35.144   11.69   13.65   55.41
   56.03   67.35 0.59117D-09  1  0  0.00000  267.53  266.84 0.10721D+15  2.216    8.064    7.495    6.155   35.113   11.70   13.66   55.74
   56.35   67.74 0.58792D-09  1  0  0.00000  267.50  266.82 0.10704D+15  2.217    8.018    7.449    6.124   35.082   11.70   13.66   56.06
   56.67   68.13 0.58470D-09  1  0  0.00000  267.46  266.80 0.10687D+15  2.217    7.972    7.404    6.093   35.051   11.71   13.66   56.39
   56.99   68.52 0.58152D-09  1  0  0.00000  267.43  266.78 0.10670D+15  2.217    7.927    7.359    6.062   35.020   11.72   13.67   56.72
   57.32   68.91 0.57837D-09  1  0  0.00000  267.39  266.76 0.10653D+15  2.217    7.883    7.314    6.032   34.989   11.72   13.67   57.05
   57.64   69.31 0.57526D-09  1  0  0.00000  267.36  266.75 0.10637D+15  2.218    7.839    7.271    6.001   34.958   11.73   13.68   57.37
   57.96   69.70 0.57218D-09  1  0  0.00000  267.32  266.73 0.10620D+15  2.218    7.795    7.227    5.971   34.928   11.73   13.68   57.70
   58.28   70.09 0.56914D-09  1  0  0.00000  267.28  266.71 0.10604D+15  2.218    7.752    7.184    5.941   34.898   11.74   13.68   58.03
   58.60   70.48 0.56613D-09  1  0  0.00000  267.25  266.69 0.10587D+15  2.219    7.710    7.142    5.911   34.868   11.74   13.69   58.36
   58.93   70.87 0.56316D-09  1  0  0.00000  267.21  266.67 0.10571D+15  2.219    7.667    7.099    5.881   34.838   11.75   13.69   58.68
   59.25   71.26 0.56021D-09  1  0  0.00000  267.18  266.64 0.10554D+15  2.219    7.626    7.058    5.852   34.808   11.75   13.70   59.01
   59.57   71.65 0.55730D-09  1  0  0.00000  267.14  266.62 0.10538D+15  2.220    7.585    7.017    5.822   34.778   11.76   13.70   59.34
   59.89   72.05 0.55442D-09  1  0  0.00000  267.11  266.60 0.10522D+15  2.220    7.544    6.976    5.793   34.749   11.76   13.70   59.67
   60.21   72.44 0.55157D-09  1  0  0.00000  267.07  266.58 0.10506D+15  2.220    7.503    6.936    5.763   34.719   11.77   13.71   59.99
   60.54   72.83 0.54875D-09  1  0  0.00000  267.04  266.56 0.10490D+15  2.221    7.464    6.896    5.734   34.690   11.77   13.71   60.32
   60.86   73.22 0.54596D-09  1  0  0.00000  267.00  266.54 0.10474D+15  2.221    7.424    6.856    5.705   34.661   11.78   13.71   60.65
   61.18   73.61 0.54320D-09  1  0  0.00000  266.96  266.52 0.10458D+15  2.221    7.385    6.817    5.676   34.632   11.78   13.72   60.98
   61.50   74.00 0.54047D-09  1  0  0.00000  266.93  266.50 0.10442D+15  2.222    7.346    6.779    5.648   34.603   11.79   13.72   61.31
   61.82   74.40 0.53777D-09  1  0  0.00000  266.89  266.48 0.10426D+15  2.222    7.308    6.741    5.619   34.575   11.79   13.73   61.63
   62.15   74.79 0.53509D-09  1  0  0.00000  266.86  266.46 0.10411D+15  2.222    7.270    6.703    5.590   34.546   11.80   13.73   61.96
   62.47   75.18 0.53245D-09  1  0  0.00000  266.82  266.44 0.10395D+15  2.223    7.233    6.665    5.562   34.518   11.80   13.73   62.29
   62.79   75.57 0.52983D-09  1  0  0.00000  266.78  266.42 0.10380D+15  2.223    7.196    6.628    5.534   34.489   11.80   13.74   62.62
   63.11   75.96 0.52723D-09  1  0  0.00000  266.75  266.40 0.10364D+15  2.223    7.159    6.592    5.506   34.461   11.81   13.74   62.95
   63.43   76.35 0.52467D-09  1  0  0.00000  266.71  266.37 0.10349D+15  2.223    7.123    6.555    5.478   34.433   11.81   13.75   63.27
   63.76   76.75 0.52213D-09  1  0  0.00000  266.68  266.35 0.10333D+15  2.224    7.087    6.520    5.450   34.405   11.82   13.75   63.60
   64.08   77.14 0.51961D-09  1  0  0.00000  266.64  266.33 0.10318D+15  2.224    7.051    6.484    5.422   34.378   11.82   13.75   63.93
   64.40   77.53 0.51712D-09  1  0  0.00000  266.60  266.31 0.10302D+15  2.224    7.016    6.449    5.394   34.350   11.83   13.76   64.26
   64.72   77.92 0.51466D-09  1  0  0.00000  266.57  266.29 0.10287D+15  2.225    6.981    6.414    5.366   34.323   11.83   13.76   64.59
   65.04   78.31 0.51222D-09  1  0  0.00000  266.53  266.27 0.10272D+15  2.225    6.946    6.379    5.339   34.295   11.84   13.77   64.92
   65.37   78.71 0.50980D-09  1  0  0.00000  266.50  266.25 0.10257D+15  2.225    6.912    6.345    5.312   34.268   11.84   13.77   65.24
   65.69   79.10 0.50741D-09  1  0  0.00000  266.46  266.22 0.10242D+15  2.226    6.878    6.311    5.284   34.241   11.84   13.77   65.57
   66.01   79.49 0.50504D-09  1  0  0.00000  266.42  266.20 0.10227D+15  2.226    6.844    6.278    5.257   34.214   11.85   13.78   65.90
   66.33   79.88 0.50269D-09  1  0  0.00000  266.39  266.18 0.10212D+15  2.226    6.811    6.245    5.230   34.187   11.85   13.78   66.23
   66.65   80.27 0.50037D-09  1  0  0.00000  266.35  266.16 0.10197D+15  2.227    6.778    6.212    5.203   34.160   11.86   13.79   66.56
   66.98   80.67 0.49807D-09  1  0  0.00000  266.31  266.14 0.10182D+15  2.227    6.746    6.179    5.176   34.133   11.86   13.79   66.89
   67.30   81.06 0.49579D-09  1  0  0.00000  266.28  266.11 0.10167D+15  2.227    6.713    6.147    5.150   34.107   11.86   13.80   67.22
   67.62   81.45 0.49353D-09  1  0  0.00000  266.24  266.09 0.10152D+15  2.228    6.681    6.115    5.123   34.080   11.87   13.80   67.54
   67.94   81.84 0.49129D-09  1  0  0.00000  266.20  266.07 0.10138D+15  2.228    6.650    6.083    5.096   34.054   11.87   13.80   67.87
   68.26   82.23 0.48908D-09  1  0  0.00000  266.17  266.05 0.10123D+15  2.228    6.618    6.052    5.070   34.028   11.88   13.81   68.20
   68.59   82.63 0.48688D-09  1  0  0.00000  266.13  266.02 0.10108D+15  2.229    6.587    6.021    5.043   34.002   11.88   13.81   68.53
   68.91   83.02 0.48471D-09  1  0  0.00000  266.09  266.00 0.10094D+15  2.229    6.556    5.990    5.017   33.976   11.88   13.82   68.86
   69.23   83.41 0.48256D-09  1  0  0.00000  266.06  265.98 0.10079D+15  2.229    6.526    5.960    4.991   33.950   11.89   13.82   69.19
   69.55   83.80 0.48042D-09  1  0  0.00000  266.02  265.96 0.10065D+15  2.230    6.496    5.930    4.965   33.924   11.89   13.82   69.52
   69.87   84.20 0.47831D-09  1  0  0.00000  265.98  265.93 0.10050D+15  2.230    6.466    5.900    4.939   33.898   11.90   13.83   69.85
   70.20   84.59 0.47621D-09  1  0  0.00000  265.95  265.91 0.10036D+15  2.230    6.436    5.870    4.913   33.873   11.90   13.83   70.18
   70.52   84.98 0.47414D-09  1  0  0.00000  265.91  265.89 0.10022D+15  2.231    6.406    5.841    4.887   33.847   11.90   13.84   70.51
   70.84   85.37 0.47208D-09  1  0  0.00000  265.87  265.86 0.10007D+15  2.231    6.377    5.812    4.861   33.822   11.91   13.84   70.84
   71.16   85.76 0.47005D-09  1  0  0.00000  265.83  265.84 0.99932D+14  2.231    6.348    5.783    4.836   33.797   11.91   13.84   71.16
   71.48   86.15 0.46803D-09  1  0  0.00000  265.80  265.82 0.99790D+14  2.232    6.320    5.754    4.810   33.772   11.91   13.85   71.48
   71.81   86.54 0.46602D-09  1  0  0.00000  265.76  265.80 0.99649D+14  2.232    6.291    5.726    4.785   33.746   11.92   13.85   71.81
   72.13   86.93 0.46404D-09  1  0  0.00000  265.72  265.77 0.99508D+14  2.232    6.263    5.698    4.759   33.721   11.92   13.86   72.13
   72.45   87.32 0.46208D-09  1  0  0.00000  265.69  265.75 0.99368D+14  2.233    6.235    5.670    4.734   33.697   11.93   13.86   72.45
   72.77   87.70 0.46013D-09  1  0  0.00000  265.65  265.73 0.99227D+14  2.233    6.208    5.642    4.709   33.672   11.93   13.86   72.77
   73.09   88.09 0.45820D-09  1  0  0.00000  265.61  265.70 0.99088D+14  2.233    6.180    5.615    4.684   33.647   11.93   13.87   73.09
   73.42   88.48 0.45628D-09  1  0  0.00000  265.57  265.68 0.98949D+14  2.234    6.153    5.588    4.659   33.622   11.94   13.87   73.42
   73.74   88.87 0.45439D-09  1  0  0.00000  265.54  265.65 0.98810D+14  2.234    6.126    5.561    4.634   33.598   11.94   13.88   73.74
   74.06   89.26 0.45250D-09  1  0  0.00000  265.50  265.63 0.98671D+14  2.234    6.100    5.534    4.609   33.574   11.94   13.88   74.06
   74.38   89.65 0.45064D-09  1  0  0.00000  265.46  265.61 0.98533D+14  2.235    6.073    5.508    4.584   33.549   11.95   13.88   74.38
   74.70   90.03 0.44879D-09  1  0  0.00000  265.42  265.58 0.98396D+14  2.235    6.047    5.482    4.559   33.525   11.95   13.89   74.70
   75.03   90.42 0.44696D-09  1  0  0.00000  265.39  265.56 0.98259D+14  2.235    6.021    5.456    4.534   33.501   11.95   13.89   75.03
   75.35   90.81 0.44514D-09  1  0  0.00000  265.35  265.53 0.98122D+14  2.236    5.995    5.430    4.510   33.477   11.96   13.90   75.35
   75.67   91.20 0.44334D-09  1  0  0.00000  265.31  265.51 0.97986D+14  2.236    5.969    5.405    4.485   33.453   11.96   13.90   75.67
   75.99   91.59 0.44155D-09  1  0  0.00000  265.27  265.49 0.97850D+14  2.236    5.944    5.379    4.461   33.429   11.96   13.91   75.99
   76.31   91.97 0.43978D-09  1  0  0.00000  265.24  265.46 0.97714D+14  2.237    5.919    5.354    4.436   33.405   11.97   13.91   76.31
   76.64   92.36 0.43803D-09  1  0  0.00000  265.20  265.44 0.97579D+14  2.237    5.894    5.329    4.412   33.381   11.97   13.91   76.64
   76.96   92.75 0.43629D-09  1  0  0.00000  265.16  265.41 0.97445D+14  2.237    5.869    5.305    4.388   33.358   11.97   13.92   76.96
   77.28   93.14 0.43456D-09  1  0  0.00000  265.12  265.39 0.97310D+14  2.238    5.845    5.280    4.364   33.334   11.97   13.92   77.28
   77.60   93.53 0.43285D-09  1  0  0.00000  265.09  265.36 0.97176D+14  2.238    5.820    5.256    4.339   33.311   11.98   13.93   77.60
   77.92   93.91 0.43115D-09  1  0  0.00000  265.05  265.34 0.97043D+14  2.238    5.796    5.232    4.315   33.287   11.98   13.93   77.92
   78.25   94.30 0.42947D-09  1  0  0.00000  265.01  265.32 0.96909D+14  2.239    5.772    5.208    4.291   33.264   11.98   13.93   78.25
   78.57   94.69 0.42779D-09  1  0  0.00000  264.97  265.29 0.96777D+14  2.239    5.749    5.185    4.267   33.241   11.99   13.94   78.57
   78.89   95.08 0.42614D-09  1  0  0.00000  264.93  265.27 0.96644D+14  2.239    5.725    5.161    4.244   33.217   11.99   13.94   78.89
   79.21   95.47 0.42449D-09  1  0  0.00000  264.90  265.24 0.96512D+14  2.240    5.702    5.138    4.220   33.194   11.99   13.95   79.21
   79.53   95.85 0.42286D-09  1  0  0.00000  264.86  265.22 0.96380D+14  2.240    5.679    5.115    4.196   33.171   12.00   13.95   79.53
   79.86   96.24 0.42125D-09  1  0  0.00000  264.82  265.19 0.96249D+14  2.240    5.656    5.092    4.172   33.148   12.00   13.95   79.86
   80.18   96.63 0.41964D-09  1  0  0.00000  264.78  265.17 0.96118D+14  2.241    5.633    5.069    4.149   33.125   12.00   13.96   80.18
   80.50   97.02 0.41805D-09  1  0  0.00000  264.74  265.14 0.95987D+14  2.241    5.610    5.046    4.125   33.103   12.00   13.96   80.50
   80.82   97.41 0.41648D-09  1  0  0.00000  264.70  265.12 0.95857D+14  2.241    5.588    5.024    4.102   33.080   12.01   13.97   80.82
   81.14   97.79 0.41491D-09  1  0  0.00000  264.67  265.09 0.95727D+14  2.242    5.566    5.002    4.078   33.057   12.01   13.97   81.14
   81.47   98.18 0.41336D-09  1  0  0.00000  264.63  265.07 0.95597D+14  2.242    5.543    4.980    4.055   33.035   12.01   13.97   81.47
   81.79   98.57 0.41182D-09  1  0  0.00000  264.59  265.04 0.95468D+14  2.242    5.522    4.958    4.032   33.012   12.02   13.98   81.79
   82.11   98.96 0.41029D-09  1  0  0.00000  264.55  265.01 0.95339D+14  2.243    5.500    4.936    4.008   32.990   12.02   13.98   82.11
   82.43   99.35 0.40877D-09  1  0  0.00000  264.51  264.99 0.95210D+14  2.243    5.478    4.915    3.985   32.967   12.02   13.99   82.43
   82.75   99.74 0.40726D-09  1  0  0.00000  264.47  264.96 0.95082D+14  2.243    5.457    4.894    3.962   32.945   12.02   13.99   82.75
   83.08  100.12 0.40577D-09  1  0  0.00000  264.44  264.94 0.94954D+14  2.244    5.436    4.872    3.939   32.923   12.03   13.99   83.08
   83.40  100.51 0.40429D-09  1  0  0.00000  264.40  264.91 0.94826D+14  2.244    5.414    4.851    3.916   32.901   12.03   14.00   83.40
   83.72  100.90 0.40282D-09  1  0  0.00000  264.36  264.89 0.94699D+14  2.244    5.394    4.831    3.893   32.879   12.03   14.00   83.72
   84.04  101.29 0.40136D-09  1  0  0.00000  264.32  264.86 0.94572D+14  2.245    5.373    4.810    3.870   32.857   12.03   14.01   84.04
   84.36  101.68 0.39991D-09  1  0  0.00000  264.28  264.83 0.94445D+14  2.245    5.352    4.789    3.847   32.835   12.04   14.01   84.36
   84.69  102.06 0.39848D-09  1  0  0.00000  264.24  264.81 0.94319D+14  2.245    5.332    4.769    3.825   32.813   12.04   14.01   84.69
   85.01  102.45 0.39705D-09  1  0  0.00000  264.20  264.78 0.94193D+14  2.246    5.311    4.749    3.802   32.791   12.04   14.02   85.01
   85.33  102.84 0.39563D-09  1  0  0.00000  264.16  264.76 0.94067D+14  2.246    5.291    4.729    3.779   32.769   12.04   14.02   85.33
   85.65  103.23 0.39423D-09  1  0  0.00000  264.12  264.73 0.93942D+14  2.246    5.271    4.709    3.756   32.747   12.05   14.03   85.65
   85.97  103.62 0.39284D-09  1  0  0.00000  264.09  264.70 0.93817D+14  2.247    5.251    4.689    3.734   32.726   12.05   14.03   85.97
   86.30  104.00 0.39145D-09  1  0  0.00000  264.05  264.68 0.93692D+14  2.247    5.232    4.669    3.711   32.704   12.05   14.03   86.30
   86.62  104.39 0.39008D-09  1  0  0.00000  264.01  264.65 0.93567D+14  2.248    5.212    4.650    3.689   32.683   12.05   14.04   86.62
   86.94  104.78 0.38872D-09  1  0  0.00000  263.97  264.63 0.93443D+14  2.248    5.193    4.630    3.666   32.661   12.06   14.04   86.94
   87.26  105.17 0.38736D-09  1  0  0.00000  263.93  264.60 0.93319D+14  2.248    5.174    4.611    3.644   32.640   12.06   14.05   87.26
   87.58  105.56 0.38602D-09  1  0  0.00000  263.89  264.57 0.93195D+14  2.249    5.154    4.592    3.622   32.618   12.06   14.05   87.58
   87.91  105.94 0.38469D-09  1  0  0.00000  263.85  264.55 0.93072D+14  2.249    5.135    4.573    3.599   32.597   12.06   14.05   87.91
   88.23  106.33 0.38336D-09  1  0  0.00000  263.81  264.52 0.92949D+14  2.249    5.117    4.555    3.577   32.576   12.07   14.06   88.23
   88.55  106.72 0.38205D-09  1  0  0.00000  263.77  264.49 0.92826D+14  2.250    5.098    4.536    3.555   32.555   12.07   14.06   88.55
   88.87  107.11 0.38074D-09  1  0  0.00000  263.73  264.46 0.92704D+14  2.250    5.079    4.517    3.533   32.534   12.07   14.07   88.87
   89.19  107.50 0.37945D-09  1  0  0.00000  263.69  264.44 0.92582D+14  2.250    5.061    4.499    3.511   32.513   12.07   14.07   89.19
   89.52  107.88 0.37816D-09  1  0  0.00000  263.65  264.41 0.92460D+14  2.251    5.042    4.481    3.489   32.492   12.08   14.07   89.52
   89.84  108.27 0.37689D-09  1  0  0.00000  263.61  264.38 0.92338D+14  2.251    5.024    4.463    3.467   32.471   12.08   14.08   89.84
   90.16  108.66 0.37562D-09  1  0  0.00000  263.57  264.36 0.92217D+14  2.251    5.006    4.445    3.445   32.450   12.08   14.08   90.16
   90.48  109.05 0.37436D-09  1  0  0.00000  263.53  264.33 0.92095D+14  2.252    4.988    4.427    3.423   32.429   12.08   14.09   90.48
   90.80  109.44 0.37311D-09  1  0  0.00000  263.49  264.30 0.91975D+14  2.252    4.970    4.409    3.401   32.408   12.08   14.09   90.80
   91.13  109.83 0.37187D-09  1  0  0.00000  263.45  264.28 0.91854D+14  2.252    4.953    4.391    3.379   32.388   12.09   14.09   91.13
   91.45  110.21 0.37064D-09  1  0  0.00000  263.41  264.25 0.91734D+14  2.253    4.935    4.374    3.357   32.367   12.09   14.10   91.45
   91.77  110.60 0.36942D-09  1  0  0.00000  263.37  264.22 0.91614D+14  2.253    4.918    4.357    3.335   32.346   12.09   14.10   91.77
   92.09  110.99 0.36821D-09  1  0  0.00000  263.34  264.19 0.91494D+14  2.254    4.900    4.339    3.314   32.326   12.09   14.11   92.09
   92.41  111.38 0.36700D-09  1  0  0.00000  263.30  264.17 0.91374D+14  2.254    4.883    4.322    3.292   32.305   12.09   14.11   92.41
   92.74  111.77 0.36580D-09  1  0  0.00000  263.26  264.14 0.91255D+14  2.254    4.866    4.305    3.270   32.285   12.10   14.11   92.74
   93.06  112.15 0.36461D-09  1  0  0.00000  263.21  264.11 0.91136D+14  2.255    4.849    4.288    3.249   32.265   12.10   14.12   93.06
   93.38  112.54 0.36343D-09  1  0  0.00000  263.17  264.08 0.91017D+14  2.255    4.832    4.272    3.227   32.244   12.10   14.12   93.38
   93.70  112.93 0.36226D-09  1  0  0.00000  263.13  264.05 0.90899D+14  2.255    4.816    4.255    3.205   32.224   12.10   14.12   93.70
   94.02  113.32 0.36110D-09  1  0  0.00000  263.09  264.03 0.90780D+14  2.256    4.799    4.238    3.184   32.204   12.10   14.13   94.02
   94.35  113.71 0.35994D-09  1  0  0.00000  263.05  264.00 0.90662D+14  2.256    4.783    4.222    3.162   32.184   12.11   14.13   94.35
   94.67  114.09 0.35879D-09  1  0  0.00000  263.01  263.97 0.90544D+14  2.256    4.766    4.206    3.141   32.163   12.11   14.14   94.67
   94.99  114.48 0.35765D-09  1  0  0.00000  262.97  263.94 0.90427D+14  2.257    4.750    4.189    3.120   32.143   12.11   14.14   94.99
   95.31  114.87 0.35652D-09  1  0  0.00000  262.93  263.91 0.90310D+14  2.257    4.734    4.173    3.098   32.123   12.11   14.14   95.31
   95.63  115.26 0.35539D-09  1  0  0.00000  262.89  263.89 0.90192D+14  2.258    4.718    4.157    3.077   32.103   12.11   14.15   95.63
   95.96  115.65 0.35427D-09  1  0  0.00000  262.85  263.86 0.90076D+14  2.258    4.702    4.141    3.056   32.083   12.12   14.15   95.96
   96.28  116.03 0.35316D-09  1  0  0.00000  262.81  263.83 0.89959D+14  2.258    4.686    4.126    3.034   32.064   12.12   14.16   96.28
   96.60  116.42 0.35206D-09  1  0  0.00000  262.77  263.80 0.89843D+14  2.259    4.670    4.110    3.013   32.044   12.12   14.16   96.60
   96.92  116.81 0.35096D-09  1  0  0.00000  262.73  263.77 0.89727D+14  2.259    4.654    4.094    2.992   32.024   12.12   14.16   96.92
   97.24  117.20 0.34987D-09  1  0  0.00000  262.69  263.74 0.89611D+14  2.259    4.639    4.079    2.971   32.004   12.12   14.17   97.24
   97.57  117.59 0.34879D-09  1  0  0.00000  262.65  263.71 0.89495D+14  2.260    4.623    4.063    2.950   31.984   12.13   14.17   97.57
   97.89  117.97 0.34772D-09  1  0  0.00000  262.61  263.69 0.89379D+14  2.260    4.608    4.048    2.929   31.965   12.13   14.17   97.89
   98.21  118.36 0.34665D-09  1  0  0.00000  262.57  263.66 0.89264D+14  2.260    4.593    4.033    2.908   31.945   12.13   14.18   98.21
   98.53  118.75 0.34559D-09  1  0  0.00000  262.53  263.63 0.89149D+14  2.261    4.578    4.018    2.887   31.926   12.13   14.18   98.53
   98.85  119.14 0.34454D-09  1  0  0.00000  262.49  263.60 0.89034D+14  2.261    4.563    4.003    2.866   31.906   12.13   14.19   98.85
   99.18  119.53 0.34349D-09  1  0  0.00000  262.44  263.57 0.88920D+14  2.262    4.548    3.988    2.845   31.887   12.13   14.19   99.18
   99.50  119.91 0.34245D-09  1  0  0.00000  262.40  263.54 0.88805D+14  2.262    4.533    3.973    2.824   31.867   12.14   14.19   99.50
   99.82  120.30 0.34142D-09  1  0  0.00000  262.36  263.51 0.88691D+14  2.262    4.518    3.959    2.803   31.848   12.14   14.20   99.82
  100.14  120.69 0.34039D-09  1  0  0.00000  262.32  263.48 0.88577D+14  2.263    4.503    3.944    2.782   31.828   12.14   14.20  100.14
  100.46  121.08 0.33937D-09  1  0  0.00000  262.28  263.45 0.88464D+14  2.263    4.489    3.929    2.761   31.809   12.14   14.21  100.46
  100.79  121.47 0.33836D-09  1  0  0.00000  262.24  263.42 0.88350D+14  2.263    4.474    3.915    2.741   31.790   12.14   14.21  100.79
  101.11  121.86 0.33735D-09  1  0  0.00000  262.20  263.40 0.88237D+14  2.264    4.460    3.901    2.720   31.771   12.14   14.21  101.11
  101.43  122.24 0.33635D-09  1  0  0.00000  262.16  263.37 0.88124D+14  2.264    4.445    3.887    2.699   31.751   12.14   14.22  101.43
  101.75  122.63 0.33536D-09  1  0  0.00000  262.11  263.34 0.88011D+14  2.265    4.431    3.872    2.678   31.732   12.15   14.22  101.75
  102.07  123.02 0.33437D-09  1  0  0.00000  262.07  263.31 0.87898D+14  2.265    4.417    3.858    2.658   31.713   12.15   14.22  102.07
  102.40  123.41 0.33339D-09  1  0  0.00000  262.03  263.28 0.87786D+14  2.265    4.403    3.844    2.637   31.694   12.15   14.23  102.40
  102.72  123.80 0.33242D-09  1  0  0.00000  261.99  263.25 0.87673D+14  2.266    4.389    3.830    2.616   31.675   12.15   14.23  102.72
  103.04  124.18 0.33145D-09  1  0  0.00000  261.95  263.22 0.87561D+14  2.266    4.375    3.817    2.596   31.656   12.15   14.24  103.04
  103.36  124.57 0.33049D-09  1  0  0.00000  261.91  263.19 0.87449D+14  2.266    4.361    3.803    2.575   31.637   12.15   14.24  103.36
  103.68  124.96 0.32953D-09  1  0  0.00000  261.86  263.16 0.87338D+14  2.267    4.348    3.789    2.555   31.618   12.16   14.24  103.68
  104.01  125.35 0.32858D-09  1  0  0.00000  261.82  263.13 0.87226D+14  2.267    4.334    3.776    2.534   31.599   12.16   14.25  104.01
  104.33  125.74 0.32763D-09  1  0  0.00000  261.78  263.10 0.87115D+14  2.268    4.321    3.762    2.514   31.581   12.16   14.25  104.33
  104.65  126.12 0.32669D-09  1  0  0.00000  261.74  263.07 0.87004D+14  2.268    4.307    3.749    2.493   31.562   12.16   14.25  104.65
  104.97  126.51 0.32576D-09  1  0  0.00000  261.70  263.04 0.86893D+14  2.268    4.294    3.736    2.473   31.543   12.16   14.26  104.97
  105.29  126.90 0.32483D-09  1  0  0.00000  261.65  263.01 0.86782D+14  2.269    4.280    3.722    2.452   31.524   12.16   14.26  105.29
  105.62  127.29 0.32391D-09  1  0  0.00000  261.61  262.98 0.86672D+14  2.269    4.267    3.709    2.432   31.506   12.16   14.27  105.62
  105.94  127.68 0.32299D-09  1  0  0.00000  261.57  262.95 0.86561D+14  2.269    4.254    3.696    2.411   31.487   12.16   14.27  105.94
  106.26  128.06 0.32208D-09  1  0  0.00000  261.53  262.92 0.86451D+14  2.270    4.241    3.683    2.391   31.469   12.17   14.27  106.26
  106.58  128.45 0.32118D-09  1  0  0.00000  261.49  262.89 0.86341D+14  2.270    4.228    3.670    2.371   31.450   12.17   14.28  106.58
  106.90  128.84 0.32028D-09  1  0  0.00000  261.44  262.86 0.86231D+14  2.271    4.215    3.658    2.350   31.431   12.17   14.28  106.90
  107.23  129.23 0.31938D-09  1  0  0.00000  261.40  262.82 0.86122D+14  2.271    4.202    3.645    2.330   31.413   12.17   14.28  107.23
  107.55  129.62 0.31849D-09  1  0  0.00000  261.36  262.79 0.86012D+14  2.271    4.190    3.632    2.310   31.394   12.17   14.29  107.55
  107.87  130.00 0.31761D-09  1  0  0.00000  261.32  262.76 0.85903D+14  2.272    4.177    3.620    2.290   31.376   12.17   14.29  107.87
  108.19  130.39 0.31673D-09  1  0  0.00000  261.27  262.73 0.85794D+14  2.272    4.164    3.607    2.269   31.358   12.17   14.30  108.19
  108.51  130.78 0.31586D-09  1  0  0.00000  261.23  262.70 0.85685D+14  2.273    4.152    3.595    2.249   31.339   12.18   14.30  108.51
  108.84  131.17 0.31499D-09  1  0  0.00000  261.19  262.67 0.85576D+14  2.273    4.139    3.582    2.229   31.321   12.18   14.30  108.84
  109.16  131.56 0.31413D-09  1  0  0.00000  261.15  262.64 0.85468D+14  2.273    4.127    3.570    2.209   31.303   12.18   14.31  109.16
  109.48  131.95 0.31327D-09  1  0  0.00000  261.10  262.61 0.85359D+14  2.274    4.115    3.558    2.189   31.284   12.18   14.31  109.48
  109.80  132.33 0.31242D-09  1  0  0.00000  261.06  262.58 0.85251D+14  2.274    4.102    3.545    2.169   31.266   12.18   14.31  109.80
  110.12  132.72 0.31157D-09  1  0  0.00000  261.02  262.55 0.85143D+14  2.275    4.090    3.533    2.149   31.248   12.18   14.32  110.12
  110.45  133.11 0.31073D-09  1  0  0.00000  260.97  262.51 0.85035D+14  2.275    4.078    3.521    2.129   31.230   12.18   14.32  110.45
  110.77  133.50 0.30989D-09  1  0  0.00000  260.93  262.48 0.84927D+14  2.275    4.066    3.509    2.108   31.212   12.18   14.32  110.77
  111.09  133.89 0.30906D-09  1  0  0.00000  260.89  262.45 0.84820D+14  2.276    4.054    3.498    2.088   31.194   12.18   14.33  111.09
  111.41  134.27 0.30823D-09  1  0  0.00000  260.85  262.42 0.84712D+14  2.276    4.042    3.486    2.068   31.176   12.19   14.33  111.41
  111.73  134.66 0.30740D-09  1  0  0.00000  260.80  262.39 0.84605D+14  2.276    4.030    3.474    2.048   31.158   12.19   14.34  111.73
  112.06  135.05 0.30659D-09  1  0  0.00000  260.76  262.36 0.84498D+14  2.277    4.019    3.462    2.028   31.140   12.19   14.34  112.06
  112.38  135.44 0.30577D-09  1  0  0.00000  260.72  262.33 0.84391D+14  2.277    4.007    3.451    2.009   31.122   12.19   14.34  112.38
  112.70  135.83 0.30496D-09  1  0  0.00000  260.67  262.29 0.84284D+14  2.278    3.995    3.439    1.989   31.104   12.19   14.35  112.70
  113.02  136.21 0.30416D-09  1  0  0.00000  260.63  262.26 0.84178D+14  2.278    3.984    3.428    1.969   31.086   12.19   14.35  113.02
  113.34  136.60 0.30336D-09  1  0  0.00000  260.59  262.23 0.84071D+14  2.278    3.972    3.416    1.949   31.068   12.19   14.35  113.34
  113.67  136.99 0.30256D-09  1  0  0.00000  260.54  262.20 0.83965D+14  2.279    3.961    3.405    1.929   31.050   12.19   14.36  113.67
  113.99  137.38 0.30177D-09  1  0  0.00000  260.50  262.17 0.83859D+14  2.279    3.949    3.394    1.909   31.032   12.19   14.36  113.99
  114.31  137.77 0.30099D-09  1  0  0.00000  260.46  262.13 0.83753D+14  2.280    3.938    3.382    1.889   31.014   12.19   14.36  114.31
  114.63  138.15 0.30020D-09  1  0  0.00000  260.41  262.10 0.83647D+14  2.280    3.927    3.371    1.869   30.997   12.20   14.37  114.63
  114.95  138.54 0.29943D-09  1  0  0.00000  260.37  262.07 0.83541D+14  2.280    3.916    3.360    1.849   30.979   12.20   14.37  114.95
  115.28  138.93 0.29865D-09  1  0  0.00000  260.32  262.04 0.83436D+14  2.281    3.904    3.349    1.830   30.961   12.20   14.38  115.28
  115.60  139.32 0.29788D-09  1  0  0.00000  260.28  262.00 0.83331D+14  2.281    3.893    3.338    1.810   30.944   12.20   14.38  115.60
  115.92  139.71 0.29712D-09  1  0  0.00000  260.24  261.97 0.83225D+14  2.282    3.882    3.327    1.790   30.926   12.20   14.38  115.92
  116.24  140.09 0.29636D-09  1  0  0.00000  260.19  261.94 0.83120D+14  2.282    3.871    3.316    1.770   30.908   12.20   14.39  116.24
  116.56  140.48 0.29560D-09  1  0  0.00000  260.15  261.91 0.83015D+14  2.282    3.860    3.305    1.751   30.891   12.20   14.39  116.56
  116.89  140.87 0.29485D-09  1  0  0.00000  260.10  261.87 0.82910D+14  2.283    3.850    3.295    1.731   30.873   12.20   14.39  116.89
  117.21  141.26 0.29410D-09  1  0  0.00000  260.06  261.84 0.82806D+14  2.283    3.839    3.284    1.711   30.856   12.20   14.40  117.21
  117.53  141.65 0.29336D-09  1  0  0.00000  260.02  261.81 0.82701D+14  2.284    3.828    3.273    1.691   30.838   12.20   14.40  117.53
  117.85  142.04 0.29262D-09  1  0  0.00000  259.97  261.78 0.82597D+14  2.284    3.817    3.263    1.672   30.821   12.20   14.40  117.85
  118.17  142.42 0.29188D-09  1  0  0.00000  259.93  261.74 0.82493D+14  2.284    3.807    3.252    1.652   30.803   12.21   14.41  118.17
  118.50  142.81 0.29115D-09  1  0  0.00000  259.88  261.71 0.82389D+14  2.285    3.796    3.242    1.632   30.786   12.21   14.41  118.50
  118.82  143.20 0.29042D-09  1  0  0.00000  259.84  261.68 0.82285D+14  2.285    3.786    3.231    1.613   30.768   12.21   14.41  118.82
  119.14  143.59 0.28970D-09  1  0  0.00000  259.79  261.64 0.82181D+14  2.286    3.775    3.221    1.593   30.751   12.21   14.42  119.14
  119.46  143.98 0.28898D-09  1  0  0.00000  259.75  261.61 0.82077D+14  2.286    3.765    3.211    1.573   30.734   12.21   14.42  119.46
  119.78  144.36 0.28826D-09  1  0  0.00000  259.71  261.58 0.81973D+14  2.286    3.755    3.201    1.554   30.716   12.21   14.42  119.78
  120.11  144.75 0.28755D-09  1  0  0.00000  259.66  261.54 0.81870D+14  2.287    3.744    3.190    1.534   30.699   12.21   14.43  120.11
  120.43  145.14 0.28684D-09  1  0  0.00000  259.62  261.51 0.81767D+14  2.287    3.734    3.180    1.515   30.682   12.21   14.43  120.43
  120.75  145.53 0.28614D-09  1  0  0.00000  259.57  261.48 0.81664D+14  2.288    3.724    3.170    1.495   30.664   12.21   14.44  120.75
  121.07  145.92 0.28544D-09  1  0  0.00000  259.53  261.44 0.81561D+14  2.288    3.714    3.160    1.475   30.647   12.21   14.44  121.07
  121.39  146.30 0.28474D-09  1  0  0.00000  259.48  261.41 0.81458D+14  2.289    3.704    3.150    1.456   30.630   12.21   14.44  121.39
  121.72  146.69 0.28405D-09  1  0  0.00000  259.44  261.38 0.81355D+14  2.289    3.694    3.140    1.436   30.613   12.21   14.45  121.72
  122.04  147.08 0.28336D-09  1  0  0.00000  259.39  261.34 0.81252D+14  2.289    3.684    3.130    1.417   30.596   12.21   14.45  122.04
  122.36  147.47 0.28267D-09  1  0  0.00000  259.35  261.31 0.81150D+14  2.290    3.674    3.121    1.397   30.579   12.21   14.45  122.36
  122.68  147.86 0.28199D-09  1  0  0.00000  259.30  261.28 0.81047D+14  2.290    3.664    3.111    1.378   30.561   12.22   14.46  122.68
  123.00  148.24 0.28131D-09  1  0  0.00000  259.26  261.24 0.80945D+14  2.291    3.654    3.101    1.358   30.544   12.22   14.46  123.00
  123.33  148.63 0.28064D-09  1  0  0.00000  259.21  261.21 0.80843D+14  2.291    3.644    3.091    1.339   30.527   12.22   14.46  123.33
  123.65  149.02 0.27997D-09  1  0  0.00000  259.17  261.17 0.80741D+14  2.291    3.635    3.082    1.319   30.510   12.22   14.47  123.65
  123.97  149.41 0.27930D-09  1  0  0.00000  259.12  261.14 0.80639D+14  2.292    3.625    3.072    1.300   30.493   12.22   14.47  123.97
  124.29  149.80 0.27863D-09  1  0  0.00000  259.07  261.10 0.80537D+14  2.292    3.615    3.063    1.280   30.476   12.22   14.47  124.29
  124.61  150.18 0.27797D-09  1  0  0.00000  259.03  261.07 0.80436D+14  2.293    3.606    3.053    1.261   30.459   12.22   14.48  124.61
  124.94  150.57 0.27732D-09  1  0  0.00000  258.98  261.04 0.80334D+14  2.293    3.596    3.044    1.241   30.442   12.22   14.48  124.94
  125.26  150.96 0.27666D-09  1  0  0.00000  258.94  261.00 0.80233D+14  2.294    3.587    3.034    1.222   30.425   12.22   14.48  125.26
  125.58  151.35 0.27601D-09  1  0  0.00000  258.89  260.97 0.80131D+14  2.294    3.577    3.025    1.202   30.409   12.22   14.49  125.58
  125.90  151.74 0.27536D-09  1  0  0.00000  258.85  260.93 0.80030D+14  2.294    3.568    3.016    1.183   30.392   12.22   14.49  125.90
  126.22  152.13 0.27472D-09  1  0  0.00000  258.80  260.90 0.79929D+14  2.295    3.559    3.007    1.164   30.375   12.22   14.49  126.22
  126.55  152.51 0.27408D-09  1  0  0.00000  258.75  260.86 0.79828D+14  2.295    3.549    2.997    1.144   30.358   12.22   14.50  126.55
  126.87  152.90 0.27344D-09  1  0  0.00000  258.71  260.83 0.79727D+14  2.296    3.540    2.988    1.125   30.341   12.22   14.50  126.87
  127.19  153.29 0.27280D-09  1  0  0.00000  258.66  260.79 0.79626D+14  2.296    3.531    2.979    1.105   30.324   12.22   14.50  127.19
  127.51  153.68 0.27217D-09  1  0  0.00000  258.62  260.76 0.79526D+14  2.297    3.522    2.970    1.086   30.308   12.22   14.51  127.51
  127.83  154.07 0.27155D-09  1  0  0.00000  258.57  260.72 0.79425D+14  2.297    3.513    2.961    1.066   30.291   12.22   14.51  127.83
  128.16  154.45 0.27092D-09  1  0  0.00000  258.52  260.69 0.79325D+14  2.297    3.504    2.952    1.047   30.274   12.22   14.52  128.16
  128.48  154.84 0.27030D-09  1  0  0.00000  258.48  260.65 0.79225D+14  2.298    3.495    2.943    1.028   30.257   12.22   14.52  128.48
  128.80  155.23 0.26968D-09  1  0  0.00000  258.43  260.62 0.79124D+14  2.298    3.486    2.934    1.008   30.241   12.23   14.52  128.80
  129.12  155.62 0.26906D-09  1  0  0.00000  258.38  260.58 0.79024D+14  2.299    3.477    2.925    0.989   30.224   12.23   14.53  129.12
  129.44  156.01 0.26845D-09  1  0  0.00000  258.34  260.55 0.78924D+14  2.299    3.468    2.917    0.970   30.207   12.23   14.53  129.44
  129.77  156.39 0.26784D-09  1  0  0.00000  258.29  260.51 0.78824D+14  2.300    3.459    2.908    0.950   30.191   12.23   14.53  129.77
  130.09  156.78 0.26724D-09  1  0  0.00000  258.24  260.48 0.78725D+14  2.300    3.450    2.899    0.931   30.174   12.23   14.54  130.09
  130.41  157.17 0.26663D-09  1  0  0.00000  258.20  260.44 0.78625D+14  2.300    3.442    2.891    0.912   30.157   12.23   14.54  130.41
  130.73  157.56 0.26603D-09  1  0  0.00000  258.15  260.40 0.78525D+14  2.301    3.433    2.882    0.892   30.141   12.23   14.54  130.73
  131.05  157.95 0.26544D-09  1  0  0.00000  258.10  260.37 0.78426D+14  2.301    3.424    2.873    0.873   30.124   12.23   14.55  131.05
  131.38  158.33 0.26484D-09  1  0  0.00000  258.06  260.33 0.78327D+14  2.302    3.415    2.865    0.854   30.108   12.23   14.55  131.38
  131.70  158.72 0.26425D-09  1  0  0.00000  258.01  260.30 0.78227D+14  2.302    3.407    2.856    0.834   30.091   12.23   14.55  131.70
  132.02  159.11 0.26366D-09  1  0  0.00000  257.96  260.26 0.78128D+14  2.303    3.398    2.848    0.815   30.075   12.23   14.56  132.02
  132.34  159.50 0.26308D-09  1  0  0.00000  257.92  260.22 0.78029D+14  2.303    3.390    2.839    0.796   30.058   12.23   14.56  132.34
  132.66  159.89 0.26249D-09  1  0  0.00000  257.87  260.19 0.77930D+14  2.303    3.381    2.831    0.776   30.042   12.23   14.56  132.66
  132.99  160.27 0.26191D-09  1  0  0.00000  257.82  260.15 0.77831D+14  2.304    3.373    2.823    0.757   30.025   12.23   14.57  132.99
  133.31  160.66 0.26134D-09  1  0  0.00000  257.77  260.12 0.77733D+14  2.304    3.364    2.814    0.738   30.009   12.23   14.57  133.31
  133.63  161.05 0.26076D-09  1  0  0.00000  257.73  260.08 0.77634D+14  2.305    3.356    2.806    0.718   29.992   12.23   14.57  133.63
  133.95  161.44 0.26019D-09  1  0  0.00000  257.68  260.04 0.77535D+14  2.305    3.348    2.798    0.699   29.976   12.23   14.58  133.95
  134.27  161.83 0.25962D-09  1  0  0.00000  257.63  260.01 0.77437D+14  2.306    3.340    2.790    0.680   29.960   12.23   14.58  134.27
  134.60  162.22 0.25905D-09  1  0  0.00000  257.58  259.97 0.77338D+14  2.306    3.331    2.782    0.660   29.943   12.23   14.58  134.60
  134.92  162.60 0.25849D-09  1  0  0.00000  257.54  259.93 0.77240D+14  2.306    3.323    2.773    0.641   29.927   12.23   14.59  134.92
  135.24  162.99 0.25793D-09  1  0  0.00000  257.49  259.90 0.77142D+14  2.307    3.315    2.765    0.622   29.911   12.23   14.59  135.24
  135.56  163.38 0.25737D-09  1  0  0.00000  257.44  259.86 0.77044D+14  2.307    3.307    2.757    0.602   29.894   12.23   14.59  135.56
  135.88  163.77 0.25682D-09  1  0  0.00000  257.39  259.82 0.76946D+14  2.308    3.299    2.749    0.583   29.878   12.23   14.60  135.88
  136.21  164.16 0.25626D-09  1  0  0.00000  257.34  259.79 0.76848D+14  2.308    3.291    2.741    0.564   29.862   12.23   14.60  136.21
  136.53  164.54 0.25571D-09  1  0  0.00000  257.30  259.75 0.76750D+14  2.309    3.283    2.734    0.545   29.845   12.23   14.60  136.53
  136.85  164.93 0.25517D-09  1  0  0.00000  257.25  259.71 0.76652D+14  2.309    3.275    2.726    0.525   29.829   12.23   14.61  136.85
  137.17  165.32 0.25462D-09  1  0  0.00000  257.20  259.67 0.76555D+14  2.310    3.267    2.718    0.506   29.813   12.23   14.61  137.17
  137.49  165.71 0.25408D-09  1  0  0.00000  257.15  259.64 0.76457D+14  2.310    3.259    2.710    0.487   29.797   12.23   14.61  137.49
  137.82  166.10 0.25354D-09  1  0  0.00000  257.10  259.60 0.76360D+14  2.311    3.251    2.702    0.467   29.780   12.23   14.62  137.82
  138.14  166.48 0.25300D-09  1  0  0.00000  257.05  259.56 0.76262D+14  2.311    3.243    2.694    0.448   29.764   12.23   14.62  138.14
  138.46  166.87 0.25247D-09  1  0  0.00000  257.01  259.52 0.76165D+14  2.311    3.235    2.687    0.429   29.748   12.23   14.62  138.46
  138.78  167.26 0.25193D-09  1  0  0.00000  256.96  259.49 0.76068D+14  2.312    3.227    2.679    0.410   29.732   12.23   14.63  138.78
  139.10  167.65 0.25141D-09  1  0  0.00000  256.91  259.45 0.75970D+14  2.312    3.220    2.671    0.390   29.716   12.23   14.63  139.10
  139.43  168.04 0.25088D-09  1  0  0.00000  256.86  259.41 0.75873D+14  2.313    3.212    2.664    0.371   29.699   12.23   14.63  139.43
  139.75  168.42 0.25035D-09  1  0  0.00000  256.81  259.37 0.75776D+14  2.313    3.204    2.656    0.352   29.683   12.23   14.64  139.75
  140.07  168.81 0.24983D-09  1  0  0.00000  256.76  259.34 0.75680D+14  2.314    3.197    2.649    0.332   29.667   12.23   14.64  140.07
  140.39  169.20 0.24931D-09  1  0  0.00000  256.71  259.30 0.75583D+14  2.314    3.189    2.641    0.313   29.651   12.23   14.64  140.39
  140.71  169.59 0.24879D-09  1  0  0.00000  256.66  259.26 0.75486D+14  2.315    3.182    2.634    0.294   29.635   12.23   14.64  140.71
  141.04  169.98 0.24828D-09  1  0  0.00000  256.62  259.22 0.75389D+14  2.315    3.174    2.626    0.274   29.619   12.23   14.65  141.04
  141.36  170.36 0.24776D-09  1  0  0.00000  256.57  259.18 0.75293D+14  2.316    3.166    2.619    0.255   29.603   12.23   14.65  141.36
  141.68  170.75 0.24725D-09  1  0  0.00000  256.52  259.15 0.75196D+14  2.316    3.159    2.612    0.236   29.587   12.23   14.65  141.68
  142.00  171.14 0.24675D-09  1  0  0.00000  256.47  259.11 0.75100D+14  2.316    3.152    2.604    0.217   29.571   12.23   14.66  142.00
  142.32  171.53 0.24624D-09  1  0  0.00000  256.42  259.07 0.75003D+14  2.317    3.144    2.597    0.197   29.555   12.23   14.66  142.32
  142.65  171.92 0.24574D-09  1  0  0.00000  256.37  259.03 0.74907D+14  2.317    3.137    2.590    0.178   29.539   12.23   14.66  142.65
  142.97  172.31 0.24523D-09  1  0  0.00000  256.32  258.99 0.74811D+14  2.318    3.129    2.582    0.159   29.523   12.23   14.67  142.97
  143.29  172.69 0.24474D-09  1  0  0.00000  256.27  258.95 0.74715D+14  2.318    3.122    2.575    0.139   29.507   12.23   14.67  143.29
  143.61  173.08 0.24424D-09  1  0  0.00000  256.22  258.91 0.74619D+14  2.319    3.115    2.568    0.120   29.491   12.23   14.67  143.61
  143.93  173.47 0.24374D-09  1  0  0.00000  256.17  258.87 0.74523D+14  2.319    3.108    2.561    0.101   29.475   12.23   14.68  143.93
  144.26  173.86 0.24325D-09  1  0  0.00000  256.12  258.84 0.74427D+14  2.320    3.100    2.554    0.081   29.459   12.23   14.68  144.26
  144.58  174.25 0.24276D-09  1  0  0.00000  256.07  258.80 0.74331D+14  2.320    3.093    2.547    0.062   29.443   12.23   14.68  144.58
  144.90  174.63 0.24227D-09  1  0  0.00000  256.02  258.76 0.74235D+14  2.321    3.086    2.540    0.043   29.427   12.23   14.69  144.90
  145.22  175.02 0.24179D-09  1  0  0.00000  255.97  258.72 0.74139D+14  2.321    3.079    2.533    0.023   29.411   12.23   14.69  145.22
  145.54  175.41 0.24130D-09  1  0  0.00000  255.92  258.68 0.74044D+14  2.322    3.072    2.526    0.004   29.395   12.23   14.69  145.54
  145.87  175.80 0.24082D-09  1  0  0.00000  255.87  260.35 0.61595D+14  2.322    3.065    2.519    0.000   29.392   11.42   14.83  145.87
  146.19  176.19 0.24034D-09  1  0  0.00000  255.82  260.32 0.61425D+14  2.323    3.058    2.512    0.000   29.392   11.41   14.83  146.19
  146.51  176.57 0.23987D-09  1  0  0.00000  255.77  260.29 0.61255D+14  2.323    3.051    2.505    0.000   29.392   11.41   14.82  146.51
  146.83  176.96 0.23939D-09  1  0  0.00000  255.72  260.27 0.61087D+14  2.323    3.044    2.498    0.000   29.392   11.40   14.82  146.83
  147.15  177.35 0.23892D-09  1  0  0.00000  255.67  260.24 0.60918D+14  2.324    3.037    2.491    0.000   29.392   11.39   14.82  147.15
  147.48  177.74 0.23845D-09  1  0  0.00000  255.62  260.21 0.60750D+14  2.324    3.030    2.484    0.000   29.392   11.39   14.81  147.48
  147.80  178.13 0.23798D-09  1  0  0.00000  255.57  260.19 0.60582D+14  2.325    3.023    2.478    0.000   29.392   11.38   14.81  147.80
  148.12  178.51 0.23751D-09  1  0  0.00000  255.52  260.16 0.60415D+14  2.325    3.016    2.471    0.000   29.392   11.37   14.80  148.12
  148.44  178.90 0.23705D-09  1  0  0.00000  255.47  260.13 0.60248D+14  2.326    3.009    2.464    0.000   29.392   11.37   14.80  148.44
  148.76  179.29 0.23658D-09  1  0  0.00000  255.41  260.11 0.60082D+14  2.326    3.002    2.457    0.000   29.392   11.36   14.79  148.76
  149.09  179.68 0.23612D-09  1  0  0.00000  255.36  260.08 0.59915D+14  2.327    2.996    2.451    0.000   29.392   11.35   14.79  149.09
  149.41  180.07 0.23566D-09  1  0  0.00000  255.31  260.05 0.59750D+14  2.327    2.989    2.444    0.000   29.392   11.35   14.78  149.41
  149.73  180.45 0.23521D-09  1  0  0.00000  255.26  260.03 0.59584D+14  2.328    2.982    2.437    0.000   29.392   11.34   14.78  149.73
  150.05  180.84 0.23475D-09  1  0  0.00000  255.21  260.00 0.59420D+14  2.328    2.975    2.431    0.000   29.392   11.34   14.78  150.05
  150.37  181.23 0.23430D-09  1  0  0.00000  255.16  259.97 0.59255D+14  2.329    2.969    2.424    0.000   29.392   11.33   14.77  150.37
  150.70  181.62 0.23385D-09  1  0  0.00000  255.11  259.94 0.59091D+14  2.329    2.962    2.418    0.000   29.392   11.32   14.77  150.70
  151.02  182.01 0.23340D-09  1  0  0.00000  255.06  259.92 0.58927D+14  2.330    2.955    2.411    0.000   29.392   11.32   14.76  151.02
  151.34  182.39 0.23295D-09  1  0  0.00000  255.00  259.89 0.58764D+14  2.330    2.949    2.405    0.000   29.392   11.31   14.76  151.34
  151.66  182.78 0.23251D-09  1  0  0.00000  254.95  259.86 0.58601D+14  2.331    2.942    2.398    0.000   29.392   11.30   14.75  151.66
  151.98  183.17 0.23207D-09  1  0  0.00000  254.90  259.83 0.58438D+14  2.331    2.936    2.392    0.000   29.392   11.30   14.75  151.98
  152.31  183.56 0.23162D-09  1  0  0.00000  254.85  259.81 0.58276D+14  2.332    2.929    2.385    0.000   29.392   11.29   14.75  152.31
  152.63  183.95 0.23118D-09  1  0  0.00000  254.80  259.78 0.58114D+14  2.332    2.923    2.379    0.000   29.392   11.28   14.74  152.63
  152.95  184.34 0.23075D-09  1  0  0.00000  254.74  259.75 0.57953D+14  2.333    2.916    2.373    0.000   29.392   11.28   14.74  152.95
  153.27  184.72 0.23031D-09  1  0  0.00000  254.69  259.72 0.57791D+14  2.333    2.910    2.366    0.000   29.392   11.27   14.73  153.27
  153.59  185.11 0.22988D-09  1  0  0.00000  254.64  259.69 0.57631D+14  2.334    2.903    2.360    0.000   29.392   11.26   14.73  153.59
  153.92  185.50 0.22945D-09  1  0  0.00000  254.59  259.67 0.57470D+14  2.334    2.897    2.354    0.000   29.392   11.26   14.72  153.92
  154.24  185.89 0.22902D-09  1  0  0.00000  254.54  259.64 0.57310D+14  2.335    2.891    2.348    0.000   29.392   11.25   14.72  154.24
  154.56  186.28 0.22859D-09  1  0  0.00000  254.48  259.61 0.57151D+14  2.335    2.884    2.341    0.000   29.392   11.24   14.72  154.56
  154.88  186.66 0.22816D-09  1  0  0.00000  254.43  259.58 0.56992D+14  2.336    2.878    2.335    0.000   29.392   11.24   14.71  154.88
  155.20  187.05 0.22774D-09  1  0  0.00000  254.38  259.55 0.56833D+14  2.336    2.872    2.329    0.000   29.392   11.23   14.71  155.20
  155.53  187.44 0.22731D-09  1  0  0.00000  254.32  259.52 0.56674D+14  2.337    2.865    2.323    0.000   29.392   11.23   14.70  155.53
  155.85  187.83 0.22689D-09  1  0  0.00000  254.27  259.49 0.56516D+14  2.337    2.859    2.317    0.000   29.392   11.22   14.70  155.85
  156.17  188.22 0.22647D-09  1  0  0.00000  254.22  259.46 0.56358D+14  2.338    2.853    2.311    0.000   29.392   11.21   14.69  156.17
  156.49  188.60 0.22605D-09  1  0  0.00000  254.17  259.44 0.56201D+14  2.338    2.847    2.305    0.000   29.392   11.21   14.69  156.49
  156.81  188.99 0.22564D-09  1  0  0.00000  254.11  259.41 0.56044D+14  2.339    2.841    2.299    0.000   29.392   11.20   14.68  156.81
  157.14  189.38 0.22522D-09  1  0  0.00000  254.06  259.38 0.55887D+14  2.339    2.834    2.292    0.000   29.392   11.19   14.68  157.14
  157.46  189.77 0.22481D-09  1  0  0.00000  254.01  259.35 0.55731D+14  2.340    2.828    2.286    0.000   29.392   11.19   14.68  157.46
  157.78  190.16 0.22440D-09  1  0  0.00000  253.95  259.32 0.55575D+14  2.340    2.822    2.281    0.000   29.392   11.18   14.67  157.78
  158.10  190.54 0.22399D-09  1  0  0.00000  253.90  259.29 0.55419D+14  2.341    2.816    2.275    0.000   29.392   11.17   14.67  158.10
  158.42  190.93 0.22358D-09  1  0  0.00000  253.85  259.26 0.55264D+14  2.341    2.810    2.269    0.000   29.392   11.17   14.66  158.42
  158.75  191.32 0.22318D-09  1  0  0.00000  253.79  259.23 0.55109D+14  2.342    2.804    2.263    0.000   29.392   11.16   14.66  158.75
  159.07  191.71 0.22277D-09  1  0  0.00000  253.74  259.20 0.54954D+14  2.342    2.798    2.257    0.000   29.392   11.15   14.65  159.07
  159.39  192.10 0.22237D-09  1  0  0.00000  253.69  259.17 0.54800D+14  2.343    2.792    2.251    0.000   29.392   11.15   14.65  159.39
  159.71  192.48 0.22197D-09  1  0  0.00000  253.63  259.14 0.54646D+14  2.343    2.786    2.245    0.000   29.392   11.14   14.65  159.71
  160.03  192.87 0.22157D-09  1  0  0.00000  253.58  259.11 0.54492D+14  2.344    2.780    2.239    0.000   29.392   11.13   14.64  160.03
  160.36  193.26 0.22117D-09  1  0  0.00000  253.52  259.08 0.54339D+14  2.344    2.774    2.234    0.000   29.392   11.13   14.64  160.36
  160.68  193.65 0.22078D-09  1  0  0.00000  253.47  259.05 0.54186D+14  2.345    2.768    2.228    0.000   29.392   11.12   14.63  160.68
  161.00  194.04 0.22038D-09  1  0  0.00000  253.41  259.02 0.54034D+14  2.345    2.762    2.222    0.000   29.392   11.11   14.63  161.00
