R_tot = 1561.0 R_core =  1400.0  Tsurf =   100.00  g =  1.310
   zbot    P(MPa) Hint     conv melt pCLA   Tbot     Tm     etam        k   Fcond_bot Fcond_top   Fbot     Ftop    dlid z_topTBL z_botTBL
    0.00   -0.00 0.59531D-06  0  0  0.01105  273.24  261.57 0.32206D+15  2.167    0.000    0.000    0.000    0.000    0.00    0.00    0.00
    0.32    0.39 0.59542D-07  0  0  0.01108  273.21  263.68 0.25750D+15  2.167 1398.882 1398.305 1390.062 1407.124    0.32    0.32    0.32
    0.64    0.77 0.29777D-07  0  0  0.01110  273.18  264.03 0.24766D+15  2.167  699.459  698.882  690.636  707.702    0.64    0.64    0.64
    0.97    1.16 0.19856D-07  0  0  0.01113  273.15  264.25 0.24141D+15  2.168  466.317  465.740  457.492  474.562    0.97    0.97    0.97
    1.29    1.55 0.14895D-07  0  0  0.01115  273.12  264.41 0.23676D+15  2.168  349.747  349.170  340.919  357.992    1.29    1.29    1.29
    1.61    1.94 0.11918D-07  0  0  0.01118  273.08  264.54 0.23303D+15  2.168  279.804  279.227  270.974  288.051    1.61    1.61    1.61
    1.93    2.33 0.99339D-08  0  0  0.01120  273.05  264.64 0.22990D+15  2.168  233.176  232.599  224.344  241.424    1.93    1.93    1.93
    2.25    2.71 0.85165D-08  0  0  0.01123  273.02  264.73 0.22720D+15  2.169  199.870  199.293  191.035  208.119    2.25    2.25    2.25
    2.58    3.10 0.74535D-08  0  0  0.01125  272.99  264.80 0.22482D+15  2.169  174.890  174.313  166.053  183.141    2.58    2.58    2.58
    2.90    3.49 0.66267D-08  0  0  0.01128  272.96  264.87 0.22269D+15  2.169  155.462  154.885  146.622  163.713    2.90    2.90    2.90
    3.22    3.88 0.59653D-08  0  0  0.01131  272.93  264.92 0.22076D+15  2.170  139.919  139.342  131.077  148.172    3.22    3.22    3.22
    3.54    4.27 0.54241D-08  0  0  0.01133  272.89  264.97 0.21900D+15  2.170  127.202  126.625  118.357  135.456    3.54    3.54    3.54
    3.86    4.65 0.49731D-08  0  0  0.01136  272.86  265.02 0.21737D+15  2.170  116.604  116.028  107.757  124.860    3.86    3.86    3.86
    4.19    5.04 0.45915D-08  0  0  0.01138  272.83  265.06 0.21586D+15  2.170  107.637  107.061   98.788  115.894    4.19    4.19    4.19
    4.51    5.43 0.42644D-08  0  0  0.01141  272.80  265.09 0.21446D+15  2.171   99.951   99.374   91.099  108.209    4.51    4.51    4.51
    4.83    5.82 0.39810D-08  0  0  0.01144  272.77  265.12 0.21314D+15  2.171   93.290   92.713   84.436  101.549    4.83    4.83    4.83
    5.15    6.21 0.37329D-08  0  0  0.01146  272.74  265.15 0.21190D+15  2.171   87.461   86.884   78.604   95.721    5.15    5.15    5.15
    5.47    6.59 0.35141D-08  0  0  0.01149  272.70  265.18 0.21072D+15  2.171   82.318   81.742   73.459   90.580    5.47    5.47    5.47
    5.80    6.98 0.33195D-08  0  0  0.01151  272.67  265.20 0.20961D+15  2.172   77.746   77.170   68.885   86.009    5.80    5.80    5.80
    6.12    7.37 0.31455D-08  0  0  0.01154  272.64  265.22 0.20855D+15  2.172   73.656   73.080   64.792   81.920    6.12    6.12    6.12
    6.44    7.76 0.29888D-08  0  0  0.01157  272.61  265.24 0.20755D+15  2.172   69.975   69.398   61.108   78.240    6.44    6.44    6.44
    6.76    8.15 0.28471D-08  0  0  0.01159  272.57  265.26 0.20658D+15  2.173   66.644   66.068   57.775   74.911    6.76    6.76    6.76
    7.08    8.54 0.27182D-08  0  0  0.01162  272.54  265.27 0.20566D+15  2.173   63.616   63.040   54.745   71.884    7.08    7.08    7.08
    7.41    8.92 0.26006D-08  0  0  0.01165  272.51  265.28 0.20478D+15  2.173   60.851   60.275   51.978   69.121    7.41    7.41    7.41
    7.73    9.31 0.24927D-08  0  0  0.01168  272.48  265.30 0.20393D+15  2.173   58.317   57.741   49.441   66.588    7.73    7.73    7.73
    8.05    9.70 0.23935D-08  0  0  0.01170  272.45  265.31 0.20311D+15  2.174   55.985   55.409   47.107   64.257    8.05    8.05    8.05
    8.37   10.09 0.23019D-08  0  0  0.01173  272.41  265.31 0.20233D+15  2.174   53.833   53.257   44.952   62.106    8.37    8.37    8.37
    8.69   10.48 0.22171D-08  0  0  0.01176  272.38  265.32 0.20156D+15  2.174   51.840   51.264   42.957   60.115    8.69    8.69    8.69
    9.02   10.86 0.21384D-08  0  0  0.01179  272.35  265.33 0.20083D+15  2.174   49.990   49.414   41.104   58.265    9.02    9.02    9.02
    9.34   11.25 0.20651D-08  0  0  0.01181  272.31  265.33 0.20012D+15  2.175   48.267   47.691   39.378   56.544    9.34    9.34    9.34
    9.66   11.64 0.19967D-08  0  0  0.01184  272.28  265.34 0.19943D+15  2.175   46.659   46.083   37.768   54.937    9.66    9.66    9.66
    9.98   12.03 0.19326D-08  0  0  0.01187  272.25  265.34 0.19876D+15  2.175   45.154   44.579   36.261   53.434    9.98    9.98    9.98
   10.30   12.42 0.18726D-08  0  0  0.01190  272.22  265.35 0.19812D+15  2.176   43.744   43.168   34.848   52.025   10.30   10.30   10.30
   10.63   12.80 0.18163D-08  0  0  0.01193  272.18  265.35 0.19749D+15  2.176   42.419   41.844   33.521   50.701   10.63   10.63   10.63
   10.95   13.19 0.17632D-08  0  0  0.01195  272.15  265.35 0.19688D+15  2.176   41.172   40.597   32.272   49.456   10.95   10.95   10.95
   11.27   13.58 0.17132D-08  0  0  0.01198  272.12  265.35 0.19628D+15  2.176   39.997   39.421   31.094   48.281   11.27   11.27   11.27
   11.59   13.97 0.16659D-08  0  0  0.01201  272.09  265.35 0.19570D+15  2.177   38.886   38.311   29.981   47.172   11.59   11.59   11.59
   11.91   14.36 0.16213D-08  0  0  0.01204  272.05  265.35 0.19514D+15  2.177   37.836   37.261   28.928   46.123   11.91   11.91   11.91
   12.24   14.74 0.15789D-08  0  0  0.01207  272.02  265.35 0.19459D+15  2.177   36.841   36.266   27.930   45.129   12.24   12.24   12.24
   12.56   15.13 0.15388D-08  0  0  0.01210  271.99  265.34 0.19405D+15  2.178   35.897   35.321   26.984   44.187   12.56   12.56   12.56
   12.88   15.52 0.15006D-08  0  0  0.01213  271.95  265.34 0.19353D+15  2.178   35.000   34.425   26.084   43.291   12.88   12.88   12.88
   13.20   15.91 0.14643D-08  0  0  0.01216  271.92  265.34 0.19302D+15  2.178   34.147   33.572   25.229   42.439   13.20   13.20   13.20
   13.52   16.30 0.14297D-08  0  0  0.01219  271.89  265.33 0.19252D+15  2.178   33.334   32.759   24.414   41.628   13.52   13.52   13.52
   13.85   16.68 0.13968D-08  0  0  0.01222  271.85  265.33 0.19203D+15  2.179   32.559   31.984   23.637   40.854   13.85   13.85   13.85
   14.17   17.07 0.13653D-08  0  0  0.01224  271.82  265.32 0.19155D+15  2.179   31.820   31.245   22.895   40.116   14.17   14.17   14.17
   14.49   17.46 0.13352D-08  0  0  0.01227  271.79  265.32 0.19108D+15  2.179   31.113   30.538   22.186   39.411   14.49   14.49   14.49
   14.81   17.85 0.13065D-08  0  0  0.01230  271.75  265.31 0.19062D+15  2.180   30.437   29.862   21.507   38.736   14.81   14.81   14.81
   15.13   18.24 0.12790D-08  0  0  0.01233  271.72  265.30 0.19018D+15  2.180   29.790   29.215   20.857   38.090   15.13   15.13   15.13
   15.46   18.14 0.12526D-08  1  0  0.01236  271.69  265.30 0.18974D+15  2.180   29.170   28.595   20.612   37.841   11.42   14.20   14.65
   15.78   18.53 0.12273D-08  1  0  0.01239  271.65  265.29 0.18931D+15  2.180   28.575   28.000   20.489   37.712   11.46   14.18   14.97
   16.10   18.92 0.12030D-08  1  0  0.01243  271.62  265.28 0.18888D+15  2.181   28.004   27.429   20.370   37.587   11.49   14.17   15.29
   16.42   19.30 0.11796D-08  1  0  0.01246  271.59  265.27 0.18847D+15  2.181   27.455   26.880   20.253   37.464   11.53   14.16   15.61
   16.74   19.69 0.11572D-08  1  0  0.01249  271.55  265.26 0.18806D+15  2.181   26.927   26.353   20.138   37.344   11.56   14.15   15.93
   17.07   20.08 0.11356D-08  1  0  0.01252  271.52  265.26 0.18766D+15  2.182   26.420   25.845   20.026   37.226   11.59   14.15   16.25
   17.39   20.47 0.11148D-08  1  0  0.01255  271.48  265.25 0.18727D+15  2.182   25.931   25.356   19.917   37.111   11.62   14.14   16.57
   17.71   20.85 0.10947D-08  1  0  0.01258  271.45  265.24 0.18689D+15  2.182   25.459   24.885   19.809   36.998   11.65   14.13   16.89
   18.03   21.24 0.10754D-08  1  0  0.01261  271.42  265.23 0.18651D+15  2.182   25.005   24.431   19.704   36.887   11.68   14.13   17.21
   18.35   21.63 0.10568D-08  1  0  0.01264  271.38  265.22 0.18614D+15  2.183   24.567   23.992   19.601   36.778   11.71   14.13   17.54
   18.68   22.01 0.10388D-08  1  0  0.01267  271.35  265.20 0.18577D+15  2.183   24.143   23.569   19.500   36.671   11.74   14.13   17.86
   19.00   22.40 0.10214D-08  1  0  0.01271  271.31  265.19 0.18541D+15  2.183   23.734   23.160   19.401   36.566   11.77   14.12   18.18
   19.32   22.79 0.10045D-08  1  0  0.01274  271.28  265.18 0.18506D+15  2.184   23.339   22.765   19.303   36.463   11.80   14.12   18.50
   19.64   23.18 0.98828D-09  1  0  0.01277  271.25  265.17 0.18471D+15  2.184   22.957   22.383   19.208   36.362   11.83   14.12   18.82
   19.96   23.56 0.97254D-09  1  0  0.01280  271.21  265.16 0.18437D+15  2.184   22.587   22.013   19.114   36.263   11.85   14.13   19.14
   20.29   23.95 0.95730D-09  1  0  0.01283  271.18  265.15 0.18403D+15  2.184   22.228   21.654   19.021   36.165   11.88   14.13   19.46
   20.61   24.34 0.94254D-09  1  0  0.01287  271.14  265.13 0.18370D+15  2.185   21.881   21.307   18.931   36.069   11.91   14.13   19.78
   20.93   24.73 0.92823D-09  1  0  0.01290  271.11  265.12 0.18338D+15  2.185   21.545   20.971   18.842   35.975   11.93   14.13   20.10
   21.25   25.11 0.91436D-09  1  0  0.01293  271.07  265.11 0.18305D+15  2.185   21.218   20.645   18.754   35.882   11.96   14.14   20.42
   21.57   25.50 0.90090D-09  1  0  0.01296  271.04  265.09 0.18274D+15  2.186   20.902   20.328   18.668   35.791   11.99   14.14   20.75
   21.90   25.89 0.88783D-09  1  0  0.01300  271.01  265.08 0.18243D+15  2.186   20.595   20.021   18.583   35.700   12.01   14.14   21.07
   22.22   26.28 0.87515D-09  1  0  0.01303  270.97  265.07 0.18212D+15  2.186   20.296   19.723   18.500   35.612   12.04   14.15   21.39
   22.54   26.66 0.86282D-09  1  0  0.01306  270.94  265.05 0.18182D+15  2.187   20.006   19.433   18.417   35.525   12.06   14.15   21.71
   22.86   27.05 0.85085D-09  1  0  0.01310  270.90  265.04 0.18152D+15  2.187   19.725   19.151   18.337   35.438   12.09   14.16   22.03
   23.18   27.44 0.83920D-09  1  0  0.01313  270.87  265.02 0.18122D+15  2.187   19.451   18.877   18.257   35.354   12.11   14.16   22.35
   23.51   27.83 0.82788D-09  1  0  0.01317  270.83  265.01 0.18093D+15  2.187   19.185   18.611   18.178   35.270   12.13   14.17   22.67
   23.83   28.21 0.81686D-09  1  0  0.01320  270.80  264.99 0.18065D+15  2.188   18.925   18.352   18.101   35.188   12.16   14.18   22.99
   24.15   28.60 0.80614D-09  1  0  0.01323  270.76  264.98 0.18037D+15  2.188   18.673   18.100   18.025   35.106   12.18   14.18   23.32
   24.47   28.99 0.79570D-09  1  0  0.01327  270.73  264.96 0.18009D+15  2.188   18.428   17.854   17.950   35.026   12.20   14.19   23.64
   24.79   29.38 0.78552D-09  1  0  0.01330  270.69  264.95 0.17981D+15  2.189   18.188   17.615   17.875   34.947   12.22   14.20   23.96
   25.12   29.77 0.77561D-09  1  0  0.01334  270.66  264.93 0.17954D+15  2.189   17.955   17.382   17.802   34.869   12.25   14.21   24.28
   25.44   30.15 0.76596D-09  1  0  0.01337  270.62  264.91 0.17928D+15  2.189   17.728   17.155   17.730   34.792   12.27   14.21   24.60
   25.76   30.54 0.75654D-09  1  0  0.01341  270.59  264.90 0.17901D+15  2.190   17.506   16.933   17.659   34.716   12.29   14.22   24.92
   26.08   30.93 0.74735D-09  1  0  0.01344  270.55  264.88 0.17875D+15  2.190   17.290   16.717   17.589   34.641   12.31   14.23   25.24
   26.40   31.32 0.73839D-09  1  0  0.01348  270.52  264.87 0.17850D+15  2.190   17.080   16.507   17.519   34.567   12.33   14.24   25.56
   26.73   31.70 0.72965D-09  1  0  0.01351  270.48  264.85 0.17824D+15  2.190   16.874   16.301   17.451   34.494   12.35   14.25   25.89
   27.05   32.09 0.72111D-09  1  0  0.01355  270.44  264.83 0.17799D+15  2.191   16.673   16.100   17.383   34.421   12.38   14.26   26.21
   27.37   32.48 0.71278D-09  1  0  0.01358  270.41  264.81 0.17775D+15  2.191   16.477   15.904   17.317   34.350   12.40   14.26   26.53
   27.69   32.87 0.70463D-09  1  0  0.01362  270.37  264.80 0.17750D+15  2.191   16.285   15.713   17.251   34.279   12.42   14.27   26.85
   28.01   33.26 0.69668D-09  1  0  0.01366  270.34  264.78 0.17726D+15  2.192   16.098   15.525   17.185   34.209   12.44   14.28   27.17
   28.34   33.64 0.68890D-09  1  0  0.01369  270.30  264.76 0.17702D+15  2.192   15.915   15.343   17.121   34.140   12.46   14.29   27.49
   28.66   34.03 0.68131D-09  1  0  0.01373  270.27  264.74 0.17679D+15  2.192   15.736   15.164   17.057   34.072   12.48   14.30   27.82
   28.98   34.42 0.67388D-09  1  0  0.01377  270.23  264.72 0.17655D+15  2.193   15.561   14.989   16.994   34.004   12.50   14.31   28.14
   29.30   34.81 0.66661D-09  1  0  0.01380  270.19  264.71 0.17632D+15  2.193   15.390   14.818   16.932   33.938   12.52   14.32   28.46
   29.62   35.19 0.65950D-09  1  0  0.01384  270.16  264.69 0.17610D+15  2.193   15.223   14.651   16.871   33.871   12.53   14.33   28.78
   29.95   35.58 0.65254D-09  1  0  0.01388  270.12  264.67 0.17587D+15  2.194   15.059   14.487   16.810   33.806   12.55   14.34   29.10
   30.27   35.97 0.64574D-09  1  0  0.01391  270.09  264.65 0.17565D+15  2.194   14.899   14.327   16.749   33.741   12.57   14.35   29.42
   30.59   36.36 0.63907D-09  1  0  0.01395  270.05  264.63 0.17543D+15  2.194   14.742   14.170   16.690   33.677   12.59   14.36   29.75
   30.91   36.75 0.63255D-09  1  0  0.01399  270.01  264.61 0.17522D+15  2.194   14.589   14.017   16.631   33.614   12.61   14.37   30.07
   31.23   37.13 0.62615D-09  1  0  0.01403  269.98  264.59 0.17500D+15  2.195   14.438   13.866   16.573   33.551   12.63   14.38   30.39
   31.56   37.52 0.61989D-09  1  0  0.01407  269.94  264.57 0.17479D+15  2.195   14.291   13.719   16.515   33.489   12.65   14.39   30.71
   31.88   37.91 0.61376D-09  1  0  0.01411  269.90  264.55 0.17458D+15  2.195   14.147   13.575   16.458   33.427   12.66   14.40   31.03
   32.20   38.30 0.60775D-09  1  0  0.01414  269.87  264.53 0.17438D+15  2.196   14.005   13.433   16.401   33.366   12.68   14.41   31.35
   32.52   38.69 0.60186D-09  1  0  0.01418  269.83  264.51 0.17417D+15  2.196   13.866   13.294   16.345   33.306   12.70   14.42   31.68
   32.84   39.07 0.59608D-09  1  0  0.01422  269.80  264.49 0.17397D+15  2.196   13.730   13.159   16.289   33.246   12.72   14.43   32.00
   33.17   39.46 0.59041D-09  1  0  0.01426  269.76  264.47 0.17377D+15  2.197   13.597   13.025   16.234   33.187   12.73   14.44   32.32
   33.49   39.85 0.58486D-09  1  0  0.01430  269.72  264.45 0.17357D+15  2.197   13.466   12.894   16.180   33.128   12.75   14.46   32.64
   33.81   40.24 0.57941D-09  1  0  0.01434  269.69  264.43 0.17338D+15  2.197   13.338   12.766   16.126   33.070   12.77   14.47   32.96
   34.13   40.63 0.57406D-09  1  0  0.01438  269.65  264.41 0.17319D+15  2.198   13.212   12.640   16.072   33.012   12.78   14.48   33.28
   34.45   41.01 0.56882D-09  1  0  0.01442  269.61  264.39 0.17300D+15  2.198   13.088   12.517   16.019   32.955   12.80   14.49   33.61
   34.78   41.40 0.56367D-09  1  0  0.01446  269.57  264.37 0.17281D+15  2.198   12.967   12.396   15.967   32.899   12.82   14.50   33.93
   35.10   41.79 0.55861D-09  1  0  0.01450  269.54  264.35 0.17262D+15  2.199   12.848   12.277   15.915   32.842   12.83   14.51   34.25
   35.42   42.18 0.55365D-09  1  0  0.01454  269.50  264.33 0.17244D+15  2.199   12.731   12.160   15.863   32.787   12.85   14.52   34.57
   35.74   42.56 0.54877D-09  1  0  0.01458  269.46  264.30 0.17225D+15  2.199   12.616   12.045   15.812   32.731   12.87   14.53   34.89
   36.06   42.95 0.54399D-09  1  0  0.01462  269.43  264.28 0.17207D+15  2.199   12.503   11.932   15.761   32.677   12.88   14.54   35.22
   36.39   43.34 0.53929D-09  1  0  0.01466  269.39  264.26 0.17190D+15  2.200   12.393   11.822   15.711   32.622   12.90   14.55   35.54
   36.71   43.73 0.53467D-09  1  0  0.01471  269.35  264.24 0.17172D+15  2.200   12.284   11.713   15.661   32.568   12.91   14.57   35.86
   37.03   44.12 0.53013D-09  1  0  0.01475  269.31  264.22 0.17154D+15  2.200   12.177   11.606   15.611   32.515   12.93   14.58   36.18
   37.35   44.50 0.52567D-09  1  0  0.01479  269.28  264.20 0.17137D+15  2.201   12.072   11.501   15.562   32.462   12.95   14.59   36.50
   37.67   44.89 0.52128D-09  1  0  0.01483  269.24  264.17 0.17120D+15  2.201   11.969   11.398   15.514   32.409   12.96   14.60   36.82
   38.00   45.28 0.51697D-09  1  0  0.01487  269.20  264.15 0.17103D+15  2.201   11.867   11.296   15.465   32.357   12.98   14.61   37.15
   38.32   45.67 0.51273D-09  1  0  0.01492  269.16  264.13 0.17087D+15  2.202   11.767   11.197   15.417   32.305   12.99   14.62   37.47
   38.64   46.06 0.50857D-09  1  0  0.01496  269.13  264.11 0.17070D+15  2.202   11.669   11.098   15.370   32.253   13.01   14.63   37.79
   38.96   46.44 0.50447D-09  1  0  0.01500  269.09  264.08 0.17054D+15  2.202   11.572   11.002   15.322   32.202   13.02   14.65   38.11
   39.28   46.83 0.50044D-09  1  0  0.01505  269.05  264.06 0.17038D+15  2.203   11.477   10.907   15.275   32.151   13.04   14.66   38.43
   39.61   47.22 0.49647D-09  1  0  0.01509  269.01  264.04 0.17022D+15  2.203   11.384   10.814   15.229   32.101   13.05   14.67   38.76
   39.93   47.61 0.49257D-09  1  0  0.01513  268.97  264.01 0.17006D+15  2.203   11.292   10.722   15.182   32.051   13.07   14.68   39.08
   40.25   48.00 0.48873D-09  1  0  0.01518  268.94  263.99 0.16990D+15  2.204   11.201   10.631   15.136   32.001   13.08   14.69   39.40
   40.57   48.39 0.48495D-09  1  0  0.01522  268.90  263.97 0.16975D+15  2.204   11.112   10.542   15.091   31.952   13.09   14.70   39.72
   40.89   48.77 0.48124D-09  1  0  0.01527  268.86  263.94 0.16959D+15  2.204   11.025   10.455   15.046   31.903   13.11   14.72   40.04
   41.22   49.16 0.47758D-09  1  0  0.01531  268.82  263.92 0.16944D+15  2.205   10.938   10.368   15.000   31.854   13.12   14.73   40.37
   41.54   49.55 0.47397D-09  1  0  0.01536  268.78  263.90 0.16929D+15  2.205   10.853   10.283   14.956   31.806   13.14   14.74   40.69
   41.86   49.94 0.47042D-09  1  0  0.01540  268.74  263.87 0.16914D+15  2.205   10.770   10.200   14.911   31.757   13.15   14.75   41.01
   42.18   50.33 0.46693D-09  1  0  0.01545  268.70  263.85 0.16900D+15  2.206   10.687   10.118   14.867   31.710   13.17   14.76   41.33
   42.50   50.71 0.46349D-09  1  0  0.01549  268.67  263.82 0.16885D+15  2.206   10.606   10.036   14.823   31.662   13.18   14.77   41.65
   42.83   51.10 0.46010D-09  1  0  0.01554  268.63  263.80 0.16871D+15  2.206   10.526    9.957   14.780   31.615   13.19   14.79   41.98
   43.15   51.49 0.45676D-09  1  0  0.01558  268.59  263.78 0.16857D+15  2.207   10.448    9.878   14.736   31.568   13.21   14.80   42.30
   43.47   51.88 0.45347D-09  1  0  0.01563  268.55  263.75 0.16843D+15  2.207   10.370    9.800   14.693   31.522   13.22   14.81   42.62
   43.79   52.27 0.45023D-09  1  0  0.01568  268.51  263.73 0.16829D+15  2.207   10.294    9.724   14.651   31.475   13.23   14.82   42.94
   44.11   52.65 0.44704D-09  1  0  0.01572  268.47  263.70 0.16815D+15  2.208   10.218    9.649   14.608   31.429   13.25   14.83   43.26
   44.44   53.04 0.44389D-09  1  0  0.01577  268.43  263.68 0.16802D+15  2.208   10.144    9.575   14.566   31.383   13.26   14.84   43.59
   44.76   53.43 0.44079D-09  1  0  0.01582  268.39  263.65 0.16788D+15  2.208   10.071    9.502   14.524   31.338   13.27   14.86   43.91
   45.08   53.82 0.43773D-09  1  0  0.01587  268.35  263.63 0.16775D+15  2.209    9.999    9.429   14.482   31.293   13.29   14.87   44.23
   45.40   54.21 0.43472D-09  1  0  0.01591  268.31  263.60 0.16762D+15  2.209    9.927    9.358   14.440   31.248   13.30   14.88   44.55
   45.72   54.59 0.43175D-09  1  0  0.01596  268.28  263.58 0.16749D+15  2.209    9.857    9.288   14.399   31.203   13.31   14.89   44.88
   46.05   54.98 0.42882D-09  1  0  0.01601  268.24  263.55 0.16736D+15  2.210    9.788    9.219   14.358   31.158   13.33   14.90   45.20
   46.37   55.37 0.42593D-09  1  0  0.01606  268.20  263.52 0.16724D+15  2.210    9.720    9.151   14.317   31.114   13.34   14.91   45.52
   46.69   55.76 0.42308D-09  1  0  0.01611  268.16  263.50 0.16711D+15  2.210    9.653    9.084   14.276   31.070   13.35   14.93   45.84
   47.01   56.15 0.42027D-09  1  0  0.01616  268.12  263.47 0.16699D+15  2.211    9.586    9.018   14.236   31.026   13.37   14.94   46.16
   47.33   56.54 0.41750D-09  1  0  0.01621  268.08  263.45 0.16687D+15  2.211    9.521    8.952   14.196   30.983   13.38   14.95   46.49
   47.66   56.92 0.41476D-09  1  0  0.01626  268.04  263.42 0.16675D+15  2.211    9.456    8.888   14.156   30.940   13.39   14.96   46.81
   47.98   57.31 0.41206D-09  1  0  0.01631  268.00  263.40 0.16663D+15  2.212    9.393    8.824   14.116   30.896   13.40   14.97   47.13
   48.30   57.70 0.40940D-09  1  0  0.01636  267.96  263.37 0.16651D+15  2.212    9.330    8.761   14.076   30.854   13.42   14.99   47.45
   48.62   58.09 0.40678D-09  1  0  0.01641  267.92  263.34 0.16639D+15  2.213    9.268    8.699   14.037   30.811   13.43   15.00   47.77
   48.94   58.48 0.40418D-09  1  0  0.01646  267.88  263.32 0.16628D+15  2.213    9.207    8.638   13.997   30.768   13.44   15.01   48.10
   49.27   58.86 0.40163D-09  1  0  0.01651  267.84  263.29 0.16616D+15  2.213    9.146    8.578   13.958   30.726   13.45   15.02   48.42
   49.59   59.25 0.39910D-09  1  0  0.01656  267.80  263.26 0.16605D+15  2.214    9.086    8.518   13.919   30.684   13.47   15.03   48.74
   49.91   59.64 0.39661D-09  1  0  0.01662  267.75  263.24 0.16594D+15  2.214    9.028    8.460   13.881   30.642   13.48   15.05   49.06
   50.23   60.03 0.39415D-09  1  0  0.01667  267.71  263.21 0.16583D+15  2.214    8.969    8.402   13.842   30.601   13.49   15.06   49.39
   50.55   60.42 0.39172D-09  1  0  0.01672  267.67  263.18 0.16572D+15  2.215    8.912    8.344   13.804   30.559   13.50   15.07   49.71
   50.88   60.81 0.38932D-09  1  0  0.01677  267.63  263.16 0.16562D+15  2.215    8.855    8.288   13.765   30.518   13.52   15.08   50.03
   51.20   61.19 0.38695D-09  1  0  0.01683  267.59  263.13 0.16551D+15  2.215    8.799    8.232   13.727   30.477   13.53   15.09   50.35
   51.52   61.58 0.38462D-09  1  0  0.01688  267.55  263.10 0.16541D+15  2.216    8.744    8.177   13.689   30.436   13.54   15.11   50.67
   51.84   61.97 0.38231D-09  1  0  0.01693  267.51  263.07 0.16530D+15  2.216    8.690    8.122   13.652   30.395   13.55   15.12   51.00
   52.16   62.36 0.38003D-09  1  0  0.01699  267.47  263.05 0.16520D+15  2.216    8.636    8.068   13.614   30.354   13.56   15.13   51.32
   52.49   62.75 0.37777D-09  1  0  0.01704  267.43  263.02 0.16510D+15  2.217    8.582    8.015   13.576   30.314   13.57   15.14   51.64
   52.81   63.14 0.37555D-09  1  0  0.01710  267.39  262.99 0.16500D+15  2.217    8.530    7.962   13.539   30.274   13.59   15.15   51.96
   53.13   63.52 0.37335D-09  1  0  0.01715  267.34  262.96 0.16491D+15  2.217    8.478    7.911   13.502   30.234   13.60   15.17   52.29
   53.45   63.91 0.37118D-09  1  0  0.01721  267.30  262.93 0.16481D+15  2.218    8.426    7.859   13.465   30.194   13.61   15.18   52.61
   53.77   64.30 0.36903D-09  1  0  0.01727  267.26  262.91 0.16471D+15  2.218    8.376    7.809   13.428   30.154   13.62   15.19   52.93
   54.10   64.69 0.36691D-09  1  0  0.01732  267.22  262.88 0.16462D+15  2.219    8.326    7.759   13.391   30.114   13.63   15.20   53.25
   54.42   65.08 0.36482D-09  1  0  0.01738  267.18  262.85 0.16453D+15  2.219    8.276    7.709   13.355   30.075   13.64   15.22   53.57
   54.74   65.46 0.36275D-09  1  0  0.01743  267.14  262.82 0.16444D+15  2.219    8.227    7.660   13.318   30.036   13.66   15.23   53.90
   55.06   65.85 0.36070D-09  1  0  0.01749  267.09  262.79 0.16435D+15  2.220    8.179    7.612   13.282   29.996   13.67   15.24   54.22
   55.38   66.24 0.35868D-09  1  0  0.01755  267.05  262.76 0.16426D+15  2.220    8.131    7.564   13.246   29.957   13.68   15.25   54.54
   55.71   66.63 0.35668D-09  1  0  0.01761  267.01  262.73 0.16417D+15  2.220    8.083    7.517   13.209   29.919   13.69   15.26   54.86
   56.03   67.02 0.35470D-09  1  0  0.01767  266.97  262.71 0.16409D+15  2.221    8.037    7.470   13.173   29.880   13.70   15.28   55.19
   56.35   67.41 0.35275D-09  1  0  0.01772  266.93  262.68 0.16400D+15  2.221    7.990    7.424   13.138   29.841   13.71   15.29   55.51
   56.67   67.79 0.35082D-09  1  0  0.01778  266.88  262.65 0.16392D+15  2.221    7.945    7.378   13.102   29.803   13.72   15.30   55.83
   56.99   68.18 0.34891D-09  1  0  0.01784  266.84  262.62 0.16384D+15  2.222    7.899    7.333   13.066   29.764   13.74   15.31   56.15
   57.32   68.57 0.34702D-09  1  0  0.01790  266.80  262.59 0.16376D+15  2.222    7.855    7.289   13.030   29.726   13.75   15.32   56.48
   57.64   68.96 0.34516D-09  1  0  0.01796  266.75  262.56 0.16368D+15  2.223    7.811    7.244   12.995   29.688   13.76   15.34   56.80
   57.96   69.35 0.34331D-09  1  0  0.01802  266.71  262.53 0.16360D+15  2.223    7.767    7.201   12.960   29.650   13.77   15.35   57.12
   58.28   69.74 0.34149D-09  1  0  0.01808  266.67  262.50 0.16352D+15  2.223    7.724    7.158   12.924   29.612   13.78   15.36   57.44
   58.60   70.12 0.33968D-09  1  0  0.01815  266.63  262.47 0.16345D+15  2.224    7.681    7.115   12.889   29.575   13.79   15.37   57.77
   58.93   70.51 0.33789D-09  1  0  0.01821  266.58  262.44 0.16338D+15  2.224    7.638    7.073   12.854   29.537   13.80   15.39   58.09
   59.25   70.90 0.33613D-09  1  0  0.01827  266.54  262.41 0.16330D+15  2.224    7.597    7.031   12.819   29.500   13.81   15.40   58.41
   59.57   71.29 0.33438D-09  1  0  0.01833  266.50  262.38 0.16323D+15  2.225    7.555    6.990   12.784   29.462   13.82   15.41   58.73
   59.89   71.68 0.33265D-09  1  0  0.01840  266.45  262.35 0.16316D+15  2.225    7.514    6.949   12.749   29.425   13.84   15.42   59.05
   60.21   72.07 0.33094D-09  1  0  0.01846  266.41  262.32 0.16309D+15  2.226    7.474    6.908   12.715   29.388   13.85   15.44   59.38
   60.54   72.45 0.32925D-09  1  0  0.01852  266.36  262.29 0.16303D+15  2.226    7.434    6.868   12.680   29.351   13.86   15.45   59.70
   60.86   72.84 0.32758D-09  1  0  0.01859  266.32  262.26 0.16296D+15  2.226    7.394    6.829   12.645   29.314   13.87   15.46   60.02
   61.18   73.23 0.32592D-09  1  0  0.01865  266.28  262.23 0.16289D+15  2.227    7.355    6.789   12.611   29.277   13.88   15.47   60.34
   61.50   73.62 0.32428D-09  1  0  0.01872  266.23  262.20 0.16283D+15  2.227    7.316    6.751   12.576   29.240   13.89   15.49   60.67
   61.82   74.01 0.32266D-09  1  0  0.01878  266.19  262.17 0.16277D+15  2.228    7.277    6.712   12.542   29.203   13.90   15.50   60.99
   62.15   74.40 0.32106D-09  1  0  0.01885  266.14  262.13 0.16271D+15  2.228    7.239    6.674   12.508   29.167   13.91   15.51   61.31
   62.47   74.78 0.31947D-09  1  0  0.01891  266.10  262.10 0.16265D+15  2.228    7.202    6.637   12.474   29.130   13.92   15.52   61.63
   62.79   75.17 0.31790D-09  1  0  0.01898  266.06  262.07 0.16259D+15  2.229    7.164    6.599   12.440   29.094   13.93   15.54   61.96
   63.11   75.56 0.31634D-09  1  0  0.01905  266.01  262.04 0.16253D+15  2.229    7.127    6.563   12.405   29.058   13.94   15.55   62.28
   63.43   75.95 0.31480D-09  1  0  0.01912  265.97  262.01 0.16248D+15  2.229    7.091    6.526   12.371   29.022   13.95   15.56   62.60
   63.76   76.34 0.31328D-09  1  0  0.01918  265.92  261.98 0.16242D+15  2.230    7.054    6.490   12.337   28.985   13.96   15.57   62.92
   64.08   76.73 0.31177D-09  1  0  0.01925  265.88  261.95 0.16237D+15  2.230    7.019    6.454   12.304   28.949   13.97   15.59   63.25
   64.40   77.11 0.31027D-09  1  0  0.01932  265.83  261.91 0.16232D+15  2.231    6.983    6.419   12.270   28.913   13.99   15.60   63.57
   64.72   77.50 0.30879D-09  1  0  0.01939  265.79  261.88 0.16227D+15  2.231    6.948    6.384   12.236   28.877   14.00   15.61   63.89
   65.04   77.89 0.30733D-09  1  0  0.01946  265.74  261.85 0.16222D+15  2.231    6.913    6.349   12.202   28.842   14.01   15.62   64.21
   65.37   78.28 0.30588D-09  1  0  0.01953  265.70  261.82 0.16217D+15  2.232    6.879    6.315   12.169   28.806   14.02   15.64   64.54
   65.69   78.67 0.30444D-09  1  0  0.01960  265.65  261.78 0.16213D+15  2.232    6.845    6.281   12.135   28.770   14.03   15.65   64.86
   66.01   79.06 0.30302D-09  1  0  0.01967  265.60  261.75 0.16208D+15  2.233    6.811    6.247   12.101   28.735   14.04   15.66   65.18
   66.33   79.44 0.30161D-09  1  0  0.01975  265.56  261.72 0.16204D+15  2.233    6.777    6.214   12.068   28.699   14.05   15.68   65.50
   66.65   79.83 0.30022D-09  1  0  0.01982  265.51  261.69 0.16200D+15  2.233    6.744    6.181   12.034   28.664   14.06   15.69   65.83
   66.98   80.22 0.29884D-09  1  0  0.01989  265.47  261.65 0.16196D+15  2.234    6.711    6.148   12.001   28.628   14.07   15.70   66.15
   67.30   80.61 0.29747D-09  1  0  0.01996  265.42  261.62 0.16192D+15  2.234    6.679    6.115   11.967   28.593   14.08   15.71   66.47
   67.62   81.00 0.29612D-09  1  0  0.02004  265.37  261.59 0.16188D+15  2.235    6.647    6.083   11.934   28.558   14.09   15.73   66.79
   67.94   81.39 0.29478D-09  1  0  0.02011  265.33  261.55 0.16184D+15  2.235    6.615    6.051   11.901   28.522   14.10   15.74   67.12
   68.26   81.78 0.29345D-09  1  0  0.02019  265.28  261.52 0.16181D+15  2.235    6.583    6.020   11.867   28.487   14.11   15.75   67.44
   68.59   82.16 0.29213D-09  1  0  0.02026  265.23  261.49 0.16177D+15  2.236    6.552    5.989   11.834   28.452   14.12   15.77   67.76
   68.91   82.55 0.29083D-09  1  0  0.02034  265.19  261.45 0.16174D+15  2.236    6.521    5.958   11.801   28.417   14.13   15.78   68.08
   69.23   82.94 0.28953D-09  1  0  0.02041  265.14  261.42 0.16171D+15  2.237    6.490    5.927   11.767   28.382   14.14   15.79   68.41
   69.55   83.33 0.28825D-09  1  0  0.02049  265.09  261.39 0.16168D+15  2.237    6.459    5.897   11.734   28.347   14.15   15.80   68.73
   69.87   83.72 0.28699D-09  1  0  0.02057  265.05  261.35 0.16165D+15  2.237    6.429    5.866   11.701   28.312   14.16   15.82   69.05
   70.20   84.11 0.28573D-09  1  0  0.02065  265.00  261.32 0.16163D+15  2.238    6.399    5.837   11.668   28.277   14.17   15.83   69.38
   70.52   84.49 0.28448D-09  1  0  0.02073  264.95  261.28 0.16160D+15  2.238    6.370    5.807   11.635   28.242   14.18   15.84   69.70
   70.84   84.88 0.28325D-09  1  0  0.02081  264.90  261.25 0.16158D+15  2.239    6.340    5.778   11.602   28.208   14.19   15.86   70.02
   71.16   85.27 0.28203D-09  1  0  0.02089  264.86  261.22 0.16156D+15  2.239    6.311    5.749   11.568   28.173   14.20   15.87   70.34
   71.48   85.66 0.28082D-09  1  0  0.02097  264.81  261.18 0.16153D+15  2.240    6.282    5.720   11.535   28.138   14.21   15.88   70.67
   71.81   86.05 0.27961D-09  1  0  0.02105  264.76  261.15 0.16152D+15  2.240    6.253    5.691   11.502   28.103   14.22   15.90   70.99
   72.13   86.44 0.27842D-09  1  0  0.02113  264.71  261.11 0.16150D+15  2.240    6.225    5.663   11.469   28.069   14.24   15.91   71.31
   72.45   86.82 0.27725D-09  1  0  0.02121  264.66  261.08 0.16148D+15  2.241    6.197    5.635   11.436   28.034   14.25   15.92   71.63
   72.77   87.21 0.27608D-09  1  0  0.02129  264.62  261.04 0.16147D+15  2.241    6.169    5.607   11.403   28.000   14.26   15.94   71.96
   73.09   87.60 0.27492D-09  1  0  0.02138  264.57  261.01 0.16145D+15  2.242    6.141    5.580   11.370   27.965   14.27   15.95   72.28
   73.42   87.99 0.27377D-09  1  0  0.02146  264.52  260.97 0.16144D+15  2.242    6.114    5.552   11.337   27.931   14.28   15.96   72.60
   73.74   88.38 0.27263D-09  1  0  0.02155  264.47  260.94 0.16143D+15  2.243    6.087    5.525   11.304   27.896   14.29   15.98   72.92
   74.06   88.77 0.27150D-09  1  0  0.02163  264.42  260.90 0.16142D+15  2.243    6.060    5.498   11.271   27.862   14.30   15.99   73.25
   74.38   89.16 0.27038D-09  1  0  0.02172  264.37  260.86 0.16142D+15  2.243    6.033    5.472   11.238   27.827   14.31   16.00   73.57
   74.70   89.54 0.26927D-09  1  0  0.02180  264.32  260.83 0.16141D+15  2.244    6.007    5.445   11.204   27.793   14.32   16.02   73.89
   75.03   89.93 0.26818D-09  1  0  0.02189  264.27  260.79 0.16141D+15  2.244    5.980    5.419   11.171   27.758   14.33   16.03   74.22
   75.35   90.32 0.26709D-09  1  0  0.02198  264.22  260.76 0.16141D+15  2.245    5.954    5.393   11.138   27.724   14.34   16.05   74.54
   75.67   90.71 0.26600D-09  1  0  0.02207  264.17  260.72 0.16141D+15  2.245    5.928    5.367   11.105   27.690   14.35   16.06   74.86
   75.99   91.10 0.26493D-09  1  0  0.02216  264.12  260.68 0.16141D+15  2.246    5.903    5.342   11.072   27.655   14.36   16.07   75.18
   76.31   91.49 0.26387D-09  1  0  0.02225  264.07  260.65 0.16141D+15  2.246    5.877    5.317   11.039   27.621   14.37   16.09   75.51
   76.64   91.88 0.26282D-09  1  0  0.02234  264.02  260.61 0.16142D+15  2.246    5.852    5.292   11.006   27.587   14.38   16.10   75.83
   76.96   92.26 0.26177D-09  1  0  0.02243  263.97  260.57 0.16142D+15  2.247    5.827    5.267   10.973   27.552   14.39   16.11   76.15
   77.28   92.65 0.26074D-09  1  0  0.02252  263.92  260.54 0.16143D+15  2.247    5.802    5.242   10.939   27.518   14.40   16.13   76.48
   77.60   93.04 0.25971D-09  1  0  0.02261  263.87  260.50 0.16144D+15  2.248    5.778    5.217   10.906   27.484   14.41   16.14   76.80
   77.92   93.43 0.25869D-09  1  0  0.02271  263.82  260.46 0.16145D+15  2.248    5.753    5.193   10.873   27.450   14.42   16.16   77.12
   78.25   93.82 0.25768D-09  1  0  0.02280  263.77  260.42 0.16147D+15  2.249    5.729    5.169   10.840   27.415   14.43   16.17   77.44
   78.57   94.21 0.25668D-09  1  0  0.02290  263.72  260.39 0.16148D+15  2.249    5.705    5.145   10.806   27.381   14.44   16.18   77.77
   78.89   94.60 0.25568D-09  1  0  0.02299  263.67  260.35 0.16150D+15  2.250    5.681    5.121   10.773   27.347   14.45   16.20   78.09
   79.21   94.98 0.25470D-09  1  0  0.02309  263.61  260.31 0.16152D+15  2.250    5.657    5.098   10.740   27.312   14.46   16.21   78.41
   79.53   95.37 0.25372D-09  1  0  0.02319  263.56  260.27 0.16154D+15  2.250    5.634    5.074   10.706   27.278   14.47   16.23   78.73
   79.86   95.76 0.25275D-09  1  0  0.02328  263.51  260.24 0.16156D+15  2.251    5.611    5.051   10.673   27.244   14.48   16.24   79.06
   80.18   96.15 0.25179D-09  1  0  0.02338  263.46  260.20 0.16158D+15  2.251    5.588    5.028   10.639   27.209   14.49   16.26   79.38
   80.50   96.54 0.25083D-09  1  0  0.02348  263.41  260.16 0.16161D+15  2.252    5.565    5.006   10.606   27.175   14.50   16.27   79.70
   80.82   96.93 0.24989D-09  1  0  0.02358  263.35  260.12 0.16164D+15  2.252    5.542    4.983   10.572   27.141   14.52   16.29   80.03
   81.14   97.32 0.24895D-09  1  0  0.02368  263.30  260.08 0.16167D+15  2.253    5.519    4.960   10.538   27.106   14.53   16.30   80.35
   81.47   97.70 0.24801D-09  1  0  0.02379  263.25  260.04 0.16170D+15  2.253    5.497    4.938   10.505   27.072   14.54   16.31   80.67
   81.79   98.09 0.24709D-09  1  0  0.02389  263.19  260.00 0.16173D+15  2.254    5.475    4.916   10.471   27.038   14.55   16.33   81.00
   82.11   98.48 0.24617D-09  1  0  0.02399  263.14  259.96 0.16177D+15  2.254    5.453    4.894   10.437   27.003   14.56   16.34   81.32
   82.43   98.87 0.24526D-09  1  0  0.02410  263.09  259.92 0.16181D+15  2.255    5.431    4.872   10.404   26.969   14.57   16.36   81.64
   82.75   99.26 0.24436D-09  1  0  0.02420  263.03  259.88 0.16185D+15  2.255    5.409    4.851   10.370   26.934   14.58   16.37   81.96
   83.08   99.65 0.24346D-09  1  0  0.02431  262.98  259.85 0.16189D+15  2.256    5.387    4.829   10.336   26.900   14.59   16.39   82.29
   83.40  100.04 0.24257D-09  1  0  0.02442  262.93  259.81 0.16193D+15  2.256    5.366    4.808   10.302   26.866   14.60   16.40   82.61
   83.72  100.43 0.24169D-09  1  0  0.02453  262.87  259.77 0.16198D+15  2.257    5.345    4.787   10.268   26.831   14.61   16.42   82.93
   84.04  100.81 0.24082D-09  1  0  0.02464  262.82  259.72 0.16203D+15  2.257    5.324    4.766   10.234   26.796   14.62   16.43   83.26
   84.36  101.20 0.23995D-09  1  0  0.02475  262.76  259.68 0.16208D+15  2.257    5.303    4.745   10.199   26.762   14.63   16.45   83.58
   84.69  101.59 0.23909D-09  1  0  0.02486  262.71  259.64 0.16213D+15  2.258    5.282    4.724   10.165   26.727   14.64   16.46   83.90
   85.01  101.98 0.23823D-09  1  0  0.02497  262.65  259.60 0.16219D+15  2.258    5.261    4.704   10.131   26.693   14.65   16.48   84.23
   85.33  102.37 0.23738D-09  1  0  0.02508  262.60  259.56 0.16224D+15  2.259    5.241    4.683   10.096   26.658   14.66   16.49   84.55
   85.65  102.76 0.23654D-09  1  0  0.02519  262.54  259.52 0.16230D+15  2.259    5.220    4.663   10.062   26.623   14.68   16.51   84.87
   85.97  103.15 0.23570D-09  1  0  0.02531  262.49  259.48 0.16236D+15  2.260    5.200    4.643   10.028   26.588   14.69   16.53   85.19
   86.30  103.53 0.23487D-09  1  0  0.02543  262.43  259.44 0.16243D+15  2.260    5.180    4.623    9.993   26.554   14.70   16.54   85.52
   86.62  103.92 0.23405D-09  1  0  0.02554  262.37  259.40 0.16249D+15  2.261    5.160    4.603    9.958   26.519   14.71   16.56   85.84
   86.94  104.31 0.23323D-09  1  0  0.02566  262.32  259.36 0.16256D+15  2.261    5.141    4.584    9.923   26.484   14.72   16.57   86.16
   87.26  104.70 0.23242D-09  1  0  0.02578  262.26  259.31 0.16263D+15  2.262    5.121    4.564    9.889   26.449   14.73   16.59   86.49
   87.58  105.09 0.23161D-09  1  0  0.02590  262.20  259.27 0.16271D+15  2.262    5.101    4.545    9.854   26.414   14.74   16.61   86.81
   87.91  105.48 0.23081D-09  1  0  0.02602  262.15  259.23 0.16278D+15  2.263    5.082    4.526    9.819   26.379   14.75   16.62   87.13
   88.23  105.87 0.23002D-09  1  0  0.02614  262.09  259.19 0.16286D+15  2.263    5.063    4.507    9.783   26.344   14.76   16.64   87.46
   88.55  106.26 0.22923D-09  1  0  0.02627  262.03  259.14 0.16294D+15  2.264    5.044    4.488    9.748   26.309   14.78   16.65   87.78
   88.87  106.64 0.22845D-09  1  0  0.02639  261.97  259.10 0.16303D+15  2.264    5.025    4.469    9.713   26.273   14.79   16.67   88.10
   89.19  107.03 0.22767D-09  1  0  0.02652  261.92  259.06 0.16311D+15  2.265    5.006    4.450    9.677   26.238   14.80   16.69   88.43
   89.52  107.42 0.22690D-09  1  0  0.02664  261.86  259.01 0.16320D+15  2.265    4.987    4.432    9.642   26.203   14.81   16.70   88.75
   89.84  107.81 0.22613D-09  1  0  0.02677  261.80  258.97 0.16329D+15  2.266    4.969    4.413    9.606   26.167   14.82   16.72   89.07
   90.16  108.20 0.22537D-09  1  0  0.02690  261.74  258.93 0.16339D+15  2.266    4.950    4.395    9.571   26.132   14.83   16.74   89.40
   90.48  108.59 0.22462D-09  1  0  0.02703  261.68  258.88 0.16349D+15  2.267    4.932    4.377    9.535   26.096   14.84   16.75   89.72
   90.80  108.98 0.22387D-09  1  0  0.02716  261.62  258.84 0.16359D+15  2.268    4.914    4.359    9.499   26.061   14.86   16.77   90.04
   91.13  109.37 0.22312D-09  1  0  0.02729  261.56  258.80 0.16369D+15  2.268    4.895    4.341    9.463   26.025   14.87   16.79   90.37
   91.45  109.76 0.22239D-09  1  0  0.02743  261.50  258.75 0.16380D+15  2.269    4.877    4.323    9.426   25.989   14.88   16.80   90.69
   91.77  110.14 0.22165D-09  1  0  0.02756  261.44  258.71 0.16390D+15  2.269    4.860    4.305    9.390   25.954   14.89   16.82   91.01
   92.09  110.53 0.22092D-09  1  0  0.02770  261.38  258.66 0.16402D+15  2.270    4.842    4.287    9.354   25.918   14.90   16.84   91.34
   92.41  110.92 0.22020D-09  1  0  0.02784  261.32  258.62 0.16413D+15  2.270    4.824    4.270    9.317   25.882   14.91   16.86   91.66
   92.74  111.31 0.21948D-09  1  0  0.02798  261.26  258.57 0.16425D+15  2.271    4.807    4.253    9.280   25.846   14.93   16.87   91.98
   93.06  111.70 0.21877D-09  1  0  0.02812  261.20  258.53 0.16437D+15  2.271    4.789    4.235    9.243   25.809   14.94   16.89   92.31
   93.38  112.09 0.21806D-09  1  0  0.02826  261.14  258.48 0.16449D+15  2.272    4.772    4.218    9.206   25.773   14.95   16.91   92.63
   93.70  112.48 0.21736D-09  1  0  0.02840  261.07  258.43 0.16462D+15  2.272    4.755    4.201    9.169   25.737   14.96   16.93   92.95
   94.02  112.87 0.21666D-09  1  0  0.02855  261.01  258.39 0.16475D+15  2.273    4.738    4.184    9.132   25.700   14.97   16.94   93.28
   94.35  113.26 0.21596D-09  1  0  0.02869  260.95  258.34 0.16489D+15  2.273    4.721    4.167    9.095   25.664   14.99   16.96   93.60
   94.67  113.65 0.21527D-09  1  0  0.02884  260.89  258.30 0.16502D+15  2.274    4.704    4.151    9.057   25.627   15.00   16.98   93.92
   94.99  114.03 0.21459D-09  1  0  0.02899  260.82  258.25 0.16516D+15  2.275    4.687    4.134    9.019   25.590   15.01   17.00   94.25
   95.31  114.42 0.21391D-09  1  0  0.02914  260.76  258.20 0.16531D+15  2.275    4.671    4.118    8.982   25.553   15.02   17.02   94.57
   95.63  114.81 0.21323D-09  1  0  0.02929  260.70  258.15 0.16546D+15  2.276    4.654    4.101    8.944   25.516   15.04   17.04   94.89
   95.96  115.20 0.21256D-09  1  0  0.02944  260.63  258.11 0.16561D+15  2.276    4.638    4.085    8.905   25.479   15.05   17.05   95.22
   96.28  115.59 0.21190D-09  1  0  0.02960  260.57  258.06 0.16576D+15  2.277    4.621    4.069    8.867   25.442   15.06   17.07   95.54
   96.60  115.98 0.21123D-09  1  0  0.02975  260.50  258.01 0.16592D+15  2.277    4.605    4.053    8.829   25.405   15.07   17.09   95.87
   96.92  116.37 0.21058D-09  1  0  0.02991  260.44  257.96 0.16608D+15  2.278    4.589    4.037    8.790   25.367   15.09   17.11   96.19
   97.24  116.76 0.20992D-09  1  0  0.03007  260.37  257.91 0.16625D+15  2.279    4.573    4.021    8.751   25.330   15.10   17.13   96.51
   97.57  117.15 0.20928D-09  1  0  0.03023  260.31  257.87 0.16642D+15  2.279    4.557    4.005    8.712   25.292   15.11   17.15   96.84
   97.89  117.54 0.20863D-09  1  0  0.03040  260.24  257.82 0.16660D+15  2.280    4.541    3.989    8.673   25.254   15.13   17.17   97.16
   98.21  117.93 0.20799D-09  1  0  0.03056  260.18  257.77 0.16678D+15  2.280    4.525    3.974    8.633   25.216   15.14   17.19   97.48
   98.53  118.31 0.20735D-09  1  0  0.03073  260.11  257.72 0.16696D+15  2.281    4.510    3.958    8.594   25.178   15.15   17.21   97.81
   98.85  118.70 0.20672D-09  1  0  0.03090  260.04  257.67 0.16714D+15  2.282    4.494    3.943    8.554   25.140   15.17   17.23   98.13
   99.18  119.09 0.20610D-09  1  0  0.03106  259.97  257.62 0.16734D+15  2.282    4.478    3.927    8.514   25.102   15.18   17.25   98.46
   99.50  119.48 0.20547D-09  1  0  0.03124  259.91  257.57 0.16753D+15  2.283    4.463    3.912    8.474   25.063   15.19   17.27   98.78
   99.82  119.87 0.20485D-09  1  0  0.03141  259.84  257.52 0.16773D+15  2.283    4.448    3.897    8.433   25.024   15.21   17.29   99.10
  100.14  120.26 0.20424D-09  1  0  0.03159  259.77  257.47 0.16794D+15  2.284    4.432    3.882    8.393   24.986   15.22   17.31   99.43
  100.46  120.65 0.20362D-09  1  0  0.03176  259.70  257.41 0.16815D+15  2.285    4.417    3.867    8.352   24.947   15.23   17.33   99.75
  100.79  121.04 0.20302D-09  1  0  0.03194  259.63  257.36 0.16836D+15  2.285    4.402    3.852    8.311   24.908   15.25   17.35  100.08
  101.11  121.43 0.20241D-09  1  0  0.03212  259.56  257.31 0.16858D+15  2.286    4.387    3.837    8.270   24.868   15.26   17.37  100.40
  101.43  121.82 0.20181D-09  1  0  0.03231  259.49  257.26 0.16880D+15  2.286    4.372    3.823    8.228   24.829   15.28   17.39  100.72
  101.75  122.21 0.20122D-09  1  0  0.03249  259.42  257.21 0.16903D+15  2.287    4.358    3.808    8.187   24.789   15.29   17.42  101.05
  102.07  122.60 0.20062D-09  1  0  0.03268  259.35  257.15 0.16927D+15  2.288    4.343    3.794    8.145   24.749   15.30   17.44  101.37
  102.40  122.99 0.20004D-09  1  0  0.03287  259.28  257.10 0.16951D+15  2.288    4.328    3.779    8.102   24.709   15.32   17.46  101.70
  102.72  123.38 0.19945D-09  1  0  0.03306  259.21  257.05 0.16975D+15  2.289    4.314    3.765    8.060   24.669   15.33   17.48  102.02
  103.04  123.77 0.19887D-09  1  0  0.03325  259.13  256.99 0.17000D+15  2.290    4.299    3.750    8.017   24.629   15.35   17.50  102.35
  103.36  124.15 0.19829D-09  1  0  0.03345  259.06  256.94 0.17026D+15  2.290    4.285    3.736    7.974   24.588   15.36   17.53  102.67
  103.68  124.54 0.19772D-09  1  0  0.03365  258.99  256.89 0.17052D+15  2.291    4.270    3.722    7.931   24.548   15.38   17.55  102.99
  104.01  124.93 0.19715D-09  1  0  0.03385  258.92  256.83 0.17079D+15  2.292    4.256    3.708    7.888   24.507   15.39   17.57  103.32
  104.33  125.32 0.19658D-09  1  0  0.03405  258.84  256.78 0.17106D+15  2.292    4.242    3.694    7.844   24.466   15.41   17.60  103.64
  104.65  125.71 0.19602D-09  1  0  0.03425  258.77  256.72 0.17134D+15  2.293    4.228    3.680    7.800   24.424   15.42   17.62  103.97
  104.97  126.10 0.19546D-09  1  0  0.03446  258.69  256.67 0.17162D+15  2.294    4.214    3.666    7.756   24.383   15.44   17.64  104.29
  105.29  126.49 0.19490D-09  1  0  0.03467  258.62  256.61 0.17192D+15  2.294    4.200    3.652    7.711   24.341   15.46   17.67  104.62
  105.62  126.88 0.19435D-09  1  0  0.03488  258.54  256.55 0.17221D+15  2.295    4.186    3.639    7.666   24.299   15.47   17.69  104.94
  105.94  127.27 0.19380D-09  1  0  0.03510  258.46  256.50 0.17252D+15  2.296    4.172    3.625    7.621   24.257   15.49   17.71  105.27
  106.26  127.66 0.19325D-09  1  0  0.03531  258.39  256.44 0.17283D+15  2.296    4.159    3.612    7.576   24.214   15.50   17.74  105.59
  106.58  128.05 0.19271D-09  1  0  0.03553  258.31  256.38 0.17315D+15  2.297    4.145    3.598    7.530   24.172   15.52   17.76  105.92
  106.90  128.44 0.19217D-09  1  0  0.03576  258.23  256.32 0.17347D+15  2.298    4.131    3.585    7.484   24.129   15.54   17.79  106.24
  107.23  128.83 0.19163D-09  1  0  0.03598  258.15  256.27 0.17381D+15  2.298    4.118    3.571    7.437   24.086   15.55   17.81  106.57
  107.55  129.22 0.19110D-09  1  0  0.03621  258.07  256.21 0.17414D+15  2.299    4.104    3.558    7.390   24.042   15.57   17.84  106.89
  107.87  129.61 0.19057D-09  1  0  0.03644  257.99  256.15 0.17449D+15  2.300    4.091    3.545    7.343   23.999   15.59   17.87  107.22
  108.19  130.00 0.19004D-09  1  0  0.03667  257.91  256.09 0.17485D+15  2.301    4.077    3.532    7.296   23.955   15.60   17.89  107.54
  108.51  130.39 0.18952D-09  1  0  0.03691  257.83  256.03 0.17521D+15  2.301    4.064    3.519    7.248   23.911   15.62   17.92  107.87
  108.84  130.78 0.18899D-09  1  0  0.03715  257.75  255.97 0.17558D+15  2.302    4.051    3.506    7.200   23.866   15.64   17.95  108.19
  109.16  131.17 0.18848D-09  1  0  0.03739  257.67  255.91 0.17596D+15  2.303    4.038    3.493    7.151   23.821   15.66   17.97  108.52
  109.48  131.56 0.18796D-09  1  0  0.03764  257.58  255.85 0.17635D+15  2.303    4.025    3.480    7.103   23.776   15.67   18.00  108.84
  109.80  131.95 0.18745D-09  1  0  0.03789  257.50  255.79 0.17674D+15  2.304    4.012    3.467    7.053   23.731   15.69   18.03  109.17
  110.12  132.34 0.18694D-09  1  0  0.03814  257.42  255.73 0.17715D+15  2.305    3.999    3.454    7.004   23.685   15.71   18.06  109.50
  110.45  132.73 0.18644D-09  1  0  0.03839  257.33  255.66 0.17756D+15  2.306    3.986    3.442    6.954   23.640   15.73   18.08  109.82
  110.77  133.12 0.18593D-09  1  0  0.03865  257.25  255.60 0.17799D+15  2.306    3.973    3.429    6.903   23.593   15.75   18.11  110.15
  111.09  133.51 0.18543D-09  1  0  0.03891  257.16  255.54 0.17842D+15  2.307    3.960    3.416    6.852   23.547   15.77   18.14  110.47
  111.41  133.91 0.18494D-09  1  0  0.03918  257.07  255.47 0.17886D+15  2.308    3.947    3.404    6.801   23.500   15.79   18.17  110.80
  111.73  134.30 0.18444D-09  1  0  0.03945  256.99  255.41 0.17932D+15  2.309    3.935    3.391    6.749   23.453   15.81   18.20  111.13
  112.06  134.69 0.18395D-09  1  0  0.03972  256.90  255.34 0.17978D+15  2.310    3.922    3.379    6.697   23.405   15.83   18.23  111.45
  112.38  135.08 0.18346D-09  1  0  0.04000  256.81  255.28 0.18025D+15  2.310    3.909    3.367    6.645   23.358   15.85   18.26  111.78
  112.70  135.47 0.18298D-09  1  0  0.04028  256.72  255.21 0.18074D+15  2.311    3.897    3.354    6.592   23.309   15.87   18.29  112.11
  113.02  135.86 0.18249D-09  1  0  0.04056  256.63  255.15 0.18123D+15  2.312    3.884    3.342    6.538   23.261   15.89   18.32  112.43
  113.34  136.25 0.18201D-09  1  0  0.04085  256.54  255.08 0.18174D+15  2.313    3.872    3.330    6.484   23.212   15.91   18.36  112.76
  113.67  136.64 0.18154D-09  1  0  0.04114  256.44  255.01 0.18226D+15  2.314    3.860    3.318    6.430   23.163   15.93   18.39  113.09
  113.99  137.03 0.18106D-09  1  0  0.04143  256.35  254.94 0.18279D+15  2.315    3.847    3.306    6.375   23.113   15.95   18.42  113.41
  114.31  137.42 0.18059D-09  1  0  0.04173  256.26  254.88 0.18333D+15  2.315    3.835    3.294    6.319   23.063   15.97   18.45  113.74
  114.63  137.82 0.18012D-09  1  0  0.04204  256.16  254.81 0.18389D+15  2.316    3.823    3.282    6.263   23.012   15.99   18.49  114.07
  114.95  138.21 0.17966D-09  1  0  0.04235  256.07  254.74 0.18446D+15  2.317    3.810    3.270    6.207   22.961   16.01   18.52  114.40
  115.28  138.60 0.17919D-09  1  0  0.04266  255.97  254.67 0.18504D+15  2.318    3.798    3.258    6.150   22.910   16.04   18.56  114.72
  115.60  138.99 0.17873D-09  1  0  0.04298  255.87  254.60 0.18564D+15  2.319    3.786    3.246    6.092   22.858   16.06   18.59  115.05
  115.92  139.38 0.17827D-09  1  0  0.04330  255.77  254.52 0.18625D+15  2.320    3.774    3.234    6.034   22.806   16.08   18.63  115.38
  116.24  139.77 0.17782D-09  1  0  0.04362  255.68  254.45 0.18687D+15  2.321    3.762    3.223    5.975   22.754   16.11   18.66  115.71
  116.56  140.17 0.17736D-09  1  0  0.04396  255.58  254.38 0.18751D+15  2.321    3.750    3.211    5.916   22.701   16.13   18.70  116.04
  116.89  140.56 0.17691D-09  1  0  0.04429  255.47  254.31 0.18817D+15  2.322    3.738    3.199    5.856   22.647   16.15   18.74  116.37
  117.21  140.95 0.17646D-09  1  0  0.04463  255.37  254.23 0.18884D+15  2.323    3.726    3.188    5.796   22.593   16.18   18.77  116.70
  117.53  141.34 0.17602D-09  1  0  0.04498  255.27  254.16 0.18953D+15  2.324    3.715    3.176    5.734   22.539   16.20   18.81  117.03
  117.85  141.74 0.17557D-09  1  0  0.04533  255.16  254.08 0.19024D+15  2.325    3.703    3.165    5.673   22.484   16.23   18.85  117.36
  118.17  142.13 0.17513D-09  1  0  0.04569  255.06  254.01 0.19096D+15  2.326    3.691    3.153    5.610   22.428   16.25   18.89  117.69
  118.50  142.52 0.17469D-09  1  0  0.04605  254.95  253.93 0.19170D+15  2.327    3.679    3.142    5.547   22.372   16.28   18.93  118.02
  118.82  142.92 0.17425D-09  1  0  0.04642  254.84  253.85 0.19246D+15  2.328    3.667    3.130    5.483   22.315   16.30   18.97  118.35
  119.14  143.31 0.17382D-09  1  0  0.04679  254.74  253.77 0.19324D+15  2.329    3.656    3.119    5.419   22.258   16.33   19.01  118.68
  119.46  143.70 0.17339D-09  1  0  0.04717  254.63  253.69 0.19404D+15  2.330    3.644    3.108    5.354   22.201   16.36   19.05  119.01
  119.78  144.10 0.17296D-09  1  0  0.04756  254.51  253.61 0.19486D+15  2.331    3.633    3.096    5.288   22.142   16.39   19.10  119.34
  120.11  144.49 0.17253D-09  1  0  0.04795  254.40  253.53 0.19570D+15  2.332    3.621    3.085    5.221   22.083   16.41   19.14  119.67
  120.43  144.88 0.17211D-09  1  0  0.04835  254.29  253.45 0.19656D+15  2.333    3.609    3.074    5.153   22.024   16.44   19.18  120.01
  120.75  145.28 0.17168D-09  1  0  0.04875  254.17  253.37 0.19745D+15  2.334    3.598    3.063    5.085   21.964   16.47   19.23  120.34
  121.07  145.67 0.17126D-09  1  0  0.04917  254.06  253.28 0.19835D+15  2.335    3.586    3.052    5.016   21.903   16.50   19.27  120.67
  121.39  146.07 0.17085D-09  1  0  0.04958  253.94  253.20 0.19929D+15  2.336    3.575    3.041    4.946   21.842   16.53   19.32  121.01
  121.72  146.47 0.17043D-09  1  0  0.05001  253.82  253.11 0.20025D+15  2.337    3.564    3.030    4.875   21.780   16.56   19.37  121.34
  122.04  146.86 0.17002D-09  1  0  0.05044  253.70  253.03 0.20123D+15  2.339    3.552    3.019    4.804   21.717   16.59   19.42  121.67
  122.36  147.26 0.16960D-09  1  0  0.05088  253.58  252.94 0.20224D+15  2.340    3.541    3.007    4.731   21.654   16.62   19.47  122.01
  122.68  147.65 0.16920D-09  1  0  0.05133  253.45  252.85 0.20328D+15  2.341    3.529    2.997    4.658   21.590   16.66   19.52  122.35
  123.00  148.05 0.16879D-09  1  0  0.05179  253.33  252.76 0.20435D+15  2.342    3.518    2.986    4.584   21.525   16.69   19.57  122.68
  123.33  148.45 0.16838D-09  1  0  0.05225  253.20  252.67 0.20544D+15  2.343    3.507    2.975    4.508   21.459   16.72   19.62  123.02
  123.65  148.85 0.16798D-09  1  0  0.05272  253.07  252.58 0.20657D+15  2.344    3.496    2.964    4.432   21.393   16.76   19.67  123.36
  123.97  149.25 0.16758D-09  1  0  0.05320  252.94  252.49 0.20773D+15  2.345    3.484    2.953    4.355   21.326   16.79   19.73  123.70
  124.29  149.64 0.16718D-09  1  0  0.05369  252.81  252.39 0.20893D+15  2.347    3.473    2.942    4.277   21.258   16.83   19.78  124.04
  124.61  150.04 0.16678D-09  1  0  0.05418  252.67  252.30 0.21015D+15  2.348    3.462    2.931    4.197   21.189   16.86   19.84  124.38
  124.94  150.45 0.16639D-09  1  0  0.05469  252.54  252.20 0.21142D+15  2.349    3.451    2.920    4.117   21.119   16.90   19.90  124.72
  125.26  150.85 0.16600D-09  1  0  0.05521  252.40  252.10 0.21272D+15  2.350    3.439    2.910    4.035   21.049   16.94   19.95  125.07
  125.58  151.25 0.16561D-09  1  0  0.05573  252.26  252.01 0.21406D+15  2.352    3.428    2.899    3.953   20.977   16.98   20.01  125.41
  125.90  151.65 0.16522D-09  1  0  0.05627  252.12  251.91 0.21544D+15  2.353    3.417    2.888    3.869   20.905   17.01   20.08  125.76
  126.22  152.06 0.16483D-09  1  0  0.05681  251.97  251.80 0.21687D+15  2.354    3.406    2.877    3.784   20.832   17.05   20.14  126.11
  126.55  152.46 0.16445D-09  1  0  0.05737  251.83  251.70 0.21833D+15  2.356    3.395    2.867    3.698   20.757   17.09   20.20  126.46
  126.87  152.87 0.16406D-09  1  0  0.05793  251.68  251.60 0.21985D+15  2.357    3.383    2.856    3.610   20.682   17.14   20.27  126.81
  127.19  153.27 0.16368D-09  1  0  0.05851  251.53  251.49 0.22141D+15  2.358    3.372    2.845    3.521   20.606   17.18   20.33  127.16
  127.51  153.68 0.16330D-09  1  0  0.05910  251.38  251.38 0.22302D+15  2.360    3.361    2.834    3.431   20.529   17.22   20.40  127.51
  127.83  154.07 0.16293D-09  1  0  0.05970  251.22  251.28 0.22468D+15  2.361    3.350    2.824    3.340   20.450   17.27   20.47  127.83
  128.16  154.45 0.16255D-09  1  0  0.06031  251.06  251.17 0.22640D+15  2.363    3.339    2.813    3.247   20.371   17.31   20.54  128.16
  128.48  154.84 0.16218D-09  1  0  0.06093  250.90  251.05 0.22817D+15  2.364    3.328    2.802    3.152   20.290   17.36   20.62  128.48
  128.80  155.23 0.16181D-09  1  0  0.06157  250.74  250.94 0.23000D+15  2.366    3.316    2.792    3.057   20.208   17.41   20.69  128.80
  129.12  155.62 0.16144D-09  1  0  0.06222  250.57  250.82 0.23190D+15  2.367    3.305    2.781    2.959   20.125   17.45   20.77  129.12
  129.44  156.01 0.16107D-09  1  0  0.06289  250.40  250.71 0.23386D+15  2.369    3.294    2.770    2.861   20.041   17.50   20.85  129.44
  129.77  156.39 0.16071D-09  1  0  0.06356  250.23  250.59 0.23589D+15  2.370    3.283    2.760    2.760   19.955   17.56   20.93  129.77
  130.09  156.78 0.16034D-09  1  0  0.06426  250.05  250.47 0.23799D+15  2.372    3.272    2.749    2.658   19.868   17.61   21.01  130.09
  130.41  157.17 0.15998D-09  1  0  0.06496  249.88  250.34 0.24016D+15  2.374    3.260    2.738    2.554   19.780   17.66   21.10  130.41
  130.73  157.56 0.15962D-09  1  0  0.06569  249.69  250.22 0.24241D+15  2.375    3.249    2.728    2.448   19.691   17.72   21.19  130.73
  131.05  157.95 0.15926D-09  1  0  0.06643  249.51  250.09 0.24475D+15  2.377    3.238    2.717    2.341   19.600   17.77   21.28  131.05
  131.38  158.33 0.15890D-09  1  0  0.06718  249.32  249.96 0.24717D+15  2.379    3.227    2.706    2.232   19.507   17.83   21.37  131.38
  131.70  158.72 0.15855D-09  1  0  0.06795  249.13  249.83 0.24968D+15  2.381    3.215    2.696    2.121   19.413   17.89   21.47  131.70
  132.02  159.11 0.15820D-09  1  0  0.06874  248.93  249.70 0.25229D+15  2.382    3.204    2.685    2.007   19.317   17.95   21.57  132.02
  132.34  159.50 0.15785D-09  1  0  0.06955  248.73  249.56 0.25500D+15  2.384    3.193    2.674    1.892   19.220   18.01   21.67  132.34
  132.66  159.89 0.15750D-09  1  0  0.07038  248.53  249.42 0.25781D+15  2.386    3.181    2.664    1.775   19.121   18.08   21.77  132.66
  132.99  160.27 0.15715D-09  1  0  0.07123  248.32  249.28 0.26074D+15  2.388    3.170    2.653    1.656   19.021   18.14   21.88  132.99
  133.31  160.66 0.15680D-09  1  0  0.07209  248.11  249.14 0.26379D+15  2.390    3.158    2.642    1.534   18.918   18.21   21.99  133.31
  133.63  161.05 0.15646D-09  1  0  0.07298  247.89  248.99 0.26696D+15  2.392    3.147    2.631    1.410   18.814   18.28   22.10  133.63
  133.95  161.44 0.15611D-09  1  0  0.07389  247.67  248.84 0.27027D+15  2.394    3.135    2.620    1.284   18.708   18.35   22.22  133.95
  134.27  161.83 0.15577D-09  1  0  0.07482  247.44  248.69 0.27371D+15  2.396    3.124    2.609    1.155   18.600   18.43   22.34  134.27
  134.60  162.22 0.15543D-09  1  0  0.07578  247.21  248.53 0.27731D+15  2.399    3.112    2.598    1.024   18.490   18.50   22.47  134.60
  134.92  162.60 0.15509D-09  1  0  0.07676  246.97  248.37 0.28106D+15  2.401    3.100    2.587    0.890   18.378   18.58   22.60  134.92
  135.24  162.99 0.15476D-09  1  0  0.07776  246.72  248.21 0.28498D+15  2.403    3.088    2.576    0.754   18.264   18.66   22.73  135.24
  135.56  163.38 0.15442D-09  1  0  0.07879  246.47  248.04 0.28908D+15  2.406    3.076    2.565    0.614   18.147   18.75   22.87  135.56
  135.88  163.77 0.15409D-09  1  0  0.07985  246.22  247.87 0.29337D+15  2.408    3.064    2.554    0.472   18.029   18.83   23.02  135.88
  136.21  164.16 0.15376D-09  1  0  0.08094  245.96  247.70 0.29786D+15  2.410    3.052    2.543    0.327   17.908   18.92   23.16  136.21
  136.53  164.54 0.15343D-09  1  0  0.08205  245.69  247.52 0.30257D+15  2.413    3.040    2.532    0.179   17.784   19.01   23.32  136.53
  136.85  164.93 0.15310D-09  1  0  0.08320  245.41  247.34 0.30751D+15  2.416    3.028    2.520    0.028   17.658   19.11   23.48  136.85
  137.17  165.32 0.15277D-09  1  0  0.08438  245.13  246.84 0.32447D+15  2.418    3.016    2.509    0.000   17.635   19.47   23.44  137.17
  137.49  165.71 0.15245D-09  1  0  0.08559  244.84  246.68 0.32880D+15  2.421    3.003    2.498    0.000   17.635   19.55   23.41  137.49
  137.82  166.10 0.15212D-09  1  0  0.08684  244.54  246.52 0.33333D+15  2.424    2.991    2.486    0.000   17.635   19.62   23.38  137.82
  138.14  166.48 0.15180D-09  1  0  0.08812  244.23  246.36 0.33808D+15  2.427    2.978    2.474    0.000   17.635   19.70   23.35  138.14
  138.46  166.87 0.15148D-09  1  0  0.08944  243.91  246.19 0.34307D+15  2.430    2.965    2.463    0.000   17.635   19.78   23.32  138.46
  138.78  167.26 0.15116D-09  1  0  0.09080  243.59  246.02 0.34830D+15  2.433    2.953    2.451    0.000   17.635   19.87   23.29  138.78
  139.10  167.65 0.15084D-09  1  0  0.09220  243.25  245.84 0.35380D+15  2.436    2.939    2.439    0.000   17.635   19.95   23.26  139.10
  139.43  168.04 0.15053D-09  1  0  0.09365  242.91  245.66 0.35958D+15  2.440    2.926    2.427    0.000   17.635   20.04   23.22  139.43
  139.75  168.42 0.15021D-09  1  0  0.09514  242.55  245.49 0.36530D+15  2.443    2.913    2.415   -0.001   17.635   20.13   23.19  139.75
  140.07  139.21 0.14990D-09  1  0  0.09667  242.18  245.30 0.37170D+15  2.447    2.899    2.402   -0.171   17.494   20.23   23.38   90.95
  140.39  153.93 0.14959D-09  1  0  0.09826  241.80  245.10 0.37846D+15  2.451    2.886    2.390   -0.345   17.350   20.34   23.57  115.05
  140.71  158.99 0.14928D-09  1  0  0.09990  241.41  244.90 0.38558D+15  2.454    2.872    2.377   -0.523   17.202   20.46   23.77  123.13
  141.04  161.70 0.14897D-09  1  0  0.10160  241.00  244.70 0.39312D+15  2.458    2.858    2.364   -0.706   17.051   20.57   23.98  127.29
  141.36  163.46 0.14866D-09  1  0  0.10335  240.58  244.48 0.40108D+15  2.463    2.843    2.352   -0.893   16.896   20.69   24.20  129.90
  141.68  164.76 0.14835D-09  1  0  0.10516  240.14  244.27 0.40952D+15  2.467    2.829    2.338   -1.085   16.738   20.82   24.43  131.73
  142.00  165.79 0.14805D-09  1  0  0.10704  239.69  244.04 0.41847D+15  2.471    2.814    2.325   -1.282   16.575   20.95   24.67  133.12
  142.32  166.65 0.14774D-09  1  0  0.10898  239.22  243.81 0.42797D+15  2.476    2.799    2.311   -1.484   16.409   21.09   24.92  134.24
  142.65  167.41 0.14744D-09  1  0  0.11100  238.74  243.58 0.43806D+15  2.481    2.783    2.298   -1.692   16.239   21.23   25.19  135.16
  142.97  168.08 0.14714D-09  1  0  0.11309  238.23  243.33 0.44881D+15  2.486    2.767    2.284   -1.904   16.064   21.38   25.47  135.96
  143.29  168.70 0.14684D-09  1  0  0.11526  237.70  243.08 0.46026D+15  2.491    2.751    2.269   -2.122   15.884   21.53   25.77  136.67
  143.61  169.28 0.14654D-09  1  0  0.11751  237.15  242.82 0.47249D+15  2.497    2.735    2.255   -2.346   15.701   21.69   26.08  137.30
  143.93  169.82 0.14625D-09  1  0  0.11985  236.58  242.56 0.48555D+15  2.503    2.718    2.240   -2.576   15.512   21.86   26.41  137.88
  144.26  170.34 0.14595D-09  1  0  0.12229  235.99  242.28 0.49954D+15  2.509    2.701    2.224   -2.812   15.318   22.04   26.76  138.41
  144.58  170.83 0.14566D-09  1  0  0.12483  235.36  241.99 0.51454D+15  2.515    2.683    2.209   -3.055   15.120   22.22   27.13  138.91
  144.90  171.31 0.14536D-09  1  0  0.12747  234.71  241.70 0.53065D+15  2.522    2.665    2.193   -3.304   14.916   22.41   27.52  139.38
  145.22  171.77 0.14507D-09  1  0  0.13022  234.03  241.40 0.54798D+15  2.529    2.646    2.176   -3.560   14.707   22.61   27.94  139.82
  145.54  172.21 0.14478D-09  1  0  0.13310  233.31  241.08 0.56666D+15  2.537    2.626    2.159   -3.822   14.492   22.81   28.39  140.24
  145.87  172.65 0.14449D-09  1  0  0.13610  232.56  240.75 0.58683D+15  2.544    2.606    2.142   -4.092   14.272   23.03   28.87  140.64
  146.19  173.08 0.14421D-09  1  0  0.13925  231.77  240.42 0.60865D+15  2.553    2.586    2.124   -4.370   14.046   23.26   29.38  141.03
  146.51  173.49 0.14392D-09  1  0  0.14253  230.94  240.07 0.63229D+15  2.562    2.564    2.106   -4.654   13.813   23.49   29.93  141.39
  146.83  173.90 0.14363D-09  1  0  0.14598  230.07  239.71 0.65798D+15  2.571    2.542    2.086   -4.947   13.575   23.74   30.52  141.75
  147.15  174.30 0.14335D-09  1  0  0.14960  229.14  239.33 0.68592D+15  2.581    2.519    2.067   -5.247   13.330   24.00   31.15  142.09
  147.48  174.69 0.14307D-09  1  0  0.15339  228.16  238.94 0.71640D+15  2.592    2.495    2.046   -5.556   13.079   24.27   31.84  142.41
  147.80  175.07 0.14279D-09  1  0  0.15738  227.13  238.54 0.74971D+15  2.603    2.470    2.025   -5.872   12.822   24.55   32.58  142.73
  148.12  175.45 0.14251D-09  1  0  0.16159  226.03  238.12 0.78619D+15  2.615    2.444    2.002   -6.197   12.558   24.84   33.39  143.03
  148.44  175.81 0.14223D-09  1  0  0.16602  224.86  237.69 0.82623D+15  2.628    2.417    1.979   -6.531   12.287   25.15   34.27  143.32
  148.76  176.17 0.14195D-09  1  0  0.17070  223.61  237.24 0.87027D+15  2.643    2.388    1.954   -6.872   12.010   25.47   35.23  143.59
  149.09  176.52 0.14167D-09  1  0  0.17565  222.28  236.77 0.91879D+15  2.658    2.358    1.929   -7.222   11.727   25.79   36.28  143.85
  149.41  176.87 0.14140D-09  1  0  0.18090  220.85  236.28 0.97238D+15  2.674    2.326    1.902   -7.580   11.437   26.13   37.43  144.10
  149.73  180.45 0.14112D-09  0  0  0.18646  219.33  235.78 0.10316D+16  2.692    2.292    1.873   -7.772   11.283  149.73  149.73  149.73
  150.05  180.84 0.14085D-09  0  0  0.19237  217.68  235.27 0.10973D+16  2.712    2.256    1.843   -7.811   11.254  150.05  150.05  150.05
  150.37  181.23 0.14058D-09  0  0  0.19867  215.91  234.73 0.11701D+16  2.733    2.218    1.811   -7.852   11.223  150.37  150.37  150.37
  150.70  181.62 0.14031D-09  0  0  0.20539  214.00  234.18 0.12508D+16  2.757    2.177    1.777   -7.896   11.190  150.70  150.70  150.70
  151.02  182.00 0.14004D-09  0  0  0.21258  211.92  233.61 0.13404D+16  2.783    2.133    1.740   -7.942   11.155  151.02  151.02  151.02
  151.34  182.39 0.13977D-09  0  0  0.22029  209.66  233.03 0.14396D+16  2.812    2.086    1.701   -7.992   11.117  151.34  151.34  151.34
  151.66  182.78 0.13951D-09  0  0  0.22857  207.19  232.43 0.15492D+16  2.844    2.035    1.659   -8.046   11.076  151.66  151.66  151.66
  151.98  183.17 0.13924D-09  0  0  0.23749  204.48  231.83 0.16696D+16  2.880    1.980    1.613   -8.104   11.032  151.98  151.98  151.98
  152.31  183.56 0.13897D-09  0  0  0.24714  201.50  231.23 0.18006D+16  2.921    1.920    1.564   -8.167   10.984  152.31  152.31  152.31
  152.63  183.94 0.13871D-09  0  0  0.25760  198.21  230.63 0.19414D+16  2.968    1.854    1.509   -8.236   10.931  152.63  152.63  152.63
  152.95  184.33 0.13845D-09  0  0  0.26897  194.55  230.05 0.20894D+16  3.022    1.782    1.450   -8.312   10.872  152.95  152.95  152.95
  153.27  184.72 0.13819D-09  0  0  0.28139  190.46  229.50 0.22393D+16  3.085    1.702    1.384   -8.395   10.808  153.27  153.27  153.27
  153.59  185.11 0.13793D-09  0  0  0.29501  185.87  229.00 0.23821D+16  3.158    1.612    1.311   -8.487   10.736  153.59  153.59  153.59
  153.92  185.50 0.13767D-09  0  0  0.31000  180.68  228.60 0.25022D+16  3.246    1.512    1.229   -8.590   10.655  153.92  153.92  153.92
  154.24  185.89 0.13741D-09  0  0  0.32100  176.79  228.41 0.25539D+16  3.315    1.436    1.167   -8.669   10.595  154.24  154.24  154.24
  154.56  186.27 0.13715D-09  0  0  0.32100  176.79  228.41 0.25396D+16  3.315    1.434    1.164   -8.675   10.593  154.56  154.56  154.56
  154.88  186.66 0.13690D-09  0  0  0.32100  176.80  228.41 0.25254D+16  3.315    1.431    1.161   -8.680   10.592  154.88  154.88  154.88
  155.20  187.05 0.13664D-09  0  0  0.32100  176.81  228.41 0.25113D+16  3.315    1.429    1.159   -8.686   10.591  155.20  155.20  155.20
  155.53  187.44 0.13639D-09  0  0  0.32100  176.81  228.41 0.24973D+16  3.315    1.426    1.156   -8.691   10.590  155.53  155.53  155.53
  155.85  187.83 0.13613D-09  0  0  0.32100  176.82  228.40 0.24833D+16  3.315    1.424    1.154   -8.697   10.588  155.85  155.85  155.85
  156.17  188.21 0.13588D-09  0  0  0.32100  176.82  228.40 0.24695D+16  3.315    1.421    1.151   -8.702   10.587  156.17  156.17  156.17
  156.49  188.60 0.13563D-09  0  0  0.32100  176.83  228.40 0.24557D+16  3.315    1.419    1.148   -8.708   10.586  156.49  156.49  156.49
  156.81  188.99 0.13538D-09  0  0  0.32100  176.83  228.40 0.24420D+16  3.315    1.416    1.146   -8.713   10.585  156.81  156.81  156.81
  157.14  189.38 0.13513D-09  0  0  0.32100  176.84  228.39 0.24284D+16  3.315    1.414    1.143   -8.719   10.584  157.14  157.14  157.14
  157.46  189.77 0.13489D-09  0  0  0.32100  176.85  228.39 0.24149D+16  3.315    1.411    1.141   -8.724   10.582  157.46  157.46  157.46
  157.78  190.15 0.13464D-09  0  0  0.32100  176.85  228.39 0.24014D+16  3.315    1.409    1.138   -8.729   10.581  157.78  157.78  157.78
  158.10  190.54 0.13439D-09  0  0  0.32100  176.86  228.39 0.23881D+16  3.315    1.406    1.136   -8.735   10.580  158.10  158.10  158.10
  158.42  190.93 0.13415D-09  0  0  0.32100  176.86  228.38 0.23748D+16  3.314    1.404    1.133   -8.740   10.579  158.42  158.42  158.42
  158.75  191.32 0.13391D-09  0  0  0.32100  176.87  228.38 0.23616D+16  3.314    1.402    1.131   -8.746   10.578  158.75  158.75  158.75
  159.07  191.71 0.13366D-09  0  0  0.32100  176.88  228.38 0.23485D+16  3.314    1.399    1.129   -8.751   10.577  159.07  159.07  159.07
  159.39  192.09 0.13342D-09  0  0  0.32100  176.88  228.37 0.23355D+16  3.314    1.397    1.126   -8.757   10.576  159.39  159.39  159.39
  159.71  192.48 0.13318D-09  0  0  0.32100  176.89  228.37 0.23225D+16  3.314    1.394    1.124   -8.762   10.574  159.71  159.71  159.71
  160.03  192.87 0.13294D-09  0  0  0.32100  176.89  228.37 0.23096D+16  3.314    1.392    1.121   -8.767   10.573  160.03  160.03  160.03
  160.36  193.26 0.13270D-09  0  0  0.32100  176.90  228.36 0.22968D+16  3.314    1.390    1.119   -8.773   10.572  160.36  160.36  160.36
  160.68  193.65 0.13247D-09  0  0  0.32100  176.90  228.36 0.22841D+16  3.314    1.387    1.116   -8.778   10.571  160.68  160.68  160.68
  161.00  194.03 0.13223D-09  0  0  0.32100  176.91  228.35 0.22714D+16  3.314    1.385    1.114   -8.783   10.570  161.00  161.00  161.00
