R_tot = 1561.0 R_core =  1400.0  Tsurf =   100.00  g =  1.310
   zbot    P(MPa) Hint     conv melt pCLA   Tbot     Tm     etam        k   Fcond_bot Fcond_top   Fbot     Ftop    dlid z_topTBL z_botTBL
    0.00   -0.00 0.13229D-05  0  0  0.01105  273.24  261.57 0.32206D+15  2.167    0.000    0.000    0.000    0.000    0.00    0.00    0.00
    0.32    0.39 0.13232D-06  0  0  0.01108  273.21  266.01 0.20278D+15  2.167 1398.882 1398.305 1379.282 1417.902    0.32    0.32    0.32
    0.64    0.77 0.66172D-07  0  0  0.01110  273.18  266.72 0.18814D+15  2.167  699.459  698.882  679.853  718.482    0.64    0.64    0.64
    0.97    1.16 0.44123D-07  0  0  0.01113  273.15  267.17 0.17922D+15  2.168  466.317  465.740  446.707  485.343    0.97    0.97    0.97
    1.29    1.55 0.33099D-07  0  0  0.01115  273.12  267.50 0.17277D+15  2.168  349.747  349.170  330.130  368.775    1.29    1.29    1.29
    1.61    1.94 0.26485D-07  0  0  0.01118  273.08  267.77 0.16770D+15  2.168  279.804  279.227  260.183  298.835    1.61    1.61    1.61
    1.93    2.33 0.22075D-07  0  0  0.01120  273.05  267.99 0.16352D+15  2.168  233.176  232.599  213.549  252.210    1.93    1.93    1.93
    2.25    2.71 0.18926D-07  0  0  0.01123  273.02  268.18 0.15997D+15  2.169  199.870  199.293  180.237  218.906    2.25    2.25    2.25
    2.58    3.10 0.16563D-07  0  0  0.01125  272.99  268.35 0.15688D+15  2.169  174.890  174.313  155.252  193.930    2.58    2.58    2.58
    2.90    3.49 0.14726D-07  0  0  0.01128  272.96  268.49 0.15414D+15  2.169  155.462  154.885  135.818  174.504    2.90    2.90    2.90
    3.22    3.88 0.13256D-07  0  0  0.01131  272.93  268.63 0.15169D+15  2.170  139.919  139.342  120.270  158.964    3.22    3.22    3.22
    3.54    4.27 0.12054D-07  0  0  0.01133  272.89  268.74 0.14946D+15  2.170  127.202  126.625  107.548  146.249    3.54    3.54    3.54
    3.86    4.65 0.11051D-07  0  0  0.01136  272.86  268.85 0.14743D+15  2.170  116.604  116.028   96.945  135.655    3.86    3.86    3.86
    4.19    5.04 0.10203D-07  0  0  0.01138  272.83  268.95 0.14555D+15  2.170  107.637  107.061   87.972  126.690    4.19    4.19    4.19
    4.51    5.43 0.94765D-08  0  0  0.01141  272.80  269.04 0.14382D+15  2.171   99.951   99.374   80.281  119.007    4.51    4.51    4.51
    4.83    5.82 0.88466D-08  0  0  0.01144  272.77  269.13 0.14220D+15  2.171   93.290   92.713   73.614  112.348    4.83    4.83    4.83
    5.15    6.21 0.82954D-08  0  0  0.01146  272.74  269.21 0.14068D+15  2.171   87.461   86.884   67.780  106.522    5.15    5.15    5.15
    5.47    6.59 0.78090D-08  0  0  0.01149  272.70  269.28 0.13926D+15  2.171   82.318   81.742   62.631  101.382    5.47    5.47    5.47
    5.80    6.98 0.73767D-08  0  0  0.01151  272.67  269.35 0.13791D+15  2.172   77.746   77.170   58.054   96.813    5.80    5.80    5.80
    6.12    7.37 0.69899D-08  0  0  0.01154  272.64  269.41 0.13664D+15  2.172   73.656   73.080   53.959   92.726    6.12    6.12    6.12
    6.44    7.76 0.66418D-08  0  0  0.01157  272.61  269.47 0.13543D+15  2.172   69.975   69.398   50.272   89.047    6.44    6.44    6.44
    6.76    8.15 0.63268D-08  0  0  0.01159  272.57  269.53 0.13428D+15  2.173   66.644   66.068   46.936   85.719    6.76    6.76    6.76
    7.08    8.54 0.60405D-08  0  0  0.01162  272.54  269.58 0.13319D+15  2.173   63.616   63.040   43.902   82.694    7.08    7.08    7.08
    7.41    8.92 0.57790D-08  0  0  0.01165  272.51  269.63 0.13214D+15  2.173   60.851   60.275   41.132   79.932    7.41    7.41    7.41
    7.73    9.31 0.55394D-08  0  0  0.01168  272.48  269.68 0.13114D+15  2.173   58.317   57.741   38.592   77.400    7.73    7.73    7.73
    8.05    9.70 0.53189D-08  0  0  0.01170  272.45  269.72 0.13018D+15  2.174   55.985   55.409   36.255   75.071    8.05    8.05    8.05
    8.37   10.09 0.51154D-08  0  0  0.01173  272.41  269.76 0.12925D+15  2.174   53.833   53.257   34.098   72.922    8.37    8.37    8.37
    8.69   10.48 0.49270D-08  0  0  0.01176  272.38  269.80 0.12836D+15  2.174   51.840   51.264   32.099   70.932    8.69    8.69    8.69
    9.02   10.86 0.47520D-08  0  0  0.01179  272.35  269.84 0.12751D+15  2.174   49.990   49.414   30.243   69.084    9.02    9.02    9.02
    9.34   11.25 0.45891D-08  0  0  0.01181  272.31  269.87 0.12668D+15  2.175   48.267   47.691   28.515   67.364    9.34    9.34    9.34
    9.66   11.64 0.44370D-08  0  0  0.01184  272.28  269.91 0.12588D+15  2.175   46.659   46.083   26.901   65.759    9.66    9.66    9.66
    9.98   12.03 0.42948D-08  0  0  0.01187  272.25  269.94 0.12511D+15  2.175   45.154   44.579   25.392   64.257    9.98    9.98    9.98
   10.30   12.42 0.41614D-08  0  0  0.01190  272.22  269.97 0.12436D+15  2.176   43.744   43.168   23.976   62.850   10.30   10.30   10.30
   10.63   12.80 0.40362D-08  0  0  0.01193  272.18  270.00 0.12364D+15  2.176   42.419   41.844   22.646   61.527   10.63   10.63   10.63
   10.95   13.19 0.39183D-08  0  0  0.01195  272.15  270.03 0.12293D+15  2.176   41.172   40.597   21.393   60.283   10.95   10.95   10.95
   11.27   13.58 0.38071D-08  0  0  0.01198  272.12  270.05 0.12225D+15  2.176   39.997   39.421   20.212   59.110   11.27   11.27   11.27
   11.59   13.97 0.37021D-08  0  0  0.01201  272.09  270.08 0.12159D+15  2.177   38.886   38.311   19.096   58.003   11.59   11.59   11.59
   11.91   14.36 0.36028D-08  0  0  0.01204  272.05  270.10 0.12094D+15  2.177   37.836   37.261   18.040   56.955   11.91   11.91   11.91
   12.24   14.74 0.35087D-08  0  0  0.01207  272.02  270.12 0.12031D+15  2.177   36.841   36.266   17.040   55.963   12.24   12.24   12.24
   12.56   15.13 0.34194D-08  0  0  0.01210  271.99  270.15 0.11970D+15  2.178   35.897   35.321   16.090   55.022   12.56   12.56   12.56
   12.88   15.52 0.33346D-08  0  0  0.01213  271.95  270.17 0.11911D+15  2.178   35.000   34.425   15.188   54.127   12.88   12.88   12.88
   13.20   15.91 0.32540D-08  0  0  0.01216  271.92  270.18 0.11852D+15  2.178   34.147   33.572   14.329   53.277   13.20   13.20   13.20
   13.52   16.30 0.31772D-08  0  0  0.01219  271.89  270.20 0.11796D+15  2.178   33.334   32.759   13.511   52.467   13.52   13.52   13.52
   13.85   16.68 0.31039D-08  0  0  0.01222  271.85  270.22 0.11740D+15  2.179   32.559   31.984   12.731   51.695   13.85   13.85   13.85
   14.17   17.07 0.30340D-08  0  0  0.01224  271.82  270.24 0.11686D+15  2.179   31.820   31.245   11.986   50.959   14.17   14.17   14.17
   14.49   17.46 0.29672D-08  0  0  0.01227  271.79  270.25 0.11633D+15  2.179   31.113   30.538   11.274   50.255   14.49   14.49   14.49
   14.81   17.85 0.29033D-08  0  0  0.01230  271.75  270.27 0.11582D+15  2.180   30.437   29.862   10.592   49.582   14.81   14.81   14.81
   15.13   18.24 0.28421D-08  0  0  0.01233  271.72  270.28 0.11531D+15  2.180   29.790   29.215    9.940   48.937   15.13   15.13   15.13
   15.46   18.63 0.27835D-08  0  0  0.01236  271.69  270.29 0.11481D+15  2.180   29.170   28.595    9.314   48.320   15.46   15.46   15.46
   15.78   19.01 0.27272D-08  0  0  0.01239  271.65  270.30 0.11433D+15  2.180   28.575   28.000    8.714   47.727   15.78   15.78   15.78
   16.10   19.40 0.26732D-08  0  0  0.01243  271.62  270.32 0.11385D+15  2.181   28.004   27.429    8.137   47.159   16.10   16.10   16.10
   16.42   19.79 0.26214D-08  0  0  0.01246  271.59  270.33 0.11339D+15  2.181   27.455   26.880    7.583   46.613   16.42   16.42   16.42
   16.74   20.18 0.25715D-08  0  0  0.01249  271.55  270.34 0.11293D+15  2.181   26.927   26.353    7.049   46.088   16.74   16.74   16.74
   17.07   20.57 0.25235D-08  0  0  0.01252  271.52  270.35 0.11248D+15  2.182   26.420   25.845    6.536   45.583   17.07   17.07   17.07
   17.39   20.66 0.24773D-08  1  0  0.01255  271.48  270.35 0.11204D+15  2.182   25.931   25.356    6.052   45.108    9.56   14.33   16.90
   17.71   21.06 0.24327D-08  1  0  0.01258  271.45  270.36 0.11161D+15  2.182   25.459   24.885    5.946   45.001    9.58   14.25   17.23
   18.03   21.45 0.23898D-08  1  0  0.01261  271.42  270.37 0.11119D+15  2.182   25.005   24.431    5.841   44.896    9.60   14.17   17.57
   18.35   21.85 0.23484D-08  1  0  0.01264  271.38  270.38 0.11077D+15  2.183   24.567   23.992    5.739   44.794    9.62   14.10   17.90
   18.68   22.24 0.23083D-08  1  0  0.01267  271.35  270.38 0.11037D+15  2.183   24.143   23.569    5.638   44.693    9.63   14.03   18.23
   19.00   22.63 0.22697D-08  1  0  0.01271  271.31  270.39 0.10996D+15  2.183   23.734   23.160    5.539   44.594    9.65   13.97   18.56
   19.32   23.03 0.22323D-08  1  0  0.01274  271.28  270.39 0.10957D+15  2.184   23.339   22.765    5.442   44.497    9.67   13.91   18.90
   19.64   23.42 0.21962D-08  1  0  0.01277  271.25  270.40 0.10918D+15  2.184   22.957   22.383    5.346   44.402    9.69   13.85   19.23
   19.96   23.82 0.21612D-08  1  0  0.01280  271.21  270.40 0.10880D+15  2.184   22.587   22.013    5.253   44.308    9.70   13.79   19.56
   20.29   24.21 0.21273D-08  1  0  0.01283  271.18  270.41 0.10842D+15  2.184   22.228   21.654    5.161   44.216    9.72   13.74   19.90
   20.61   24.61 0.20945D-08  1  0  0.01287  271.14  270.41 0.10805D+15  2.185   21.881   21.307    5.070   44.126    9.73   13.70   20.23
   20.93   25.01 0.20627D-08  1  0  0.01290  271.11  270.41 0.10769D+15  2.185   21.545   20.971    4.981   44.037    9.75   13.65   20.57
   21.25   25.40 0.20319D-08  1  0  0.01293  271.07  270.41 0.10733D+15  2.185   21.218   20.645    4.893   43.950    9.77   13.61   20.90
   21.57   25.80 0.20020D-08  1  0  0.01296  271.04  270.42 0.10698D+15  2.186   20.902   20.328    4.806   43.864    9.78   13.57   21.24
   21.90   26.19 0.19730D-08  1  0  0.01300  271.01  270.42 0.10663D+15  2.186   20.595   20.021    4.721   43.779    9.80   13.53   21.57
   22.22   26.59 0.19448D-08  1  0  0.01303  270.97  270.42 0.10629D+15  2.186   20.296   19.723    4.637   43.695    9.81   13.49   21.91
   22.54   26.99 0.19174D-08  1  0  0.01306  270.94  270.42 0.10595D+15  2.187   20.006   19.433    4.555   43.613    9.82   13.46   22.25
   22.86   27.38 0.18908D-08  1  0  0.01310  270.90  270.42 0.10562D+15  2.187   19.725   19.151    4.473   43.532    9.84   13.43   22.58
   23.18   27.78 0.18649D-08  1  0  0.01313  270.87  270.42 0.10529D+15  2.187   19.451   18.877    4.393   43.453    9.85   13.40   22.92
   23.51   28.18 0.18397D-08  1  0  0.01317  270.83  270.42 0.10497D+15  2.187   19.185   18.611    4.314   43.374    9.87   13.37   23.26
   23.83   28.58 0.18152D-08  1  0  0.01320  270.80  270.42 0.10465D+15  2.188   18.925   18.352    4.236   43.297    9.88   13.34   23.60
   24.15   28.98 0.17914D-08  1  0  0.01323  270.76  270.42 0.10434D+15  2.188   18.673   18.100    4.159   43.221    9.89   13.31   23.93
   24.47   29.37 0.17682D-08  1  0  0.01327  270.73  270.42 0.10403D+15  2.188   18.428   17.854    4.083   43.145    9.91   13.29   24.27
   24.79   29.77 0.17456D-08  1  0  0.01330  270.69  270.41 0.10372D+15  2.189   18.188   17.615    4.008   43.071    9.92   13.26   24.61
   25.12   30.17 0.17236D-08  1  0  0.01334  270.66  270.41 0.10342D+15  2.189   17.955   17.382    3.934   42.998    9.93   13.24   24.95
   25.44   30.57 0.17021D-08  1  0  0.01337  270.62  270.41 0.10312D+15  2.189   17.728   17.155    3.861   42.925    9.94   13.22   25.29
   25.76   30.97 0.16812D-08  1  0  0.01341  270.59  270.41 0.10283D+15  2.190   17.506   16.933    3.789   42.854    9.96   13.20   25.64
   26.08   31.37 0.16608D-08  1  0  0.01344  270.55  270.40 0.10254D+15  2.190   17.290   16.717    3.718   42.784    9.97   13.18   25.98
   26.40   31.77 0.16409D-08  1  0  0.01348  270.52  270.40 0.10225D+15  2.190   17.080   16.507    3.647   42.714    9.98   13.16   26.32
   26.73   32.17 0.16214D-08  1  0  0.01351  270.48  270.39 0.10197D+15  2.190   16.874   16.301    3.578   42.645    9.99   13.14   26.66
   27.05   32.57 0.16025D-08  1  0  0.01355  270.44  270.39 0.10169D+15  2.191   16.673   16.100    3.509   42.577   10.00   13.12   27.01
   27.37   32.98 0.15839D-08  1  0  0.01358  270.41  270.39 0.10141D+15  2.191   16.477   15.904    3.441   42.510   10.02   13.11   27.35
   27.69   33.37 0.15659D-08  1  0  0.01362  270.37  270.38 0.10114D+15  2.191   16.285   15.713    3.374   42.444   10.03   13.09   27.69
   28.01   33.76 0.15482D-08  1  0  0.01366  270.34  270.38 0.10087D+15  2.192   16.098   15.525    3.307   42.379   10.04   13.08   28.01
   28.34   34.15 0.15309D-08  1  0  0.01369  270.30  270.37 0.10060D+15  2.192   15.915   15.343    3.241   42.314   10.05   13.06   28.34
   28.66   34.54 0.15140D-08  1  0  0.01373  270.27  270.36 0.10034D+15  2.192   15.736   15.164    3.176   42.250   10.06   13.05   28.66
   28.98   34.93 0.14975D-08  1  0  0.01377  270.23  270.36 0.10008D+15  2.193   15.561   14.989    3.112   42.187   10.07   13.04   28.98
   29.30   35.31 0.14814D-08  1  0  0.01380  270.19  270.35 0.99819D+14  2.193   15.390   14.818    3.048   42.124   10.08   13.02   29.30
   29.62   35.70 0.14656D-08  1  0  0.01384  270.16  270.35 0.99564D+14  2.193   15.223   14.651    2.985   42.062   10.09   13.01   29.62
   29.95   36.09 0.14501D-08  1  0  0.01388  270.12  270.34 0.99313D+14  2.194   15.059   14.487    2.923   42.001   10.10   13.00   29.95
   30.27   36.48 0.14350D-08  1  0  0.01391  270.09  270.33 0.99064D+14  2.194   14.899   14.327    2.861   41.940   10.11   12.99   30.27
   30.59   36.87 0.14202D-08  1  0  0.01395  270.05  270.32 0.98817D+14  2.194   14.742   14.170    2.800   41.880   10.12   12.98   30.59
   30.91   37.26 0.14057D-08  1  0  0.01399  270.01  270.32 0.98574D+14  2.194   14.589   14.017    2.739   41.821   10.13   12.97   30.91
   31.23   37.64 0.13915D-08  1  0  0.01403  269.98  270.31 0.98333D+14  2.195   14.438   13.866    2.679   41.762   10.14   12.96   31.23
   31.56   38.03 0.13775D-08  1  0  0.01407  269.94  270.30 0.98095D+14  2.195   14.291   13.719    2.620   41.704   10.15   12.95   31.56
   31.88   38.42 0.13639D-08  1  0  0.01411  269.90  270.29 0.97859D+14  2.195   14.147   13.575    2.561   41.646   10.16   12.95   31.88
   32.20   38.81 0.13506D-08  1  0  0.01414  269.87  270.28 0.97625D+14  2.196   14.005   13.433    2.502   41.589   10.17   12.94   32.20
   32.52   39.20 0.13375D-08  1  0  0.01418  269.83  270.28 0.97394D+14  2.196   13.866   13.294    2.444   41.533   10.18   12.93   32.52
   32.84   39.58 0.13246D-08  1  0  0.01422  269.80  270.27 0.97166D+14  2.196   13.730   13.159    2.387   41.477   10.19   12.92   32.84
   33.17   39.97 0.13120D-08  1  0  0.01426  269.76  270.26 0.96939D+14  2.197   13.597   13.025    2.330   41.421   10.20   12.92   33.17
   33.49   40.36 0.12997D-08  1  0  0.01430  269.72  270.25 0.96715D+14  2.197   13.466   12.894    2.274   41.366   10.21   12.91   33.49
   33.81   40.75 0.12876D-08  1  0  0.01434  269.69  270.24 0.96494D+14  2.197   13.338   12.766    2.218   41.312   10.22   12.90   33.81
   34.13   41.14 0.12757D-08  1  0  0.01438  269.65  270.23 0.96274D+14  2.198   13.212   12.640    2.162   41.258   10.23   12.90   34.13
   34.45   41.52 0.12640D-08  1  0  0.01442  269.61  270.22 0.96057D+14  2.198   13.088   12.517    2.107   41.204   10.24   12.89   34.45
   34.78   41.91 0.12526D-08  1  0  0.01446  269.57  270.21 0.95842D+14  2.198   12.967   12.396    2.053   41.151   10.25   12.89   34.78
   35.10   42.30 0.12414D-08  1  0  0.01450  269.54  270.20 0.95629D+14  2.199   12.848   12.277    1.998   41.099   10.26   12.88   35.10
   35.42   42.69 0.12303D-08  1  0  0.01454  269.50  270.19 0.95418D+14  2.199   12.731   12.160    1.945   41.047   10.26   12.88   35.42
   35.74   43.08 0.12195D-08  1  0  0.01458  269.46  270.18 0.95208D+14  2.199   12.616   12.045    1.891   40.995   10.27   12.87   35.74
   36.06   43.46 0.12089D-08  1  0  0.01462  269.43  270.16 0.95001D+14  2.199   12.503   11.932    1.838   40.944   10.28   12.87   36.06
   36.39   43.85 0.11984D-08  1  0  0.01466  269.39  270.15 0.94796D+14  2.200   12.393   11.822    1.786   40.893   10.29   12.87   36.39
   36.71   44.24 0.11881D-08  1  0  0.01471  269.35  270.14 0.94593D+14  2.200   12.284   11.713    1.734   40.842   10.30   12.86   36.71
   37.03   44.63 0.11781D-08  1  0  0.01475  269.31  270.13 0.94392D+14  2.200   12.177   11.606    1.682   40.792   10.31   12.86   37.03
   37.35   45.02 0.11681D-08  1  0  0.01479  269.28  270.12 0.94193D+14  2.201   12.072   11.501    1.631   40.743   10.31   12.86   37.35
   37.67   45.40 0.11584D-08  1  0  0.01483  269.24  270.11 0.93995D+14  2.201   11.969   11.398    1.580   40.693   10.32   12.85   37.67
   38.00   45.79 0.11488D-08  1  0  0.01487  269.20  270.09 0.93799D+14  2.201   11.867   11.296    1.529   40.644   10.33   12.85   38.00
   38.32   46.18 0.11394D-08  1  0  0.01492  269.16  270.08 0.93605D+14  2.202   11.767   11.197    1.478   40.596   10.34   12.85   38.32
   38.64   46.57 0.11301D-08  1  0  0.01496  269.13  270.07 0.93413D+14  2.202   11.669   11.098    1.428   40.548   10.35   12.85   38.64
   38.96   46.96 0.11210D-08  1  0  0.01500  269.09  270.06 0.93223D+14  2.202   11.572   11.002    1.379   40.500   10.35   12.84   38.96
   39.28   47.35 0.11121D-08  1  0  0.01505  269.05  270.04 0.93034D+14  2.203   11.477   10.907    1.329   40.452   10.36   12.84   39.28
   39.61   47.73 0.11033D-08  1  0  0.01509  269.01  270.03 0.92847D+14  2.203   11.384   10.814    1.280   40.405   10.37   12.84   39.61
   39.93   48.12 0.10946D-08  1  0  0.01513  268.97  270.02 0.92661D+14  2.203   11.292   10.722    1.232   40.358   10.38   12.84   39.93
   40.25   48.51 0.10861D-08  1  0  0.01518  268.94  270.00 0.92478D+14  2.204   11.201   10.631    1.183   40.312   10.38   12.84   40.25
   40.57   48.90 0.10777D-08  1  0  0.01522  268.90  269.99 0.92295D+14  2.204   11.112   10.542    1.135   40.266   10.39   12.84   40.57
   40.89   49.29 0.10694D-08  1  0  0.01527  268.86  269.97 0.92115D+14  2.204   11.025   10.455    1.087   40.220   10.40   12.83   40.89
   41.22   49.67 0.10613D-08  1  0  0.01531  268.82  269.96 0.91936D+14  2.205   10.938   10.368    1.039   40.174   10.41   12.83   41.22
   41.54   50.06 0.10533D-08  1  0  0.01536  268.78  269.95 0.91758D+14  2.205   10.853   10.283    0.992   40.129   10.41   12.83   41.54
   41.86   50.45 0.10454D-08  1  0  0.01540  268.74  269.93 0.91582D+14  2.205   10.770   10.200    0.945   40.084   10.42   12.83   41.86
   42.18   50.84 0.10376D-08  1  0  0.01545  268.70  269.92 0.91408D+14  2.206   10.687   10.118    0.898   40.040   10.43   12.83   42.18
   42.50   51.23 0.10300D-08  1  0  0.01549  268.67  269.90 0.91235D+14  2.206   10.606   10.036    0.852   39.995   10.43   12.83   42.50
   42.83   51.61 0.10224D-08  1  0  0.01554  268.63  269.89 0.91063D+14  2.206   10.526    9.957    0.805   39.951   10.44   12.83   42.83
   43.15   52.00 0.10150D-08  1  0  0.01558  268.59  269.87 0.90893D+14  2.207   10.448    9.878    0.759   39.907   10.45   12.83   43.15
   43.47   52.39 0.10077D-08  1  0  0.01563  268.55  269.86 0.90724D+14  2.207   10.370    9.800    0.714   39.864   10.45   12.83   43.47
   43.79   52.78 0.10005D-08  1  0  0.01568  268.51  269.84 0.90557D+14  2.207   10.294    9.724    0.668   39.820   10.46   12.83   43.79
   44.11   53.17 0.99342D-09  1  0  0.01572  268.47  269.83 0.90391D+14  2.208   10.218    9.649    0.623   39.777   10.47   12.83   44.11
   44.44   53.55 0.98643D-09  1  0  0.01577  268.43  269.81 0.90227D+14  2.208   10.144    9.575    0.578   39.734   10.47   12.83   44.44
   44.76   53.94 0.97953D-09  1  0  0.01582  268.39  269.79 0.90063D+14  2.208   10.071    9.502    0.533   39.692   10.48   12.83   44.76
   45.08   54.33 0.97274D-09  1  0  0.01587  268.35  269.78 0.89902D+14  2.209    9.999    9.429    0.488   39.650   10.49   12.83   45.08
   45.40   54.72 0.96604D-09  1  0  0.01591  268.31  269.76 0.89741D+14  2.209    9.927    9.358    0.444   39.607   10.49   12.83   45.40
   45.72   55.11 0.95944D-09  1  0  0.01596  268.28  269.75 0.89582D+14  2.209    9.857    9.288    0.400   39.566   10.50   12.84   45.72
   46.05   55.49 0.95293D-09  1  0  0.01601  268.24  269.73 0.89424D+14  2.210    9.788    9.219    0.355   39.524   10.51   12.84   46.05
   46.37   55.88 0.94651D-09  1  0  0.01606  268.20  269.71 0.89267D+14  2.210    9.720    9.151    0.312   39.483   10.51   12.84   46.37
   46.69   56.27 0.94017D-09  1  0  0.01611  268.16  269.70 0.89112D+14  2.210    9.653    9.084    0.268   39.441   10.52   12.84   46.69
   47.01   56.66 0.93393D-09  1  0  0.01616  268.12  269.68 0.88958D+14  2.211    9.586    9.018    0.225   39.400   10.53   12.84   47.01
   47.33   57.05 0.92777D-09  1  0  0.01621  268.08  269.66 0.88805D+14  2.211    9.521    8.952    0.181   39.360   10.53   12.84   47.33
   47.66   57.44 0.92169D-09  1  0  0.01626  268.04  269.64 0.88653D+14  2.211    9.456    8.888    0.138   39.319   10.54   12.84   47.66
   47.98   57.82 0.91570D-09  1  0  0.01631  268.00  269.63 0.88503D+14  2.212    9.393    8.824    0.095   39.279   10.54   12.84   47.98
   48.30   58.21 0.90978D-09  1  0  0.01636  267.96  269.61 0.88353D+14  2.212    9.330    8.761    0.053   39.239   10.55   12.85   48.30
   48.62   58.60 0.90395D-09  1  0  0.01641  267.92  269.59 0.88205D+14  2.213    9.268    8.699    0.010   39.199   10.56   12.85   48.62
   48.94   58.99 0.89819D-09  1  0  0.01646  267.88  267.85 0.10464D+15  2.213    9.207    8.638    0.000   39.189   11.28   12.73   48.94
   49.27   59.38 0.89250D-09  1  0  0.01651  267.84  267.85 0.10421D+15  2.213    9.146    8.578    0.000   39.189   11.27   12.71   49.27
   49.59   59.76 0.88689D-09  1  0  0.01656  267.80  267.86 0.10379D+15  2.214    9.086    8.518    0.000   39.189   11.27   12.70   49.59
   49.91   60.15 0.88135D-09  1  0  0.01662  267.75  267.86 0.10337D+15  2.214    9.028    8.460    0.000   39.189   11.27   12.69   49.91
   50.23   60.54 0.87589D-09  1  0  0.01667  267.71  267.87 0.10295D+15  2.214    8.969    8.402    0.000   39.189   11.26   12.67   50.23
   50.55   60.93 0.87049D-09  1  0  0.01672  267.67  267.88 0.10253D+15  2.215    8.912    8.344    0.000   39.189   11.26   12.66   50.55
   50.88   61.32 0.86516D-09  1  0  0.01677  267.63  267.88 0.10212D+15  2.215    8.855    8.288    0.000   39.189   11.25   12.65   50.88
   51.20   61.70 0.85990D-09  1  0  0.01683  267.59  267.89 0.10171D+15  2.215    8.799    8.232    0.000   39.189   11.25   12.64   51.20
   51.52   62.09 0.85470D-09  1  0  0.01688  267.55  267.89 0.10130D+15  2.216    8.744    8.177    0.000   39.189   11.24   12.62   51.52
   51.84   62.48 0.84957D-09  1  0  0.01693  267.51  267.90 0.10090D+15  2.216    8.690    8.122    0.000   39.189   11.24   12.61   51.84
   52.16   62.87 0.84450D-09  1  0  0.01699  267.47  267.90 0.10050D+15  2.216    8.636    8.068    0.000   39.189   11.23   12.60   52.16
   52.49   63.26 0.83950D-09  1  0  0.01704  267.43  267.91 0.10010D+15  2.217    8.582    8.015    0.000   39.189   11.23   12.59   52.49
   52.81   63.64 0.83455D-09  1  0  0.01710  267.39  267.91 0.99705D+14  2.217    8.530    7.962    0.000   39.189   11.23   12.58   52.81
   53.13   64.03 0.82967D-09  1  0  0.01715  267.34  267.92 0.99313D+14  2.217    8.478    7.911    0.000   39.189   11.22   12.57   53.13
   53.45   64.42 0.82484D-09  1  0  0.01721  267.30  267.92 0.98924D+14  2.218    8.426    7.859    0.000   39.189   11.22   12.56   53.45
   53.77   64.81 0.82007D-09  1  0  0.01727  267.26  267.92 0.98537D+14  2.218    8.376    7.809    0.000   39.189   11.21   12.55   53.77
   54.10   65.20 0.81536D-09  1  0  0.01732  267.22  267.93 0.98153D+14  2.219    8.326    7.759    0.000   39.189   11.21   12.53   54.10
   54.42   65.58 0.81071D-09  1  0  0.01738  267.18  267.93 0.97773D+14  2.219    8.276    7.709    0.000   39.189   11.20   12.52   54.42
   54.74   65.97 0.80610D-09  1  0  0.01743  267.14  267.94 0.97394D+14  2.219    8.227    7.660    0.000   39.189   11.20   12.51   54.74
   55.06   66.36 0.80156D-09  1  0  0.01749  267.09  267.94 0.97019D+14  2.220    8.179    7.612    0.000   39.189   11.19   12.50   55.06
   55.38   66.75 0.79706D-09  1  0  0.01755  267.05  267.94 0.96646D+14  2.220    8.131    7.564    0.000   39.189   11.19   12.49   55.38
   55.71   67.14 0.79262D-09  1  0  0.01761  267.01  267.94 0.96276D+14  2.220    8.083    7.517    0.000   39.189   11.18   12.48   55.71
   56.03   67.52 0.78823D-09  1  0  0.01767  266.97  267.95 0.95908D+14  2.221    8.037    7.470    0.000   39.189   11.18   12.47   56.03
   56.35   67.91 0.78389D-09  1  0  0.01772  266.93  267.95 0.95543D+14  2.221    7.990    7.424    0.000   39.189   11.17   12.46   56.35
   56.67   68.30 0.77960D-09  1  0  0.01778  266.88  267.95 0.95181D+14  2.221    7.945    7.378    0.000   39.189   11.17   12.45   56.67
   56.99   68.69 0.77536D-09  1  0  0.01784  266.84  267.95 0.94821D+14  2.222    7.899    7.333    0.000   39.189   11.17   12.45   56.99
   57.32   69.08 0.77116D-09  1  0  0.01790  266.80  267.96 0.94463D+14  2.222    7.855    7.289    0.000   39.189   11.16   12.44   57.32
   57.64   69.47 0.76701D-09  1  0  0.01796  266.75  267.96 0.94108D+14  2.223    7.811    7.244    0.000   39.189   11.16   12.43   57.64
   57.96   69.85 0.76291D-09  1  0  0.01802  266.71  267.96 0.93756D+14  2.223    7.767    7.201    0.000   39.189   11.15   12.42   57.96
   58.28   70.24 0.75886D-09  1  0  0.01808  266.67  267.96 0.93406D+14  2.223    7.724    7.158    0.000   39.189   11.15   12.41   58.28
   58.60   70.63 0.75484D-09  1  0  0.01815  266.63  267.96 0.93058D+14  2.224    7.681    7.115    0.000   39.189   11.14   12.40   58.60
   58.93   71.02 0.75088D-09  1  0  0.01821  266.58  267.96 0.92713D+14  2.224    7.638    7.073    0.000   39.189   11.14   12.39   58.93
   59.25   71.41 0.74695D-09  1  0  0.01827  266.54  267.97 0.92370D+14  2.224    7.597    7.031    0.000   39.189   11.13   12.38   59.25
   59.57   71.79 0.74307D-09  1  0  0.01833  266.50  267.97 0.92030D+14  2.225    7.555    6.990    0.000   39.189   11.13   12.37   59.57
   59.89   72.18 0.73923D-09  1  0  0.01840  266.45  267.97 0.91691D+14  2.225    7.514    6.949    0.000   39.189   11.12   12.37   59.89
   60.21   72.57 0.73543D-09  1  0  0.01846  266.41  267.97 0.91356D+14  2.226    7.474    6.908    0.000   39.189   11.12   12.36   60.21
   60.54   72.96 0.73167D-09  1  0  0.01852  266.36  267.97 0.91022D+14  2.226    7.434    6.868    0.000   39.189   11.11   12.35   60.54
   60.86   73.35 0.72795D-09  1  0  0.01859  266.32  267.97 0.90691D+14  2.226    7.394    6.829    0.000   39.189   11.11   12.34   60.86
   61.18   73.73 0.72427D-09  1  0  0.01865  266.28  267.97 0.90361D+14  2.227    7.355    6.789    0.000   39.189   11.10   12.33   61.18
   61.50   74.12 0.72063D-09  1  0  0.01872  266.23  267.97 0.90034D+14  2.227    7.316    6.751    0.000   39.189   11.10   12.32   61.50
   61.82   74.51 0.71703D-09  1  0  0.01878  266.19  267.97 0.89710D+14  2.228    7.277    6.712    0.000   39.189   11.09   12.32   61.82
   62.15   74.90 0.71346D-09  1  0  0.01885  266.14  267.97 0.89387D+14  2.228    7.239    6.674    0.000   39.189   11.09   12.31   62.15
   62.47   75.29 0.70993D-09  1  0  0.01891  266.10  267.97 0.89067D+14  2.228    7.202    6.637    0.000   39.189   11.08   12.30   62.47
   62.79   75.67 0.70644D-09  1  0  0.01898  266.06  267.97 0.88748D+14  2.229    7.164    6.599    0.000   39.189   11.08   12.29   62.79
   63.11   76.06 0.70298D-09  1  0  0.01905  266.01  267.97 0.88432D+14  2.229    7.127    6.563    0.000   39.189   11.07   12.29   63.11
   63.43   76.45 0.69956D-09  1  0  0.01912  265.97  267.97 0.88118D+14  2.229    7.091    6.526    0.000   39.189   11.07   12.28   63.43
   63.76   76.84 0.69617D-09  1  0  0.01918  265.92  267.96 0.87806D+14  2.230    7.054    6.490    0.000   39.189   11.06   12.27   63.76
   64.08   77.23 0.69282D-09  1  0  0.01925  265.88  267.96 0.87496D+14  2.230    7.019    6.454    0.000   39.189   11.06   12.26   64.08
   64.40   77.61 0.68950D-09  1  0  0.01932  265.83  267.96 0.87189D+14  2.231    6.983    6.419    0.000   39.189   11.05   12.26   64.40
   64.72   78.00 0.68621D-09  1  0  0.01939  265.79  267.96 0.86883D+14  2.231    6.948    6.384    0.000   39.189   11.05   12.25   64.72
   65.04   78.39 0.68296D-09  1  0  0.01946  265.74  267.96 0.86579D+14  2.231    6.913    6.349    0.000   39.189   11.04   12.24   65.04
   65.37   78.78 0.67973D-09  1  0  0.01953  265.70  267.96 0.86277D+14  2.232    6.879    6.315    0.000   39.189   11.04   12.24   65.37
   65.69   79.17 0.67654D-09  1  0  0.01960  265.65  267.95 0.85977D+14  2.232    6.845    6.281    0.000   39.189   11.03   12.23   65.69
   66.01   79.56 0.67338D-09  1  0  0.01967  265.60  267.95 0.85679D+14  2.233    6.811    6.247    0.000   39.189   11.03   12.22   66.01
   66.33   79.94 0.67025D-09  1  0  0.01975  265.56  267.95 0.85383D+14  2.233    6.777    6.214    0.000   39.189   11.02   12.22   66.33
   66.65   80.33 0.66716D-09  1  0  0.01982  265.51  267.95 0.85089D+14  2.233    6.744    6.181    0.000   39.189   11.02   12.21   66.65
   66.98   80.72 0.66409D-09  1  0  0.01989  265.47  267.94 0.84797D+14  2.234    6.711    6.148    0.000   39.189   11.01   12.20   66.98
   67.30   81.11 0.66105D-09  1  0  0.01996  265.42  267.94 0.84507D+14  2.234    6.679    6.115    0.000   39.189   11.01   12.20   67.30
   67.62   81.50 0.65804D-09  1  0  0.02004  265.37  267.94 0.84219D+14  2.235    6.647    6.083    0.000   39.189   11.00   12.19   67.62
   67.94   81.88 0.65506D-09  1  0  0.02011  265.33  267.94 0.83932D+14  2.235    6.615    6.051    0.000   39.189   11.00   12.18   67.94
   68.26   82.27 0.65210D-09  1  0  0.02019  265.28  267.93 0.83648D+14  2.235    6.583    6.020    0.000   39.189   10.99   12.18   68.26
   68.59   82.66 0.64918D-09  1  0  0.02026  265.23  267.93 0.83365D+14  2.236    6.552    5.989    0.000   39.189   10.99   12.17   68.59
   68.91   83.05 0.64628D-09  1  0  0.02034  265.19  267.93 0.83084D+14  2.236    6.521    5.958    0.000   39.189   10.98   12.16   68.91
   69.23   83.44 0.64341D-09  1  0  0.02041  265.14  267.92 0.82805D+14  2.237    6.490    5.927    0.000   39.189   10.98   12.16   69.23
   69.55   83.82 0.64056D-09  1  0  0.02049  265.09  267.92 0.82528D+14  2.237    6.459    5.897    0.000   39.189   10.97   12.15   69.55
   69.87   84.21 0.63775D-09  1  0  0.02057  265.05  267.91 0.82252D+14  2.237    6.429    5.866    0.000   39.189   10.97   12.14   69.87
   70.20   84.60 0.63495D-09  1  0  0.02065  265.00  267.91 0.81979D+14  2.238    6.399    5.837    0.000   39.189   10.96   12.14   70.20
   70.52   84.99 0.63219D-09  1  0  0.02073  264.95  267.90 0.81707D+14  2.238    6.370    5.807    0.000   39.189   10.96   12.13   70.52
   70.84   85.38 0.62944D-09  1  0  0.02081  264.90  267.90 0.81436D+14  2.239    6.340    5.778    0.000   39.189   10.95   12.13   70.84
   71.16   85.76 0.62673D-09  1  0  0.02089  264.86  267.90 0.81168D+14  2.239    6.311    5.749    0.000   39.189   10.95   12.12   71.16
   71.48   86.15 0.62403D-09  1  0  0.02097  264.81  267.89 0.80901D+14  2.240    6.282    5.720    0.000   39.189   10.94   12.11   71.48
   71.81   86.54 0.62137D-09  1  0  0.02105  264.76  267.89 0.80636D+14  2.240    6.253    5.691    0.000   39.189   10.94   12.11   71.81
   72.13   86.93 0.61872D-09  1  0  0.02113  264.71  267.88 0.80373D+14  2.240    6.225    5.663    0.000   39.189   10.93   12.10   72.13
   72.45   87.32 0.61610D-09  1  0  0.02121  264.66  267.87 0.80111D+14  2.241    6.197    5.635    0.000   39.189   10.93   12.10   72.45
   72.77   87.70 0.61350D-09  1  0  0.02129  264.62  267.87 0.79851D+14  2.241    6.169    5.607    0.000   39.189   10.92   12.09   72.77
   73.09   88.09 0.61093D-09  1  0  0.02138  264.57  267.86 0.79593D+14  2.242    6.141    5.580    0.000   39.189   10.92   12.09   73.09
   73.42   88.48 0.60838D-09  1  0  0.02146  264.52  267.86 0.79336D+14  2.242    6.114    5.552    0.000   39.189   10.91   12.08   73.42
   73.74   88.87 0.60585D-09  1  0  0.02155  264.47  267.85 0.79081D+14  2.243    6.087    5.525    0.000   39.189   10.90   12.07   73.74
   74.06   89.26 0.60334D-09  1  0  0.02163  264.42  267.85 0.78827D+14  2.243    6.060    5.498    0.000   39.189   10.90   12.07   74.06
   74.38   89.65 0.60085D-09  1  0  0.02172  264.37  267.84 0.78575D+14  2.243    6.033    5.472    0.000   39.189   10.89   12.06   74.38
   74.70   90.03 0.59839D-09  1  0  0.02180  264.32  267.83 0.78325D+14  2.244    6.007    5.445    0.000   39.189   10.89   12.06   74.70
   75.03   90.42 0.59595D-09  1  0  0.02189  264.27  267.83 0.78077D+14  2.244    5.980    5.419    0.000   39.189   10.88   12.05   75.03
   75.35   90.81 0.59352D-09  1  0  0.02198  264.22  267.82 0.77830D+14  2.245    5.954    5.393    0.000   39.189   10.88   12.05   75.35
   75.67   91.20 0.59112D-09  1  0  0.02207  264.17  267.81 0.77584D+14  2.245    5.928    5.367    0.000   39.189   10.87   12.04   75.67
   75.99   91.59 0.58874D-09  1  0  0.02216  264.12  267.81 0.77340D+14  2.246    5.903    5.342    0.000   39.189   10.87   12.04   75.99
   76.31   91.97 0.58638D-09  1  0  0.02225  264.07  267.80 0.77098D+14  2.246    5.877    5.317    0.000   39.189   10.86   12.03   76.31
   76.64   92.36 0.58404D-09  1  0  0.02234  264.02  267.79 0.76873D+14  2.246    5.852    5.292   -0.007   39.183   10.89   12.03   76.64
   76.96 -436.00 0.58172D-09  1  0  0.02243  263.97  267.78 0.76634D+14  2.247    5.827    5.267   -0.018   39.173   10.88   12.03 -800.49
   77.28 -175.20 0.57941D-09  1  0  0.02252  263.92  267.77 0.76396D+14  2.247    5.802    5.242   -0.029   39.163   10.88   12.03 -368.01
   77.60  -87.26 0.57713D-09  1  0  0.02261  263.87  267.77 0.76160D+14  2.248    5.778    5.217   -0.041   39.152   10.88   12.02 -222.40
   77.92  -42.94 0.57487D-09  1  0  0.02271  263.82  267.76 0.75925D+14  2.248    5.753    5.193   -0.052   39.142   10.87   12.02 -149.18
   78.25  -16.14 0.57262D-09  1  0  0.02280  263.77  267.75 0.75692D+14  2.249    5.729    5.169   -0.063   39.132   10.87   12.02 -105.04
   78.57    1.88 0.57039D-09  1  0  0.02290  263.72  267.74 0.75460D+14  2.249    5.705    5.145   -0.075   39.121   10.87   12.02  -75.45
   78.89   14.88 0.56818D-09  1  0  0.02299  263.67  267.73 0.75230D+14  2.250    5.681    5.121   -0.087   39.111   10.87   12.02  -54.20
   79.21   24.74 0.56599D-09  1  0  0.02309  263.61  267.72 0.75002D+14  2.250    5.657    5.098   -0.098   39.101   10.86   12.02  -38.16
   79.53   32.50 0.56382D-09  1  0  0.02319  263.56  267.72 0.74774D+14  2.250    5.634    5.074   -0.110   39.090   10.86   12.02  -25.60
   79.86   38.79 0.56166D-09  1  0  0.02328  263.51  267.71 0.74548D+14  2.251    5.611    5.051   -0.122   39.079   10.86   12.02  -15.48
   80.18   44.02 0.55953D-09  1  0  0.02338  263.46  267.70 0.74324D+14  2.251    5.588    5.028   -0.134   39.069   10.85   12.01   -7.13
   80.50   48.45 0.55740D-09  1  0  0.02348  263.41  267.69 0.74101D+14  2.252    5.565    5.006   -0.146   39.058   10.85   12.01   -0.10
   80.82   52.26 0.55530D-09  1  0  0.02358  263.35  267.68 0.73880D+14  2.252    5.542    4.983   -0.158   39.047   10.85   12.01    5.89
   81.14   55.58 0.55321D-09  1  0  0.02368  263.30  267.67 0.73660D+14  2.253    5.519    4.960   -0.170   39.036   10.85   12.01   11.09
   81.47   58.52 0.55114D-09  1  0  0.02379  263.25  267.66 0.73441D+14  2.253    5.497    4.938   -0.182   39.026   10.84   12.01   15.64
   81.79   61.14 0.54909D-09  1  0  0.02389  263.19  267.65 0.73224D+14  2.254    5.475    4.916   -0.194   39.015   10.84   12.01   19.67
   82.11   63.50 0.54705D-09  1  0  0.02399  263.14  267.64 0.73008D+14  2.254    5.453    4.894   -0.207   39.004   10.84   12.01   23.27
   82.43   65.65 0.54503D-09  1  0  0.02410  263.09  267.63 0.72794D+14  2.255    5.431    4.872   -0.219   38.993   10.83   12.01   26.50
   82.75   67.61 0.54302D-09  1  0  0.02420  263.03  267.62 0.72581D+14  2.255    5.409    4.851   -0.232   38.981   10.83   12.01   29.44
   83.08   69.42 0.54103D-09  1  0  0.02431  262.98  267.61 0.72369D+14  2.256    5.387    4.829   -0.244   38.970   10.83   12.01   32.12
   83.40   71.09 0.53905D-09  1  0  0.02442  262.93  267.60 0.72159D+14  2.256    5.366    4.808   -0.257   38.959   10.83   12.01   34.58
   83.72   72.66 0.53709D-09  1  0  0.02453  262.87  267.59 0.71950D+14  2.257    5.345    4.787   -0.270   38.947   10.82   12.00   36.85
   84.04   74.12 0.53515D-09  1  0  0.02464  262.82  267.58 0.71743D+14  2.257    5.324    4.766   -0.283   38.936   10.82   12.00   38.95
   84.36   75.49 0.53322D-09  1  0  0.02475  262.76  267.56 0.71537D+14  2.257    5.303    4.745   -0.296   38.924   10.82   12.00   40.91
   84.69   76.79 0.53130D-09  1  0  0.02486  262.71  267.55 0.71332D+14  2.258    5.282    4.724   -0.309   38.913   10.82   12.00   42.74
   85.01   78.02 0.52940D-09  1  0  0.02497  262.65  267.54 0.71129D+14  2.258    5.261    4.704   -0.322   38.901   10.81   12.00   44.46
   85.33   79.19 0.52751D-09  1  0  0.02508  262.60  267.53 0.70927D+14  2.259    5.241    4.683   -0.335   38.889   10.81   12.00   46.08
   85.65   80.30 0.52564D-09  1  0  0.02519  262.54  267.52 0.70727D+14  2.259    5.220    4.663   -0.349   38.877   10.81   12.00   47.61
   85.97   81.37 0.52378D-09  1  0  0.02531  262.49  267.51 0.70527D+14  2.260    5.200    4.643   -0.362   38.866   10.80   12.00   49.06
   86.30   82.39 0.52194D-09  1  0  0.02543  262.43  267.49 0.70330D+14  2.260    5.180    4.623   -0.376   38.853   10.80   12.00   50.44
   86.62   83.38 0.52010D-09  1  0  0.02554  262.37  267.48 0.70133D+14  2.261    5.160    4.603   -0.390   38.841   10.80   12.00   51.75
   86.94   84.33 0.51829D-09  1  0  0.02566  262.32  267.47 0.69938D+14  2.261    5.141    4.584   -0.404   38.829   10.80   12.00   53.00
   87.26   85.24 0.51648D-09  1  0  0.02578  262.26  267.46 0.69744D+14  2.262    5.121    4.564   -0.418   38.817   10.79   12.00   54.20
   87.58   86.13 0.51469D-09  1  0  0.02590  262.20  267.44 0.69551D+14  2.262    5.101    4.545   -0.432   38.804   10.79   12.00   55.35
   87.91   86.99 0.51292D-09  1  0  0.02602  262.15  267.43 0.69360D+14  2.263    5.082    4.526   -0.446   38.792   10.79   12.00   56.45
   88.23   87.83 0.51115D-09  1  0  0.02614  262.09  267.42 0.69170D+14  2.263    5.063    4.507   -0.460   38.779   10.79   12.00   57.52
   88.55   88.64 0.50940D-09  1  0  0.02627  262.03  267.40 0.68982D+14  2.264    5.044    4.488   -0.475   38.767   10.78   12.00   58.54
   88.87   89.43 0.50766D-09  1  0  0.02639  261.97  267.39 0.68795D+14  2.264    5.025    4.469   -0.490   38.754   10.78   12.00   59.54
   89.19   90.20 0.50593D-09  1  0  0.02652  261.92  267.38 0.68609D+14  2.265    5.006    4.450   -0.504   38.741   10.78   12.00   60.49
   89.52   90.96 0.50422D-09  1  0  0.02664  261.86  267.36 0.68424D+14  2.265    4.987    4.432   -0.519   38.728   10.77   12.00   61.42
   89.84   91.69 0.50252D-09  1  0  0.02677  261.80  267.35 0.68241D+14  2.266    4.969    4.413   -0.534   38.715   10.77   12.00   62.33
   90.16   92.42 0.50083D-09  1  0  0.02690  261.74  267.33 0.68059D+14  2.266    4.950    4.395   -0.549   38.701   10.77   12.00   63.20
   90.48   93.12 0.49915D-09  1  0  0.02703  261.68  267.32 0.67878D+14  2.267    4.932    4.377   -0.565   38.688   10.77   12.00   64.06
   90.80   93.82 0.49749D-09  1  0  0.02716  261.62  267.30 0.67699D+14  2.268    4.914    4.359   -0.580   38.674   10.76   12.00   64.89
   91.13   94.50 0.49583D-09  1  0  0.02729  261.56  267.29 0.67521D+14  2.268    4.895    4.341   -0.596   38.661   10.76   12.00   65.70
   91.45   95.17 0.49419D-09  1  0  0.02743  261.50  267.27 0.67344D+14  2.269    4.877    4.323   -0.612   38.647   10.76   12.00   66.49
   91.77   95.83 0.49256D-09  1  0  0.02756  261.44  267.26 0.67168D+14  2.269    4.860    4.305   -0.627   38.633   10.76   12.00   67.26
   92.09   96.48 0.49094D-09  1  0  0.02770  261.38  267.24 0.66994D+14  2.270    4.842    4.287   -0.643   38.619   10.75   12.00   68.02
   92.41   97.12 0.48933D-09  1  0  0.02784  261.32  267.23 0.66821D+14  2.270    4.824    4.270   -0.660   38.605   10.75   12.01   68.75
   92.74   97.75 0.48774D-09  1  0  0.02798  261.26  267.21 0.66649D+14  2.271    4.807    4.253   -0.676   38.591   10.75   12.01   69.48
   93.06   98.37 0.48615D-09  1  0  0.02812  261.20  267.20 0.66479D+14  2.271    4.789    4.235   -0.693   38.577   10.75   12.01   70.19
   93.38   98.99 0.48458D-09  1  0  0.02826  261.14  267.18 0.66310D+14  2.272    4.772    4.218   -0.709   38.562   10.74   12.01   70.89
   93.70   99.59 0.48301D-09  1  0  0.02840  261.07  267.16 0.66142D+14  2.272    4.755    4.201   -0.726   38.547   10.74   12.01   71.57
   94.02  100.19 0.48146D-09  1  0  0.02855  261.01  267.15 0.65976D+14  2.273    4.738    4.184   -0.743   38.533   10.74   12.01   72.24
   94.35  100.79 0.47992D-09  1  0  0.02869  260.95  267.13 0.65811D+14  2.273    4.721    4.167   -0.760   38.518   10.74   12.01   72.91
   94.67  101.37 0.47839D-09  1  0  0.02884  260.89  267.11 0.65647D+14  2.274    4.704    4.151   -0.778   38.503   10.74   12.01   73.56
   94.99  101.95 0.47686D-09  1  0  0.02899  260.82  267.10 0.65484D+14  2.275    4.687    4.134   -0.795   38.488   10.73   12.01   74.20
   95.31  102.53 0.47535D-09  1  0  0.02914  260.76  267.08 0.65323D+14  2.275    4.671    4.118   -0.813   38.472   10.73   12.01   74.83
   95.63  103.10 0.47385D-09  1  0  0.02929  260.70  267.06 0.65163D+14  2.276    4.654    4.101   -0.831   38.457   10.73   12.01   75.45
   95.96  103.66 0.47236D-09  1  0  0.02944  260.63  267.04 0.65004D+14  2.276    4.638    4.085   -0.849   38.441   10.73   12.02   76.06
   96.28  104.22 0.47088D-09  1  0  0.02960  260.57  267.03 0.64847D+14  2.277    4.621    4.069   -0.868   38.425   10.72   12.02   76.67
   96.60  104.77 0.46941D-09  1  0  0.02975  260.50  267.01 0.64690D+14  2.277    4.605    4.053   -0.886   38.409   10.72   12.02   77.27
   96.92  105.32 0.46795D-09  1  0  0.02991  260.44  266.99 0.64536D+14  2.278    4.589    4.037   -0.905   38.393   10.72   12.02   77.86
   97.24  105.87 0.46650D-09  1  0  0.03007  260.37  266.97 0.64382D+14  2.279    4.573    4.021   -0.924   38.377   10.72   12.02   78.44
   97.57  106.41 0.46506D-09  1  0  0.03023  260.31  266.95 0.64230D+14  2.279    4.557    4.005   -0.943   38.360   10.72   12.02   79.02
   97.89  106.95 0.46362D-09  1  0  0.03040  260.24  266.93 0.64079D+14  2.280    4.541    3.989   -0.962   38.344   10.71   12.02   79.58
   98.21  107.48 0.46220D-09  1  0  0.03056  260.18  266.91 0.63929D+14  2.280    4.525    3.974   -0.982   38.327   10.71   12.03   80.15
   98.53  108.01 0.46079D-09  1  0  0.03073  260.11  266.90 0.63781D+14  2.281    4.510    3.958   -1.002   38.310   10.71   12.03   80.71
   98.85  108.54 0.45938D-09  1  0  0.03090  260.04  266.88 0.63634D+14  2.282    4.494    3.943   -1.022   38.293   10.71   12.03   81.26
   99.18  109.06 0.45799D-09  1  0  0.03106  259.97  266.86 0.63488D+14  2.282    4.478    3.927   -1.042   38.275   10.70   12.03   81.80
   99.50  109.58 0.45660D-09  1  0  0.03124  259.91  266.84 0.63343D+14  2.283    4.463    3.912   -1.063   38.258   10.70   12.03   82.34
   99.82  110.10 0.45523D-09  1  0  0.03141  259.84  266.82 0.63200D+14  2.283    4.448    3.897   -1.083   38.240   10.70   12.04   82.88
  100.14  110.61 0.45386D-09  1  0  0.03159  259.77  266.80 0.63059D+14  2.284    4.432    3.882   -1.104   38.222   10.70   12.04   83.41
  100.46  111.12 0.45250D-09  1  0  0.03176  259.70  266.77 0.62918D+14  2.285    4.417    3.867   -1.126   38.204   10.70   12.04   83.94
  100.79  111.63 0.45115D-09  1  0  0.03194  259.63  266.75 0.62779D+14  2.285    4.402    3.852   -1.147   38.185   10.70   12.04   84.46
  101.11  112.14 0.44981D-09  1  0  0.03212  259.56  266.73 0.62641D+14  2.286    4.387    3.837   -1.169   38.167   10.69   12.05   84.98
  101.43  112.64 0.44847D-09  1  0  0.03231  259.49  266.71 0.62505D+14  2.286    4.372    3.823   -1.191   38.148   10.69   12.05   85.49
  101.75  113.14 0.44715D-09  1  0  0.03249  259.42  266.69 0.62370D+14  2.287    4.358    3.808   -1.213   38.129   10.69   12.05   86.00
  102.07  113.64 0.44583D-09  1  0  0.03268  259.35  266.67 0.62236D+14  2.288    4.343    3.794   -1.235   38.110   10.69   12.05   86.51
  102.40  114.14 0.44452D-09  1  0  0.03287  259.28  266.65 0.62104D+14  2.288    4.328    3.779   -1.258   38.091   10.69   12.06   87.01
  102.72  114.63 0.44322D-09  1  0  0.03306  259.21  266.62 0.61972D+14  2.289    4.314    3.765   -1.281   38.071   10.68   12.06   87.51
  103.04  115.12 0.44193D-09  1  0  0.03325  259.13  266.60 0.61843D+14  2.290    4.299    3.750   -1.305   38.051   10.68   12.06   88.01
  103.36  115.62 0.44065D-09  1  0  0.03345  259.06  266.58 0.61715D+14  2.290    4.285    3.736   -1.328   38.031   10.68   12.06   88.50
  103.68  116.10 0.43937D-09  1  0  0.03365  258.99  266.56 0.61588D+14  2.291    4.270    3.722   -1.352   38.011   10.68   12.07   88.99
  104.01  116.59 0.43810D-09  1  0  0.03385  258.92  266.53 0.61462D+14  2.292    4.256    3.708   -1.376   37.990   10.68   12.07   89.47
  104.33  117.08 0.43684D-09  1  0  0.03405  258.84  266.51 0.61338D+14  2.292    4.242    3.694   -1.401   37.969   10.68   12.07   89.96
  104.65  117.56 0.43559D-09  1  0  0.03425  258.77  266.49 0.61215D+14  2.293    4.228    3.680   -1.426   37.948   10.68   12.08   90.44
  104.97  118.04 0.43435D-09  1  0  0.03446  258.69  266.46 0.61094D+14  2.294    4.214    3.666   -1.451   37.927   10.67   12.08   90.91
  105.29  118.52 0.43311D-09  1  0  0.03467  258.62  266.44 0.60974D+14  2.294    4.200    3.652   -1.476   37.905   10.67   12.08   91.39
  105.62  119.00 0.43188D-09  1  0  0.03488  258.54  266.41 0.60856D+14  2.295    4.186    3.639   -1.502   37.883   10.67   12.09   91.86
  105.94  119.48 0.43066D-09  1  0  0.03510  258.46  266.39 0.60739D+14  2.296    4.172    3.625   -1.528   37.861   10.67   12.09   92.33
  106.26  119.95 0.42944D-09  1  0  0.03531  258.39  266.36 0.60624D+14  2.296    4.159    3.612   -1.555   37.839   10.67   12.09   92.80
  106.58  120.43 0.42824D-09  1  0  0.03553  258.31  266.34 0.60509D+14  2.297    4.145    3.598   -1.582   37.816   10.67   12.10   93.26
  106.90  120.90 0.42704D-09  1  0  0.03576  258.23  266.31 0.60397D+14  2.298    4.131    3.585   -1.609   37.793   10.67   12.10   93.72
  107.23  121.37 0.42584D-09  1  0  0.03598  258.15  266.29 0.60286D+14  2.298    4.118    3.571   -1.636   37.770   10.67   12.11   94.18
  107.55  121.84 0.42466D-09  1  0  0.03621  258.07  266.26 0.60176D+14  2.299    4.104    3.558   -1.664   37.746   10.66   12.11   94.64
  107.87  122.31 0.42348D-09  1  0  0.03644  257.99  266.23 0.60068D+14  2.300    4.091    3.545   -1.692   37.723   10.66   12.11   95.10
  108.19  122.78 0.42231D-09  1  0  0.03667  257.91  266.21 0.59962D+14  2.301    4.077    3.532   -1.721   37.698   10.66   12.12   95.55
  108.51  123.24 0.42115D-09  1  0  0.03691  257.83  266.18 0.59857D+14  2.301    4.064    3.519   -1.750   37.674   10.66   12.12   96.00
  108.84  123.71 0.41999D-09  1  0  0.03715  257.75  266.15 0.59754D+14  2.302    4.051    3.506   -1.779   37.649   10.66   12.13   96.45
  109.16  124.17 0.41884D-09  1  0  0.03739  257.67  266.13 0.59652D+14  2.303    4.038    3.493   -1.809   37.624   10.66   12.13   96.90
  109.48  124.63 0.41769D-09  1  0  0.03764  257.58  266.10 0.59552D+14  2.303    4.025    3.480   -1.840   37.599   10.66   12.14   97.35
  109.80  125.10 0.41656D-09  1  0  0.03789  257.50  266.07 0.59453D+14  2.304    4.012    3.467   -1.870   37.573   10.66   12.14   97.79
  110.12  125.56 0.41543D-09  1  0  0.03814  257.42  266.04 0.59356D+14  2.305    3.999    3.454   -1.901   37.547   10.66   12.15   98.23
  110.45  126.02 0.41430D-09  1  0  0.03839  257.33  266.01 0.59261D+14  2.306    3.986    3.442   -1.933   37.520   10.66   12.15   98.67
  110.77  126.47 0.41319D-09  1  0  0.03865  257.25  265.98 0.59167D+14  2.306    3.973    3.429   -1.965   37.493   10.66   12.16   99.11
  111.09  126.93 0.41207D-09  1  0  0.03891  257.16  265.95 0.59075D+14  2.307    3.960    3.416   -1.997   37.466   10.66   12.16   99.55
  111.41  127.39 0.41097D-09  1  0  0.03918  257.07  265.92 0.58985D+14  2.308    3.947    3.404   -2.030   37.439   10.66   12.17   99.99
  111.73  127.84 0.40987D-09  1  0  0.03945  256.99  265.89 0.58896D+14  2.309    3.935    3.391   -2.063   37.411   10.66   12.17  100.42
  112.06  128.30 0.40878D-09  1  0  0.03972  256.90  265.86 0.58809D+14  2.310    3.922    3.379   -2.097   37.382   10.65   12.18  100.85
  112.38  128.75 0.40770D-09  1  0  0.04000  256.81  265.83 0.58724D+14  2.310    3.909    3.367   -2.131   37.354   10.65   12.18  101.29
  112.70  129.21 0.40662D-09  1  0  0.04028  256.72  265.80 0.58641D+14  2.311    3.897    3.354   -2.166   37.324   10.65   12.19  101.72
  113.02  129.66 0.40554D-09  1  0  0.04056  256.63  265.77 0.58559D+14  2.312    3.884    3.342   -2.202   37.295   10.65   12.20  102.14
  113.34  130.11 0.40448D-09  1  0  0.04085  256.54  265.74 0.58479D+14  2.313    3.872    3.330   -2.237   37.265   10.65   12.20  102.57
  113.67  130.56 0.40342D-09  1  0  0.04114  256.44  265.71 0.58402D+14  2.314    3.860    3.318   -2.274   37.234   10.65   12.21  103.00
  113.99  131.01 0.40236D-09  1  0  0.04143  256.35  265.67 0.58326D+14  2.315    3.847    3.306   -2.311   37.204   10.65   12.22  103.42
  114.31  131.46 0.40131D-09  1  0  0.04173  256.26  265.64 0.58252D+14  2.315    3.835    3.294   -2.348   37.172   10.65   12.22  103.84
  114.63  131.91 0.40027D-09  1  0  0.04204  256.16  265.61 0.58180D+14  2.316    3.823    3.282   -2.386   37.141   10.65   12.23  104.27
  114.95  132.36 0.39923D-09  1  0  0.04235  256.07  265.57 0.58109D+14  2.317    3.810    3.270   -2.425   37.108   10.66   12.24  104.69
  115.28  132.80 0.39820D-09  1  0  0.04266  255.97  265.54 0.58041D+14  2.318    3.798    3.258   -2.464   37.076   10.66   12.24  105.11
  115.60  133.25 0.39718D-09  1  0  0.04298  255.87  265.50 0.57975D+14  2.319    3.786    3.246   -2.504   37.043   10.66   12.25  105.53
  115.92  133.69 0.39616D-09  1  0  0.04330  255.77  265.47 0.57911D+14  2.320    3.774    3.234   -2.544   37.009   10.66   12.26  105.94
  116.24  134.14 0.39514D-09  1  0  0.04362  255.68  265.43 0.57849D+14  2.321    3.762    3.223   -2.585   36.975   10.66   12.27  106.36
  116.56  134.58 0.39414D-09  1  0  0.04396  255.58  265.40 0.57789D+14  2.321    3.750    3.211   -2.627   36.940   10.66   12.27  106.77
  116.89  135.03 0.39313D-09  1  0  0.04429  255.47  265.36 0.57732D+14  2.322    3.738    3.199   -2.669   36.905   10.66   12.28  107.19
  117.21  135.47 0.39214D-09  1  0  0.04463  255.37  265.33 0.57676D+14  2.323    3.726    3.188   -2.712   36.869   10.66   12.29  107.60
  117.53  135.91 0.39114D-09  1  0  0.04498  255.27  265.29 0.57623D+14  2.324    3.715    3.176   -2.756   36.833   10.66   12.30  108.01
  117.85  136.35 0.39016D-09  1  0  0.04533  255.16  265.25 0.57572D+14  2.325    3.703    3.165   -2.800   36.796   10.66   12.31  108.42
  118.17  136.79 0.38918D-09  1  0  0.04569  255.06  265.21 0.57524D+14  2.326    3.691    3.153   -2.845   36.759   10.66   12.32  108.83
  118.50  137.23 0.38820D-09  1  0  0.04605  254.95  265.18 0.57478D+14  2.327    3.679    3.142   -2.891   36.721   10.66   12.33  109.24
  118.82  137.67 0.38723D-09  1  0  0.04642  254.84  265.14 0.57434D+14  2.328    3.667    3.130   -2.937   36.682   10.67   12.34  109.65
  119.14  138.11 0.38627D-09  1  0  0.04679  254.74  265.10 0.57393D+14  2.329    3.656    3.119   -2.985   36.643   10.67   12.35  110.06
  119.46  138.55 0.38531D-09  1  0  0.04717  254.63  265.06 0.57354D+14  2.330    3.644    3.108   -3.033   36.603   10.67   12.36  110.46
  119.78  138.99 0.38435D-09  1  0  0.04756  254.51  265.02 0.57318D+14  2.331    3.633    3.096   -3.082   36.562   10.67   12.37  110.87
  120.11  139.43 0.38340D-09  1  0  0.04795  254.40  264.98 0.57284D+14  2.332    3.621    3.085   -3.131   36.521   10.67   12.38  111.27
  120.43  139.87 0.38246D-09  1  0  0.04835  254.29  264.93 0.57253D+14  2.333    3.609    3.074   -3.182   36.479   10.67   12.39  111.67
  120.75  140.30 0.38152D-09  1  0  0.04875  254.17  264.89 0.57225D+14  2.334    3.598    3.063   -3.233   36.437   10.68   12.40  112.08
  121.07  140.74 0.38059D-09  1  0  0.04917  254.06  264.85 0.57199D+14  2.335    3.586    3.052   -3.285   36.394   10.68   12.41  112.48
  121.39  141.17 0.37966D-09  1  0  0.04958  253.94  264.81 0.57177D+14  2.336    3.575    3.041   -3.339   36.350   10.68   12.42  112.88
  121.72  141.61 0.37873D-09  1  0  0.05001  253.82  264.76 0.57157D+14  2.337    3.564    3.030   -3.393   36.305   10.68   12.43  113.28
  122.04  142.04 0.37781D-09  1  0  0.05044  253.70  264.72 0.57141D+14  2.339    3.552    3.019   -3.448   36.260   10.69   12.44  113.68
  122.36  142.48 0.37690D-09  1  0  0.05088  253.58  264.68 0.57127D+14  2.340    3.541    3.007   -3.504   36.213   10.69   12.45  114.08
  122.68  142.91 0.37599D-09  1  0  0.05133  253.45  264.63 0.57117D+14  2.341    3.529    2.997   -3.561   36.166   10.69   12.47  114.47
  123.00  143.34 0.37508D-09  1  0  0.05179  253.33  264.58 0.57110D+14  2.342    3.518    2.986   -3.619   36.118   10.70   12.48  114.87
  123.33  143.77 0.37418D-09  1  0  0.05225  253.20  264.54 0.57106D+14  2.343    3.507    2.975   -3.678   36.070   10.70   12.49  115.26
  123.65  144.21 0.37329D-09  1  0  0.05272  253.07  264.49 0.57105D+14  2.344    3.496    2.964   -3.738   36.020   10.70   12.51  115.66
  123.97  144.64 0.37240D-09  1  0  0.05320  252.94  264.44 0.57108D+14  2.345    3.484    2.953   -3.799   35.970   10.71   12.52  116.05
  124.29  145.07 0.37151D-09  1  0  0.05369  252.81  264.39 0.57115D+14  2.347    3.473    2.942   -3.861   35.919   10.71   12.53  116.45
  124.61  145.50 0.37063D-09  1  0  0.05418  252.67  264.35 0.57125D+14  2.348    3.462    2.931   -3.924   35.866   10.71   12.55  116.84
  124.94  145.93 0.36975D-09  1  0  0.05469  252.54  264.30 0.57139D+14  2.349    3.451    2.920   -3.989   35.813   10.72   12.56  117.23
  125.26  146.36 0.36888D-09  1  0  0.05521  252.40  264.24 0.57156D+14  2.350    3.439    2.910   -4.055   35.759   10.72   12.58  117.62
  125.58  146.79 0.36801D-09  1  0  0.05573  252.26  264.19 0.57178D+14  2.352    3.428    2.899   -4.122   35.704   10.72   12.59  118.01
  125.90  147.22 0.36715D-09  1  0  0.05627  252.12  264.14 0.57204D+14  2.353    3.417    2.888   -4.190   35.648   10.73   12.61  118.40
  126.22  147.65 0.36629D-09  1  0  0.05681  251.97  264.09 0.57234D+14  2.354    3.406    2.877   -4.260   35.591   10.73   12.63  118.79
  126.55  148.07 0.36544D-09  1  0  0.05737  251.83  264.03 0.57268D+14  2.356    3.395    2.867   -4.331   35.532   10.74   12.64  119.18
  126.87  148.50 0.36459D-09  1  0  0.05793  251.68  263.98 0.57307D+14  2.357    3.383    2.856   -4.403   35.473   10.74   12.66  119.57
  127.19  148.93 0.36374D-09  1  0  0.05851  251.53  263.93 0.57350D+14  2.358    3.372    2.845   -4.477   35.412   10.75   12.68  119.95
  127.51  149.36 0.36290D-09  1  0  0.05910  251.38  263.87 0.57399D+14  2.360    3.361    2.834   -4.552   35.351   10.75   12.70  120.34
  127.83  149.78 0.36206D-09  1  0  0.05970  251.22  263.81 0.57451D+14  2.361    3.350    2.824   -4.628   35.288   10.76   12.71  120.73
  128.16  150.21 0.36123D-09  1  0  0.06031  251.06  263.75 0.57509D+14  2.363    3.339    2.813   -4.706   35.224   10.77   12.73  121.11
  128.48  150.63 0.36040D-09  1  0  0.06093  250.90  263.70 0.57573D+14  2.364    3.328    2.802   -4.786   35.158   10.77   12.75  121.49
  128.80  151.06 0.35957D-09  1  0  0.06157  250.74  263.64 0.57641D+14  2.366    3.316    2.792   -4.868   35.092   10.78   12.77  121.88
  129.12  151.48 0.35875D-09  1  0  0.06222  250.57  263.57 0.57715D+14  2.367    3.305    2.781   -4.951   35.024   10.79   12.79  122.26
  129.44  151.91 0.35794D-09  1  0  0.06289  250.40  263.51 0.57795D+14  2.369    3.294    2.770   -5.035   34.954   10.79   12.82  122.64
  129.77  152.33 0.35712D-09  1  0  0.06356  250.23  263.45 0.57881D+14  2.370    3.283    2.760   -5.122   34.883   10.80   12.84  123.02
  130.09  152.75 0.35632D-09  1  0  0.06426  250.05  263.39 0.57973D+14  2.372    3.272    2.749   -5.210   34.811   10.81   12.86  123.40
  130.41  153.18 0.35551D-09  1  0  0.06496  249.88  263.32 0.58071D+14  2.374    3.260    2.738   -5.300   34.737   10.81   12.88  123.78
  130.73  153.60 0.35471D-09  1  0  0.06569  249.69  263.26 0.58176D+14  2.375    3.249    2.728   -5.392   34.662   10.82   12.91  124.16
  131.05  154.02 0.35391D-09  1  0  0.06643  249.51  263.19 0.58287D+14  2.377    3.238    2.717   -5.486   34.585   10.83   12.93  124.54
  131.38  154.44 0.35312D-09  1  0  0.06718  249.32  263.12 0.58406D+14  2.379    3.227    2.706   -5.582   34.507   10.84   12.96  124.92
  131.70  154.87 0.35233D-09  1  0  0.06795  249.13  263.05 0.58532D+14  2.381    3.215    2.696   -5.681   34.427   10.85   12.98  125.30
  132.02  155.29 0.35155D-09  1  0  0.06874  248.93  262.98 0.58666D+14  2.382    3.204    2.685   -5.781   34.345   10.86   13.01  125.67
  132.34  155.71 0.35077D-09  1  0  0.06955  248.73  262.91 0.58807D+14  2.384    3.193    2.674   -5.884   34.261   10.87   13.04  126.05
  132.66  156.13 0.34999D-09  1  0  0.07038  248.53  262.83 0.58957D+14  2.386    3.181    2.664   -5.988   34.175   10.88   13.06  126.43
  132.99  156.55 0.34922D-09  1  0  0.07123  248.32  262.76 0.59116D+14  2.388    3.170    2.653   -6.096   34.088   10.89   13.09  126.80
  133.31  156.97 0.34845D-09  1  0  0.07209  248.11  262.68 0.59283D+14  2.390    3.158    2.642   -6.205   33.998   10.90   13.12  127.17
  133.63  157.39 0.34768D-09  1  0  0.07298  247.89  262.61 0.59460D+14  2.392    3.147    2.631   -6.318   33.907   10.91   13.15  127.55
  133.95  157.80 0.34692D-09  1  0  0.07389  247.67  262.53 0.59646D+14  2.394    3.135    2.620   -6.432   33.813   10.92   13.19  127.92
  134.27  158.22 0.34616D-09  1  0  0.07482  247.44  262.45 0.59842D+14  2.396    3.124    2.609   -6.550   33.718   10.93   13.22  128.29
  134.60  158.64 0.34541D-09  1  0  0.07578  247.21  262.36 0.60049D+14  2.399    3.112    2.598   -6.670   33.620   10.94   13.25  128.66
  134.92  159.06 0.34465D-09  1  0  0.07676  246.97  262.28 0.60268D+14  2.401    3.100    2.587   -6.793   33.519   10.96   13.29  129.03
  135.24  159.47 0.34391D-09  1  0  0.07776  246.72  262.19 0.60497D+14  2.403    3.088    2.576   -6.919   33.417   10.97   13.32  129.40
  135.56  159.89 0.34316D-09  1  0  0.07879  246.47  262.11 0.60739D+14  2.406    3.076    2.565   -7.049   33.312   10.98   13.36  129.77
  135.88  160.31 0.34242D-09  1  0  0.07985  246.22  262.02 0.60993D+14  2.408    3.064    2.554   -7.181   33.204   11.00   13.40  130.14
  136.21  160.72 0.34169D-09  1  0  0.08094  245.96  261.92 0.61260D+14  2.410    3.052    2.543   -7.317   33.094   11.01   13.44  130.51
  136.53  161.14 0.34095D-09  1  0  0.08205  245.69  261.83 0.61542D+14  2.413    3.040    2.532   -7.456   32.981   11.02   13.48  130.88
  136.85  161.55 0.34022D-09  1  0  0.08320  245.41  261.74 0.61837D+14  2.416    3.028    2.520   -7.598   32.865   11.04   13.52  131.24
  137.17  161.97 0.33950D-09  1  0  0.08438  245.13  261.64 0.62148D+14  2.418    3.016    2.509   -7.745   32.746   11.06   13.57  131.61
  137.49  162.38 0.33877D-09  1  0  0.08559  244.84  261.54 0.62475D+14  2.421    3.003    2.498   -7.895   32.624   11.07   13.61  131.97
  137.82  162.79 0.33805D-09  1  0  0.08684  244.54  261.44 0.62819D+14  2.424    2.991    2.486   -8.048   32.499   11.09   13.66  132.34
  138.14  163.21 0.33734D-09  1  0  0.08812  244.23  261.33 0.63181D+14  2.427    2.978    2.474   -8.206   32.371   11.11   13.71  132.70
  138.46  163.62 0.33662D-09  1  0  0.08944  243.91  261.23 0.63561D+14  2.430    2.965    2.463   -8.369   32.239   11.13   13.76  133.06
  138.78  164.03 0.33591D-09  1  0  0.09080  243.59  261.12 0.63961D+14  2.433    2.953    2.451   -8.535   32.104   11.14   13.81  133.42
  139.10  164.44 0.33521D-09  1  0  0.09220  243.25  261.00 0.64381D+14  2.436    2.939    2.439   -8.706   31.966   11.16   13.87  133.78
  139.43  164.85 0.33450D-09  1  0  0.09365  242.91  260.89 0.64823D+14  2.440    2.926    2.427   -8.882   31.823   11.18   13.93  134.14
  139.75  165.26 0.33380D-09  1  0  0.09514  242.55  260.77 0.65289D+14  2.443    2.913    2.415   -9.062   31.677   11.21   13.99  134.50
  140.07  165.67 0.33311D-09  1  0  0.09667  242.18  260.65 0.65779D+14  2.447    2.899    2.402   -9.248   31.526   11.23   14.05  134.86
  140.39  166.08 0.33241D-09  1  0  0.09826  241.80  260.53 0.66294D+14  2.451    2.886    2.390   -9.439   31.372   11.25   14.11  135.21
  140.71  166.49 0.33172D-09  1  0  0.09990  241.41  260.40 0.66837D+14  2.454    2.872    2.377   -9.635   31.213   11.27   14.18  135.57
  141.04  166.90 0.33104D-09  1  0  0.10160  241.00  260.27 0.67410D+14  2.458    2.858    2.364   -9.837   31.049   11.30   14.25  135.93
  141.36  167.30 0.33035D-09  1  0  0.10335  240.58  260.13 0.68012D+14  2.463    2.843    2.352  -10.045   30.881   11.32   14.32  136.28
  141.68  167.71 0.32967D-09  1  0  0.10516  240.14  260.00 0.68648D+14  2.467    2.829    2.338  -10.259   30.708   11.35   14.40  136.63
  142.00  168.12 0.32899D-09  1  0  0.10704  239.69  259.85 0.69319D+14  2.471    2.814    2.325  -10.479   30.530   11.38   14.48  136.98
  142.32  168.52 0.32832D-09  1  0  0.10898  239.22  259.71 0.70026D+14  2.476    2.799    2.311  -10.706   30.346   11.40   14.56  137.33
  142.65  168.92 0.32765D-09  1  0  0.11100  238.74  259.56 0.70773D+14  2.481    2.783    2.298  -10.940   30.157   11.43   14.64  137.68
  142.97  169.33 0.32698D-09  1  0  0.11309  238.23  259.40 0.71562D+14  2.486    2.767    2.284  -11.181   29.963   11.46   14.73  138.03
  143.29  169.73 0.32631D-09  1  0  0.11526  237.70  259.25 0.72397D+14  2.491    2.751    2.269  -11.429   29.762   11.49   14.83  138.37
  143.61  170.13 0.32565D-09  1  0  0.11751  237.15  259.08 0.73279D+14  2.497    2.735    2.255  -11.685   29.555   11.52   14.93  138.72
  143.93  170.53 0.32499D-09  1  0  0.11985  236.58  258.91 0.74212D+14  2.503    2.718    2.240  -11.949   29.342   11.56   15.03  139.06
  144.26  170.93 0.32434D-09  1  0  0.12229  235.99  258.74 0.75201D+14  2.509    2.701    2.224  -12.221   29.122   11.59   15.14  139.40
  144.58  171.33 0.32368D-09  1  0  0.12483  235.36  258.56 0.76249D+14  2.515    2.683    2.209  -12.503   28.895   11.63   15.26  139.74
  144.90  171.73 0.32303D-09  1  0  0.12747  234.71  258.38 0.77360D+14  2.522    2.665    2.193  -12.793   28.661   11.66   15.38  140.07
  145.22  172.12 0.32238D-09  1  0  0.13022  234.03  258.18 0.78538D+14  2.529    2.646    2.176  -13.093   28.419   11.70   15.50  140.41
  145.54  172.52 0.32174D-09  1  0  0.13310  233.31  257.99 0.79790D+14  2.537    2.626    2.159  -13.402   28.170   11.74   15.64  140.74
  145.87  172.91 0.32110D-09  1  0  0.13610  232.56  257.78 0.81120D+14  2.544    2.606    2.142  -13.722   27.912   11.78   15.78  141.07
  146.19  173.30 0.32046D-09  1  0  0.13925  231.77  257.57 0.82535D+14  2.553    2.586    2.124  -14.052   27.646   11.82   15.93  141.40
  146.51  173.69 0.31982D-09  1  0  0.14253  230.94  257.36 0.84041D+14  2.562    2.564    2.106  -14.393   27.371   11.86   16.08  141.72
  146.83  174.08 0.31919D-09  1  0  0.14598  230.07  257.13 0.85644D+14  2.571    2.542    2.086  -14.745   27.087   11.90   16.25  142.04
  147.15  174.46 0.31856D-09  1  0  0.14960  229.14  256.90 0.87352D+14  2.581    2.519    2.067  -15.110   26.794   11.94   16.43  142.36
  147.48  174.85 0.31793D-09  1  0  0.15339  228.16  256.66 0.89173D+14  2.592    2.495    2.046  -15.486   26.491   11.98   16.61  142.68
  147.80  175.23 0.31730D-09  1  0  0.15738  227.13  256.41 0.91116D+14  2.603    2.470    2.025  -15.875   26.178   12.02   16.81  142.99
  148.12  175.60 0.31668D-09  1  0  0.16159  226.03  256.16 0.93190D+14  2.615    2.444    2.002  -16.277   25.855   12.07   17.02  143.29
  148.44  175.98 0.31606D-09  1  0  0.16602  224.86  255.89 0.95403D+14  2.628    2.417    1.979  -16.692   25.521   12.11   17.25  143.59
  148.76  176.35 0.31545D-09  1  0  0.17070  223.61  255.62 0.97765D+14  2.643    2.388    1.954  -17.121   25.176   12.15   17.48  143.89
  149.09  176.72 0.31483D-09  1  0  0.17565  222.28  255.34 0.10029D+15  2.658    2.358    1.929  -17.563   24.821   12.19   17.74  144.17
  149.41  177.08 0.31422D-09  1  0  0.18090  220.85  255.05 0.10297D+15  2.674    2.326    1.902  -18.019   24.454   12.22   18.01  144.46
  149.73  177.44 0.31361D-09  1  0  0.18646  219.33  254.75 0.10584D+15  2.692    2.292    1.873  -18.490   24.077   12.25   18.30  144.73
  150.05  177.80 0.31300D-09  1  0  0.19237  217.68  254.44 0.10888D+15  2.712    2.256    1.843  -18.973   23.688   12.28   18.60  145.00
  150.37  178.14 0.31240D-09  1  0  0.19867  215.91  254.13 0.11211D+15  2.733    2.218    1.811  -19.471   23.289   12.30   18.93  145.25
  150.70  178.49 0.31180D-09  1  0  0.20539  214.00  253.81 0.11552D+15  2.757    2.177    1.777  -19.981   22.880   12.31   19.28  145.50
  151.02  182.00 0.31120D-09  0  0  0.21258  211.92  253.49 0.11910D+15  2.783    2.133    1.740  -20.257   22.662  151.02  151.02  151.02
  151.34  182.39 0.31060D-09  0  0  0.22029  209.66  253.16 0.12282D+15  2.812    2.086    1.701  -20.311   22.626  151.34  151.34  151.34
  151.66  182.78 0.31001D-09  0  0  0.22857  207.19  252.84 0.12665D+15  2.844    2.035    1.659  -20.368   22.586  151.66  151.66  151.66
  151.98  183.17 0.30942D-09  0  0  0.23749  204.48  252.52 0.13051D+15  2.880    1.980    1.613  -20.430   22.544  151.98  151.98  151.98
  152.31  183.56 0.30883D-09  0  0  0.24714  201.50  252.22 0.13431D+15  2.921    1.920    1.564  -20.497   22.497  152.31  152.31  152.31
  152.63  183.94 0.30825D-09  0  0  0.25760  198.21  251.94 0.13786D+15  2.968    1.854    1.509  -20.569   22.446  152.63  152.63  152.63
  152.95  184.33 0.30766D-09  0  0  0.26897  194.55  251.69 0.14094D+15  3.022    1.782    1.450  -20.648   22.389  152.95  152.95  152.95
  153.27  184.72 0.30708D-09  0  0  0.28139  190.46  251.50 0.14318D+15  3.085    1.702    1.384  -20.735   22.326  153.27  153.27  153.27
  153.59  185.11 0.30650D-09  0  0  0.29501  185.87  251.40 0.14407D+15  3.158    1.612    1.311  -20.831   22.256  153.59  153.59  153.59
  153.92  185.50 0.30593D-09  0  0  0.31000  180.68  251.42 0.14286D+15  3.246    1.512    1.229  -20.938   22.177  153.92  153.92  153.92
  154.24  185.89 0.30535D-09  0  0  0.32100  176.79  251.54 0.14012D+15  3.315    1.436    1.167  -21.020   22.118  154.24  154.24  154.24
  154.56  186.27 0.30478D-09  0  0  0.32100  176.79  251.54 0.13935D+15  3.315    1.434    1.164  -21.029   22.118  154.56  154.56  154.56
  154.88  186.66 0.30421D-09  0  0  0.32100  176.80  251.54 0.13858D+15  3.315    1.431    1.161  -21.038   22.118  154.88  154.88  154.88
  155.20  187.05 0.30365D-09  0  0  0.32100  176.81  251.53 0.13781D+15  3.315    1.429    1.159  -21.048   22.119  155.20  155.20  155.20
  155.53  187.44 0.30308D-09  0  0  0.32100  176.81  251.53 0.13704D+15  3.315    1.426    1.156  -21.057   22.119  155.53  155.53  155.53
  155.85  187.83 0.30252D-09  0  0  0.32100  176.82  251.53 0.13629D+15  3.315    1.424    1.154  -21.066   22.120  155.85  155.85  155.85
  156.17  188.21 0.30196D-09  0  0  0.32100  176.82  251.52 0.13553D+15  3.315    1.421    1.151  -21.075   22.120  156.17  156.17  156.17
  156.49  188.60 0.30140D-09  0  0  0.32100  176.83  251.52 0.13478D+15  3.315    1.419    1.148  -21.084   22.120  156.49  156.49  156.49
  156.81  188.99 0.30085D-09  0  0  0.32100  176.83  251.52 0.13404D+15  3.315    1.416    1.146  -21.093   22.121  156.81  156.81  156.81
  157.14  189.38 0.30030D-09  0  0  0.32100  176.84  251.51 0.13330D+15  3.315    1.414    1.143  -21.102   22.121  157.14  157.14  157.14
  157.46  189.77 0.29975D-09  0  0  0.32100  176.85  251.51 0.13257D+15  3.315    1.411    1.141  -21.112   22.122  157.46  157.46  157.46
  157.78  190.15 0.29920D-09  0  0  0.32100  176.85  251.51 0.13183D+15  3.315    1.409    1.138  -21.121   22.122  157.78  157.78  157.78
  158.10  190.54 0.29865D-09  0  0  0.32100  176.86  251.50 0.13111D+15  3.315    1.406    1.136  -21.130   22.123  158.10  158.10  158.10
  158.42  190.93 0.29811D-09  0  0  0.32100  176.86  251.50 0.13039D+15  3.314    1.404    1.133  -21.139   22.123  158.42  158.42  158.42
  158.75  191.32 0.29757D-09  0  0  0.32100  176.87  251.49 0.12967D+15  3.314    1.402    1.131  -21.148   22.124  158.75  158.75  158.75
  159.07  191.71 0.29703D-09  0  0  0.32100  176.88  251.49 0.12896D+15  3.314    1.399    1.129  -21.157   22.124  159.07  159.07  159.07
  159.39  192.09 0.29649D-09  0  0  0.32100  176.88  251.48 0.12825D+15  3.314    1.397    1.126  -21.166   22.125  159.39  159.39  159.39
  159.71  192.48 0.29596D-09  0  0  0.32100  176.89  251.48 0.12754D+15  3.314    1.394    1.124  -21.175   22.125  159.71  159.71  159.71
  160.03  192.87 0.29543D-09  0  0  0.32100  176.89  251.47 0.12684D+15  3.314    1.392    1.121  -21.184   22.126  160.03  160.03  160.03
  160.36  193.26 0.29490D-09  0  0  0.32100  176.90  251.47 0.12615D+15  3.314    1.390    1.119  -21.193   22.127  160.36  160.36  160.36
  160.68  193.65 0.29437D-09  0  0  0.32100  176.90  251.46 0.12545D+15  3.314    1.387    1.116  -21.202   22.127  160.68  160.68  160.68
  161.00  194.03 0.29384D-09  0  0  0.32100  176.91  251.46 0.12477D+15  3.314    1.385    1.114  -21.211   22.128  161.00  161.00  161.00
