R_tot = 1561.0 R_core =  1400.0  Tsurf =   100.00  g =  1.310
     Pint       Hint       etaref      pCLA conv   zbot     %vol    Tbot     Tm      Fbot     Ftop     dlid
 0.89404D-10 0.36250D+12 0.10000D+16   0.0000  1  159.712  0.00000  253.63  253.69    2.074   13.510   25.96
 0.98003D-10 0.37500D+12 0.10000D+16   0.0000  1  149.730  0.00000  255.26  255.31    2.079   13.946   25.60
 0.10734D-09 0.38750D+12 0.10000D+16   0.0000  1  140.392  0.00000  256.71  256.77    2.068   14.368   25.25
 0.11797D-09 0.40000D+12 0.10000D+16   0.0000  1  131.054  0.00000  258.10  258.15    2.063   14.794   24.90
 0.12956D-09 0.41250D+12 0.10000D+16   0.0000  1  122.360  0.00000  259.35  259.40    2.045   15.209   24.56
 0.14213D-09 0.42500D+12 0.10000D+16   0.0000  1  114.310  0.00000  260.46  260.51    2.016   15.611   24.23
 0.15613D-09 0.43750D+12 0.10000D+16   0.0000  1  106.582  0.00000  261.49  261.54    1.986   16.012   23.90
 0.17175D-09 0.45000D+12 0.10000D+16   0.0000  1   99.176  0.00000  262.44  262.49    1.955   16.411   23.58
 0.18860D-09 0.46250D+12 0.10000D+16   0.0000  1   92.414  0.00000  263.30  263.34    1.914   16.798   23.26
 0.20733D-09 0.47500D+12 0.10000D+16   0.0000  1   85.974  0.00000  264.09  264.13    1.872   17.184   22.95
 0.22731D-09 0.48750D+12 0.10000D+16   0.0000  1   80.178  0.00000  264.78  264.83    1.819   17.557   22.64
 0.24933D-09 0.50000D+12 0.10000D+16   0.0000  1   74.704  0.00000  265.42  265.47    1.764   17.928   22.34
 0.27357D-09 0.51250D+12 0.10000D+16   0.0000  1   69.552  0.00000  266.02  266.07    1.709   18.297   22.05
 0.30022D-09 0.52500D+12 0.10000D+16   0.0000  1   64.722  0.00000  266.57  266.61    1.653   18.664   21.76
 0.32941D-09 0.53750D+12 0.10000D+16   0.0000  1   60.214  0.00000  267.07  267.11    1.595   19.028   21.47
 0.36127D-09 0.55000D+12 0.10000D+16   0.0000  1   56.028  0.00000  267.53  267.57    1.536   19.389   21.19
 0.39351D-09 0.56250D+12 0.10000D+16   0.0000  1   52.486  0.00000  267.92  267.97    1.454   19.728   20.92
 0.43038D-09 0.57500D+12 0.10000D+16   0.0000  1   48.944  0.00000  268.30  268.35    1.385   20.078   20.65
 0.46972D-09 0.58750D+12 0.10000D+16   0.0000  1   45.724  0.00000  268.64  268.69    1.311   20.421   20.39
 0.51499D-09 0.60000D+12 0.10000D+16   0.0000  1   42.504  0.00000  268.98  269.02    1.250   20.777   20.12
 0.56313D-09 0.61250D+12 0.10000D+16   0.0000  1   39.606  0.00000  269.28  269.32    1.181   21.125   19.86
 0.57462D-09 0.62500D+12 0.10000D+16   0.0000  1   39.606  0.00000  269.28  269.50    0.905   21.271   19.73
 0.58151D-09 0.63750D+12 0.10000D+16   0.0000  1   39.928  0.00000  269.25  269.67    0.605   21.393   19.61
 0.59291D-09 0.65000D+12 0.10000D+16   0.0000  1   39.928  0.00000  269.25  269.85    0.328   21.539   19.47
 0.59960D-09 0.66250D+12 0.10000D+16   0.0000  1   40.250  0.00000  269.21  270.01    0.027   21.661   19.36
 0.37702D-09 0.67500D+12 0.10000D+16   0.0000  1   66.332  0.00000  266.39  266.45   -1.790   20.403   21.36
 0.39885D-09 0.68750D+12 0.10000D+16   0.0000  1   63.756  0.00000  266.68  266.72   -1.989   20.622   21.20
 0.42037D-09 0.70000D+12 0.10000D+16   0.0000  1   61.502  0.00000  266.93  266.97   -2.193   20.837   21.05
 0.44350D-09 0.71250D+12 0.10000D+16   0.0000  1   59.248  0.00000  267.18  267.21   -2.398   21.049   20.90
 0.46591D-09 0.72500D+12 0.10000D+16   0.0000  1   57.316  0.00000  267.39  267.44   -2.608   21.257   20.75
 0.48986D-09 0.73750D+12 0.10000D+16   0.0000  1   55.384  0.00000  267.60  267.66   -2.819   21.462   20.60
 0.51553D-09 0.75000D+12 0.10000D+16   0.0000  1   53.452  0.00000  267.81  267.86   -3.031   21.667   20.46
 0.53983D-09 0.76250D+12 0.10000D+16   0.0000  1   51.842  0.00000  267.99  268.06   -3.248   21.866   20.31
 0.56921D-09 0.77500D+12 0.10000D+16   0.0000  1   49.910  0.00000  268.19  268.24   -3.461   22.067   20.18
 0.59704D-09 0.78750D+12 0.10000D+16   0.0000  1   48.300  0.00000  268.37  268.42   -3.679   22.263   20.04
 0.62678D-09 0.80000D+12 0.10000D+16   0.0000  1   46.690  0.00000  268.54  268.59   -3.898   22.458   19.91
 0.63235D-09 0.81250D+12 0.10000D+16   0.0000  1   47.012  0.00000  268.50  268.82   -4.146   22.634   19.75
 0.64208D-09 0.82500D+12 0.10000D+16   0.0000  1   47.012  0.00000  268.50  269.04   -4.389   22.814   19.59
 0.65181D-09 0.83750D+12 0.10000D+16   0.0000  1   47.012  0.00000  268.50  269.27   -4.630   22.995   19.44
 0.65717D-09 0.85000D+12 0.10000D+16   0.0000  1   47.334  0.00000  268.47  269.50   -4.875   23.175   19.28
 0.66683D-09 0.86250D+12 0.10000D+16   0.0000  1   47.334  0.00000  268.47  269.73   -5.116   23.357   19.13
 0.67207D-09 0.87500D+12 0.10000D+16   0.0000  1   47.656  0.00000  268.43  269.96   -5.358   23.540   18.97
 0.68167D-09 0.88750D+12 0.10000D+16   0.0000  1   47.656  0.00000  268.43  270.18   -5.597   23.723   18.83
 0.68677D-09 0.90000D+12 0.10000D+16   0.0000  1   47.978  0.00000  268.40  270.42   -5.837   23.908   18.67
 0.69631D-09 0.91250D+12 0.10000D+16   0.0000  1   47.978  0.00000  268.40  270.64   -6.074   24.094   18.53
 0.70585D-09 0.92500D+12 0.10000D+16   0.0000  1   47.978  0.00000  268.40  270.86   -6.311   24.279   18.39
 0.71077D-09 0.93750D+12 0.10000D+16   0.0000  1   48.300  0.00000  268.37  271.10   -6.548   24.468   18.24
 0.72024D-09 0.95000D+12 0.10000D+16   0.0000  1   48.300  0.00000  268.37  271.32   -6.783   24.655   18.10
 0.72972D-09 0.96250D+12 0.10000D+16   0.0000  1   48.300  0.00000  268.37  271.54   -7.018   24.843   17.96
 0.73446D-09 0.97500D+12 0.10000D+16   0.0000  1   48.622  0.00000  268.33  271.78   -7.252   25.034   17.82
 0.74387D-09 0.98750D+12 0.10000D+16   0.0000  1   48.622  0.00000  268.33  272.00   -7.485   25.223   17.68
 0.75329D-09 0.10000D+13 0.10000D+16   0.0000  1   48.622  0.00000  268.33  272.21   -7.718   25.413   17.55
 0.76270D-09 0.10125D+13 0.10000D+16   0.0000  1   48.622  0.00000  268.33  272.43   -7.950   25.603   17.42
 0.76720D-09 0.10250D+13 0.10000D+16   0.0000  1   48.944  0.00000  268.30  272.67   -8.180   25.799   17.28
 0.77656D-09 0.10375D+13 0.10000D+16   0.0000  1   48.944  0.00000  268.30  272.89   -8.411   25.990   17.15
 0.78591D-09 0.10500D+13 0.10000D+16   0.0000  1   48.944  0.00000  268.30  273.10   -8.642   26.182   17.03
 0.79024D-09 0.10625D+13 0.10000D+16   0.0000  1   49.266  0.00000  268.26  273.34   -8.869   26.381   16.89
 0.79953D-09 0.10750D+13 0.10000D+16   0.0000  1   49.266  0.00000  268.26  273.55   -9.098   26.574   16.77
 0.80883D-09 0.10875D+13 0.10000D+16   0.0000  1   49.266  0.00000  268.26  273.77   -9.327   26.768   16.65
 0.81813D-09 0.11000D+13 0.10000D+16   0.0000  1   49.266  0.00000  268.26  273.98   -9.555   26.962   16.53
 0.82742D-09 0.11125D+13 0.10000D+16   0.0000  1   49.266  0.00000  268.26  274.19   -9.783   27.157   16.41
 0.83146D-09 0.11250D+13 0.10000D+16   0.0000  1   49.588  0.00000  268.23  274.43  -10.006   27.360   16.28
 0.84070D-09 0.11375D+13 0.10000D+16   0.0000  1   49.588  0.00000  268.23  274.64  -10.232   27.556   16.17
 0.84994D-09 0.11500D+13 0.10000D+16   0.0000  1   49.588  0.00000  268.23  274.85  -10.458   27.752   16.05
 0.85918D-09 0.11625D+13 0.10000D+16   0.0000  1   49.588  0.00000  268.23  275.06  -10.684   27.949   15.94
 0.86841D-09 0.11750D+13 0.10000D+16   0.0000  1   49.588  0.00000  268.23  275.27  -10.909   28.146   15.83
 0.87217D-09 0.11875D+13 0.10000D+16   0.0000  1   49.910  0.00000  268.19  275.51  -11.128   28.353   15.71
 0.88135D-09 0.12000D+13 0.10000D+16   0.0000  1   49.910  0.00000  268.19  275.72  -11.352   28.552   15.60
 0.89053D-09 0.12125D+13 0.10000D+16   0.0000  1   49.910  0.00000  268.19  275.92  -11.575   28.750   15.49
 0.89971D-09 0.12250D+13 0.10000D+16   0.0000  1   49.910  0.00000  268.19  276.13  -11.799   28.949   15.38
 0.90890D-09 0.12375D+13 0.10000D+16   0.0000  1   49.910  0.00000  268.19  276.34  -12.021   29.149   15.28
 0.91808D-09 0.12500D+13 0.10000D+16   0.0000  1   49.910  0.00000  268.19  276.54  -12.244   29.349   15.17
 0.92726D-09 0.12625D+13 0.10000D+16   0.0000  1   49.910  0.00000  268.19  276.75  -12.466   29.549   15.07
 0.93063D-09 0.12750D+13 0.10000D+16   0.0000  1   50.232  0.00000  268.16  276.98  -12.679   29.762   14.96
 0.93975D-09 0.12875D+13 0.10000D+16   0.0000  1   50.232  0.00000  268.16  277.19  -12.900   29.963   14.85
 0.94888D-09 0.13000D+13 0.10000D+16   0.0000  1   50.232  0.00000  268.16  277.39  -13.121   30.165   14.76
 0.95800D-09 0.13125D+13 0.10000D+16   0.0000  1   50.232  0.00000  268.16  277.59  -13.341   30.367   14.66
 0.96712D-09 0.13250D+13 0.10000D+16   0.0000  1   50.232  0.00000  268.16  277.80  -13.560   30.570   14.56
 0.97625D-09 0.13375D+13 0.10000D+16   0.0000  1   50.232  0.00000  268.16  278.00  -13.780   30.772   14.46
 0.98537D-09 0.13500D+13 0.10000D+16   0.0000  1   50.232  0.00000  268.16  278.20  -13.999   30.975   14.37
 0.99450D-09 0.13625D+13 0.10000D+16   0.0000  1   50.232  0.00000  268.16  278.40  -14.218   31.179   14.28
 0.10036D-08 0.13750D+13 0.10000D+16   0.0000  1   50.232  0.00000  268.16  278.60  -14.436   31.382   14.18
 0.10127D-08 0.13875D+13 0.10000D+16   0.0000  1   50.232  0.00000  268.16  278.80  -14.654   31.587   14.09
 0.10219D-08 0.14000D+13 0.10000D+16   0.0000  1   50.232  0.00000  268.16  279.00  -14.871   31.791   14.00
 0.10310D-08 0.14125D+13 0.10000D+16   0.0000  1   50.232  0.00000  268.16  279.19  -15.089   31.996   13.91
 0.10401D-08 0.14250D+13 0.10000D+16   0.0000  1   50.232  0.00000  268.16  279.39  -15.306   32.201   13.82
 0.10428D-08 0.14375D+13 0.10000D+16   0.0000  1   50.554  0.00000  268.13  279.62  -15.509   32.424   13.72
 0.10518D-08 0.14500D+13 0.10000D+16   0.0000  1   50.554  0.00000  268.13  279.82  -15.725   32.630   13.64
 0.10609D-08 0.14625D+13 0.10000D+16   0.0000  1   50.554  0.00000  268.13  280.01  -15.941   32.837   13.55
 0.10700D-08 0.14750D+13 0.10000D+16   0.0000  1   50.554  0.00000  268.13  280.21  -16.156   33.043   13.46
 0.10790D-08 0.14875D+13 0.10000D+16   0.0000  1   50.554  0.00000  268.13  280.40  -16.371   33.250   13.38
 0.10881D-08 0.15000D+13 0.10000D+16   0.0000  1   50.554  0.00000  268.13  280.59  -16.586   33.458   13.30
 0.10972D-08 0.15125D+13 0.10000D+16   0.0000  1   50.554  0.00000  268.13  280.78  -16.800   33.665   13.22
 0.11062D-08 0.15250D+13 0.10000D+16   0.0000  1   50.554  0.00000  268.13  280.98  -17.014   33.873   13.13
 0.11153D-08 0.15375D+13 0.10000D+16   0.0000  1   50.554  0.00000  268.13  281.17  -17.227   34.082   13.05
 0.11244D-08 0.15500D+13 0.10000D+16   0.0000  1   50.554  0.00000  268.13  281.36  -17.441   34.290   12.98
 0.11334D-08 0.15625D+13 0.10000D+16   0.0000  1   50.554  0.00000  268.13  281.55  -17.654   34.499   12.90
 0.11425D-08 0.15750D+13 0.10000D+16   0.0000  1   50.554  0.00000  268.13  281.74  -17.866   34.708   12.82
 0.11516D-08 0.15875D+13 0.10000D+16   0.0000  1   50.554  0.00000  268.13  281.93  -18.079   34.917   12.74
 0.11607D-08 0.16000D+13 0.10000D+16   0.0000  1   50.554  0.00000  268.13  282.12  -18.291   35.127   12.67
 0.11697D-08 0.16125D+13 0.10000D+16   0.0000  1   50.554  0.00000  268.13  282.30  -18.502   35.337   12.59
 0.11788D-08 0.16250D+13 0.10000D+16   0.0000  1   50.554  0.00000  268.13  282.49  -18.714   35.547   12.52
 0.11879D-08 0.16375D+13 0.10000D+16   0.0000  1   50.554  0.00000  268.13  282.68  -18.925   35.758   12.44
 0.11969D-08 0.16500D+13 0.10000D+16   0.0000  1   50.554  0.00000  268.13  282.86  -19.136   35.969   12.37
 0.12060D-08 0.16625D+13 0.10000D+16   0.0000  1   50.554  0.00000  268.13  283.05  -19.346   36.180   12.30
 0.12151D-08 0.16750D+13 0.10000D+16   0.0000  1   50.554  0.00000  268.13  283.23  -19.556   36.391   12.23
 0.12241D-08 0.16875D+13 0.10000D+16   0.0000  1   50.554  0.00000  268.13  283.42  -19.766   36.603   12.16
 0.12408D-08 0.17000D+13 0.10000D+16   0.0000  1   50.232  0.00000  268.16  283.56  -19.996   36.788   12.10
 0.12500D-08 0.17125D+13 0.10000D+16   0.0000  1   50.232  0.00000  268.16  283.74  -20.205   37.000   12.03
 0.12591D-08 0.17250D+13 0.10000D+16   0.0000  1   50.232  0.00000  268.16  283.92  -20.415   37.212   11.96
 0.12682D-08 0.17375D+13 0.10000D+16   0.0000  1   50.232  0.00000  268.16  284.11  -20.624   37.425   11.89
 0.12773D-08 0.17500D+13 0.10000D+16   0.0000  1   50.232  0.00000  268.16  284.29  -20.833   37.637   11.83
 0.12865D-08 0.17625D+13 0.10000D+16   0.0000  1   50.232  0.00000  268.16  284.47  -21.041   37.850   11.76
 0.12956D-08 0.17750D+13 0.10000D+16   0.0000  1   50.232  0.00000  268.16  284.65  -21.250   38.063   11.69
 0.13047D-08 0.17875D+13 0.10000D+16   0.0000  1   50.232  0.00000  268.16  284.82  -21.458   38.277   11.63
 0.13138D-08 0.18000D+13 0.10000D+16   0.0000  1   50.232  0.00000  268.16  285.00  -21.665   38.490   11.56
 0.13230D-08 0.18125D+13 0.10000D+16   0.0000  1   50.232  0.00000  268.16  285.18  -21.873   38.704   11.50
 0.13321D-08 0.18250D+13 0.10000D+16   0.0000  1   50.232  0.00000  268.16  285.36  -22.080   38.918   11.44
 0.13412D-08 0.18375D+13 0.10000D+16   0.0000  1   50.232  0.00000  268.16  285.54  -22.287   39.133   11.37
 0.13503D-08 0.18500D+13 0.10000D+16   0.0000  1   50.232  0.00000  268.16  285.71  -22.494   39.347   11.31
 0.13594D-08 0.18625D+13 0.10000D+16   0.0000  1   50.232  0.00000  268.16  285.89  -22.700   39.562   11.25
 0.13686D-08 0.18750D+13 0.10000D+16   0.0000  1   50.232  0.00000  268.16  286.06  -22.906   39.777   11.19
 0.13777D-08 0.18875D+13 0.10000D+16   0.0000  1   50.232  0.00000  268.16  286.24  -23.112   39.993   11.13
 0.13868D-08 0.19000D+13 0.10000D+16   0.0000  1   50.232  0.00000  268.16  286.41  -23.317   40.208   11.07
 0.14047D-08 0.19125D+13 0.10000D+16   0.0000  1   49.910  0.00000  268.19  286.54  -23.549   40.391   11.02
 0.14138D-08 0.19250D+13 0.10000D+16   0.0000  1   49.910  0.00000  268.19  286.71  -23.754   40.606   10.97
 0.14230D-08 0.19375D+13 0.10000D+16   0.0000  1   49.910  0.00000  268.19  286.89  -23.959   40.822   10.91
 0.14322D-08 0.19500D+13 0.10000D+16   0.0000  1   49.910  0.00000  268.19  287.06  -24.164   41.039   10.85
 0.14414D-08 0.19625D+13 0.10000D+16   0.0000  1   49.910  0.00000  268.19  287.23  -24.369   41.255   10.79
 0.14506D-08 0.19750D+13 0.10000D+16   0.0000  1   49.910  0.00000  268.19  287.40  -24.573   41.472   10.74
 0.14597D-08 0.19875D+13 0.10000D+16   0.0000  1   49.910  0.00000  268.19  287.57  -24.777   41.689   10.68
 0.14689D-08 0.20000D+13 0.10000D+16   0.0000  1   49.910  0.00000  268.19  287.74  -24.981   41.906   10.63
 0.14781D-08 0.20125D+13 0.10000D+16   0.0000  1   49.910  0.00000  268.19  287.91  -25.185   42.123   10.57
 0.14873D-08 0.20250D+13 0.10000D+16   0.0000  1   49.910  0.00000  268.19  288.08  -25.388   42.341   10.52
 0.14965D-08 0.20375D+13 0.10000D+16   0.0000  1   49.910  0.00000  268.19  288.25  -25.591   42.559   10.46
 0.15151D-08 0.20500D+13 0.10000D+16   0.0000  1   49.588  0.00000  268.23  288.37  -25.824   42.738   10.42
 0.15243D-08 0.20625D+13 0.10000D+16   0.0000  1   49.588  0.00000  268.23  288.53  -26.027   42.956   10.37
 0.15336D-08 0.20750D+13 0.10000D+16   0.0000  1   49.588  0.00000  268.23  288.70  -26.230   43.174   10.32
 0.15428D-08 0.20875D+13 0.10000D+16   0.0000  1   49.588  0.00000  268.23  288.86  -26.433   43.393   10.27
 0.15521D-08 0.21000D+13 0.10000D+16   0.0000  1   49.588  0.00000  268.23  289.03  -26.635   43.611   10.21
 0.15613D-08 0.21125D+13 0.10000D+16   0.0000  1   49.588  0.00000  268.23  289.20  -26.837   43.830   10.16
 0.15705D-08 0.21250D+13 0.10000D+16   0.0000  1   49.588  0.00000  268.23  289.36  -27.039   44.049   10.11
 0.15798D-08 0.21375D+13 0.10000D+16   0.0000  1   49.588  0.00000  268.23  289.52  -27.240   44.269   10.06
 0.15890D-08 0.21500D+13 0.10000D+16   0.0000  1   49.588  0.00000  268.23  289.69  -27.442   44.488   10.01
 0.15983D-08 0.21625D+13 0.10000D+16   0.0000  1   49.588  0.00000  268.23  289.85  -27.643   44.708    9.96
 0.16177D-08 0.21750D+13 0.10000D+16   0.0000  1   49.266  0.00000  268.26  289.96  -27.877   44.885    9.93
 0.16270D-08 0.21875D+13 0.10000D+16   0.0000  1   49.266  0.00000  268.26  290.13  -28.078   45.105    9.88
 0.16363D-08 0.22000D+13 0.10000D+16   0.0000  1   49.266  0.00000  268.26  290.29  -28.279   45.325    9.83
 0.16456D-08 0.22125D+13 0.10000D+16   0.0000  1   49.266  0.00000  268.26  290.45  -28.480   45.545    9.79
 0.16548D-08 0.22250D+13 0.10000D+16   0.0000  1   49.266  0.00000  268.26  290.61  -28.680   45.765    9.74
 0.16641D-08 0.22375D+13 0.10000D+16   0.0000  1   49.266  0.00000  268.26  290.77  -28.880   45.986    9.69
 0.16734D-08 0.22500D+13 0.10000D+16   0.0000  1   49.266  0.00000  268.26  290.93  -29.080   46.207    9.65
 0.16827D-08 0.22625D+13 0.10000D+16   0.0000  1   49.266  0.00000  268.26  291.09  -29.279   46.428    9.60
 0.17028D-08 0.22750D+13 0.10000D+16   0.0000  1   48.944  0.00000  268.30  291.19  -29.516   46.602    9.57
 0.17122D-08 0.22875D+13 0.10000D+16   0.0000  1   48.944  0.00000  268.30  291.35  -29.715   46.823    9.52
 0.17215D-08 0.23000D+13 0.10000D+16   0.0000  1   48.944  0.00000  268.30  291.51  -29.914   47.045    9.48
 0.17309D-08 0.23125D+13 0.10000D+16   0.0000  1   48.944  0.00000  268.30  291.67  -30.114   47.266    9.43
 0.17402D-08 0.23250D+13 0.10000D+16   0.0000  1   48.944  0.00000  268.30  291.82  -30.312   47.488    9.39
 0.17496D-08 0.23375D+13 0.10000D+16   0.0000  1   48.944  0.00000  268.30  291.98  -30.511   47.710    9.35
 0.17589D-08 0.23500D+13 0.10000D+16   0.0000  1   48.944  0.00000  268.30  292.14  -30.709   47.932    9.30
 0.17683D-08 0.23625D+13 0.10000D+16   0.0000  1   48.944  0.00000  268.30  292.29  -30.907   48.154    9.26
 0.17891D-08 0.23750D+13 0.10000D+16   0.0000  1   48.622  0.00000  268.33  292.39  -31.146   48.326    9.23
 0.17985D-08 0.23875D+13 0.10000D+16   0.0000  1   48.622  0.00000  268.33  292.55  -31.344   48.548    9.19
 0.18079D-08 0.24000D+13 0.10000D+16   0.0000  1   48.622  0.00000  268.33  292.70  -31.542   48.771    9.15
 0.18173D-08 0.24125D+13 0.10000D+16   0.0000  1   48.622  0.00000  268.33  292.86  -31.739   48.994    9.10
 0.18267D-08 0.24250D+13 0.10000D+16   0.0000  1   48.622  0.00000  268.33  293.01  -31.937   49.216    9.06
 0.18361D-08 0.24375D+13 0.10000D+16   0.0000  1   48.622  0.00000  268.33  293.16  -32.134   49.440    9.02
 0.18456D-08 0.24500D+13 0.10000D+16   0.0000  1   48.622  0.00000  268.33  293.31  -32.331   49.663    8.98
 0.18550D-08 0.24625D+13 0.10000D+16   0.0000  1   48.622  0.00000  268.33  293.47  -32.528   49.886    8.94
 0.18764D-08 0.24750D+13 0.10000D+16   0.0000  1   48.300  0.00000  268.37  293.56  -32.768   50.056    8.91
 0.18859D-08 0.24875D+13 0.10000D+16   0.0000  1   48.300  0.00000  268.37  293.71  -32.965   50.279    8.87
 0.18954D-08 0.25000D+13 0.10000D+16   0.0000  1   48.300  0.00000  268.37  293.86  -33.161   50.503    8.84
 0.19049D-08 0.25125D+13 0.10000D+16   0.0000  1   48.300  0.00000  268.37  294.01  -33.358   50.727    8.80
 0.19143D-08 0.25250D+13 0.10000D+16   0.0000  1   48.300  0.00000  268.37  294.16  -33.554   50.951    8.76
 0.19238D-08 0.25375D+13 0.10000D+16   0.0000  1   48.300  0.00000  268.37  294.31  -33.750   51.175    8.72
 0.19333D-08 0.25500D+13 0.10000D+16   0.0000  1   48.300  0.00000  268.37  294.46  -33.945   51.400    8.68
 0.19554D-08 0.25625D+13 0.10000D+16   0.0000  1   47.978  0.00000  268.40  294.55  -34.188   51.567    8.66
 0.19649D-08 0.25750D+13 0.10000D+16   0.0000  1   47.978  0.00000  268.40  294.70  -34.383   51.791    8.62
 0.19745D-08 0.25875D+13 0.10000D+16   0.0000  1   47.978  0.00000  268.40  294.85  -34.579   52.016    8.58
 0.19840D-08 0.26000D+13 0.10000D+16   0.0000  1   47.978  0.00000  268.40  295.00  -34.774   52.241    8.55
 0.19936D-08 0.26125D+13 0.10000D+16   0.0000  1   47.978  0.00000  268.40  295.14  -34.969   52.466    8.51
 0.20031D-08 0.26250D+13 0.10000D+16   0.0000  1   47.978  0.00000  268.40  295.29  -35.164   52.691    8.47
 0.20126D-08 0.26375D+13 0.10000D+16   0.0000  1   47.978  0.00000  268.40  295.44  -35.359   52.916    8.44
 0.20354D-08 0.26500D+13 0.10000D+16   0.0000  1   47.656  0.00000  268.43  295.52  -35.603   53.081    8.41
 0.20450D-08 0.26625D+13 0.10000D+16   0.0000  1   47.656  0.00000  268.43  295.67  -35.797   53.306    8.38
 0.20546D-08 0.26750D+13 0.10000D+16   0.0000  1   47.656  0.00000  268.43  295.81  -35.992   53.531    8.34
 0.20642D-08 0.26875D+13 0.10000D+16   0.0000  1   47.656  0.00000  268.43  295.96  -36.186   53.757    8.31
 0.20738D-08 0.27000D+13 0.10000D+16   0.0000  1   47.656  0.00000  268.43  296.10  -36.380   53.983    8.27
 0.20834D-08 0.27125D+13 0.10000D+16   0.0000  1   47.656  0.00000  268.43  296.25  -36.574   54.209    8.24
 0.20930D-08 0.27250D+13 0.10000D+16   0.0000  1   47.656  0.00000  268.43  296.39  -36.767   54.435    8.20
 0.21165D-08 0.27375D+13 0.10000D+16   0.0000  1   47.334  0.00000  268.47  296.47  -37.014   54.597    8.18
 0.21261D-08 0.27500D+13 0.10000D+16   0.0000  1   47.334  0.00000  268.47  296.61  -37.207   54.823    8.15
 0.21358D-08 0.27625D+13 0.10000D+16   0.0000  1   47.334  0.00000  268.47  296.75  -37.401   55.050    8.12
 0.21455D-08 0.27750D+13 0.10000D+16   0.0000  1   47.334  0.00000  268.47  296.90  -37.594   55.276    8.08
 0.21551D-08 0.27875D+13 0.10000D+16   0.0000  1   47.334  0.00000  268.47  297.04  -37.787   55.503    8.05
 0.21648D-08 0.28000D+13 0.10000D+16   0.0000  1   47.334  0.00000  268.47  297.18  -37.980   55.730    8.02
 0.21745D-08 0.28125D+13 0.10000D+16   0.0000  1   47.334  0.00000  268.47  297.32  -38.173   55.957    7.98
 0.21986D-08 0.28250D+13 0.10000D+16   0.0000  1   47.012  0.00000  268.50  297.40  -38.421   56.116    7.97
 0.22084D-08 0.28375D+13 0.10000D+16   0.0000  1   47.012  0.00000  268.50  297.54  -38.613   56.343    7.93
 0.22181D-08 0.28500D+13 0.10000D+16   0.0000  1   47.012  0.00000  268.50  297.68  -38.806   56.570    7.90
 0.22278D-08 0.28625D+13 0.10000D+16   0.0000  1   47.012  0.00000  268.50  297.82  -38.998   56.798    7.87
 0.22375D-08 0.28750D+13 0.10000D+16   0.0000  1   47.012  0.00000  268.50  297.96  -39.190   57.025    7.84
 0.22473D-08 0.28875D+13 0.10000D+16   0.0000  1   47.012  0.00000  268.50  298.10  -39.382   57.253    7.81
 0.22570D-08 0.29000D+13 0.10000D+16   0.0000  1   47.012  0.00000  268.50  298.23  -39.574   57.481    7.78
 0.22819D-08 0.29125D+13 0.10000D+16   0.0000  1   46.690  0.00000  268.54  298.31  -39.825   57.637    7.76
 0.22917D-08 0.29250D+13 0.10000D+16   0.0000  1   46.690  0.00000  268.54  298.44  -40.016   57.865    7.73
 0.23015D-08 0.29375D+13 0.10000D+16   0.0000  1   46.690  0.00000  268.54  298.58  -40.208   58.093    7.70
 0.23113D-08 0.29500D+13 0.10000D+16   0.0000  1   46.690  0.00000  268.54  298.72  -40.399   58.321    7.67
 0.23211D-08 0.29625D+13 0.10000D+16   0.0000  1   46.690  0.00000  268.54  298.86  -40.591   58.549    7.64
 0.23308D-08 0.29750D+13 0.10000D+16   0.0000  1   46.690  0.00000  268.54  298.99  -40.782   58.778    7.61
 0.23406D-08 0.29875D+13 0.10000D+16   0.0000  1   46.690  0.00000  268.54  299.13  -40.972   59.006    7.58
 0.23663D-08 0.30000D+13 0.10000D+16   0.0000  1   46.368  0.00000  268.57  299.20  -41.225   59.160    7.56
