R_tot = 1561.0 R_core =  1400.0  Tsurf =   100.00  g =  1.310
   zbot    P(MPa) Hint     conv melt pCLA   Tbot     Tm     etam        k   Fcond_bot Fcond_top   Fbot     Ftop    dlid z_topTBL z_botTBL
    0.00   -0.00 0.11906D-05  0  0  0.01105  273.24  261.57 0.18035D+15  2.167    0.000    0.000    0.000    0.000    0.00    0.00    0.00
    0.32    0.39 0.11908D-06  0  0  0.01108  273.21  265.11 0.12453D+15  2.167 1398.882 1398.305 1381.242 1415.943    0.32    0.32    0.32
    0.64    0.77 0.59554D-07  0  0  0.01110  273.18  265.68 0.11708D+15  2.167  699.459  698.882  681.814  716.522    0.64    0.64    0.64
    0.97    1.16 0.39711D-07  0  0  0.01113  273.15  266.05 0.11247D+15  2.168  466.317  465.740  448.668  483.383    0.97    0.97    0.97
    1.29    1.55 0.29789D-07  0  0  0.01115  273.12  266.32 0.10910D+15  2.168  349.747  349.170  332.092  366.814    1.29    1.29    1.29
    1.61    1.94 0.23836D-07  0  0  0.01118  273.08  266.53 0.10643D+15  2.168  279.804  279.227  262.145  296.874    1.61    1.61    1.61
    1.93    2.33 0.19868D-07  0  0  0.01120  273.05  266.71 0.10421D+15  2.168  233.176  232.599  215.511  250.249    1.93    1.93    1.93
    2.25    2.71 0.17033D-07  0  0  0.01123  273.02  266.86 0.10232D+15  2.169  199.870  199.293  182.201  216.945    2.25    2.25    2.25
    2.58    3.10 0.14907D-07  0  0  0.01125  272.99  267.00 0.10066D+15  2.169  174.890  174.313  157.216  191.968    2.58    2.58    2.58
    2.90    3.49 0.13253D-07  0  0  0.01128  272.96  267.11 0.99193D+14  2.169  155.462  154.885  137.783  172.542    2.90    2.90    2.90
    3.22    3.88 0.11931D-07  0  0  0.01131  272.93  267.22 0.97868D+14  2.170  139.919  139.342  122.235  157.001    3.22    3.22    3.22
    3.54    4.27 0.10848D-07  0  0  0.01133  272.89  267.31 0.96664D+14  2.170  127.202  126.625  109.513  144.287    3.54    3.54    3.54
    3.86    4.65 0.99462D-08  0  0  0.01136  272.86  267.40 0.95559D+14  2.170  116.604  116.028   98.911  133.692    3.86    3.86    3.86
    4.19    5.04 0.91830D-08  0  0  0.01138  272.83  267.47 0.94538D+14  2.170  107.637  107.061   89.939  124.727    4.19    4.19    4.19
    4.51    5.43 0.85289D-08  0  0  0.01141  272.80  267.54 0.93589D+14  2.171   99.951   99.374   82.248  117.044    4.51    4.51    4.51
    4.83    5.82 0.79619D-08  0  0  0.01144  272.77  267.61 0.92703D+14  2.171   93.290   92.713   75.581  110.385    4.83    4.83    4.83
    5.15    6.21 0.74658D-08  0  0  0.01146  272.74  267.67 0.91872D+14  2.171   87.461   86.884   69.748  104.558    5.15    5.15    5.15
    5.47    6.59 0.70281D-08  0  0  0.01149  272.70  267.73 0.91089D+14  2.171   82.318   81.742   64.600   99.418    5.47    5.47    5.47
    5.80    6.98 0.66390D-08  0  0  0.01151  272.67  267.78 0.90349D+14  2.172   77.746   77.170   60.024   94.849    5.80    5.80    5.80
    6.12    7.37 0.62909D-08  0  0  0.01154  272.64  267.83 0.89648D+14  2.172   73.656   73.080   55.928   90.761    6.12    6.12    6.12
    6.44    7.76 0.59776D-08  0  0  0.01157  272.61  267.87 0.88981D+14  2.172   69.975   69.398   52.242   87.082    6.44    6.44    6.44
    6.76    8.15 0.56941D-08  0  0  0.01159  272.57  267.91 0.88345D+14  2.173   66.644   66.068   48.906   83.754    6.76    6.76    6.76
    7.08    8.54 0.54364D-08  0  0  0.01162  272.54  267.95 0.87738D+14  2.173   63.616   63.040   45.874   80.728    7.08    7.08    7.08
    7.41    8.92 0.52011D-08  0  0  0.01165  272.51  267.99 0.87157D+14  2.173   60.851   60.275   43.104   77.966    7.41    7.41    7.41
    7.73    9.31 0.49855D-08  0  0  0.01168  272.48  268.02 0.86600D+14  2.173   58.317   57.741   40.565   75.434    7.73    7.73    7.73
    8.05    9.70 0.47870D-08  0  0  0.01170  272.45  268.06 0.86065D+14  2.174   55.985   55.409   38.228   73.105    8.05    8.05    8.05
    8.37   10.09 0.46039D-08  0  0  0.01173  272.41  268.09 0.85550D+14  2.174   53.833   53.257   36.071   70.955    8.37    8.37    8.37
    8.69   10.48 0.44343D-08  0  0  0.01176  272.38  268.11 0.85054D+14  2.174   51.840   51.264   34.073   68.965    8.69    8.69    8.69
    9.02   10.86 0.42768D-08  0  0  0.01179  272.35  268.14 0.84576D+14  2.174   49.990   49.414   32.218   67.117    9.02    9.02    9.02
    9.34   11.25 0.41302D-08  0  0  0.01181  272.31  268.17 0.84113D+14  2.175   48.267   47.691   30.490   65.397    9.34    9.34    9.34
    9.66   11.64 0.39933D-08  0  0  0.01184  272.28  268.19 0.83666D+14  2.175   46.659   46.083   28.877   63.791    9.66    9.66    9.66
    9.98   12.03 0.38653D-08  0  0  0.01187  272.25  268.21 0.83233D+14  2.175   45.154   44.579   27.368   62.289    9.98    9.98    9.98
   10.30   12.42 0.37453D-08  0  0  0.01190  272.22  268.23 0.82814D+14  2.176   43.744   43.168   25.953   60.881   10.30   10.30   10.30
   10.63   12.80 0.36325D-08  0  0  0.01193  272.18  268.25 0.82407D+14  2.176   42.419   41.844   24.623   59.559   10.63   10.63   10.63
   10.95   13.19 0.35264D-08  0  0  0.01195  272.15  268.27 0.82011D+14  2.176   41.172   40.597   23.371   58.315   10.95   10.95   10.95
   11.27   13.58 0.34264D-08  0  0  0.01198  272.12  268.29 0.81627D+14  2.176   39.997   39.421   22.191   57.141   11.27   11.27   11.27
   11.59   13.97 0.33319D-08  0  0  0.01201  272.09  268.30 0.81254D+14  2.177   38.886   38.311   21.075   56.034   11.59   11.59   11.59
   11.91   14.36 0.32425D-08  0  0  0.01204  272.05  268.32 0.80890D+14  2.177   37.836   37.261   20.020   54.986   11.91   11.91   11.91
   12.24   14.74 0.31578D-08  0  0  0.01207  272.02  268.33 0.80536D+14  2.177   36.841   36.266   19.020   53.993   12.24   12.24   12.24
   12.56   15.13 0.30775D-08  0  0  0.01210  271.99  268.34 0.80191D+14  2.178   35.897   35.321   18.071   53.052   12.56   12.56   12.56
   12.88   15.52 0.30012D-08  0  0  0.01213  271.95  268.36 0.79854D+14  2.178   35.000   34.425   17.169   52.157   12.88   12.88   12.88
   13.20   15.91 0.29286D-08  0  0  0.01216  271.92  268.37 0.79526D+14  2.178   34.147   33.572   16.311   51.307   13.20   13.20   13.20
   13.52   15.95 0.28595D-08  1  0  0.01219  271.89  268.38 0.79205D+14  2.178   33.334   32.759   15.853   50.849    8.52   11.91   12.95
   13.85   16.34 0.27935D-08  1  0  0.01222  271.85  268.39 0.78891D+14  2.179   32.559   31.984   15.688   50.682    8.55   11.85   13.27
   14.17   16.73 0.27306D-08  1  0  0.01224  271.82  268.39 0.78585D+14  2.179   31.820   31.245   15.528   50.518    8.57   11.79   13.59
   14.49   17.12 0.26705D-08  1  0  0.01227  271.79  268.40 0.78285D+14  2.179   31.113   30.538   15.372   50.358    8.60   11.75   13.92
   14.81   17.51 0.26130D-08  1  0  0.01230  271.75  268.41 0.77992D+14  2.180   30.437   29.862   15.220   50.203    8.62   11.70   14.24
   15.13   17.90 0.25579D-08  1  0  0.01233  271.72  268.42 0.77705D+14  2.180   29.790   29.215   15.072   50.051    8.64   11.66   14.56
   15.46   18.28 0.25051D-08  1  0  0.01236  271.69  268.42 0.77424D+14  2.180   29.170   28.595   14.926   49.903    8.66   11.62   14.89
   15.78   18.67 0.24545D-08  1  0  0.01239  271.65  268.43 0.77148D+14  2.180   28.575   28.000   14.785   49.758    8.69   11.58   15.21
   16.10   19.06 0.24059D-08  1  0  0.01243  271.62  268.43 0.76878D+14  2.181   28.004   27.429   14.646   49.616    8.71   11.55   15.53
   16.42   19.45 0.23592D-08  1  0  0.01246  271.59  268.44 0.76613D+14  2.181   27.455   26.880   14.511   49.477    8.73   11.52   15.86
   16.74   19.84 0.23143D-08  1  0  0.01249  271.55  268.44 0.76354D+14  2.181   26.927   26.353   14.378   49.341    8.75   11.49   16.18
   17.07   20.23 0.22711D-08  1  0  0.01252  271.52  268.44 0.76099D+14  2.182   26.420   25.845   14.248   49.209    8.77   11.46   16.50
   17.39   20.62 0.22296D-08  1  0  0.01255  271.48  268.45 0.75849D+14  2.182   25.931   25.356   14.121   49.078    8.79   11.44   16.83
   17.71   21.01 0.21895D-08  1  0  0.01258  271.45  268.45 0.75603D+14  2.182   25.459   24.885   13.997   48.951    8.81   11.42   17.15
   18.03   21.40 0.21508D-08  1  0  0.01261  271.42  268.45 0.75361D+14  2.182   25.005   24.431   13.874   48.826    8.83   11.40   17.48
   18.35   21.79 0.21135D-08  1  0  0.01264  271.38  268.45 0.75124D+14  2.183   24.567   23.992   13.755   48.703    8.84   11.38   17.80
   18.68   22.18 0.20775D-08  1  0  0.01267  271.35  268.45 0.74891D+14  2.183   24.143   23.569   13.637   48.583    8.86   11.36   18.12
   19.00   22.56 0.20427D-08  1  0  0.01271  271.31  268.45 0.74662D+14  2.183   23.734   23.160   13.522   48.465    8.88   11.34   18.45
   19.32   22.95 0.20091D-08  1  0  0.01274  271.28  268.45 0.74437D+14  2.184   23.339   22.765   13.409   48.349    8.90   11.33   18.77
   19.64   23.34 0.19766D-08  1  0  0.01277  271.25  268.45 0.74215D+14  2.184   22.957   22.383   13.297   48.235    8.92   11.31   19.09
   19.96   23.73 0.19451D-08  1  0  0.01280  271.21  268.45 0.73997D+14  2.184   22.587   22.013   13.188   48.123    8.93   11.30   19.42
   20.29   24.12 0.19146D-08  1  0  0.01283  271.18  268.44 0.73782D+14  2.184   22.228   21.654   13.081   48.013    8.95   11.29   19.74
   20.61   24.51 0.18851D-08  1  0  0.01287  271.14  268.44 0.73571D+14  2.185   21.881   21.307   12.975   47.905    8.97   11.28   20.07
   20.93   24.90 0.18565D-08  1  0  0.01290  271.11  268.44 0.73363D+14  2.185   21.545   20.971   12.871   47.799    8.98   11.27   20.39
   21.25   25.29 0.18287D-08  1  0  0.01293  271.07  268.44 0.73158D+14  2.185   21.218   20.645   12.769   47.694    9.00   11.26   20.71
   21.57   25.68 0.18018D-08  1  0  0.01296  271.04  268.43 0.72956D+14  2.186   20.902   20.328   12.669   47.591    9.01   11.25   21.04
   21.90   26.07 0.17757D-08  1  0  0.01300  271.01  268.43 0.72757D+14  2.186   20.595   20.021   12.570   47.490    9.03   11.24   21.36
   22.22   26.46 0.17503D-08  1  0  0.01303  270.97  268.43 0.72561D+14  2.186   20.296   19.723   12.472   47.390    9.05   11.23   21.69
   22.54   26.85 0.17256D-08  1  0  0.01306  270.94  268.42 0.72368D+14  2.187   20.006   19.433   12.376   47.292    9.06   11.22   22.01
   22.86   27.24 0.17017D-08  1  0  0.01310  270.90  268.42 0.72177D+14  2.187   19.725   19.151   12.282   47.195    9.07   11.22   22.34
   23.18   27.63 0.16784D-08  1  0  0.01313  270.87  268.41 0.71990D+14  2.187   19.451   18.877   12.189   47.100    9.09   11.21   22.66
   23.51   28.02 0.16558D-08  1  0  0.01317  270.83  268.41 0.71804D+14  2.187   19.185   18.611   12.097   47.006    9.10   11.21   22.98
   23.83   28.40 0.16337D-08  1  0  0.01320  270.80  268.40 0.71622D+14  2.188   18.925   18.352   12.006   46.913    9.12   11.20   23.31
   24.15   28.79 0.16123D-08  1  0  0.01323  270.76  268.39 0.71441D+14  2.188   18.673   18.100   11.917   46.821    9.13   11.20   23.63
   24.47   29.18 0.15914D-08  1  0  0.01327  270.73  268.39 0.71264D+14  2.188   18.428   17.854   11.829   46.731    9.15   11.19   23.96
   24.79   29.57 0.15710D-08  1  0  0.01330  270.69  268.38 0.71088D+14  2.189   18.188   17.615   11.742   46.642    9.16   11.19   24.28
   25.12   29.96 0.15512D-08  1  0  0.01334  270.66  268.37 0.70915D+14  2.189   17.955   17.382   11.657   46.555    9.17   11.19   24.61
   25.44   30.35 0.15319D-08  1  0  0.01337  270.62  268.37 0.70744D+14  2.189   17.728   17.155   11.572   46.468    9.19   11.19   24.93
   25.76   30.74 0.15131D-08  1  0  0.01341  270.59  268.36 0.70575D+14  2.190   17.506   16.933   11.488   46.383    9.20   11.18   25.26
   26.08   31.13 0.14947D-08  1  0  0.01344  270.55  268.35 0.70408D+14  2.190   17.290   16.717   11.406   46.298    9.21   11.18   25.58
   26.40   31.52 0.14768D-08  1  0  0.01348  270.52  268.34 0.70243D+14  2.190   17.080   16.507   11.325   46.215    9.23   11.18   25.90
   26.73   31.91 0.14593D-08  1  0  0.01351  270.48  268.33 0.70080D+14  2.190   16.874   16.301   11.244   46.133    9.24   11.18   26.23
   27.05   32.30 0.14422D-08  1  0  0.01355  270.44  268.32 0.69920D+14  2.191   16.673   16.100   11.165   46.051    9.25   11.18   26.55
   27.37   32.69 0.14256D-08  1  0  0.01358  270.41  268.32 0.69761D+14  2.191   16.477   15.904   11.086   45.971    9.26   11.18   26.88
   27.69   33.08 0.14093D-08  1  0  0.01362  270.37  268.31 0.69604D+14  2.191   16.285   15.713   11.009   45.892    9.27   11.18   27.20
   28.01   33.47 0.13934D-08  1  0  0.01366  270.34  268.30 0.69449D+14  2.192   16.098   15.525   10.932   45.813    9.29   11.18   27.53
   28.34   33.86 0.13778D-08  1  0  0.01369  270.30  268.29 0.69296D+14  2.192   15.915   15.343   10.856   45.736    9.30   11.18   27.85
   28.66   34.25 0.13626D-08  1  0  0.01373  270.27  268.28 0.69144D+14  2.192   15.736   15.164   10.781   45.659    9.31   11.18   28.18
   28.98   34.64 0.13478D-08  1  0  0.01377  270.23  268.27 0.68994D+14  2.193   15.561   14.989   10.707   45.583    9.32   11.18   28.50
   29.30   35.03 0.13332D-08  1  0  0.01380  270.19  268.26 0.68846D+14  2.193   15.390   14.818   10.633   45.508    9.33   11.18   28.83
   29.62   35.42 0.13190D-08  1  0  0.01384  270.16  268.25 0.68700D+14  2.193   15.223   14.651   10.561   45.434    9.34   11.18   29.15
   29.95   35.81 0.13051D-08  1  0  0.01388  270.12  268.24 0.68555D+14  2.194   15.059   14.487   10.489   45.360    9.36   11.18   29.48
   30.27   36.20 0.12915D-08  1  0  0.01391  270.09  268.22 0.68412D+14  2.194   14.899   14.327   10.418   45.288    9.37   11.18   29.80
   30.59   36.59 0.12781D-08  1  0  0.01395  270.05  268.21 0.68270D+14  2.194   14.742   14.170   10.347   45.216    9.38   11.18   30.13
   30.91   36.98 0.12651D-08  1  0  0.01399  270.01  268.20 0.68130D+14  2.194   14.589   14.017   10.278   45.145    9.39   11.19   30.45
   31.23   37.37 0.12523D-08  1  0  0.01403  269.98  268.19 0.67991D+14  2.195   14.438   13.866   10.208   45.074    9.40   11.19   30.78
   31.56   37.76 0.12398D-08  1  0  0.01407  269.94  268.18 0.67854D+14  2.195   14.291   13.719   10.140   45.005    9.41   11.19   31.10
   31.88   38.15 0.12275D-08  1  0  0.01411  269.90  268.17 0.67718D+14  2.195   14.147   13.575   10.072   44.935    9.42   11.19   31.43
   32.20   38.54 0.12155D-08  1  0  0.01414  269.87  268.15 0.67584D+14  2.196   14.005   13.433   10.005   44.867    9.43   11.19   31.75
   32.52   38.93 0.12037D-08  1  0  0.01418  269.83  268.14 0.67451D+14  2.196   13.866   13.294    9.939   44.799    9.44   11.20   32.08
   32.84   39.32 0.11922D-08  1  0  0.01422  269.80  268.13 0.67320D+14  2.196   13.730   13.159    9.873   44.732    9.45   11.20   32.40
   33.17   39.71 0.11808D-08  1  0  0.01426  269.76  268.11 0.67189D+14  2.197   13.597   13.025    9.808   44.666    9.46   11.20   32.73
   33.49   40.10 0.11697D-08  1  0  0.01430  269.72  268.10 0.67060D+14  2.197   13.466   12.894    9.743   44.600    9.47   11.20   33.06
   33.81   40.49 0.11588D-08  1  0  0.01434  269.69  268.09 0.66933D+14  2.197   13.338   12.766    9.679   44.535    9.48   11.21   33.38
   34.13   40.88 0.11481D-08  1  0  0.01438  269.65  268.07 0.66807D+14  2.198   13.212   12.640    9.615   44.470    9.49   11.21   33.71
   34.45   41.27 0.11376D-08  1  0  0.01442  269.61  268.06 0.66682D+14  2.198   13.088   12.517    9.552   44.406    9.50   11.21   34.03
   34.78   41.66 0.11273D-08  1  0  0.01446  269.57  268.05 0.66558D+14  2.198   12.967   12.396    9.490   44.342    9.51   11.22   34.36
   35.10   42.05 0.11172D-08  1  0  0.01450  269.54  268.03 0.66435D+14  2.199   12.848   12.277    9.428   44.279    9.52   11.22   34.68
   35.42   42.44 0.11073D-08  1  0  0.01454  269.50  268.02 0.66314D+14  2.199   12.731   12.160    9.367   44.217    9.53   11.22   35.01
   35.74   42.83 0.10975D-08  1  0  0.01458  269.46  268.00 0.66193D+14  2.199   12.616   12.045    9.306   44.155    9.54   11.23   35.33
   36.06   43.22 0.10880D-08  1  0  0.01462  269.43  267.99 0.66074D+14  2.199   12.503   11.932    9.245   44.093    9.55   11.23   35.66
   36.39   43.61 0.10786D-08  1  0  0.01466  269.39  267.97 0.65956D+14  2.200   12.393   11.822    9.185   44.032    9.56   11.23   35.99
   36.71   44.00 0.10693D-08  1  0  0.01471  269.35  267.96 0.65840D+14  2.200   12.284   11.713    9.126   43.972    9.56   11.24   36.31
   37.03   44.39 0.10603D-08  1  0  0.01475  269.31  267.94 0.65724D+14  2.200   12.177   11.606    9.066   43.912    9.57   11.24   36.64
   37.35   44.78 0.10513D-08  1  0  0.01479  269.28  267.93 0.65609D+14  2.201   12.072   11.501    9.008   43.852    9.58   11.25   36.96
   37.67   45.17 0.10426D-08  1  0  0.01483  269.24  267.91 0.65496D+14  2.201   11.969   11.398    8.949   43.793    9.59   11.25   37.29
   38.00   45.56 0.10339D-08  1  0  0.01487  269.20  267.90 0.65383D+14  2.201   11.867   11.296    8.892   43.734    9.60   11.25   37.61
   38.32   45.95 0.10255D-08  1  0  0.01492  269.16  267.88 0.65272D+14  2.202   11.767   11.197    8.834   43.676    9.61   11.26   37.94
   38.64   46.34 0.10171D-08  1  0  0.01496  269.13  267.87 0.65161D+14  2.202   11.669   11.098    8.777   43.618    9.62   11.26   38.27
   38.96   46.73 0.10089D-08  1  0  0.01500  269.09  267.85 0.65052D+14  2.202   11.572   11.002    8.721   43.561    9.63   11.27   38.59
   39.28   47.12 0.10009D-08  1  0  0.01505  269.05  267.83 0.64943D+14  2.203   11.477   10.907    8.664   43.504    9.63   11.27   38.92
   39.61   47.52 0.99294D-09  1  0  0.01509  269.01  267.82 0.64836D+14  2.203   11.384   10.814    8.609   43.447    9.64   11.28   39.24
   39.93   47.91 0.98514D-09  1  0  0.01513  268.97  267.80 0.64729D+14  2.203   11.292   10.722    8.553   43.391    9.65   11.28   39.57
   40.25   48.30 0.97746D-09  1  0  0.01518  268.94  267.78 0.64624D+14  2.204   11.201   10.631    8.498   43.336    9.66   11.28   39.90
   40.57   48.69 0.96991D-09  1  0  0.01522  268.90  267.77 0.64519D+14  2.204   11.112   10.542    8.443   43.280    9.67   11.29   40.22
   40.89   49.08 0.96247D-09  1  0  0.01527  268.86  267.75 0.64415D+14  2.204   11.025   10.455    8.389   43.225    9.68   11.29   40.55
   41.22   49.47 0.95515D-09  1  0  0.01531  268.82  267.73 0.64313D+14  2.205   10.938   10.368    8.335   43.171    9.68   11.30   40.88
   41.54   49.86 0.94794D-09  1  0  0.01536  268.78  267.71 0.64211D+14  2.205   10.853   10.283    8.281   43.116    9.69   11.30   41.20
   41.86   50.25 0.94085D-09  1  0  0.01540  268.74  267.70 0.64110D+14  2.205   10.770   10.200    8.228   43.062    9.70   11.31   41.53
   42.18   50.64 0.93386D-09  1  0  0.01545  268.70  267.68 0.64010D+14  2.206   10.687   10.118    8.174   43.009    9.71   11.31   41.86
   42.50   51.03 0.92698D-09  1  0  0.01549  268.67  267.66 0.63910D+14  2.206   10.606   10.036    8.122   42.956    9.71   11.32   42.18
   42.83   51.42 0.92020D-09  1  0  0.01554  268.63  267.64 0.63812D+14  2.206   10.526    9.957    8.069   42.903    9.72   11.32   42.51
   43.15   51.81 0.91352D-09  1  0  0.01558  268.59  267.62 0.63715D+14  2.207   10.448    9.878    8.017   42.850    9.73   11.33   42.83
   43.47   52.20 0.90694D-09  1  0  0.01563  268.55  267.60 0.63618D+14  2.207   10.370    9.800    7.965   42.798    9.74   11.33   43.16
   43.79   52.60 0.90046D-09  1  0  0.01568  268.51  267.59 0.63522D+14  2.207   10.294    9.724    7.914   42.746    9.74   11.34   43.49
   44.11   52.99 0.89408D-09  1  0  0.01572  268.47  267.57 0.63427D+14  2.208   10.218    9.649    7.862   42.694    9.75   11.34   43.82
   44.44   53.38 0.88778D-09  1  0  0.01577  268.43  267.55 0.63333D+14  2.208   10.144    9.575    7.811   42.643    9.76   11.35   44.14
   44.76   53.77 0.88158D-09  1  0  0.01582  268.39  267.53 0.63240D+14  2.208   10.071    9.502    7.760   42.592    9.77   11.35   44.47
   45.08   54.16 0.87546D-09  1  0  0.01587  268.35  267.51 0.63147D+14  2.209    9.999    9.429    7.710   42.541    9.77   11.36   44.80
   45.40   54.55 0.86944D-09  1  0  0.01591  268.31  267.49 0.63055D+14  2.209    9.927    9.358    7.660   42.491    9.78   11.36   45.12
   45.72   54.94 0.86349D-09  1  0  0.01596  268.28  267.47 0.62964D+14  2.209    9.857    9.288    7.610   42.441    9.79   11.37   45.45
   46.05   55.33 0.85763D-09  1  0  0.01601  268.24  267.45 0.62874D+14  2.210    9.788    9.219    7.560   42.391    9.80   11.37   45.78
   46.37   55.72 0.85186D-09  1  0  0.01606  268.20  267.43 0.62785D+14  2.210    9.720    9.151    7.510   42.341    9.80   11.38   46.10
   46.69   56.11 0.84616D-09  1  0  0.01611  268.16  267.41 0.62696D+14  2.210    9.653    9.084    7.461   42.292    9.81   11.38   46.43
   47.01   56.51 0.84054D-09  1  0  0.01616  268.12  267.39 0.62608D+14  2.211    9.586    9.018    7.412   42.243    9.82   11.39   46.76
   47.33   56.90 0.83499D-09  1  0  0.01621  268.08  267.37 0.62521D+14  2.211    9.521    8.952    7.363   42.194    9.82   11.40   47.09
   47.66   57.29 0.82952D-09  1  0  0.01626  268.04  267.35 0.62434D+14  2.211    9.456    8.888    7.315   42.145    9.83   11.40   47.41
   47.98   57.68 0.82413D-09  1  0  0.01631  268.00  267.33 0.62348D+14  2.212    9.393    8.824    7.266   42.097    9.84   11.41   47.74
   48.30   58.07 0.81880D-09  1  0  0.01636  267.96  267.31 0.62263D+14  2.212    9.330    8.761    7.218   42.049    9.84   11.41   48.07
   48.62   58.46 0.81355D-09  1  0  0.01641  267.92  267.29 0.62179D+14  2.213    9.268    8.699    7.170   42.001    9.85   11.42   48.40
   48.94   58.85 0.80837D-09  1  0  0.01646  267.88  267.27 0.62095D+14  2.213    9.207    8.638    7.122   41.953    9.86   11.42   48.72
   49.27   59.25 0.80325D-09  1  0  0.01651  267.84  267.25 0.62012D+14  2.213    9.146    8.578    7.075   41.906    9.86   11.43   49.05
   49.59   59.64 0.79820D-09  1  0  0.01656  267.80  267.23 0.61930D+14  2.214    9.086    8.518    7.028   41.858    9.87   11.43   49.38
   49.91   60.03 0.79322D-09  1  0  0.01662  267.75  267.21 0.61849D+14  2.214    9.028    8.460    6.980   41.811    9.88   11.44   49.71
   50.23   60.42 0.78830D-09  1  0  0.01667  267.71  267.19 0.61768D+14  2.214    8.969    8.402    6.933   41.765    9.88   11.45   50.03
   50.55   60.81 0.78344D-09  1  0  0.01672  267.67  267.16 0.61688D+14  2.215    8.912    8.344    6.887   41.718    9.89   11.45   50.36
   50.88   61.20 0.77864D-09  1  0  0.01677  267.63  267.14 0.61608D+14  2.215    8.855    8.288    6.840   41.672    9.90   11.46   50.69
   51.20   61.60 0.77391D-09  1  0  0.01683  267.59  267.12 0.61529D+14  2.215    8.799    8.232    6.794   41.625    9.90   11.46   51.02
   51.52   61.99 0.76923D-09  1  0  0.01688  267.55  267.10 0.61451D+14  2.216    8.744    8.177    6.747   41.579    9.91   11.47   51.35
   51.84   62.38 0.76461D-09  1  0  0.01693  267.51  267.08 0.61374D+14  2.216    8.690    8.122    6.701   41.534    9.92   11.47   51.67
   52.16   62.77 0.76005D-09  1  0  0.01699  267.47  267.05 0.61297D+14  2.216    8.636    8.068    6.655   41.488    9.92   11.48   52.00
   52.49   63.16 0.75555D-09  1  0  0.01704  267.43  267.03 0.61221D+14  2.217    8.582    8.015    6.610   41.443    9.93   11.49   52.33
   52.81   63.55 0.75110D-09  1  0  0.01710  267.39  267.01 0.61145D+14  2.217    8.530    7.962    6.564   41.398    9.94   11.49   52.66
   53.13   63.95 0.74670D-09  1  0  0.01715  267.34  266.99 0.61070D+14  2.217    8.478    7.911    6.518   41.353    9.94   11.50   52.99
   53.45   64.34 0.74236D-09  1  0  0.01721  267.30  266.97 0.60996D+14  2.218    8.426    7.859    6.473   41.308    9.95   11.50   53.32
   53.77   64.73 0.73806D-09  1  0  0.01727  267.26  266.94 0.60922D+14  2.218    8.376    7.809    6.428   41.263    9.95   11.51   53.64
   54.10   65.12 0.73382D-09  1  0  0.01732  267.22  266.92 0.60849D+14  2.219    8.326    7.759    6.383   41.218    9.96   11.51   53.97
   54.42   65.52 0.72963D-09  1  0  0.01738  267.18  266.90 0.60777D+14  2.219    8.276    7.709    6.338   41.174    9.97   11.52   54.30
   54.74   65.91 0.72549D-09  1  0  0.01743  267.14  266.87 0.60705D+14  2.219    8.227    7.660    6.293   41.130    9.97   11.53   54.63
   55.06   66.30 0.72140D-09  1  0  0.01749  267.09  266.85 0.60634D+14  2.220    8.179    7.612    6.249   41.086    9.98   11.53   54.96
   55.38   66.69 0.71736D-09  1  0  0.01755  267.05  266.83 0.60563D+14  2.220    8.131    7.564    6.204   41.042    9.98   11.54   55.29
   55.71   67.08 0.71336D-09  1  0  0.01761  267.01  266.80 0.60493D+14  2.220    8.083    7.517    6.160   40.998    9.99   11.54   55.62
   56.03   67.48 0.70941D-09  1  0  0.01767  266.97  266.78 0.60424D+14  2.221    8.037    7.470    6.116   40.955   10.00   11.55   55.95
   56.35   67.87 0.70550D-09  1  0  0.01772  266.93  266.76 0.60355D+14  2.221    7.990    7.424    6.072   40.911   10.00   11.56   56.28
   56.67   68.26 0.70164D-09  1  0  0.01778  266.88  266.73 0.60287D+14  2.221    7.945    7.378    6.028   40.868   10.01   11.56   56.61
   56.99   68.65 0.69782D-09  1  0  0.01784  266.84  266.71 0.60219D+14  2.222    7.899    7.333    5.984   40.825   10.01   11.57   56.94
   57.32   69.05 0.69405D-09  1  0  0.01790  266.80  266.68 0.60152D+14  2.222    7.855    7.289    5.940   40.782   10.02   11.58   57.27
   57.64   69.44 0.69031D-09  1  0  0.01796  266.75  266.66 0.60086D+14  2.223    7.811    7.244    5.896   40.739   10.03   11.58   57.60
   57.96   69.83 0.68662D-09  1  0  0.01802  266.71  266.63 0.60020D+14  2.223    7.767    7.201    5.853   40.696   10.03   11.59   57.93
   58.28   70.23 0.68297D-09  1  0  0.01808  266.67  266.61 0.59955D+14  2.223    7.724    7.158    5.809   40.654   10.04   11.59   58.26
   58.60   70.62 0.67936D-09  1  0  0.01815  266.63  266.59 0.59890D+14  2.224    7.681    7.115    5.766   40.611   10.04   11.60   58.59
   58.93   71.01 0.67579D-09  1  0  0.01821  266.58  266.56 0.59826D+14  2.224    7.638    7.073    5.723   40.569   10.05   11.61   58.92
   59.25   71.40 0.67226D-09  1  0  0.01827  266.54  266.54 0.59763D+14  2.224    7.597    7.031    5.680   40.527   10.05   11.61   59.25
   59.57   71.79 0.66876D-09  1  0  0.01833  266.50  266.51 0.59700D+14  2.225    7.555    6.990    5.636   40.485   10.06   11.62   59.57
   59.89   72.18 0.66531D-09  1  0  0.01840  266.45  266.49 0.59637D+14  2.225    7.514    6.949    5.593   40.443   10.07   11.63   59.89
   60.21   72.57 0.66189D-09  1  0  0.01846  266.41  266.46 0.59576D+14  2.226    7.474    6.908    5.551   40.401   10.07   11.63   60.21
   60.54   72.96 0.65850D-09  1  0  0.01852  266.36  266.43 0.59514D+14  2.226    7.434    6.868    5.508   40.359   10.08   11.64   60.54
   60.86   73.35 0.65516D-09  1  0  0.01859  266.32  266.41 0.59454D+14  2.226    7.394    6.829    5.465   40.317   10.08   11.64   60.86
   61.18   73.73 0.65184D-09  1  0  0.01865  266.28  266.38 0.59394D+14  2.227    7.355    6.789    5.422   40.276   10.09   11.65   61.18
   61.50   74.12 0.64857D-09  1  0  0.01872  266.23  266.36 0.59334D+14  2.227    7.316    6.751    5.380   40.234   10.09   11.66   61.50
   61.82   74.51 0.64532D-09  1  0  0.01878  266.19  266.33 0.59275D+14  2.228    7.277    6.712    5.337   40.193   10.10   11.66   61.82
   62.15   74.90 0.64211D-09  1  0  0.01885  266.14  266.31 0.59217D+14  2.228    7.239    6.674    5.295   40.152   10.11   11.67   62.15
   62.47   75.29 0.63894D-09  1  0  0.01891  266.10  266.28 0.59159D+14  2.228    7.202    6.637    5.252   40.111   10.11   11.68   62.47
   62.79   75.67 0.63579D-09  1  0  0.01898  266.06  266.25 0.59102D+14  2.229    7.164    6.599    5.210   40.070   10.12   11.68   62.79
   63.11   76.06 0.63268D-09  1  0  0.01905  266.01  266.23 0.59045D+14  2.229    7.127    6.563    5.168   40.029   10.12   11.69   63.11
   63.43   76.45 0.62960D-09  1  0  0.01912  265.97  266.20 0.58989D+14  2.229    7.091    6.526    5.126   39.988   10.13   11.70   63.43
   63.76   76.84 0.62655D-09  1  0  0.01918  265.92  266.17 0.58933D+14  2.230    7.054    6.490    5.084   39.947   10.13   11.70   63.76
   64.08   77.23 0.62353D-09  1  0  0.01925  265.88  266.15 0.58878D+14  2.230    7.019    6.454    5.042   39.906   10.14   11.71   64.08
   64.40   77.61 0.62055D-09  1  0  0.01932  265.83  266.12 0.58824D+14  2.231    6.983    6.419    5.000   39.866   10.14   11.72   64.40
   64.72   78.00 0.61759D-09  1  0  0.01939  265.79  266.09 0.58770D+14  2.231    6.948    6.384    4.958   39.825   10.15   11.72   64.72
   65.04   78.39 0.61466D-09  1  0  0.01946  265.74  266.07 0.58716D+14  2.231    6.913    6.349    4.916   39.785   10.15   11.73   65.04
   65.37   78.78 0.61176D-09  1  0  0.01953  265.70  266.04 0.58664D+14  2.232    6.879    6.315    4.874   39.744   10.16   11.74   65.37
   65.69   79.17 0.60889D-09  1  0  0.01960  265.65  266.01 0.58611D+14  2.232    6.845    6.281    4.832   39.704   10.16   11.74   65.69
   66.01   79.56 0.60605D-09  1  0  0.01967  265.60  265.98 0.58560D+14  2.233    6.811    6.247    4.790   39.664   10.17   11.75   66.01
   66.33   79.94 0.60323D-09  1  0  0.01975  265.56  265.96 0.58508D+14  2.233    6.777    6.214    4.748   39.624   10.18   11.76   66.33
   66.65   80.33 0.60044D-09  1  0  0.01982  265.51  265.93 0.58458D+14  2.233    6.744    6.181    4.707   39.583   10.18   11.76   66.65
   66.98   80.72 0.59768D-09  1  0  0.01989  265.47  265.90 0.58408D+14  2.234    6.711    6.148    4.665   39.543   10.19   11.77   66.98
   67.30   81.11 0.59494D-09  1  0  0.01996  265.42  265.87 0.58358D+14  2.234    6.679    6.115    4.623   39.503   10.19   11.78   67.30
   67.62   81.50 0.59223D-09  1  0  0.02004  265.37  265.84 0.58309D+14  2.235    6.647    6.083    4.582   39.464   10.20   11.78   67.62
   67.94   81.88 0.58955D-09  1  0  0.02011  265.33  265.81 0.58261D+14  2.235    6.615    6.051    4.540   39.424   10.20   11.79   67.94
   68.26   82.27 0.58689D-09  1  0  0.02019  265.28  265.79 0.58213D+14  2.235    6.583    6.020    4.498   39.384   10.21   11.80   68.26
   68.59   82.66 0.58426D-09  1  0  0.02026  265.23  265.76 0.58165D+14  2.236    6.552    5.989    4.457   39.344   10.21   11.80   68.59
   68.91   83.05 0.58165D-09  1  0  0.02034  265.19  265.73 0.58119D+14  2.236    6.521    5.958    4.415   39.304   10.22   11.81   68.91
   69.23   83.44 0.57907D-09  1  0  0.02041  265.14  265.70 0.58072D+14  2.237    6.490    5.927    4.374   39.265   10.22   11.82   69.23
   69.55   83.82 0.57651D-09  1  0  0.02049  265.09  265.67 0.58027D+14  2.237    6.459    5.897    4.332   39.225   10.23   11.82   69.55
   69.87   84.21 0.57397D-09  1  0  0.02057  265.05  265.64 0.57982D+14  2.237    6.429    5.866    4.291   39.185   10.23   11.83   69.87
   70.20   84.60 0.57146D-09  1  0  0.02065  265.00  265.61 0.57937D+14  2.238    6.399    5.837    4.249   39.146   10.24   11.84   70.20
   70.52   84.99 0.56897D-09  1  0  0.02073  264.95  265.58 0.57893D+14  2.238    6.370    5.807    4.208   39.106   10.24   11.84   70.52
   70.84   85.38 0.56650D-09  1  0  0.02081  264.90  265.55 0.57849D+14  2.239    6.340    5.778    4.166   39.067   10.25   11.85   70.84
   71.16   85.76 0.56405D-09  1  0  0.02089  264.86  265.52 0.57807D+14  2.239    6.311    5.749    4.125   39.028   10.25   11.86   71.16
   71.48   86.15 0.56163D-09  1  0  0.02097  264.81  265.49 0.57764D+14  2.240    6.282    5.720    4.083   38.988   10.26   11.87   71.48
   71.81   86.54 0.55923D-09  1  0  0.02105  264.76  265.46 0.57722D+14  2.240    6.253    5.691    4.042   38.949   10.26   11.87   71.81
   72.13   86.93 0.55685D-09  1  0  0.02113  264.71  265.43 0.57681D+14  2.240    6.225    5.663    4.000   38.910   10.27   11.88   72.13
   72.45   87.32 0.55449D-09  1  0  0.02121  264.66  265.40 0.57640D+14  2.241    6.197    5.635    3.959   38.870   10.27   11.89   72.45
   72.77   87.70 0.55215D-09  1  0  0.02129  264.62  265.37 0.57600D+14  2.241    6.169    5.607    3.918   38.831   10.28   11.89   72.77
   73.09   88.09 0.54984D-09  1  0  0.02138  264.57  265.34 0.57561D+14  2.242    6.141    5.580    3.876   38.792   10.28   11.90   73.09
   73.42   88.48 0.54754D-09  1  0  0.02146  264.52  265.31 0.57522D+14  2.242    6.114    5.552    3.835   38.753   10.29   11.91   73.42
   73.74   88.87 0.54526D-09  1  0  0.02155  264.47  265.28 0.57483D+14  2.243    6.087    5.525    3.793   38.713   10.29   11.92   73.74
   74.06   89.26 0.54301D-09  1  0  0.02163  264.42  265.25 0.57445D+14  2.243    6.060    5.498    3.751   38.674   10.30   11.92   74.06
   74.38   89.65 0.54077D-09  1  0  0.02172  264.37  265.22 0.57408D+14  2.243    6.033    5.472    3.710   38.635   10.30   11.93   74.38
   74.70   90.03 0.53855D-09  1  0  0.02180  264.32  265.19 0.57371D+14  2.244    6.007    5.445    3.668   38.596   10.31   11.94   74.70
   75.03   90.42 0.53635D-09  1  0  0.02189  264.27  265.16 0.57335D+14  2.244    5.980    5.419    3.627   38.557   10.32   11.95   75.03
   75.35   90.81 0.53417D-09  1  0  0.02198  264.22  265.13 0.57300D+14  2.245    5.954    5.393    3.585   38.518   10.32   11.95   75.35
   75.67   91.20 0.53201D-09  1  0  0.02207  264.17  265.09 0.57265D+14  2.245    5.928    5.367    3.543   38.478   10.33   11.96   75.67
   75.99   91.59 0.52987D-09  1  0  0.02216  264.12  265.06 0.57230D+14  2.246    5.903    5.342    3.502   38.439   10.33   11.97   75.99
   76.31   91.97 0.52774D-09  1  0  0.02225  264.07  265.03 0.57197D+14  2.246    5.877    5.317    3.460   38.400   10.34   11.98   76.31
   76.64   92.36 0.52563D-09  1  0  0.02234  264.02  265.00 0.57163D+14  2.246    5.852    5.292    3.418   38.361   10.34   11.98   76.64
   76.96   92.75 0.52354D-09  1  0  0.02243  263.97  264.97 0.57131D+14  2.247    5.827    5.267    3.376   38.322   10.35   11.99   76.96
   77.28   93.14 0.52147D-09  1  0  0.02252  263.92  264.93 0.57099D+14  2.247    5.802    5.242    3.335   38.283   10.35   12.00   77.28
   77.60   93.53 0.51942D-09  1  0  0.02261  263.87  264.90 0.57067D+14  2.248    5.778    5.217    3.293   38.244   10.36   12.01   77.60
   77.92   93.91 0.51738D-09  1  0  0.02271  263.82  264.87 0.57036D+14  2.248    5.753    5.193    3.251   38.205   10.36   12.01   77.92
   78.25   94.30 0.51536D-09  1  0  0.02280  263.77  264.84 0.57006D+14  2.249    5.729    5.169    3.209   38.165   10.37   12.02   78.25
   78.57   94.69 0.51335D-09  1  0  0.02290  263.72  264.80 0.56977D+14  2.249    5.705    5.145    3.167   38.126   10.37   12.03   78.57
   78.89   95.08 0.51137D-09  1  0  0.02299  263.67  264.77 0.56948D+14  2.250    5.681    5.121    3.125   38.087   10.38   12.04   78.89
   79.21   95.47 0.50939D-09  1  0  0.02309  263.61  264.74 0.56919D+14  2.250    5.657    5.098    3.083   38.048   10.38   12.04   79.21
   79.53   95.85 0.50744D-09  1  0  0.02319  263.56  264.70 0.56891D+14  2.250    5.634    5.074    3.040   38.009   10.39   12.05   79.53
   79.86   96.24 0.50550D-09  1  0  0.02328  263.51  264.67 0.56864D+14  2.251    5.611    5.051    2.998   37.969   10.39   12.06   79.86
   80.18   96.63 0.50357D-09  1  0  0.02338  263.46  264.64 0.56838D+14  2.251    5.588    5.028    2.956   37.930   10.40   12.07   80.18
   80.50   97.02 0.50166D-09  1  0  0.02348  263.41  264.60 0.56812D+14  2.252    5.565    5.006    2.914   37.891   10.40   12.08   80.50
   80.82   97.41 0.49977D-09  1  0  0.02358  263.35  264.57 0.56786D+14  2.252    5.542    4.983    2.871   37.852   10.41   12.08   80.82
   81.14   97.79 0.49789D-09  1  0  0.02368  263.30  264.53 0.56762D+14  2.253    5.519    4.960    2.829   37.812   10.41   12.09   81.14
   81.47   98.18 0.49603D-09  1  0  0.02379  263.25  264.50 0.56738D+14  2.253    5.497    4.938    2.786   37.773   10.42   12.10   81.47
   81.79   98.57 0.49418D-09  1  0  0.02389  263.19  264.47 0.56715D+14  2.254    5.475    4.916    2.743   37.734   10.42   12.11   81.79
   82.11   98.96 0.49234D-09  1  0  0.02399  263.14  264.43 0.56692D+14  2.254    5.453    4.894    2.701   37.694   10.43   12.12   82.11
   82.43   99.35 0.49052D-09  1  0  0.02410  263.09  264.40 0.56670D+14  2.255    5.431    4.872    2.658   37.655   10.43   12.12   82.43
   82.75   99.74 0.48872D-09  1  0  0.02420  263.03  264.36 0.56648D+14  2.255    5.409    4.851    2.615   37.615   10.44   12.13   82.75
   83.08  100.12 0.48693D-09  1  0  0.02431  262.98  264.33 0.56628D+14  2.256    5.387    4.829    2.572   37.576   10.44   12.14   83.08
   83.40  100.51 0.48515D-09  1  0  0.02442  262.93  264.29 0.56608D+14  2.256    5.366    4.808    2.529   37.536   10.45   12.15   83.40
   83.72  100.90 0.48338D-09  1  0  0.02453  262.87  264.26 0.56588D+14  2.257    5.345    4.787    2.486   37.497   10.45   12.16   83.72
   84.04  101.29 0.48163D-09  1  0  0.02464  262.82  264.22 0.56570D+14  2.257    5.324    4.766    2.443   37.457   10.46   12.17   84.04
   84.36  101.68 0.47989D-09  1  0  0.02475  262.76  264.19 0.56552D+14  2.257    5.303    4.745    2.399   37.417   10.47   12.17   84.36
   84.69  102.06 0.47817D-09  1  0  0.02486  262.71  264.15 0.56535D+14  2.258    5.282    4.724    2.356   37.377   10.47   12.18   84.69
   85.01  102.45 0.47646D-09  1  0  0.02497  262.65  264.11 0.56518D+14  2.258    5.261    4.704    2.312   37.338   10.48   12.19   85.01
   85.33  102.84 0.47476D-09  1  0  0.02508  262.60  264.08 0.56502D+14  2.259    5.241    4.683    2.269   37.298   10.48   12.20   85.33
   85.65  103.23 0.47308D-09  1  0  0.02519  262.54  264.04 0.56487D+14  2.259    5.220    4.663    2.225   37.258   10.49   12.21   85.65
   85.97  103.62 0.47140D-09  1  0  0.02531  262.49  264.00 0.56473D+14  2.260    5.200    4.643    2.181   37.218   10.49   12.22   85.97
   86.30  104.00 0.46974D-09  1  0  0.02543  262.43  263.97 0.56459D+14  2.260    5.180    4.623    2.137   37.178   10.50   12.23   86.30
   86.62  104.39 0.46809D-09  1  0  0.02554  262.37  263.93 0.56446D+14  2.261    5.160    4.603    2.093   37.138   10.50   12.24   86.62
   86.94  104.78 0.46646D-09  1  0  0.02566  262.32  263.89 0.56434D+14  2.261    5.141    4.584    2.049   37.097   10.51   12.24   86.94
   87.26  105.17 0.46483D-09  1  0  0.02578  262.26  263.86 0.56422D+14  2.262    5.121    4.564    2.005   37.057   10.51   12.25   87.26
   87.58  105.56 0.46322D-09  1  0  0.02590  262.20  263.82 0.56412D+14  2.262    5.101    4.545    1.960   37.017   10.52   12.26   87.58
   87.91  105.94 0.46162D-09  1  0  0.02602  262.15  263.78 0.56402D+14  2.263    5.082    4.526    1.916   36.976   10.52   12.27   87.91
   88.23  106.33 0.46004D-09  1  0  0.02614  262.09  263.74 0.56393D+14  2.263    5.063    4.507    1.871   36.936   10.53   12.28   88.23
   88.55  106.72 0.45846D-09  1  0  0.02627  262.03  263.71 0.56384D+14  2.264    5.044    4.488    1.826   36.895   10.54   12.29   88.55
   88.87  107.11 0.45689D-09  1  0  0.02639  261.97  263.67 0.56377D+14  2.264    5.025    4.469    1.781   36.855   10.54   12.30   88.87
   89.19  107.50 0.45534D-09  1  0  0.02652  261.92  263.63 0.56370D+14  2.265    5.006    4.450    1.736   36.814   10.55   12.31   89.19
   89.52  107.88 0.45380D-09  1  0  0.02664  261.86  263.59 0.56364D+14  2.265    4.987    4.432    1.691   36.773   10.55   12.32   89.52
   89.84  108.27 0.45227D-09  1  0  0.02677  261.80  263.55 0.56359D+14  2.266    4.969    4.413    1.646   36.732   10.56   12.33   89.84
   90.16  108.66 0.45075D-09  1  0  0.02690  261.74  263.51 0.56355D+14  2.266    4.950    4.395    1.600   36.691   10.56   12.34   90.16
   90.48  109.05 0.44924D-09  1  0  0.02703  261.68  263.47 0.56351D+14  2.267    4.932    4.377    1.555   36.650   10.57   12.34   90.48
   90.80  109.44 0.44774D-09  1  0  0.02716  261.62  263.43 0.56349D+14  2.268    4.914    4.359    1.509   36.609   10.58   12.35   90.80
   91.13  109.83 0.44625D-09  1  0  0.02729  261.56  263.40 0.56347D+14  2.268    4.895    4.341    1.463   36.567   10.58   12.36   91.13
   91.45  110.21 0.44477D-09  1  0  0.02743  261.50  263.36 0.56346D+14  2.269    4.877    4.323    1.417   36.526   10.59   12.37   91.45
   91.77  110.60 0.44330D-09  1  0  0.02756  261.44  263.32 0.56346D+14  2.269    4.860    4.305    1.370   36.484   10.59   12.38   91.77
   92.09  110.99 0.44185D-09  1  0  0.02770  261.38  263.28 0.56347D+14  2.270    4.842    4.287    1.324   36.443   10.60   12.39   92.09
   92.41  111.38 0.44040D-09  1  0  0.02784  261.32  263.24 0.56349D+14  2.270    4.824    4.270    1.277   36.401   10.60   12.40   92.41
   92.74  111.77 0.43896D-09  1  0  0.02798  261.26  263.19 0.56351D+14  2.271    4.807    4.253    1.231   36.359   10.61   12.41   92.74
   93.06  112.15 0.43754D-09  1  0  0.02812  261.20  263.15 0.56355D+14  2.271    4.789    4.235    1.184   36.317   10.62   12.42   93.06
   93.38  112.54 0.43612D-09  1  0  0.02826  261.14  263.11 0.56360D+14  2.272    4.772    4.218    1.136   36.275   10.62   12.43   93.38
   93.70  112.93 0.43471D-09  1  0  0.02840  261.07  263.07 0.56365D+14  2.272    4.755    4.201    1.089   36.232   10.63   12.44   93.70
   94.02  113.32 0.43331D-09  1  0  0.02855  261.01  263.03 0.56372D+14  2.273    4.738    4.184    1.041   36.190   10.63   12.45   94.02
   94.35  113.71 0.43193D-09  1  0  0.02869  260.95  262.99 0.56379D+14  2.273    4.721    4.167    0.994   36.147   10.64   12.46   94.35
   94.67  114.09 0.43055D-09  1  0  0.02884  260.89  262.95 0.56388D+14  2.274    4.704    4.151    0.946   36.105   10.65   12.47   94.67
   94.99  114.48 0.42918D-09  1  0  0.02899  260.82  262.91 0.56397D+14  2.275    4.687    4.134    0.898   36.062   10.65   12.48   94.99
   95.31  114.87 0.42782D-09  1  0  0.02914  260.76  262.86 0.56408D+14  2.275    4.671    4.118    0.849   36.019   10.66   12.49   95.31
   95.63  115.26 0.42647D-09  1  0  0.02929  260.70  262.82 0.56419D+14  2.276    4.654    4.101    0.801   35.976   10.66   12.50   95.63
   95.96  115.65 0.42513D-09  1  0  0.02944  260.63  262.78 0.56432D+14  2.276    4.638    4.085    0.752   35.933   10.67   12.52   95.96
   96.28  116.03 0.42379D-09  1  0  0.02960  260.57  262.74 0.56445D+14  2.277    4.621    4.069    0.703   35.889   10.68   12.53   96.28
   96.60  116.42 0.42247D-09  1  0  0.02975  260.50  262.69 0.56460D+14  2.277    4.605    4.053    0.654   35.846   10.68   12.54   96.60
   96.92  116.81 0.42115D-09  1  0  0.02991  260.44  262.65 0.56476D+14  2.278    4.589    4.037    0.605   35.802   10.69   12.55   96.92
   97.24  117.20 0.41985D-09  1  0  0.03007  260.37  262.61 0.56493D+14  2.279    4.573    4.021    0.555   35.758   10.70   12.56   97.24
   97.57  117.59 0.41855D-09  1  0  0.03023  260.31  262.56 0.56511D+14  2.279    4.557    4.005    0.505   35.714   10.70   12.57   97.57
   97.89  117.97 0.41726D-09  1  0  0.03040  260.24  262.52 0.56530D+14  2.280    4.541    3.989    0.455   35.670   10.71   12.58   97.89
   98.21  118.36 0.41598D-09  1  0  0.03056  260.18  262.47 0.56551D+14  2.280    4.525    3.974    0.405   35.625   10.72   12.59   98.21
   98.53  118.75 0.41471D-09  1  0  0.03073  260.11  262.43 0.56572D+14  2.281    4.510    3.958    0.354   35.581   10.72   12.60   98.53
   98.85  119.14 0.41345D-09  1  0  0.03090  260.04  262.38 0.56595D+14  2.282    4.494    3.943    0.303   35.536   10.73   12.62   98.85
   99.18  119.53 0.41219D-09  1  0  0.03106  259.97  262.34 0.56619D+14  2.282    4.478    3.927    0.252   35.491   10.74   12.63   99.18
   99.50  119.91 0.41094D-09  1  0  0.03124  259.91  262.29 0.56644D+14  2.283    4.463    3.912    0.201   35.446   10.74   12.64   99.50
   99.82  120.30 0.40970D-09  1  0  0.03141  259.84  262.25 0.56671D+14  2.283    4.448    3.897    0.149   35.401   10.75   12.65   99.82
  100.14  120.69 0.40847D-09  1  0  0.03159  259.77  262.20 0.56699D+14  2.284    4.432    3.882    0.097   35.355   10.76   12.66  100.14
  100.46  121.08 0.40725D-09  1  0  0.03176  259.70  262.16 0.56728D+14  2.285    4.417    3.867    0.045   35.309   10.76   12.67  100.46
  100.79  121.47 0.40603D-09  1  0  0.03194  259.63  262.88 0.52340D+14  2.285    4.402    3.852    0.000   35.270   10.45   12.74  100.79
  101.11  121.86 0.40483D-09  1  0  0.03212  259.56  262.86 0.52261D+14  2.286    4.387    3.837    0.000   35.270   10.44   12.73  101.11
  101.43  122.24 0.40363D-09  1  0  0.03231  259.49  262.83 0.52182D+14  2.286    4.372    3.823    0.000   35.270   10.44   12.73  101.43
  101.75  122.63 0.40243D-09  1  0  0.03249  259.42  262.80 0.52105D+14  2.287    4.358    3.808    0.000   35.270   10.44   12.72  101.75
  102.07  123.02 0.40125D-09  1  0  0.03268  259.35  262.77 0.52029D+14  2.288    4.343    3.794    0.000   35.270   10.44   12.72  102.07
  102.40  123.41 0.40007D-09  1  0  0.03287  259.28  262.75 0.51954D+14  2.288    4.328    3.779    0.000   35.270   10.44   12.71  102.40
  102.72  123.80 0.39890D-09  1  0  0.03306  259.21  262.72 0.51880D+14  2.289    4.314    3.765    0.000   35.270   10.44   12.71  102.72
  103.04  124.18 0.39774D-09  1  0  0.03325  259.13  262.69 0.51807D+14  2.290    4.299    3.750    0.000   35.270   10.44   12.70  103.04
  103.36  124.57 0.39658D-09  1  0  0.03345  259.06  262.66 0.51736D+14  2.290    4.285    3.736    0.000   35.270   10.44   12.70  103.36
  103.68  124.96 0.39543D-09  1  0  0.03365  258.99  262.63 0.51665D+14  2.291    4.270    3.722    0.000   35.270   10.43   12.69  103.68
  104.01  125.35 0.39429D-09  1  0  0.03385  258.92  262.60 0.51596D+14  2.292    4.256    3.708    0.000   35.270   10.43   12.69  104.01
  104.33  125.74 0.39316D-09  1  0  0.03405  258.84  262.57 0.51528D+14  2.292    4.242    3.694    0.000   35.270   10.43   12.68  104.33
  104.65  126.12 0.39203D-09  1  0  0.03425  258.77  262.54 0.51460D+14  2.293    4.228    3.680    0.000   35.270   10.43   12.68  104.65
  104.97  126.51 0.39091D-09  1  0  0.03446  258.69  262.51 0.51395D+14  2.294    4.214    3.666    0.000   35.270   10.43   12.67  104.97
  105.29  126.90 0.38980D-09  1  0  0.03467  258.62  262.48 0.51330D+14  2.294    4.200    3.652    0.000   35.270   10.43   12.67  105.29
  105.62  127.29 0.38869D-09  1  0  0.03488  258.54  262.45 0.51266D+14  2.295    4.186    3.639    0.000   35.270   10.43   12.66  105.62
  105.94  127.68 0.38759D-09  1  0  0.03510  258.46  262.42 0.51204D+14  2.296    4.172    3.625    0.000   35.270   10.43   12.66  105.94
  106.26  128.06 0.38650D-09  1  0  0.03531  258.39  262.39 0.51143D+14  2.296    4.159    3.612    0.000   35.270   10.43   12.65  106.26
  106.58  128.45 0.38541D-09  1  0  0.03553  258.31  262.36 0.51083D+14  2.297    4.145    3.598    0.000   35.270   10.43   12.65  106.58
  106.90  128.84 0.38433D-09  1  0  0.03576  258.23  262.33 0.51024D+14  2.298    4.131    3.585    0.000   35.270   10.43   12.64  106.90
  107.23  129.23 0.38326D-09  1  0  0.03598  258.15  262.30 0.50967D+14  2.298    4.118    3.571    0.000   35.270   10.42   12.64  107.23
  107.55  129.62 0.38219D-09  1  0  0.03621  258.07  262.26 0.50911D+14  2.299    4.104    3.558    0.000   35.270   10.42   12.63  107.55
  107.87  130.00 0.38113D-09  1  0  0.03644  257.99  262.23 0.50856D+14  2.300    4.091    3.545    0.000   35.270   10.42   12.63  107.87
  108.19  130.39 0.38008D-09  1  0  0.03667  257.91  262.20 0.50803D+14  2.301    4.077    3.532    0.000   35.270   10.42   12.62  108.19
  108.51  130.78 0.37903D-09  1  0  0.03691  257.83  262.17 0.50751D+14  2.301    4.064    3.519    0.000   35.270   10.42   12.62  108.51
  108.84  131.17 0.37799D-09  1  0  0.03715  257.75  262.13 0.50700D+14  2.302    4.051    3.506    0.000   35.270   10.42   12.61  108.84
  109.16  131.56 0.37695D-09  1  0  0.03739  257.67  262.10 0.50651D+14  2.303    4.038    3.493    0.000   35.270   10.42   12.61  109.16
  109.48  131.95 0.37592D-09  1  0  0.03764  257.58  262.06 0.50603D+14  2.303    4.025    3.480    0.000   35.270   10.42   12.60  109.48
  109.80  132.33 0.37490D-09  1  0  0.03789  257.50  262.03 0.50556D+14  2.304    4.012    3.467    0.000   35.270   10.42   12.60  109.80
  110.12  132.72 0.37388D-09  1  0  0.03814  257.42  262.00 0.50511D+14  2.305    3.999    3.454    0.000   35.270   10.42   12.59  110.12
  110.45  133.11 0.37287D-09  1  0  0.03839  257.33  261.96 0.50468D+14  2.306    3.986    3.442    0.000   35.270   10.42   12.59  110.45
  110.77  133.50 0.37187D-09  1  0  0.03865  257.25  261.93 0.50426D+14  2.306    3.973    3.429    0.000   35.270   10.42   12.58  110.77
  111.09  133.89 0.37087D-09  1  0  0.03891  257.16  261.89 0.50385D+14  2.307    3.960    3.416    0.000   35.270   10.42   12.58  111.09
  111.41  134.27 0.36987D-09  1  0  0.03918  257.07  261.85 0.50346D+14  2.308    3.947    3.404    0.000   35.270   10.42   12.57  111.41
  111.73  134.66 0.36889D-09  1  0  0.03945  256.99  261.82 0.50309D+14  2.309    3.935    3.391    0.000   35.270   10.42   12.57  111.73
  112.06  135.05 0.36790D-09  1  0  0.03972  256.90  261.78 0.50273D+14  2.310    3.922    3.379    0.000   35.270   10.42   12.56  112.06
  112.38  135.44 0.36693D-09  1  0  0.04000  256.81  261.74 0.50238D+14  2.310    3.909    3.367    0.000   35.270   10.42   12.56  112.38
  112.70  135.83 0.36596D-09  1  0  0.04028  256.72  261.71 0.50206D+14  2.311    3.897    3.354    0.000   35.270   10.42   12.55  112.70
  113.02  136.21 0.36499D-09  1  0  0.04056  256.63  261.67 0.50175D+14  2.312    3.884    3.342    0.000   35.270   10.42   12.55  113.02
  113.34  136.60 0.36403D-09  1  0  0.04085  256.54  261.63 0.50145D+14  2.313    3.872    3.330    0.000   35.270   10.42   12.54  113.34
  113.67  136.99 0.36308D-09  1  0  0.04114  256.44  261.59 0.50118D+14  2.314    3.860    3.318    0.000   35.270   10.42   12.54  113.67
  113.99  137.38 0.36213D-09  1  0  0.04143  256.35  261.55 0.50092D+14  2.315    3.847    3.306    0.000   35.270   10.42   12.53  113.99
  114.31  137.77 0.36118D-09  1  0  0.04173  256.26  261.51 0.50068D+14  2.315    3.835    3.294    0.000   35.270   10.42   12.53  114.31
  114.63  138.15 0.36024D-09  1  0  0.04204  256.16  261.47 0.50046D+14  2.316    3.823    3.282    0.000   35.270   10.43   12.52  114.63
  114.95  138.54 0.35931D-09  1  0  0.04235  256.07  261.43 0.50025D+14  2.317    3.810    3.270    0.000   35.270   10.43   12.52  114.95
  115.28  138.93 0.35838D-09  1  0  0.04266  255.97  261.39 0.50007D+14  2.318    3.798    3.258    0.000   35.270   10.43   12.51  115.28
  115.60  139.32 0.35746D-09  1  0  0.04298  255.87  261.35 0.49990D+14  2.319    3.786    3.246    0.000   35.270   10.43   12.51  115.60
  115.92  139.71 0.35654D-09  1  0  0.04330  255.77  261.31 0.49975D+14  2.320    3.774    3.234    0.000   35.270   10.43   12.50  115.92
  116.24  140.09 0.35563D-09  1  0  0.04362  255.68  261.27 0.49963D+14  2.321    3.762    3.223    0.000   35.270   10.43   12.50  116.24
  116.56  140.48 0.35472D-09  1  0  0.04396  255.58  261.23 0.49952D+14  2.321    3.750    3.211    0.000   35.270   10.43   12.49  116.56
  116.89  140.87 0.35382D-09  1  0  0.04429  255.47  261.18 0.49944D+14  2.322    3.738    3.199    0.000   35.270   10.43   12.48  116.89
  117.21  141.26 0.35292D-09  1  0  0.04463  255.37  261.14 0.49938D+14  2.323    3.726    3.188    0.000   35.270   10.43   12.48  117.21
  117.53  141.65 0.35203D-09  1  0  0.04498  255.27  261.10 0.49934D+14  2.324    3.715    3.176    0.000   35.270   10.44   12.47  117.53
  117.85  142.04 0.35114D-09  1  0  0.04533  255.16  261.05 0.49932D+14  2.325    3.703    3.165    0.000   35.270   10.44   12.47  117.85
  118.17  142.42 0.35026D-09  1  0  0.04569  255.06  261.01 0.49932D+14  2.326    3.691    3.153    0.000   35.270   10.44   12.46  118.17
  118.50  142.81 0.34938D-09  1  0  0.04605  254.95  260.96 0.49935D+14  2.327    3.679    3.142    0.000   35.270   10.44   12.46  118.50
  118.82  143.20 0.34851D-09  1  0  0.04642  254.84  260.92 0.49940D+14  2.328    3.667    3.130    0.000   35.270   10.44   12.45  118.82
  119.14  143.59 0.34764D-09  1  0  0.04679  254.74  260.87 0.49948D+14  2.329    3.656    3.119    0.000   35.270   10.45   12.45  119.14
  119.46  143.98 0.34678D-09  1  0  0.04717  254.63  260.82 0.49958D+14  2.330    3.644    3.108    0.000   35.270   10.45   12.44  119.46
  119.78  144.36 0.34592D-09  1  0  0.04756  254.51  260.78 0.49970D+14  2.331    3.633    3.096    0.000   35.270   10.45   12.44  119.78
  120.11  144.75 0.34506D-09  1  0  0.04795  254.40  260.73 0.49986D+14  2.332    3.621    3.085    0.000   35.270   10.45   12.43  120.11
  120.43  145.14 0.34421D-09  1  0  0.04835  254.29  260.68 0.50004D+14  2.333    3.609    3.074    0.000   35.270   10.45   12.42  120.43
  120.75  145.53 0.34337D-09  1  0  0.04875  254.17  260.63 0.50024D+14  2.334    3.598    3.063    0.000   35.270   10.46   12.42  120.75
  121.07  145.92 0.34253D-09  1  0  0.04917  254.06  260.58 0.50048D+14  2.335    3.586    3.052    0.000   35.270   10.46   12.41  121.07
  121.39  146.30 0.34169D-09  1  0  0.04958  253.94  260.53 0.50074D+14  2.336    3.575    3.041    0.000   35.270   10.46   12.41  121.39
  121.72  146.69 0.34086D-09  1  0  0.05001  253.82  260.48 0.50104D+14  2.337    3.564    3.030    0.000   35.270   10.47   12.40  121.72
  122.04  147.08 0.34003D-09  1  0  0.05044  253.70  260.43 0.50136D+14  2.339    3.552    3.019    0.000   35.270   10.47   12.40  122.04
  122.36  147.47 0.33921D-09  1  0  0.05088  253.58  260.38 0.50172D+14  2.340    3.541    3.007    0.000   35.270   10.47   12.39  122.36
  122.68  147.86 0.33839D-09  1  0  0.05133  253.45  260.32 0.50211D+14  2.341    3.529    2.997    0.000   35.270   10.48   12.38  122.68
  123.00  148.24 0.33758D-09  1  0  0.05179  253.33  260.27 0.50253D+14  2.342    3.518    2.986    0.000   35.270   10.48   12.38  123.00
  123.33  148.63 0.33677D-09  1  0  0.05225  253.20  260.21 0.50299D+14  2.343    3.507    2.975    0.000   35.270   10.48   12.37  123.33
  123.65  149.02 0.33596D-09  1  0  0.05272  253.07  260.16 0.50348D+14  2.344    3.496    2.964    0.000   35.270   10.49   12.37  123.65
  123.97  149.41 0.33516D-09  1  0  0.05320  252.94  260.10 0.50401D+14  2.345    3.484    2.953    0.000   35.270   10.49   12.36  123.97
  124.29  149.80 0.33436D-09  1  0  0.05369  252.81  260.05 0.50457D+14  2.347    3.473    2.942    0.000   35.270   10.49   12.35  124.29
  124.61  150.18 0.33357D-09  1  0  0.05418  252.67  259.99 0.50518D+14  2.348    3.462    2.931    0.000   35.270   10.50   12.35  124.61
  124.94  150.57 0.33278D-09  1  0  0.05469  252.54  259.93 0.50582D+14  2.349    3.451    2.920    0.000   35.270   10.50   12.34  124.94
  125.26  150.96 0.33199D-09  1  0  0.05521  252.40  259.87 0.50650D+14  2.350    3.439    2.910    0.000   35.270   10.51   12.33  125.26
  125.58  151.35 0.33121D-09  1  0  0.05573  252.26  259.81 0.50723D+14  2.352    3.428    2.899    0.000   35.270   10.51   12.33  125.58
  125.90  151.74 0.33043D-09  1  0  0.05627  252.12  259.75 0.50800D+14  2.353    3.417    2.888    0.000   35.270   10.52   12.32  125.90
  126.22  152.13 0.32966D-09  1  0  0.05681  251.97  259.69 0.50881D+14  2.354    3.406    2.877    0.000   35.270   10.52   12.32  126.22
  126.55  152.51 0.32889D-09  1  0  0.05737  251.83  259.63 0.50967D+14  2.356    3.395    2.867    0.000   35.270   10.53   12.31  126.55
  126.87  152.90 0.32813D-09  1  0  0.05793  251.68  259.57 0.51058D+14  2.357    3.383    2.856    0.000   35.270   10.53   12.30  126.87
  127.19  -65.43 0.32737D-09  1  0  0.05851  251.53  259.51 0.51138D+14  2.358    3.372    2.845   -0.072   35.210   10.81   12.32 -235.78
  127.51   66.78 0.32661D-09  1  0  0.05910  251.38  259.44 0.51238D+14  2.360    3.361    2.834   -0.160   35.135   10.82   12.35  -16.70
  127.83   99.77 0.32585D-09  1  0  0.05970  251.22  259.38 0.51344D+14  2.361    3.350    2.824   -0.250   35.059   10.83   12.37   37.73
  128.16  114.93 0.32510D-09  1  0  0.06031  251.06  259.31 0.51455D+14  2.363    3.339    2.813   -0.342   34.982   10.84   12.39   62.57
  128.48  123.75 0.32436D-09  1  0  0.06093  250.90  259.24 0.51572D+14  2.364    3.328    2.802   -0.435   34.903   10.85   12.41   76.88
  128.80  129.59 0.32362D-09  1  0  0.06157  250.74  259.17 0.51695D+14  2.366    3.316    2.792   -0.531   34.823   10.86   12.44   86.24
  129.12  133.79 0.32288D-09  1  0  0.06222  250.57  259.10 0.51824D+14  2.367    3.305    2.781   -0.628   34.742   10.87   12.46   92.89
  129.44  136.99 0.32214D-09  1  0  0.06289  250.40  259.03 0.51959D+14  2.369    3.294    2.770   -0.727   34.659   10.88   12.49   97.89
  129.77  139.55 0.32141D-09  1  0  0.06356  250.23  258.96 0.52100D+14  2.370    3.283    2.760   -0.828   34.574   10.90   12.51  101.81
  130.09  141.65 0.32068D-09  1  0  0.06426  250.05  258.89 0.52249D+14  2.372    3.272    2.749   -0.931   34.488   10.91   12.54  104.98
  130.41  143.44 0.31996D-09  1  0  0.06496  249.88  258.81 0.52404D+14  2.374    3.260    2.738   -1.036   34.400   10.92   12.57  107.62
  130.73  144.98 0.31924D-09  1  0  0.06569  249.69  258.74 0.52566D+14  2.375    3.249    2.728   -1.143   34.311   10.93   12.60  109.86
  131.05  146.34 0.31852D-09  1  0  0.06643  249.51  258.66 0.52737D+14  2.377    3.238    2.717   -1.252   34.220   10.95   12.63  111.80
  131.38  147.56 0.31781D-09  1  0  0.06718  249.32  258.58 0.52915D+14  2.379    3.227    2.706   -1.363   34.127   10.96   12.66  113.50
  131.70  148.66 0.31710D-09  1  0  0.06795  249.13  258.50 0.53101D+14  2.381    3.215    2.696   -1.477   34.032   10.97   12.69  115.01
  132.02  149.68 0.31639D-09  1  0  0.06874  248.93  258.42 0.53296D+14  2.382    3.204    2.685   -1.593   33.935   10.99   12.72  116.37
  132.34  150.62 0.31569D-09  1  0  0.06955  248.73  258.34 0.53500D+14  2.384    3.193    2.674   -1.712   33.836   11.00   12.75  117.60
  132.66  151.49 0.31499D-09  1  0  0.07038  248.53  258.25 0.53713D+14  2.386    3.181    2.664   -1.833   33.735   11.02   12.78  118.73
  132.99  152.32 0.31430D-09  1  0  0.07123  248.32  258.17 0.53935D+14  2.388    3.170    2.653   -1.957   33.633   11.03   12.82  119.78
  133.31  153.09 0.31360D-09  1  0  0.07209  248.11  258.08 0.54168D+14  2.390    3.158    2.642   -2.083   33.528   11.05   12.85  120.75
  133.63  153.84 0.31291D-09  1  0  0.07298  247.89  257.99 0.54411D+14  2.392    3.147    2.631   -2.212   33.420   11.07   12.89  121.66
  133.95  154.54 0.31223D-09  1  0  0.07389  247.67  257.90 0.54666D+14  2.394    3.135    2.620   -2.344   33.311   11.08   12.93  122.51
  134.27  155.22 0.31154D-09  1  0  0.07482  247.44  257.81 0.54932D+14  2.396    3.124    2.609   -2.479   33.199   11.10   12.96  123.32
  134.60  155.88 0.31087D-09  1  0  0.07578  247.21  257.71 0.55210D+14  2.399    3.112    2.598   -2.617   33.085   11.12   13.00  124.08
  134.92  156.51 0.31019D-09  1  0  0.07676  246.97  257.62 0.55501D+14  2.401    3.100    2.587   -2.759   32.968   11.14   13.05  124.81
  135.24  157.12 0.30952D-09  1  0  0.07776  246.72  257.52 0.55805D+14  2.403    3.088    2.576   -2.903   32.848   11.16   13.09  125.50
  135.56  157.72 0.30885D-09  1  0  0.07879  246.47  257.42 0.56122D+14  2.406    3.076    2.565   -3.051   32.726   11.18   13.13  126.17
  135.88  158.30 0.30818D-09  1  0  0.07985  246.22  257.32 0.56455D+14  2.408    3.064    2.554   -3.202   32.601   11.20   13.18  126.81
  136.21  158.87 0.30752D-09  1  0  0.08094  245.96  257.21 0.56803D+14  2.410    3.052    2.543   -3.357   32.474   11.22   13.22  127.43
  136.53  159.42 0.30686D-09  1  0  0.08205  245.69  257.11 0.57167D+14  2.413    3.040    2.532   -3.515   32.343   11.24   13.27  128.03
  136.85  159.97 0.30620D-09  1  0  0.08320  245.41  257.00 0.57547D+14  2.416    3.028    2.520   -3.678   32.209   11.26   13.32  128.61
  137.17  160.50 0.30555D-09  1  0  0.08438  245.13  256.89 0.57946D+14  2.418    3.016    2.509   -3.844   32.072   11.29   13.37  129.17
  137.49  161.02 0.30489D-09  1  0  0.08559  244.84  256.77 0.58364D+14  2.421    3.003    2.498   -4.014   31.932   11.31   13.43  129.72
  137.82  161.54 0.30425D-09  1  0  0.08684  244.54  256.66 0.58801D+14  2.424    2.991    2.486   -4.189   31.788   11.34   13.48  130.25
  138.14  162.05 0.30360D-09  1  0  0.08812  244.23  256.54 0.59260D+14  2.427    2.978    2.474   -4.368   31.641   11.36   13.54  130.77
  138.46  162.55 0.30296D-09  1  0  0.08944  243.91  256.42 0.59740D+14  2.430    2.965    2.463   -4.552   31.490   11.39   13.60  131.28
  138.78  163.04 0.30232D-09  1  0  0.09080  243.59  256.29 0.60244D+14  2.433    2.953    2.451   -4.740   31.336   11.42   13.66  131.78
  139.10  163.53 0.30169D-09  1  0  0.09220  243.25  256.16 0.60772D+14  2.436    2.939    2.439   -4.933   31.177   11.45   13.72  132.27
  139.43  164.01 0.30105D-09  1  0  0.09365  242.91  256.03 0.61327D+14  2.440    2.926    2.427   -5.132   31.014   11.48   13.79  132.74
  139.75  164.49 0.30042D-09  1  0  0.09514  242.55  255.90 0.61910D+14  2.443    2.913    2.415   -5.335   30.848   11.51   13.86  133.21
  140.07  164.96 0.29980D-09  1  0  0.09667  242.18  255.76 0.62522D+14  2.447    2.899    2.402   -5.544   30.676   11.54   13.93  133.67
  140.39  165.42 0.29917D-09  1  0  0.09826  241.80  255.62 0.63166D+14  2.451    2.886    2.390   -5.759   30.501   11.57   14.00  134.13
  140.71  165.89 0.29855D-09  1  0  0.09990  241.41  255.47 0.63842D+14  2.454    2.872    2.377   -5.979   30.320   11.61   14.08  134.57
  141.04  166.35 0.29793D-09  1  0  0.10160  241.00  255.32 0.64555D+14  2.458    2.858    2.364   -6.206   30.135   11.64   14.16  135.01
  141.36  166.80 0.29732D-09  1  0  0.10335  240.58  255.17 0.65305D+14  2.463    2.843    2.352   -6.439   29.944   11.68   14.24  135.44
  141.68  167.25 0.29670D-09  1  0  0.10516  240.14  255.01 0.66096D+14  2.467    2.829    2.338   -6.679   29.749   11.71   14.33  135.87
  142.00  167.70 0.29609D-09  1  0  0.10704  239.69  254.85 0.66929D+14  2.471    2.814    2.325   -6.925   29.548   11.75   14.42  136.29
  142.32  168.14 0.29549D-09  1  0  0.10898  239.22  254.69 0.67809D+14  2.476    2.799    2.311   -7.179   29.341   11.79   14.52  136.70
  142.65  168.58 0.29488D-09  1  0  0.11100  238.74  254.51 0.68738D+14  2.481    2.783    2.298   -7.439   29.128   11.84   14.62  137.11
  142.97  169.02 0.29428D-09  1  0  0.11309  238.23  254.34 0.69720D+14  2.486    2.767    2.284   -7.708   28.910   11.88   14.72  137.51
  143.29  169.45 0.29368D-09  1  0  0.11526  237.70  254.16 0.70759D+14  2.491    2.751    2.269   -7.984   28.684   11.92   14.83  137.91
  143.61  169.88 0.29309D-09  1  0  0.11751  237.15  253.97 0.71859D+14  2.497    2.735    2.255   -8.269   28.453   11.97   14.95  138.31
  143.93  170.31 0.29249D-09  1  0  0.11985  236.58  253.78 0.73024D+14  2.503    2.718    2.240   -8.562   28.214   12.02   15.07  138.69
  144.26  170.74 0.29190D-09  1  0  0.12229  235.99  253.58 0.74260D+14  2.509    2.701    2.224   -8.865   27.968   12.07   15.20  139.08
  144.58  171.16 0.29131D-09  1  0  0.12483  235.36  253.37 0.75572D+14  2.515    2.683    2.209   -9.176   27.715   12.12   15.33  139.46
  144.90  171.58 0.29073D-09  1  0  0.12747  234.71  253.16 0.76966D+14  2.522    2.665    2.193   -9.497   27.454   12.17   15.47  139.83
  145.22  172.00 0.29015D-09  1  0  0.13022  234.03  252.94 0.78449D+14  2.529    2.646    2.176   -9.828   27.186   12.23   15.62  140.20
  145.54  172.41 0.28957D-09  1  0  0.13310  233.31  252.72 0.80028D+14  2.537    2.626    2.159  -10.169   26.909   12.29   15.77  140.57
  145.87  172.82 0.28899D-09  1  0  0.13610  232.56  252.49 0.81711D+14  2.544    2.606    2.142  -10.522   26.623   12.35   15.94  140.93
  146.19  173.23 0.28841D-09  1  0  0.13925  231.77  252.24 0.83507D+14  2.553    2.586    2.124  -10.885   26.329   12.41   16.11  141.28
  146.51  173.63 0.28784D-09  1  0  0.14253  230.94  252.00 0.85425D+14  2.562    2.564    2.106  -11.259   26.025   12.47   16.30  141.63
  146.83  174.04 0.28727D-09  1  0  0.14598  230.07  251.74 0.87476D+14  2.571    2.542    2.086  -11.646   25.712   12.53   16.50  141.98
  147.15  174.44 0.28670D-09  1  0  0.14960  229.14  251.47 0.89671D+14  2.581    2.519    2.067  -12.045   25.389   12.60   16.70  142.32
  147.48  174.83 0.28614D-09  1  0  0.15339  228.16  251.20 0.92023D+14  2.592    2.495    2.046  -12.457   25.056   12.67   16.92  142.65
  147.80  175.22 0.28557D-09  1  0  0.15738  227.13  250.91 0.94546D+14  2.603    2.470    2.025  -12.881   24.713   12.74   17.16  142.98
  148.12  175.61 0.28501D-09  1  0  0.16159  226.03  250.61 0.97254D+14  2.615    2.444    2.002  -13.319   24.359   12.81   17.41  143.30
  148.44  176.00 0.28446D-09  1  0  0.16602  224.86  250.31 0.10016D+15  2.628    2.417    1.979  -13.771   23.994   12.88   17.68  143.62
  148.76  176.38 0.28390D-09  1  0  0.17070  223.61  249.99 0.10329D+15  2.643    2.388    1.954  -14.237   23.618   12.95   17.96  143.93
  149.09  176.75 0.28335D-09  1  0  0.17565  222.28  249.67 0.10665D+15  2.658    2.358    1.929  -14.716   23.231   13.02   18.27  144.23
  149.41  177.12 0.28280D-09  1  0  0.18090  220.85  249.33 0.11027D+15  2.674    2.326    1.902  -15.210   22.832   13.09   18.59  144.52
  149.73  177.49 0.28225D-09  1  0  0.18646  219.33  248.98 0.11416D+15  2.692    2.292    1.873  -15.718   22.423   13.16   18.94  144.81
  150.05  177.85 0.28170D-09  1  0  0.19237  217.68  248.63 0.11834D+15  2.712    2.256    1.843  -16.241   22.002   13.22   19.32  145.08
  150.37  178.20 0.28116D-09  1  0  0.19867  215.91  248.26 0.12283D+15  2.733    2.218    1.811  -16.776   21.570   13.28   19.72  145.34
  150.70  178.54 0.28062D-09  1  0  0.20539  214.00  247.88 0.12763D+15  2.757    2.177    1.777  -17.325   21.129   13.33   20.15  145.59
  151.02  178.88 0.28008D-09  1  0  0.21258  211.92  247.50 0.13274D+15  2.783    2.133    1.740  -17.886   20.678   13.37   20.61  145.83
  151.34  182.39 0.27954D-09  0  0  0.22029  209.66  247.11 0.13817D+15  2.812    2.086    1.701  -18.071   20.533  151.34  151.34  151.34
  151.66  182.78 0.27901D-09  0  0  0.22857  207.19  246.72 0.14387D+15  2.844    2.035    1.659  -18.128   20.494  151.66  151.66  151.66
  151.98  183.17 0.27848D-09  0  0  0.23749  204.48  246.33 0.14978D+15  2.880    1.980    1.613  -18.189   20.451  151.98  151.98  151.98
  152.31  183.56 0.27795D-09  0  0  0.24714  201.50  245.95 0.15580D+15  2.921    1.920    1.564  -18.255   20.404  152.31  152.31  152.31
  152.63  183.94 0.27742D-09  0  0  0.25760  198.21  245.59 0.16175D+15  2.968    1.854    1.509  -18.327   20.352  152.63  152.63  152.63
  152.95  184.33 0.27690D-09  0  0  0.26897  194.55  245.26 0.16733D+15  3.022    1.782    1.450  -18.405   20.295  152.95  152.95  152.95
  153.27  184.72 0.27637D-09  0  0  0.28139  190.46  244.98 0.17210D+15  3.085    1.702    1.384  -18.491   20.232  153.27  153.27  153.27
  153.59  185.11 0.27585D-09  0  0  0.29501  185.87  244.77 0.17542D+15  3.158    1.612    1.311  -18.587   20.161  153.59  153.59  153.59
  153.92  185.50 0.27533D-09  0  0  0.31000  180.68  244.68 0.17631D+15  3.246    1.512    1.229  -18.693   20.082  153.92  153.92  153.92
  154.24  185.89 0.27482D-09  0  0  0.32100  176.79  244.72 0.17455D+15  3.315    1.436    1.167  -18.774   20.023  154.24  154.24  154.24
  154.56  186.27 0.27430D-09  0  0  0.32100  176.79  244.71 0.17358D+15  3.315    1.434    1.164  -18.783   20.023  154.56  154.56  154.56
  154.88  186.66 0.27379D-09  0  0  0.32100  176.80  244.71 0.17262D+15  3.315    1.431    1.161  -18.791   20.023  154.88  154.88  154.88
  155.20  187.05 0.27328D-09  0  0  0.32100  176.81  244.71 0.17166D+15  3.315    1.429    1.159  -18.800   20.023  155.20  155.20  155.20
  155.53  187.44 0.27277D-09  0  0  0.32100  176.81  244.71 0.17071D+15  3.315    1.426    1.156  -18.808   20.023  155.53  155.53  155.53
  155.85  187.83 0.27227D-09  0  0  0.32100  176.82  244.70 0.16976D+15  3.315    1.424    1.154  -18.817   20.023  155.85  155.85  155.85
  156.17  188.21 0.27177D-09  0  0  0.32100  176.82  244.70 0.16882D+15  3.315    1.421    1.151  -18.825   20.023  156.17  156.17  156.17
  156.49  188.60 0.27126D-09  0  0  0.32100  176.83  244.70 0.16788D+15  3.315    1.419    1.148  -18.834   20.023  156.49  156.49  156.49
  156.81  188.99 0.27077D-09  0  0  0.32100  176.83  244.69 0.16695D+15  3.315    1.416    1.146  -18.842   20.023  156.81  156.81  156.81
  157.14  189.38 0.27027D-09  0  0  0.32100  176.84  244.69 0.16603D+15  3.315    1.414    1.143  -18.851   20.024  157.14  157.14  157.14
  157.46  189.77 0.26977D-09  0  0  0.32100  176.85  244.69 0.16511D+15  3.315    1.411    1.141  -18.859   20.024  157.46  157.46  157.46
  157.78  190.15 0.26928D-09  0  0  0.32100  176.85  244.68 0.16420D+15  3.315    1.409    1.138  -18.868   20.024  157.78  157.78  157.78
  158.10  190.54 0.26879D-09  0  0  0.32100  176.86  244.68 0.16329D+15  3.315    1.406    1.136  -18.876   20.024  158.10  158.10  158.10
  158.42  190.93 0.26830D-09  0  0  0.32100  176.86  244.68 0.16239D+15  3.314    1.404    1.133  -18.885   20.024  158.42  158.42  158.42
  158.75  191.32 0.26781D-09  0  0  0.32100  176.87  244.67 0.16150D+15  3.314    1.402    1.131  -18.893   20.025  158.75  158.75  158.75
  159.07  191.71 0.26733D-09  0  0  0.32100  176.88  244.67 0.16061D+15  3.314    1.399    1.129  -18.901   20.025  159.07  159.07  159.07
  159.39  192.09 0.26684D-09  0  0  0.32100  176.88  244.66 0.15972D+15  3.314    1.397    1.126  -18.910   20.025  159.39  159.39  159.39
  159.71  192.48 0.26636D-09  0  0  0.32100  176.89  244.66 0.15884D+15  3.314    1.394    1.124  -18.918   20.025  159.71  159.71  159.71
  160.03  192.87 0.26588D-09  0  0  0.32100  176.89  244.66 0.15797D+15  3.314    1.392    1.121  -18.927   20.025  160.03  160.03  160.03
  160.36  193.26 0.26541D-09  0  0  0.32100  176.90  244.65 0.15710D+15  3.314    1.390    1.119  -18.935   20.026  160.36  160.36  160.36
  160.68  193.65 0.26493D-09  0  0  0.32100  176.90  244.65 0.15624D+15  3.314    1.387    1.116  -18.943   20.026  160.68  160.68  160.68
  161.00  194.03 0.26446D-09  0  0  0.32100  176.91  244.64 0.15538D+15  3.314    1.385    1.114  -18.952   20.026  161.00  161.00  161.00
