R_tot = 1561.0 R_core =  1400.0  Tsurf =   100.00  g =  1.310
     Pint       etaref      pCLA conv P(MPa)   zbot     %vol    Tbot     Tm      TH2O      Fbot     Ftop     dlid   T_core
 0.00000D+00 0.32000D+13   0.0300  1  161.00  134.422  0.15473  230.66  221.11  257.61   14.845   12.399   23.05  1498.17
 0.12500D+11 0.32000D+13   0.0300  1  160.86  134.282  0.15386  230.90  221.66  257.63   14.842   12.807   23.76  1498.23
 0.25000D+11 0.32000D+13   0.0300  1  160.66  134.095  0.15271  231.22  222.26  257.66   14.839   13.215   23.09  1498.29
 0.37500D+11 0.32000D+13   0.0300  1  160.46  133.906  0.15156  231.55  222.84  257.69   14.835   13.623   22.45  1498.34
 0.50000D+11 0.32000D+13   0.0300  1  160.26  133.714  0.15042  231.87  223.41  257.71   14.831   14.032   21.85  1498.40
 0.62500D+11 0.32000D+13   0.0300  1  160.05  133.520  0.14928  232.18  223.97  257.74   14.827   14.440   21.29  1498.45
 0.75000D+11 0.32000D+13   0.0300  1  159.84  133.325  0.14815  232.50  224.52  257.77   14.823   14.848   20.76  1498.51
 0.87500D+11 0.32000D+13   0.0300  1  159.62  133.128  0.14702  232.81  225.05  257.80   14.819   15.256   20.25  1498.56
 0.10000D+12 0.32000D+13   0.0300  1  159.41  132.929  0.14590  233.12  225.57  257.83   14.814   15.665   19.77  1498.61
 0.11250D+12 0.32000D+13   0.0300  1  159.19  132.728  0.14479  233.43  226.08  257.86   14.810   16.073   19.32  1498.67
 0.12500D+12 0.32000D+13   0.0300  1  158.96  132.525  0.14369  233.74  226.58  257.89   14.806   16.481   18.89  1498.72
 0.13750D+12 0.32000D+13   0.0300  1  158.73  132.321  0.14259  234.04  227.07  257.92   14.802   16.889   18.47  1498.77
 0.15000D+12 0.32000D+13   0.0300  1  158.51  132.115  0.14150  234.34  227.55  257.95   14.798   17.297   18.08  1498.82
 0.16250D+12 0.32000D+13   0.0300  1  158.27  131.908  0.14042  234.64  228.02  257.98   14.793   17.706   17.71  1498.87
 0.17500D+12 0.32000D+13   0.0300  1  158.04  131.699  0.13934  234.94  228.48  258.01   14.789   18.114   17.35  1498.91
 0.18750D+12 0.32000D+13   0.0300  1  157.80  131.488  0.13828  235.23  228.94  258.04   14.785   18.522   17.00  1498.96
 0.20000D+12 0.32000D+13   0.0300  1  157.56  131.276  0.13722  235.52  229.38  258.07   14.780   18.930   16.68  1499.01
 0.21250D+12 0.32000D+13   0.0300  1  157.32  131.062  0.13617  235.81  229.82  258.10   14.776   19.339   16.36  1499.06
 0.22500D+12 0.32000D+13   0.0300  1  157.08  130.847  0.13513  236.10  230.25  258.13   14.771   19.747   16.06  1499.10
 0.23750D+12 0.32000D+13   0.0300  1  156.83  130.630  0.13409  236.38  230.67  258.17   14.767   20.155   15.77  1499.15
 0.25000D+12 0.32000D+13   0.0300  1  156.58  130.411  0.13307  236.66  231.09  258.20   14.762   20.563   15.49  1499.19
 0.26250D+12 0.32000D+13   0.0300  1  156.33  130.191  0.13205  236.94  231.50  258.23   14.758   20.972   15.22  1499.24
 0.27500D+12 0.32000D+13   0.0300  1  156.07  129.969  0.13104  237.22  231.90  258.26   14.753   21.380   14.96  1499.28
 0.28750D+12 0.32000D+13   0.0300  1  155.82  129.746  0.13004  237.49  232.30  258.29   14.749   21.788   14.72  1499.32
 0.30000D+12 0.32000D+13   0.0300  1  155.56  129.521  0.12904  237.76  232.69  258.33   14.744   22.196   14.48  1499.37
 0.31250D+12 0.32000D+13   0.0300  1  155.30  129.294  0.12805  238.03  233.08  258.36   14.740   22.604   14.24  1499.41
 0.32500D+12 0.32000D+13   0.0300  1  155.03  129.066  0.12707  238.30  233.45  258.39   14.735   23.013   14.02  1499.45
 0.33750D+12 0.32000D+13   0.0300  1  154.77  128.836  0.12610  238.56  233.83  258.43   14.730   23.421   13.80  1499.49
 0.35000D+12 0.32000D+13   0.0300  1  154.50  128.604  0.12514  238.83  234.20  258.46   14.725   23.829   13.60  1499.53
 0.36250D+12 0.32000D+13   0.0300  1  154.23  128.370  0.12418  239.09  234.56  258.49   14.721   24.237   13.39  1499.57
 0.37500D+12 0.32000D+13   0.0300  1  153.96  128.135  0.12323  239.34  234.92  258.53   14.716   24.646   13.20  1499.61
 0.38750D+12 0.32000D+13   0.0300  1  153.68  127.898  0.12229  239.60  235.28  258.56   14.711   25.054   13.01  1499.65
 0.40000D+12 0.32000D+13   0.0300  1  153.40  127.659  0.12135  239.85  235.63  258.59   14.706   25.462   12.83  1499.69
 0.41250D+12 0.32000D+13   0.0300  1  153.12  127.419  0.12042  240.11  235.97  258.63   14.701   25.870   12.65  1499.73
 0.42500D+12 0.32000D+13   0.0300  1  152.84  127.176  0.11950  240.36  236.31  258.66   14.696   26.279   12.48  1499.77
 0.43750D+12 0.32000D+13   0.0300  1  152.56  126.932  0.11859  240.60  236.65  258.70   14.691   26.687   12.31  1499.81
 0.45000D+12 0.32000D+13   0.0300  1  152.27  126.686  0.11768  240.85  236.98  258.73   14.686   27.095   12.15  1499.84
 0.46250D+12 0.32000D+13   0.0300  1  151.98  126.438  0.11678  241.09  237.31  258.77   14.681   27.503   11.99  1499.88
 0.47500D+12 0.32000D+13   0.0300  1  151.69  126.188  0.11588  241.34  237.64  258.80   14.676   27.912   11.84  1499.92
 0.48750D+12 0.32000D+13   0.0300  1  151.39  125.937  0.11499  241.58  237.96  258.84   14.671   28.320   11.69  1499.95
 0.50000D+12 0.32000D+13   0.0300  1  151.09  125.683  0.11411  241.82  238.28  258.88   14.666   28.728   11.54  1499.99
 0.51250D+12 0.32000D+13   0.0300  1  150.79  125.427  0.11324  242.05  238.59  258.91   14.661   29.136   11.40  1500.03
 0.52500D+12 0.32000D+13   0.0300  1  150.49  125.169  0.11237  242.29  238.90  258.95   14.655   29.545   11.27  1500.06
 0.53750D+12 0.32000D+13   0.0300  1  150.19  124.909  0.11151  242.52  239.21  258.99   14.650   29.953   11.13  1500.10
 0.55000D+12 0.32000D+13   0.0300  1  149.88  124.648  0.11065  242.75  239.52  259.02   14.645   30.361   11.00  1500.13
 0.56250D+12 0.32000D+13   0.0300  1  149.57  124.384  0.10980  242.98  239.82  259.06   14.639   30.769   10.88  1500.17
 0.57500D+12 0.32000D+13   0.0300  1  149.25  124.117  0.10895  243.21  240.12  259.10   14.634   31.178   10.75  1500.20
 0.58750D+12 0.32000D+13   0.0300  1  148.94  123.849  0.10811  243.44  240.41  259.14   14.629   31.586   10.63  1500.23
 0.60000D+12 0.32000D+13   0.0300  1  148.62  123.579  0.10728  243.66  240.70  259.17   14.623   31.994   10.52  1500.27
 0.61250D+12 0.32000D+13   0.0300  1  148.30  123.306  0.10645  243.89  240.99  259.21   14.618   32.402   10.40  1500.30
 0.62500D+12 0.32000D+13   0.0300  1  147.97  123.031  0.10563  244.11  241.28  259.25   14.612   32.811   10.29  1500.33
 0.63750D+12 0.32000D+13   0.0300  1  147.65  122.754  0.10482  244.33  241.57  259.29   14.606   33.219   10.18  1500.37
 0.65000D+12 0.32000D+13   0.0300  1  147.32  122.475  0.10401  244.55  241.85  259.33   14.601   33.627   10.07  1500.40
 0.66250D+12 0.32000D+13   0.0300  1  146.98  122.193  0.10320  244.77  242.13  259.37   14.595   34.035    9.97  1500.43
 0.67500D+12 0.32000D+13   0.0300  1  146.65  121.909  0.10240  244.98  242.40  259.41   14.589   34.443    9.87  1500.46
 0.68750D+12 0.32000D+13   0.0300  1  146.31  121.622  0.10161  245.20  242.68  259.45   14.584   34.852    9.77  1500.50
 0.70000D+12 0.32000D+13   0.0300  1  145.97  121.333  0.10082  245.41  242.95  259.49   14.578   35.260    9.67  1500.53
 0.71250D+12 0.32000D+13   0.0300  1  145.62  121.042  0.10004  245.63  243.22  259.53   14.572   35.668    9.58  1500.56
 0.72500D+12 0.32000D+13   0.0300  1  145.27  120.748  0.09926  245.84  243.48  259.57   14.566   36.076    9.49  1500.59
 0.73750D+12 0.32000D+13   0.0300  1  144.92  120.451  0.09848  246.05  243.75  259.61   14.560   36.485    9.40  1500.62
 0.75000D+12 0.32000D+13   0.0300  1  144.57  120.152  0.09772  246.26  244.01  259.65   14.554   36.893    9.31  1500.65
 0.76250D+12 0.32000D+13   0.0300  1  144.21  119.851  0.09695  246.46  244.27  259.70   14.548   37.301    9.22  1500.68
 0.77500D+12 0.32000D+13   0.0300  1  143.85  119.546  0.09620  246.67  244.53  259.74   14.542   37.709    9.13  1500.71
 0.78750D+12 0.32000D+13   0.0300  1  143.48  119.240  0.09544  246.87  244.78  259.78   14.536   38.118    9.05  1500.74
 0.80000D+12 0.32000D+13   0.0300  1  143.11  118.930  0.09469  247.08  245.04  259.82   14.530   38.526    8.97  1500.77
 0.81250D+12 0.32000D+13   0.0300  1  142.74  118.618  0.09395  247.28  245.29  259.87   14.523   38.934    8.89  1500.80
 0.82500D+12 0.32000D+13   0.0300  1  142.37  118.303  0.09321  247.48  245.54  259.91   14.517   39.342    8.81  1500.83
 0.83750D+12 0.32000D+13   0.0300  1  141.99  117.985  0.09248  247.68  245.79  259.95   14.511   39.751    8.73  1500.86
 0.85000D+12 0.32000D+13   0.0300  1  141.61  117.664  0.09175  247.88  246.03  260.00   14.504   40.159    8.66  1500.89
 0.86250D+12 0.32000D+13   0.0300  1  141.22  117.340  0.09103  248.08  246.28  260.04   14.498   40.567    8.59  1500.92
 0.87500D+12 0.32000D+13   0.0300  1  140.84  117.014  0.09031  248.28  246.52  260.09   14.491   40.976    8.51  1500.95
 0.88750D+12 0.32000D+13   0.0300  1  140.44  116.685  0.08959  248.47  246.76  260.13   14.485   41.384    8.44  1500.97
 0.90000D+12 0.32000D+13   0.0300  1  140.05  116.352  0.08888  248.67  247.00  260.18   14.478   41.792    8.37  1501.00
 0.91250D+12 0.32000D+13   0.0300  1  139.65  116.017  0.08818  248.86  247.24  260.22   14.471   42.200    8.30  1501.03
 0.92500D+12 0.32000D+13   0.0300  1  139.24  115.678  0.08748  249.06  247.47  260.27   14.465   42.609    8.24  1501.06
 0.93750D+12 0.32000D+13   0.0300  1  138.84  115.337  0.08678  249.25  247.71  260.32   14.458   43.017    8.17  1501.09
 0.95000D+12 0.32000D+13   0.0300  1  138.43  114.992  0.08609  249.44  247.94  260.36   14.451   43.425    8.11  1501.11
 0.96250D+12 0.32000D+13   0.0300  1  138.01  114.644  0.08540  249.63  248.17  260.41   14.444   43.833    8.04  1501.14
 0.97500D+12 0.32000D+13   0.0300  1  137.59  114.293  0.08472  249.82  248.40  260.46   14.437   44.242    7.98  1501.17
 0.98750D+12 0.32000D+13   0.0300  1  137.17  113.939  0.08404  250.01  248.63  260.51   14.430   44.650    7.92  1501.20
 0.10000D+13 0.32000D+13   0.0300  1  136.74  113.582  0.08337  250.20  248.85  260.55   14.423   45.058    7.86  1501.22
 0.10125D+13 0.32000D+13   0.0300  1  136.31  113.221  0.08269  250.38  249.08  260.60   14.416   45.466    7.80  1501.25
 0.10250D+13 0.32000D+13   0.0300  1  135.88  112.857  0.08203  250.57  249.30  260.65   14.409   45.875    7.74  1501.28
 0.10375D+13 0.32000D+13   0.0300  1  135.44  112.489  0.08137  250.75  249.52  260.70   14.401   46.283    7.69  1501.30
 0.10500D+13 0.32000D+13   0.0300  1  134.99  112.118  0.08071  250.94  249.75  260.75   14.394   46.691    7.63  1501.33
 0.10625D+13 0.32000D+13   0.0300  1  134.55  111.744  0.08006  251.12  249.96  260.80   14.387   47.099    7.58  1501.36
 0.10750D+13 0.32000D+13   0.0300  1  134.10  111.366  0.07941  251.30  250.18  260.85   14.379   47.508    7.52  1501.38
 0.10875D+13 0.32000D+13   0.0300  1  133.64  110.984  0.07876  251.49  250.40  260.90   14.372   47.916    7.47  1501.41
 0.11000D+13 0.32000D+13   0.0300  1  133.18  110.599  0.07812  251.67  250.61  260.95   14.364   48.324    7.42  1501.43
 0.11125D+13 0.32000D+13   0.0300  1  132.71  110.211  0.07749  251.85  250.83  261.01   14.357   48.732    7.37  1501.46
 0.11250D+13 0.32000D+13   0.0300  1  132.25  109.818  0.07685  252.03  251.04  261.06   14.349   49.141    7.31  1501.49
 0.11375D+13 0.32000D+13   0.0300  1  131.77  109.422  0.07623  252.20  251.25  261.11   14.341   49.549    7.26  1501.51
 0.11500D+13 0.32000D+13   0.0300  1  131.29  109.023  0.07560  252.38  251.46  261.16   14.333   49.957    7.22  1501.54
 0.11625D+13 0.32000D+13   0.0300  1  130.81  108.619  0.07498  252.56  251.67  261.22   14.325   50.365    7.17  1501.56
 0.11750D+13 0.32000D+13   0.0300  1  130.32  108.212  0.07437  252.74  251.88  261.27   14.317   50.774    7.12  1501.59
 0.11875D+13 0.32000D+13   0.0300  1  129.83  107.801  0.07375  252.91  252.09  261.33   14.309   51.182    7.07  1501.61
 0.12000D+13 0.32000D+13   0.0300  1  129.33  107.386  0.07315  253.09  252.29  261.38   14.301   51.590    7.03  1501.64
 0.12125D+13 0.32000D+13   0.0300  1  128.83  106.967  0.07254  253.26  252.50  261.44   14.293   51.999    6.98  1501.66
 0.12250D+13 0.32000D+13   0.0300  1  128.33  106.544  0.07194  253.43  252.70  261.49   14.285   52.407    6.94  1501.69
 0.12375D+13 0.32000D+13   0.0300  1  127.82  106.118  0.07135  253.61  252.90  261.55   14.276   52.815    6.89  1501.71
 0.12500D+13 0.32000D+13   0.0300  1  127.30  105.687  0.07075  253.78  253.10  261.60   14.268   53.223    6.85  1501.74
 0.12625D+13 0.32000D+13   0.0300  1  126.78  105.252  0.07017  253.95  253.30  261.66   14.260   53.632    6.81  1501.76
 0.12750D+13 0.32000D+13   0.0300  1  126.25  104.813  0.06958  254.12  253.50  261.72   14.251   54.040    6.77  1501.78
 0.12875D+13 0.32000D+13   0.0300  1  125.72  104.371  0.06900  254.29  253.70  261.78   14.242   54.448    6.73  1501.81
 0.13000D+13 0.32000D+13   0.0300  1  125.19  103.923  0.06843  254.46  253.90  261.83   14.234   54.856    6.68  1501.83
 0.13125D+13 0.32000D+13   0.0300  1  124.65  103.472  0.06785  254.63  254.09  261.89   14.225   55.265    6.64  1501.86
 0.13250D+13 0.32000D+13   0.0300  1  124.10  103.017  0.06729  254.80  254.29  261.95   14.216   55.673    6.61  1501.88
 0.13375D+13 0.32000D+13   0.0300  1  123.55  102.557  0.06672  254.97  254.48  262.01   14.207   56.081    6.57  1501.90
 0.13500D+13 0.32000D+13   0.0300  1  122.99  102.093  0.06616  255.13  254.67  262.07   14.198   56.490    6.53  1501.93
 0.13625D+13 0.32000D+13   0.0300  1  122.43  101.625  0.06561  255.30  254.86  262.13   14.189   56.898    6.49  1501.95
 0.13750D+13 0.32000D+13   0.0300  1  121.86  101.153  0.06505  255.47  255.05  262.19   14.180   57.306    6.45  1501.97
 0.13875D+13 0.32000D+13   0.0300  1  121.29  100.676  0.06451  255.63  255.24  262.25   14.171   57.714    6.42  1502.00
 0.14000D+13 0.32000D+13   0.0300  1  120.71  100.195  0.06396  255.80  255.43  262.31   14.162   58.123    6.38  1502.02
 0.14125D+13 0.32000D+13   0.0300  1  120.13   99.709  0.06342  255.96  255.62  262.38   14.152   58.531    6.34  1502.04
 0.14250D+13 0.32000D+13   0.0300  1  119.54   99.219  0.06288  256.12  255.81  262.44   14.143   58.939    6.31  1502.07
 0.14375D+13 0.32000D+13   0.0300  1  118.95   98.725  0.06235  256.29  255.99  262.50   14.133   59.347    6.27  1502.09
 0.14500D+13 0.32000D+13   0.0300  1  118.35   98.226  0.06182  256.45  256.18  262.56   14.124   59.756    6.24  1502.11
 0.14625D+13 0.32000D+13   0.0300  1  117.75   97.723  0.06130  256.61  256.36  262.63   14.114   60.164    6.21  1502.14
 0.14750D+13 0.32000D+13   0.0300  1  117.14   97.215  0.06078  256.77  256.54  262.69   14.104   60.572    6.17  1502.16
 0.14875D+13 0.32000D+13   0.0300  1  116.52   96.703  0.06026  256.93  256.73  262.76   14.095   60.981    6.14  1502.18
 0.15000D+13 0.32000D+13   0.0300  1  115.90   96.187  0.05975  257.09  256.91  262.82   14.085   61.389    6.11  1502.20
 0.15125D+13 0.32000D+13   0.0300  1  115.28   95.666  0.05924  257.25  257.09  262.89   14.075   61.797    6.08  1502.23
 0.15250D+13 0.32000D+13   0.0300  1  114.65   95.140  0.05873  257.41  257.27  262.95   14.065   62.205    6.04  1502.25
 0.15375D+13 0.32000D+13   0.0300  1  114.01   94.610  0.05823  257.57  257.44  263.02   14.055   62.614    6.01  1502.27
 0.15500D+13 0.32000D+13   0.0300  1  113.37   94.075  0.05774  257.73  257.62  263.09   14.044   63.022    5.98  1502.29
 0.15625D+13 0.32000D+13   0.0300  1  112.72   93.536  0.05724  257.88  257.80  263.16   14.034   63.430    5.95  1502.32
 0.15750D+13 0.32000D+13   0.0300  1  112.07   92.992  0.05675  258.04  257.97  263.22   14.024   63.838    5.92  1502.34
 0.15875D+13 0.32000D+13   0.0300  1  111.41   92.444  0.05627  258.20  258.15  263.29   14.013   64.247    5.89  1502.36
 0.16000D+13 0.32000D+13   0.0300  1  110.74   91.892  0.05579  258.35  258.32  263.36   14.003   64.655    5.86  1502.38
 0.16125D+13 0.32000D+13   0.0300  1  110.08   91.335  0.05531  258.51  258.49  263.43   13.992   65.063    5.83  1502.40
 0.16250D+13 0.32000D+13   0.0300  1  109.40   90.773  0.05484  258.66  258.67  263.50   13.982   65.472    5.80  1502.42
 0.16375D+13 0.32000D+13   0.0300  1  108.72   90.207  0.05437  258.81  258.84  263.57   13.971   65.880    5.78  1502.45
 0.16500D+13 0.32000D+13   0.0300  1  108.03   89.636  0.05390  258.97  259.01  263.64   13.960   66.288    5.75  1502.47
 0.16625D+13 0.32000D+13   0.0300  1  107.34   89.061  0.05344  259.12  259.18  263.71   13.949   66.696    5.72  1502.49
 0.16750D+13 0.32000D+13   0.0300  1  106.64   88.482  0.05298  259.27  259.35  263.78   13.939   67.105    5.69  1502.51
 0.16875D+13 0.32000D+13   0.0300  1  105.93   87.898  0.05253  259.42  259.51  263.85   13.928   67.513    5.67  1502.53
 0.17000D+13 0.32000D+13   0.0300  1  105.23   87.310  0.05208  259.57  259.68  263.92   13.917   67.921    5.64  1502.55
 0.17125D+13 0.32000D+13   0.0300  1  104.51   86.718  0.05164  259.72  259.84  264.00   13.905   68.330    5.61  1502.57
 0.17250D+13 0.32000D+13   0.0300  1  103.79   86.121  0.05120  259.87  260.01  264.07   13.894   68.738    5.59  1502.60
 0.17375D+13 0.32000D+13   0.0300  1  103.07   85.520  0.05076  260.02  260.17  264.14   13.883   69.146    5.56  1502.62
 0.17500D+13 0.32000D+13   0.0300  1  102.34   84.915  0.05033  260.17  260.33  264.21   13.872   69.554    5.54  1502.64
 0.17625D+13 0.32000D+13   0.0300  1  101.61   84.306  0.04990  260.32  260.50  264.29   13.860   69.963    5.51  1502.66
 0.17750D+13 0.32000D+13   0.0300  1  100.87   83.693  0.04947  260.46  260.66  264.36   13.849   70.371    5.49  1502.68
 0.17875D+13 0.32000D+13   0.0300  1  100.12   83.075  0.04905  260.61  260.82  264.44   13.837   70.779    5.46  1502.70
 0.18000D+13 0.32000D+13   0.0300  1   99.37   82.454  0.04864  260.76  260.98  264.51   13.826   71.187    5.44  1502.72
 0.18125D+13 0.32000D+13   0.0300  1   98.62   81.829  0.04822  260.90  261.13  264.58   13.814   71.596    5.42  1502.74
 0.18250D+13 0.32000D+13   0.0300  1   97.86   81.200  0.04782  261.05  261.29  264.66   13.802   72.004    5.39  1502.76
 0.18375D+13 0.32000D+13   0.0300  1   97.10   80.567  0.04741  261.19  261.45  264.73   13.791   72.412    5.37  1502.78
 0.18500D+13 0.32000D+13   0.0300  1   96.33   79.930  0.04701  261.33  261.60  264.81   13.779   72.820    5.35  1502.80
 0.18625D+13 0.32000D+13   0.0300  1   95.56   79.290  0.04662  261.47  261.75  264.89   13.767   73.229    5.32  1502.82
 0.18750D+13 0.32000D+13   0.0300  1   94.79   78.647  0.04622  261.62  261.91  264.96   13.755   73.637    5.30  1502.84
 0.18875D+13 0.32000D+13   0.0300  1   94.01   78.000  0.04584  261.76  262.06  265.04   13.743   74.045    5.28  1502.86
 0.19000D+13 0.32000D+13   0.0300  1   93.22   77.349  0.04545  261.90  262.21  265.12   13.731   74.454    5.26  1502.88
 0.19125D+13 0.32000D+13   0.0300  1   92.43   76.696  0.04507  262.04  262.36  265.19   13.719   74.862    5.23  1502.90
 0.19250D+13 0.32000D+13   0.0300  1   91.64   76.039  0.04470  262.18  262.51  265.27   13.707   75.270    5.21  1502.92
 0.19375D+13 0.32000D+13   0.0300  1   90.85   75.379  0.04433  262.31  262.66  265.35   13.695   75.678    5.19  1502.94
 0.19500D+13 0.32000D+13   0.0300  1   90.05   74.716  0.04396  262.45  262.80  265.42   13.683   76.087    5.17  1502.96
 0.19625D+13 0.32000D+13   0.0300  1   89.25   74.051  0.04360  262.59  262.95  265.50   13.671   76.495    5.15  1502.98
 0.19750D+13 0.32000D+13   0.0300  1   88.44   73.383  0.04324  262.72  263.09  265.58   13.658   76.903    5.13  1503.00
 0.19875D+13 0.32000D+13   0.0300  1   87.63   72.712  0.04289  262.86  263.24  265.66   13.646   77.311    5.11  1503.02
 0.20000D+13 0.32000D+13   0.0300  1   86.82   72.039  0.04254  262.99  263.38  265.73   13.634   77.720    5.09  1503.04
 0.20125D+13 0.32000D+13   0.0300  1   86.01   71.363  0.04219  263.12  263.52  265.81   13.621   78.128    5.07  1503.06
 0.20250D+13 0.32000D+13   0.0300  1   85.19   70.685  0.04185  263.26  263.66  265.89   13.609   78.536    5.05  1503.07
 0.20375D+13 0.32000D+13   0.0300  1   84.37   70.006  0.04151  263.39  263.80  265.97   13.597   78.944    5.03  1503.09
 0.20500D+13 0.32000D+13   0.0300  1   83.55   69.324  0.04118  263.52  263.94  266.05   13.584   79.353    5.01  1503.11
 0.20625D+13 0.32000D+13   0.0300  1   82.73   68.641  0.04085  263.65  264.07  266.12   13.572   79.761    4.99  1503.13
 0.20750D+13 0.32000D+13   0.0300  1   81.90   67.956  0.04053  263.78  264.21  266.20   13.560   80.169    4.97  1503.15
 0.20875D+13 0.32000D+13   0.0300  1   81.07   67.269  0.04021  263.91  264.34  266.28   13.547   80.577    4.95  1503.17
 0.21000D+13 0.32000D+13   0.0300  1   80.24   66.582  0.03989  264.03  264.48  266.36   13.535   80.986    4.93  1503.19
 0.21125D+13 0.32000D+13   0.0300  1   79.41   65.893  0.03958  264.16  264.61  266.44   13.522   81.394    4.91  1503.20
 0.21250D+13 0.32000D+13   0.0300  1   78.58   65.203  0.03927  264.29  264.74  266.51   13.510   81.802    4.89  1503.22
 0.21375D+13 0.32000D+13   0.0300  1   77.75   64.513  0.03896  264.41  264.87  266.59   13.497   82.210    4.88  1503.24
 0.21500D+13 0.32000D+13   0.0300  1   76.92   63.822  0.03866  264.53  265.00  266.67   13.485   82.619    4.86  1503.26
 0.21625D+13 0.32000D+13   0.0300  1   76.08   63.130  0.03837  264.66  265.12  266.75   13.472   83.027    4.84  1503.28
 0.21750D+13 0.32000D+13   0.0300  1   75.25   62.438  0.03808  264.78  265.25  266.82   13.460   83.435    4.82  1503.29
 0.21875D+13 0.32000D+13   0.0300  1   74.42   61.747  0.03779  264.90  265.37  266.90   13.448   83.843    4.80  1503.31
 0.22000D+13 0.32000D+13   0.0300  1   73.58   61.055  0.03751  265.02  265.50  266.98   13.435   84.252    4.79  1503.33
 0.22125D+13 0.32000D+13   0.0300  1   72.75   60.363  0.03723  265.14  265.62  267.05   13.423   84.660    4.77  1503.35
 0.22250D+13 0.32000D+13   0.0300  1   71.92   59.672  0.03695  265.25  265.74  267.13   13.411   85.068    4.75  1503.36
 0.22375D+13 0.32000D+13   0.0300  1   71.08   58.982  0.03668  265.37  265.86  267.21   13.398   85.476    4.73  1503.38
 0.22500D+13 0.32000D+13   0.0300  1   70.25   58.292  0.03641  265.49  265.98  267.28   13.386   85.884    4.72  1503.40
 0.22625D+13 0.32000D+13   0.0300  1   69.42   57.604  0.03615  265.60  266.09  267.36   13.374   86.293    4.70  1503.41
 0.22750D+13 0.32000D+13   0.0300  1   68.60   56.916  0.03589  265.71  266.21  267.43   13.361   86.701    4.68  1503.43
 0.22875D+13 0.32000D+13   0.0300  1   67.77   56.230  0.03563  265.83  266.32  267.51   13.349   87.109    4.67  1503.45
 0.23000D+13 0.32000D+13   0.0300  1   66.94   55.546  0.03538  265.94  266.43  267.58   13.337   87.517    4.65  1503.46
 0.23125D+13 0.32000D+13   0.0300  1   66.12   54.863  0.03514  266.05  266.55  267.66   13.325   87.926    4.63  1503.48
 0.23250D+13 0.32000D+13   0.0300  1   65.30   54.182  0.03489  266.16  266.66  267.73   13.313   88.334    4.62  1503.49
 0.23375D+13 0.32000D+13   0.0300  1   64.48   53.503  0.03465  266.26  266.76  267.81   13.301   88.742    4.60  1503.51
 0.23500D+13 0.32000D+13   0.0300  1   63.67   52.827  0.03442  266.37  266.87  267.88   13.289   89.150    4.59  1503.53
 0.23625D+13 0.32000D+13   0.0300  1   62.85   52.152  0.03418  266.48  266.98  267.95   13.277   89.558    4.57  1503.54
 0.23750D+13 0.32000D+13   0.0300  1   62.04   51.481  0.03396  266.58  267.08  268.03   13.265   89.967    4.55  1503.56
 0.23875D+13 0.32000D+13   0.0300  1   61.24   50.812  0.03373  266.68  267.19  268.10   13.254   90.375    4.54  1503.57
 0.24000D+13 0.32000D+13   0.0300  1   60.44   50.147  0.03351  266.79  267.29  268.17   13.242   90.783    4.52  1503.59
 0.24125D+13 0.32000D+13   0.0300  1   59.64   49.484  0.03329  266.89  267.39  268.24   13.230   91.191    4.51  1503.60
 0.24250D+13 0.32000D+13   0.0300  1   58.84   48.825  0.03308  266.99  267.49  268.31   13.219   91.599    4.49  1503.62
 0.24375D+13 0.32000D+13   0.0300  1   58.05   48.169  0.03287  267.09  267.58  268.38   13.207   92.008    4.48  1503.63
 0.24500D+13 0.32000D+13   0.0300  1   57.27   47.517  0.03267  267.18  267.68  268.45   13.196   92.416    4.46  1503.65
 0.24625D+13 0.32000D+13   0.0300  1   56.49   46.869  0.03246  267.28  267.77  268.52   13.184   92.824    4.45  1503.66
 0.24750D+13 0.32000D+13   0.0300  1   55.71   46.224  0.03226  267.37  267.87  268.59   13.173   93.232    4.43  1503.68
 0.24875D+13 0.32000D+13   0.0300  1   54.94   45.584  0.03207  267.47  267.96  268.65   13.162   93.640    4.42  1503.69
 0.25000D+13 0.32000D+13   0.0300  1   54.17   44.948  0.03188  267.56  268.05  268.72   13.151   94.049    4.40  1503.70
 0.25125D+13 0.32000D+13   0.0300  1   53.41   44.316  0.03169  267.65  268.14  268.79   13.140   94.457    4.39  1503.72
 0.25250D+13 0.32000D+13   0.0300  1   52.65   43.689  0.03150  267.74  268.23  268.85   13.129   94.865    4.37  1503.73
 0.25375D+13 0.32000D+13   0.0300  1   51.90   43.066  0.03132  267.83  268.31  268.92   13.118   95.273    4.36  1503.75
 0.25500D+13 0.32000D+13   0.0300  1   51.16   42.448  0.03114  267.92  268.40  268.98   13.108   95.681    4.34  1503.76
 0.25625D+13 0.32000D+13   0.0300  1   50.42   41.835  0.03097  268.01  268.48  269.05   13.097   96.089    4.33  1503.77
 0.25750D+13 0.32000D+13   0.0300  1   49.69   41.227  0.03079  268.09  268.57  269.11   13.086   96.498    4.31  1503.79
 0.25875D+13 0.32000D+13   0.0300  1   48.96   40.624  0.03063  268.18  268.65  269.18   13.076   96.906    4.30  1503.80
 0.26000D+13 0.32000D+13   0.0300  1   48.24   40.027  0.03046  268.26  268.73  269.24   13.066   97.314    4.28  1503.81
 0.26125D+13 0.32000D+13   0.0300  1   47.53   39.434  0.03030  268.34  268.81  269.30   13.056   97.722    4.27  1503.82
 0.26250D+13 0.32000D+13   0.0300  1   46.82   38.847  0.03014  268.43  268.88  269.36   13.045   98.130    4.26  1503.84
 0.26375D+13 0.32000D+13   0.0300  1   46.12   38.266  0.02998  268.51  268.96  269.42   13.035   98.539    4.24  1503.85
 0.26500D+13 0.32000D+13   0.0300  1   45.42   37.690  0.02983  268.58  269.03  269.48   13.025   98.947    4.23  1503.86
 0.26625D+13 0.32000D+13   0.0300  1   44.74   37.120  0.02968  268.66  269.11  269.54   13.016   99.355    4.21  1503.87
 0.26750D+13 0.32000D+13   0.0300  1   44.06   36.556  0.02953  268.74  269.18  269.60   13.006   99.763    4.20  1503.89
 0.26875D+13 0.32000D+13   0.0300  1   43.38   35.997  0.02938  268.81  269.25  269.65   12.996  100.171    4.19  1503.90
 0.27000D+13 0.32000D+13   0.0300  1   42.72   35.444  0.02924  268.89  269.32  269.71   12.987  100.579    4.17  1503.91
 0.27125D+13 0.32000D+13   0.0300  1   42.06   34.898  0.02910  268.96  269.38  269.77   12.978  100.988    4.16  1503.92
 0.27250D+13 0.32000D+13   0.0300  1   41.41   34.357  0.02897  269.03  269.45  269.82   12.968  101.396    4.15  1503.93
 0.27375D+13 0.32000D+13   0.0300  1   40.76   33.822  0.02883  269.10  269.52  269.88   12.959  101.804    4.13  1503.94
 0.27500D+13 0.32000D+13   0.0300  1   40.13   33.293  0.02870  269.17  269.58  269.93   12.950  102.212    4.12  1503.95
 0.27625D+13 0.32000D+13   0.0300  1   39.50   32.771  0.02857  269.24  269.64  269.98   12.941  102.620    4.11  1503.96
 0.27750D+13 0.32000D+13   0.0300  1   38.87   32.254  0.02845  269.31  269.71  270.04   12.933  103.028    4.09  1503.97
 0.27875D+13 0.32000D+13   0.0300  1   38.26   31.744  0.02832  269.38  269.77  270.09   12.924  103.437    4.08  1503.99
 0.28000D+13 0.32000D+13   0.0300  1   37.65   31.240  0.02820  269.44  269.83  270.14   12.915  103.845    4.07  1504.00
 0.28125D+13 0.32000D+13   0.0300  1   37.05   30.743  0.02808  269.51  269.88  270.19   12.907  104.253    4.05  1504.01
 0.28250D+13 0.32000D+13   0.0300  1   36.46   30.251  0.02797  269.57  269.94  270.24   12.899  104.661    4.04  1504.02
 0.28375D+13 0.32000D+13   0.0300  1   35.87   29.766  0.02785  269.63  270.00  270.29   12.890  105.069    4.03  1504.03
 0.28500D+13 0.32000D+13   0.0300  1   35.30   29.287  0.02774  269.69  270.05  270.34   12.882  105.478    4.01  1504.04
 0.28625D+13 0.32000D+13   0.0300  1   34.73   28.814  0.02763  269.75  270.10  270.38   12.874  105.886    4.00  1504.04
 0.28750D+13 0.32000D+13   0.0300  1   34.16   28.348  0.02752  269.81  270.16  270.43   12.866  106.294    3.99  1504.05
 0.28875D+13 0.32000D+13   0.0300  1   33.61   27.888  0.02742  269.87  270.21  270.48   12.859  106.702    3.98  1504.06
 0.29000D+13 0.32000D+13   0.0300  1   33.06   27.434  0.02732  269.93  270.26  270.52   12.851  107.110    3.96  1504.07
 0.29125D+13 0.32000D+13   0.0300  1   32.52   26.986  0.02722  269.98  270.31  270.57   12.843  107.518    3.95  1504.08
 0.29250D+13 0.32000D+13   0.0300  1   31.99   26.545  0.02712  270.04  270.36  270.61   12.836  107.927    3.94  1504.09
 0.29375D+13 0.32000D+13   0.0300  1   31.47   26.109  0.02702  270.09  270.40  270.65   12.829  108.335    3.93  1504.10
 0.29500D+13 0.32000D+13   0.0300  1   30.95   25.680  0.02693  270.15  270.45  270.70   12.821  108.743    3.91  1504.11
 0.29625D+13 0.32000D+13   0.0300  1   30.44   25.258  0.02683  270.20  270.49  270.74   12.814  109.151    3.90  1504.12
 0.29750D+13 0.32000D+13   0.0300  1   29.94   24.841  0.02674  270.25  270.54  270.78   12.807  109.559    3.89  1504.12
 0.29875D+13 0.32000D+13   0.0300  1   29.44   24.430  0.02665  270.30  270.58  270.82   12.800  109.967    3.88  1504.13
 0.30000D+13 0.32000D+13   0.0300  1   28.96   24.025  0.02657  270.35  270.62  270.86   12.794  110.376    3.86  1504.14
