R_tot = 1561.0 R_core =  1400.0  Tsurf =   100.00  g =  1.310
   zbot    P(MPa) Hint     conv melt pCLA   Tbot     Tm     etam        k   Fcond_bot Fcond_top   Fbot     Ftop    dlid z_topTBL z_botTBL
    0.00   -0.00 0.56224D-06  0  0  0.01105  273.24  261.57 0.32206D+15  2.167    0.000    0.000    0.000    0.000    0.00    0.00    0.00
    0.32    0.39 0.56234D-07  0  0  0.01108  273.21  263.57 0.26053D+15  2.167 1398.882 1398.305 1390.552 1406.634    0.32    0.32    0.32
    0.64    0.77 0.28123D-07  0  0  0.01110  273.18  263.90 0.25106D+15  2.167  699.459  698.882  691.126  707.212    0.64    0.64    0.64
    0.97    1.16 0.18752D-07  0  0  0.01113  273.15  264.11 0.24503D+15  2.168  466.317  465.740  457.983  474.071    0.97    0.97    0.97
    1.29    1.55 0.14067D-07  0  0  0.01115  273.12  264.26 0.24053D+15  2.168  349.747  349.170  341.410  357.502    1.29    1.29    1.29
    1.61    1.94 0.11256D-07  0  0  0.01118  273.08  264.38 0.23692D+15  2.168  279.804  279.227  271.465  287.561    1.61    1.61    1.61
    1.93    2.33 0.93820D-08  0  0  0.01120  273.05  264.47 0.23389D+15  2.168  233.176  232.599  224.834  240.933    1.93    1.93    1.93
    2.25    2.71 0.80434D-08  0  0  0.01123  273.02  264.56 0.23127D+15  2.169  199.870  199.293  191.526  207.629    2.25    2.25    2.25
    2.58    3.10 0.70394D-08  0  0  0.01125  272.99  264.62 0.22896D+15  2.169  174.890  174.313  166.544  182.650    2.58    2.58    2.58
    2.90    3.49 0.62586D-08  0  0  0.01128  272.96  264.68 0.22690D+15  2.169  155.462  154.885  147.113  163.223    2.90    2.90    2.90
    3.22    3.88 0.56339D-08  0  0  0.01131  272.93  264.74 0.22503D+15  2.170  139.919  139.342  131.568  147.681    3.22    3.22    3.22
    3.54    4.27 0.51228D-08  0  0  0.01133  272.89  264.78 0.22331D+15  2.170  127.202  126.625  118.849  134.965    3.54    3.54    3.54
    3.86    4.65 0.46968D-08  0  0  0.01136  272.86  264.82 0.22174D+15  2.170  116.604  116.028  108.249  124.369    3.86    3.86    3.86
    4.19    5.04 0.43364D-08  0  0  0.01138  272.83  264.86 0.22027D+15  2.170  107.637  107.061   99.279  115.403    4.19    4.19    4.19
    4.51    5.43 0.40275D-08  0  0  0.01141  272.80  264.89 0.21890D+15  2.171   99.951   99.374   91.591  107.718    4.51    4.51    4.51
    4.83    5.82 0.37598D-08  0  0  0.01144  272.77  264.92 0.21762D+15  2.171   93.290   92.713   84.927  101.058    4.83    4.83    4.83
    5.15    6.21 0.35255D-08  0  0  0.01146  272.74  264.95 0.21642D+15  2.171   87.461   86.884   79.096   95.231    5.15    5.15    5.15
    5.47    6.59 0.33188D-08  0  0  0.01149  272.70  264.97 0.21527D+15  2.171   82.318   81.742   73.951   90.089    5.47    5.47    5.47
    5.80    6.98 0.31351D-08  0  0  0.01151  272.67  264.99 0.21419D+15  2.172   77.746   77.170   69.377   85.518    5.80    5.80    5.80
    6.12    7.37 0.29707D-08  0  0  0.01154  272.64  265.01 0.21317D+15  2.172   73.656   73.080   65.285   81.429    6.12    6.12    6.12
    6.44    7.76 0.28228D-08  0  0  0.01157  272.61  265.02 0.21218D+15  2.172   69.975   69.398   61.601   77.749    6.44    6.44    6.44
    6.76    8.15 0.26889D-08  0  0  0.01159  272.57  265.04 0.21125D+15  2.173   66.644   66.068   58.268   74.419    6.76    6.76    6.76
    7.08    8.54 0.25672D-08  0  0  0.01162  272.54  265.05 0.21035D+15  2.173   63.616   63.040   55.238   71.393    7.08    7.08    7.08
    7.41    8.92 0.24561D-08  0  0  0.01165  272.51  265.06 0.20949D+15  2.173   60.851   60.275   52.471   68.629    7.41    7.41    7.41
    7.73    9.31 0.23542D-08  0  0  0.01168  272.48  265.07 0.20866D+15  2.173   58.317   57.741   49.934   66.096    7.73    7.73    7.73
    8.05    9.70 0.22605D-08  0  0  0.01170  272.45  265.08 0.20787D+15  2.174   55.985   55.409   47.600   63.766    8.05    8.05    8.05
    8.37   10.09 0.21740D-08  0  0  0.01173  272.41  265.09 0.20710D+15  2.174   53.833   53.257   45.445   61.615    8.37    8.37    8.37
    8.69   10.48 0.20940D-08  0  0  0.01176  272.38  265.09 0.20636D+15  2.174   51.840   51.264   43.450   59.623    8.69    8.69    8.69
    9.02   10.86 0.20196D-08  0  0  0.01179  272.35  265.10 0.20565D+15  2.174   49.990   49.414   41.597   57.774    9.02    9.02    9.02
    9.34   11.25 0.19504D-08  0  0  0.01181  272.31  265.10 0.20496D+15  2.175   48.267   47.691   39.872   56.052    9.34    9.34    9.34
    9.66   11.64 0.18857D-08  0  0  0.01184  272.28  265.10 0.20429D+15  2.175   46.659   46.083   38.262   54.445    9.66    9.66    9.66
    9.98   12.03 0.18253D-08  0  0  0.01187  272.25  265.11 0.20364D+15  2.175   45.154   44.579   36.755   52.942    9.98    9.98    9.98
   10.30   12.42 0.17686D-08  0  0  0.01190  272.22  265.11 0.20300D+15  2.176   43.744   43.168   35.343   51.533   10.30   10.30   10.30
   10.63   12.80 0.17154D-08  0  0  0.01193  272.18  265.11 0.20239D+15  2.176   42.419   41.844   34.015   50.209   10.63   10.63   10.63
   10.95   13.19 0.16653D-08  0  0  0.01195  272.15  265.11 0.20180D+15  2.176   41.172   40.597   32.766   48.964   10.95   10.95   10.95
   11.27   13.58 0.16180D-08  0  0  0.01198  272.12  265.11 0.20122D+15  2.176   39.997   39.421   31.588   47.789   11.27   11.27   11.27
   11.59   13.97 0.15734D-08  0  0  0.01201  272.09  265.10 0.20065D+15  2.177   38.886   38.311   30.476   46.680   11.59   11.59   11.59
   11.91   14.36 0.15312D-08  0  0  0.01204  272.05  265.10 0.20010D+15  2.177   37.836   37.261   29.423   45.631   11.91   11.91   11.91
   12.24   14.74 0.14912D-08  0  0  0.01207  272.02  265.10 0.19957D+15  2.177   36.841   36.266   28.425   44.637   12.24   12.24   12.24
   12.56   15.13 0.14533D-08  0  0  0.01210  271.99  265.10 0.19905D+15  2.178   35.897   35.321   27.479   43.694   12.56   12.56   12.56
   12.88   15.52 0.14172D-08  0  0  0.01213  271.95  265.09 0.19854D+15  2.178   35.000   34.425   26.580   42.798   12.88   12.88   12.88
   13.20   15.91 0.13829D-08  0  0  0.01216  271.92  265.09 0.19804D+15  2.178   34.147   33.572   25.724   41.946   13.20   13.20   13.20
   13.52   16.30 0.13503D-08  0  0  0.01219  271.89  265.08 0.19755D+15  2.178   33.334   32.759   24.909   41.135   13.52   13.52   13.52
   13.85   16.68 0.13192D-08  0  0  0.01222  271.85  265.07 0.19708D+15  2.179   32.559   31.984   24.132   40.362   13.85   13.85   13.85
   14.17   17.07 0.12895D-08  0  0  0.01224  271.82  265.07 0.19661D+15  2.179   31.820   31.245   23.391   39.623   14.17   14.17   14.17
   14.49   17.46 0.12611D-08  0  0  0.01227  271.79  265.06 0.19615D+15  2.179   31.113   30.538   22.682   38.918   14.49   14.49   14.49
   14.81   17.85 0.12339D-08  0  0  0.01230  271.75  265.05 0.19571D+15  2.180   30.437   29.862   22.003   38.243   14.81   14.81   14.81
   15.13   18.24 0.12079D-08  0  0  0.01233  271.72  265.05 0.19527D+15  2.180   29.790   29.215   21.354   37.597   15.13   15.13   15.13
   15.46   18.14 0.11830D-08  1  0  0.01236  271.69  265.04 0.19484D+15  2.180   29.170   28.595   21.225   37.462   11.54   14.15   14.64
   15.78   18.52 0.11591D-08  1  0  0.01239  271.65  265.03 0.19443D+15  2.180   28.575   28.000   21.102   37.333   11.58   14.14   14.96
   16.10   18.91 0.11361D-08  1  0  0.01243  271.62  265.02 0.19401D+15  2.181   28.004   27.429   20.982   37.207   11.61   14.14   15.28
   16.42   19.30 0.11141D-08  1  0  0.01246  271.59  265.01 0.19361D+15  2.181   27.455   26.880   20.865   37.084   11.64   14.13   15.60
   16.74   19.68 0.10929D-08  1  0  0.01249  271.55  265.00 0.19321D+15  2.181   26.927   26.353   20.751   36.963   11.68   14.13   15.92
   17.07   20.07 0.10725D-08  1  0  0.01252  271.52  264.99 0.19283D+15  2.182   26.420   25.845   20.639   36.845   11.71   14.12   16.24
   17.39   20.46 0.10528D-08  1  0  0.01255  271.48  264.98 0.19244D+15  2.182   25.931   25.356   20.529   36.729   11.74   14.12   16.56
   17.71   20.85 0.10339D-08  1  0  0.01258  271.45  264.97 0.19207D+15  2.182   25.459   24.885   20.421   36.616   11.77   14.12   16.88
   18.03   21.23 0.10157D-08  1  0  0.01261  271.42  264.96 0.19170D+15  2.182   25.005   24.431   20.316   36.505   11.80   14.12   17.21
   18.35   21.62 0.99805D-09  1  0  0.01264  271.38  264.95 0.19134D+15  2.183   24.567   23.992   20.213   36.396   11.84   14.12   17.53
   18.68   22.01 0.98105D-09  1  0  0.01267  271.35  264.94 0.19099D+15  2.183   24.143   23.569   20.112   36.289   11.87   14.12   17.85
   19.00   22.40 0.96462D-09  1  0  0.01271  271.31  264.92 0.19064D+15  2.183   23.734   23.160   20.012   36.184   11.90   14.12   18.17
   19.32   22.78 0.94874D-09  1  0  0.01274  271.28  264.91 0.19029D+15  2.184   23.339   22.765   19.915   36.080   11.92   14.12   18.49
   19.64   23.17 0.93338D-09  1  0  0.01277  271.25  264.90 0.18995D+15  2.184   22.957   22.383   19.819   35.979   11.95   14.13   18.81
   19.96   23.56 0.91851D-09  1  0  0.01280  271.21  264.88 0.18962D+15  2.184   22.587   22.013   19.725   35.879   11.98   14.13   19.13
   20.29   23.95 0.90412D-09  1  0  0.01283  271.18  264.87 0.18929D+15  2.184   22.228   21.654   19.633   35.781   12.01   14.13   19.45
   20.61   24.33 0.89018D-09  1  0  0.01287  271.14  264.86 0.18897D+15  2.185   21.881   21.307   19.542   35.685   12.04   14.14   19.77
   20.93   24.72 0.87666D-09  1  0  0.01290  271.11  264.84 0.18866D+15  2.185   21.545   20.971   19.453   35.590   12.06   14.14   20.09
   21.25   25.11 0.86356D-09  1  0  0.01293  271.07  264.83 0.18834D+15  2.185   21.218   20.645   19.365   35.497   12.09   14.15   20.41
   21.57   25.49 0.85085D-09  1  0  0.01296  271.04  264.82 0.18804D+15  2.186   20.902   20.328   19.279   35.405   12.12   14.16   20.73
   21.90   25.88 0.83851D-09  1  0  0.01300  271.01  264.80 0.18773D+15  2.186   20.595   20.021   19.194   35.315   12.14   14.16   21.06
   22.22   26.27 0.82653D-09  1  0  0.01303  270.97  264.79 0.18743D+15  2.186   20.296   19.723   19.111   35.226   12.17   14.17   21.38
   22.54   26.66 0.81489D-09  1  0  0.01306  270.94  264.77 0.18714D+15  2.187   20.006   19.433   19.029   35.138   12.19   14.18   21.70
   22.86   27.04 0.80358D-09  1  0  0.01310  270.90  264.76 0.18685D+15  2.187   19.725   19.151   18.948   35.052   12.22   14.18   22.02
   23.18   27.43 0.79258D-09  1  0  0.01313  270.87  264.74 0.18656D+15  2.187   19.451   18.877   18.868   34.967   12.24   14.19   22.34
   23.51   27.82 0.78189D-09  1  0  0.01317  270.83  264.73 0.18628D+15  2.187   19.185   18.611   18.789   34.883   12.27   14.20   22.66
   23.83   28.21 0.77148D-09  1  0  0.01320  270.80  264.71 0.18601D+15  2.188   18.925   18.352   18.712   34.800   12.29   14.21   22.98
   24.15   28.60 0.76135D-09  1  0  0.01323  270.76  264.69 0.18573D+15  2.188   18.673   18.100   18.636   34.719   12.32   14.22   23.30
   24.47   28.98 0.75149D-09  1  0  0.01327  270.73  264.68 0.18546D+15  2.188   18.428   17.854   18.561   34.638   12.34   14.23   23.62
   24.79   29.37 0.74188D-09  1  0  0.01330  270.69  264.66 0.18520D+15  2.189   18.188   17.615   18.486   34.559   12.36   14.24   23.95
   25.12   29.76 0.73253D-09  1  0  0.01334  270.66  264.64 0.18493D+15  2.189   17.955   17.382   18.413   34.481   12.39   14.24   24.27
   25.44   30.15 0.72340D-09  1  0  0.01337  270.62  264.63 0.18467D+15  2.189   17.728   17.155   18.341   34.404   12.41   14.25   24.59
   25.76   30.53 0.71451D-09  1  0  0.01341  270.59  264.61 0.18442D+15  2.190   17.506   16.933   18.270   34.327   12.43   14.26   24.91
   26.08   30.92 0.70583D-09  1  0  0.01344  270.55  264.59 0.18417D+15  2.190   17.290   16.717   18.200   34.252   12.45   14.27   25.23
   26.40   31.31 0.69737D-09  1  0  0.01348  270.52  264.57 0.18392D+15  2.190   17.080   16.507   18.130   34.178   12.47   14.28   25.55
   26.73   31.70 0.68911D-09  1  0  0.01351  270.48  264.56 0.18367D+15  2.190   16.874   16.301   18.062   34.104   12.50   14.29   25.87
   27.05   32.08 0.68105D-09  1  0  0.01355  270.44  264.54 0.18343D+15  2.191   16.673   16.100   17.994   34.031   12.52   14.30   26.19
   27.37   32.47 0.67318D-09  1  0  0.01358  270.41  264.52 0.18319D+15  2.191   16.477   15.904   17.927   33.960   12.54   14.31   26.52
   27.69   32.86 0.66549D-09  1  0  0.01362  270.37  264.50 0.18295D+15  2.191   16.285   15.713   17.861   33.889   12.56   14.33   26.84
   28.01   33.25 0.65797D-09  1  0  0.01366  270.34  264.48 0.18272D+15  2.192   16.098   15.525   17.796   33.819   12.58   14.34   27.16
   28.34   33.63 0.65063D-09  1  0  0.01369  270.30  264.47 0.18249D+15  2.192   15.915   15.343   17.732   33.749   12.60   14.35   27.48
   28.66   34.02 0.64346D-09  1  0  0.01373  270.27  264.45 0.18226D+15  2.192   15.736   15.164   17.668   33.681   12.62   14.36   27.80
   28.98   34.41 0.63644D-09  1  0  0.01377  270.23  264.43 0.18203D+15  2.193   15.561   14.989   17.605   33.613   12.64   14.37   28.12
   29.30   34.80 0.62957D-09  1  0  0.01380  270.19  264.41 0.18181D+15  2.193   15.390   14.818   17.543   33.546   12.66   14.38   28.44
   29.62   35.19 0.62286D-09  1  0  0.01384  270.16  264.39 0.18159D+15  2.193   15.223   14.651   17.482   33.480   12.68   14.39   28.77
   29.95   35.57 0.61629D-09  1  0  0.01388  270.12  264.37 0.18138D+15  2.194   15.059   14.487   17.421   33.414   12.70   14.40   29.09
   30.27   35.96 0.60986D-09  1  0  0.01391  270.09  264.35 0.18116D+15  2.194   14.899   14.327   17.360   33.349   12.72   14.41   29.41
   30.59   36.35 0.60357D-09  1  0  0.01395  270.05  264.33 0.18095D+15  2.194   14.742   14.170   17.301   33.285   12.74   14.42   29.73
   30.91   36.74 0.59740D-09  1  0  0.01399  270.01  264.31 0.18074D+15  2.194   14.589   14.017   17.242   33.221   12.76   14.44   30.05
   31.23   37.12 0.59137D-09  1  0  0.01403  269.98  264.29 0.18053D+15  2.195   14.438   13.866   17.184   33.158   12.78   14.45   30.37
   31.56   37.51 0.58546D-09  1  0  0.01407  269.94  264.27 0.18033D+15  2.195   14.291   13.719   17.126   33.096   12.80   14.46   30.69
   31.88   37.90 0.57966D-09  1  0  0.01411  269.90  264.25 0.18013D+15  2.195   14.147   13.575   17.069   33.034   12.81   14.47   31.02
   32.20   38.29 0.57398D-09  1  0  0.01414  269.87  264.23 0.17993D+15  2.196   14.005   13.433   17.012   32.973   12.83   14.48   31.34
   32.52   38.68 0.56842D-09  1  0  0.01418  269.83  264.21 0.17973D+15  2.196   13.866   13.294   16.956   32.912   12.85   14.49   31.66
   32.84   39.06 0.56296D-09  1  0  0.01422  269.80  264.19 0.17954D+15  2.196   13.730   13.159   16.901   32.852   12.87   14.51   31.98
   33.17   39.45 0.55761D-09  1  0  0.01426  269.76  264.17 0.17934D+15  2.197   13.597   13.025   16.846   32.793   12.89   14.52   32.30
   33.49   39.84 0.55237D-09  1  0  0.01430  269.72  264.15 0.17915D+15  2.197   13.466   12.894   16.791   32.734   12.90   14.53   32.62
   33.81   40.23 0.54722D-09  1  0  0.01434  269.69  264.12 0.17897D+15  2.197   13.338   12.766   16.737   32.676   12.92   14.54   32.95
   34.13   40.61 0.54217D-09  1  0  0.01438  269.65  264.10 0.17878D+15  2.198   13.212   12.640   16.684   32.618   12.94   14.55   33.27
   34.45   41.00 0.53721D-09  1  0  0.01442  269.61  264.08 0.17860D+15  2.198   13.088   12.517   16.631   32.560   12.96   14.57   33.59
   34.78   41.39 0.53235D-09  1  0  0.01446  269.57  264.06 0.17841D+15  2.198   12.967   12.396   16.578   32.503   12.97   14.58   33.91
   35.10   41.78 0.52758D-09  1  0  0.01450  269.54  264.04 0.17823D+15  2.199   12.848   12.277   16.526   32.447   12.99   14.59   34.23
   35.42   42.17 0.52289D-09  1  0  0.01454  269.50  264.02 0.17806D+15  2.199   12.731   12.160   16.475   32.391   13.01   14.60   34.55
   35.74   42.55 0.51829D-09  1  0  0.01458  269.46  263.99 0.17788D+15  2.199   12.616   12.045   16.424   32.336   13.02   14.61   34.88
   36.06   42.94 0.51377D-09  1  0  0.01462  269.43  263.97 0.17771D+15  2.199   12.503   11.932   16.373   32.281   13.04   14.63   35.20
   36.39   43.33 0.50932D-09  1  0  0.01466  269.39  263.95 0.17754D+15  2.200   12.393   11.822   16.323   32.226   13.06   14.64   35.52
   36.71   43.72 0.50496D-09  1  0  0.01471  269.35  263.93 0.17737D+15  2.200   12.284   11.713   16.273   32.172   13.07   14.65   35.84
   37.03   44.11 0.50068D-09  1  0  0.01475  269.31  263.90 0.17720D+15  2.200   12.177   11.606   16.223   32.118   13.09   14.66   36.16
   37.35   44.49 0.49646D-09  1  0  0.01479  269.28  263.88 0.17703D+15  2.201   12.072   11.501   16.174   32.065   13.11   14.68   36.48
   37.67   44.88 0.49232D-09  1  0  0.01483  269.24  263.86 0.17687D+15  2.201   11.969   11.398   16.126   32.012   13.12   14.69   36.81
   38.00   45.27 0.48825D-09  1  0  0.01487  269.20  263.84 0.17671D+15  2.201   11.867   11.296   16.077   31.960   13.14   14.70   37.13
   38.32   45.66 0.48425D-09  1  0  0.01492  269.16  263.81 0.17655D+15  2.202   11.767   11.197   16.029   31.907   13.15   14.71   37.45
   38.64   46.05 0.48031D-09  1  0  0.01496  269.13  263.79 0.17639D+15  2.202   11.669   11.098   15.982   31.856   13.17   14.72   37.77
   38.96   46.43 0.47644D-09  1  0  0.01500  269.09  263.77 0.17623D+15  2.202   11.572   11.002   15.935   31.804   13.18   14.74   38.09
   39.28   46.82 0.47264D-09  1  0  0.01505  269.05  263.74 0.17608D+15  2.203   11.477   10.907   15.888   31.753   13.20   14.75   38.41
   39.61   47.21 0.46889D-09  1  0  0.01509  269.01  263.72 0.17592D+15  2.203   11.384   10.814   15.841   31.703   13.21   14.76   38.74
   39.93   47.60 0.46521D-09  1  0  0.01513  268.97  263.69 0.17577D+15  2.203   11.292   10.722   15.795   31.653   13.23   14.77   39.06
   40.25   47.99 0.46158D-09  1  0  0.01518  268.94  263.67 0.17562D+15  2.204   11.201   10.631   15.749   31.603   13.25   14.79   39.38
   40.57   48.37 0.45801D-09  1  0  0.01522  268.90  263.65 0.17547D+15  2.204   11.112   10.542   15.703   31.553   13.26   14.80   39.70
   40.89   48.76 0.45450D-09  1  0  0.01527  268.86  263.62 0.17533D+15  2.204   11.025   10.455   15.658   31.504   13.27   14.81   40.02
   41.22   49.15 0.45104D-09  1  0  0.01531  268.82  263.60 0.17518D+15  2.205   10.938   10.368   15.613   31.455   13.29   14.82   40.35
   41.54   49.54 0.44764D-09  1  0  0.01536  268.78  263.57 0.17504D+15  2.205   10.853   10.283   15.569   31.406   13.30   14.84   40.67
   41.86   49.93 0.44429D-09  1  0  0.01540  268.74  263.55 0.17490D+15  2.205   10.770   10.200   15.524   31.358   13.32   14.85   40.99
   42.18   50.31 0.44099D-09  1  0  0.01545  268.70  263.52 0.17476D+15  2.206   10.687   10.118   15.480   31.310   13.33   14.86   41.31
   42.50   50.70 0.43774D-09  1  0  0.01549  268.67  263.50 0.17462D+15  2.206   10.606   10.036   15.436   31.263   13.35   14.87   41.63
   42.83   51.09 0.43454D-09  1  0  0.01554  268.63  263.48 0.17448D+15  2.206   10.526    9.957   15.393   31.215   13.36   14.89   41.96
   43.15   51.48 0.43139D-09  1  0  0.01558  268.59  263.45 0.17435D+15  2.207   10.448    9.878   15.350   31.168   13.38   14.90   42.28
   43.47   51.87 0.42828D-09  1  0  0.01563  268.55  263.43 0.17421D+15  2.207   10.370    9.800   15.307   31.121   13.39   14.91   42.60
   43.79   52.25 0.42522D-09  1  0  0.01568  268.51  263.40 0.17408D+15  2.207   10.294    9.724   15.264   31.075   13.40   14.92   42.92
   44.11   52.64 0.42220D-09  1  0  0.01572  268.47  263.37 0.17395D+15  2.208   10.218    9.649   15.222   31.029   13.42   14.94   43.24
   44.44   53.03 0.41923D-09  1  0  0.01577  268.43  263.35 0.17382D+15  2.208   10.144    9.575   15.179   30.983   13.43   14.95   43.56
   44.76   53.42 0.41630D-09  1  0  0.01582  268.39  263.32 0.17370D+15  2.208   10.071    9.502   15.137   30.937   13.45   14.96   43.89
   45.08   53.81 0.41341D-09  1  0  0.01587  268.35  263.30 0.17357D+15  2.209    9.999    9.429   15.096   30.892   13.46   14.97   44.21
   45.40   54.19 0.41057D-09  1  0  0.01591  268.31  263.27 0.17345D+15  2.209    9.927    9.358   15.054   30.847   13.47   14.99   44.53
   45.72   54.58 0.40776D-09  1  0  0.01596  268.28  263.25 0.17332D+15  2.209    9.857    9.288   15.013   30.802   13.49   15.00   44.85
   46.05   54.97 0.40499D-09  1  0  0.01601  268.24  263.22 0.17320D+15  2.210    9.788    9.219   14.972   30.757   13.50   15.01   45.17
   46.37   55.36 0.40227D-09  1  0  0.01606  268.20  263.19 0.17308D+15  2.210    9.720    9.151   14.931   30.713   13.51   15.02   45.50
   46.69   55.75 0.39957D-09  1  0  0.01611  268.16  263.17 0.17296D+15  2.210    9.653    9.084   14.891   30.669   13.53   15.04   45.82
   47.01   56.13 0.39692D-09  1  0  0.01616  268.12  263.14 0.17285D+15  2.211    9.586    9.018   14.850   30.625   13.54   15.05   46.14
   47.33   56.52 0.39430D-09  1  0  0.01621  268.08  263.12 0.17273D+15  2.211    9.521    8.952   14.810   30.581   13.55   15.06   46.46
   47.66   56.91 0.39172D-09  1  0  0.01626  268.04  263.09 0.17262D+15  2.211    9.456    8.888   14.770   30.537   13.57   15.07   46.78
   47.98   57.30 0.38917D-09  1  0  0.01631  268.00  263.06 0.17250D+15  2.212    9.393    8.824   14.730   30.494   13.58   15.09   47.11
   48.30   57.69 0.38666D-09  1  0  0.01636  267.96  263.04 0.17239D+15  2.212    9.330    8.761   14.691   30.451   13.59   15.10   47.43
   48.62   58.07 0.38418D-09  1  0  0.01641  267.92  263.01 0.17228D+15  2.213    9.268    8.699   14.651   30.408   13.61   15.11   47.75
   48.94   58.46 0.38173D-09  1  0  0.01646  267.88  262.98 0.17217D+15  2.213    9.207    8.638   14.612   30.366   13.62   15.13   48.07
   49.27   58.85 0.37931D-09  1  0  0.01651  267.84  262.95 0.17207D+15  2.213    9.146    8.578   14.573   30.323   13.63   15.14   48.39
   49.59   59.24 0.37693D-09  1  0  0.01656  267.80  262.93 0.17196D+15  2.214    9.086    8.518   14.534   30.281   13.65   15.15   48.72
   49.91   59.63 0.37458D-09  1  0  0.01662  267.75  262.90 0.17186D+15  2.214    9.028    8.460   14.496   30.239   13.66   15.16   49.04
   50.23   60.01 0.37225D-09  1  0  0.01667  267.71  262.87 0.17176D+15  2.214    8.969    8.402   14.457   30.197   13.67   15.18   49.36
   50.55   60.40 0.36996D-09  1  0  0.01672  267.67  262.84 0.17165D+15  2.215    8.912    8.344   14.419   30.156   13.68   15.19   49.68
   50.88   60.79 0.36769D-09  1  0  0.01677  267.63  262.82 0.17155D+15  2.215    8.855    8.288   14.381   30.114   13.70   15.20   50.00
   51.20   61.18 0.36546D-09  1  0  0.01683  267.59  262.79 0.17146D+15  2.215    8.799    8.232   14.343   30.073   13.71   15.21   50.33
   51.52   61.57 0.36325D-09  1  0  0.01688  267.55  262.76 0.17136D+15  2.216    8.744    8.177   14.305   30.032   13.72   15.23   50.65
   51.84   61.96 0.36107D-09  1  0  0.01693  267.51  262.73 0.17126D+15  2.216    8.690    8.122   14.267   29.991   13.73   15.24   50.97
   52.16   62.34 0.35891D-09  1  0  0.01699  267.47  262.71 0.17117D+15  2.216    8.636    8.068   14.230   29.950   13.75   15.25   51.29
   52.49   62.73 0.35679D-09  1  0  0.01704  267.43  262.68 0.17107D+15  2.217    8.582    8.015   14.193   29.910   13.76   15.27   51.62
   52.81   63.12 0.35468D-09  1  0  0.01710  267.39  262.65 0.17098D+15  2.217    8.530    7.962   14.155   29.869   13.77   15.28   51.94
   53.13   63.51 0.35261D-09  1  0  0.01715  267.34  262.62 0.17089D+15  2.217    8.478    7.911   14.118   29.829   13.78   15.29   52.26
   53.45   63.90 0.35056D-09  1  0  0.01721  267.30  262.59 0.17080D+15  2.218    8.426    7.859   14.081   29.789   13.79   15.30   52.58
   53.77   64.28 0.34853D-09  1  0  0.01727  267.26  262.56 0.17071D+15  2.218    8.376    7.809   14.045   29.749   13.81   15.32   52.90
   54.10   64.67 0.34653D-09  1  0  0.01732  267.22  262.53 0.17063D+15  2.219    8.326    7.759   14.008   29.709   13.82   15.33   53.23
   54.42   65.06 0.34455D-09  1  0  0.01738  267.18  262.51 0.17054D+15  2.219    8.276    7.709   13.971   29.670   13.83   15.34   53.55
   54.74   65.45 0.34259D-09  1  0  0.01743  267.14  262.48 0.17046D+15  2.219    8.227    7.660   13.935   29.630   13.84   15.35   53.87
   55.06   65.84 0.34066D-09  1  0  0.01749  267.09  262.45 0.17038D+15  2.220    8.179    7.612   13.899   29.591   13.85   15.37   54.19
   55.38   66.22 0.33875D-09  1  0  0.01755  267.05  262.42 0.17029D+15  2.220    8.131    7.564   13.863   29.552   13.87   15.38   54.51
   55.71   66.61 0.33686D-09  1  0  0.01761  267.01  262.39 0.17022D+15  2.220    8.083    7.517   13.827   29.513   13.88   15.39   54.84
   56.03   67.00 0.33500D-09  1  0  0.01767  266.97  262.36 0.17014D+15  2.221    8.037    7.470   13.791   29.474   13.89   15.41   55.16
   56.35   67.39 0.33315D-09  1  0  0.01772  266.93  262.33 0.17006D+15  2.221    7.990    7.424   13.755   29.435   13.90   15.42   55.48
   56.67   67.78 0.33133D-09  1  0  0.01778  266.88  262.30 0.16998D+15  2.221    7.945    7.378   13.719   29.397   13.91   15.43   55.80
   56.99   68.17 0.32953D-09  1  0  0.01784  266.84  262.27 0.16991D+15  2.222    7.899    7.333   13.684   29.358   13.93   15.44   56.13
   57.32   68.55 0.32774D-09  1  0  0.01790  266.80  262.24 0.16984D+15  2.222    7.855    7.289   13.648   29.320   13.94   15.46   56.45
   57.64   68.94 0.32598D-09  1  0  0.01796  266.75  262.21 0.16976D+15  2.223    7.811    7.244   13.613   29.282   13.95   15.47   56.77
   57.96   69.33 0.32424D-09  1  0  0.01802  266.71  262.18 0.16969D+15  2.223    7.767    7.201   13.578   29.244   13.96   15.48   57.09
   58.28   69.72 0.32251D-09  1  0  0.01808  266.67  262.15 0.16962D+15  2.223    7.724    7.158   13.543   29.206   13.97   15.50   57.41
   58.60   70.11 0.32081D-09  1  0  0.01815  266.63  262.12 0.16956D+15  2.224    7.681    7.115   13.508   29.168   13.98   15.51   57.74
   58.93   70.49 0.31912D-09  1  0  0.01821  266.58  262.09 0.16949D+15  2.224    7.638    7.073   13.473   29.130   14.00   15.52   58.06
   59.25   70.88 0.31745D-09  1  0  0.01827  266.54  262.06 0.16942D+15  2.224    7.597    7.031   13.438   29.092   14.01   15.53   58.38
   59.57   71.27 0.31580D-09  1  0  0.01833  266.50  262.03 0.16936D+15  2.225    7.555    6.990   13.403   29.055   14.02   15.55   58.70
   59.89   71.66 0.31417D-09  1  0  0.01840  266.45  262.00 0.16930D+15  2.225    7.514    6.949   13.368   29.018   14.03   15.56   59.03
   60.21   72.05 0.31256D-09  1  0  0.01846  266.41  261.97 0.16924D+15  2.226    7.474    6.908   13.334   28.980   14.04   15.57   59.35
   60.54   72.44 0.31096D-09  1  0  0.01852  266.36  261.94 0.16918D+15  2.226    7.434    6.868   13.299   28.943   14.05   15.59   59.67
   60.86   72.82 0.30938D-09  1  0  0.01859  266.32  261.90 0.16912D+15  2.226    7.394    6.829   13.265   28.906   14.06   15.60   59.99
   61.18   73.21 0.30781D-09  1  0  0.01865  266.28  261.87 0.16906D+15  2.227    7.355    6.789   13.230   28.869   14.07   15.61   60.31
   61.50   73.60 0.30627D-09  1  0  0.01872  266.23  261.84 0.16900D+15  2.227    7.316    6.751   13.196   28.832   14.09   15.63   60.64
   61.82   73.99 0.30474D-09  1  0  0.01878  266.19  261.81 0.16895D+15  2.228    7.277    6.712   13.162   28.795   14.10   15.64   60.96
   62.15   74.38 0.30322D-09  1  0  0.01885  266.14  261.78 0.16890D+15  2.228    7.239    6.674   13.128   28.759   14.11   15.65   61.28
   62.47   74.77 0.30172D-09  1  0  0.01891  266.10  261.75 0.16885D+15  2.228    7.202    6.637   13.094   28.722   14.12   15.67   61.60
   62.79   75.15 0.30024D-09  1  0  0.01898  266.06  261.72 0.16879D+15  2.229    7.164    6.599   13.060   28.686   14.13   15.68   61.93
   63.11   75.54 0.29877D-09  1  0  0.01905  266.01  261.68 0.16875D+15  2.229    7.127    6.563   13.026   28.649   14.14   15.69   62.25
   63.43   75.93 0.29731D-09  1  0  0.01912  265.97  261.65 0.16870D+15  2.229    7.091    6.526   12.992   28.613   14.15   15.70   62.57
   63.76   76.32 0.29587D-09  1  0  0.01918  265.92  261.62 0.16865D+15  2.230    7.054    6.490   12.958   28.577   14.16   15.72   62.89
   64.08   76.71 0.29445D-09  1  0  0.01925  265.88  261.59 0.16861D+15  2.230    7.019    6.454   12.924   28.540   14.17   15.73   63.21
   64.40   77.09 0.29304D-09  1  0  0.01932  265.83  261.56 0.16856D+15  2.231    6.983    6.419   12.891   28.504   14.19   15.74   63.54
   64.72   77.48 0.29164D-09  1  0  0.01939  265.79  261.52 0.16852D+15  2.231    6.948    6.384   12.857   28.468   14.20   15.76   63.86
   65.04   77.87 0.29026D-09  1  0  0.01946  265.74  261.49 0.16848D+15  2.231    6.913    6.349   12.823   28.432   14.21   15.77   64.18
   65.37   78.26 0.28889D-09  1  0  0.01953  265.70  261.46 0.16844D+15  2.232    6.879    6.315   12.790   28.397   14.22   15.78   64.50
   65.69   78.65 0.28753D-09  1  0  0.01960  265.65  261.42 0.16840D+15  2.232    6.845    6.281   12.756   28.361   14.23   15.80   64.83
   66.01   79.04 0.28619D-09  1  0  0.01967  265.60  261.39 0.16837D+15  2.233    6.811    6.247   12.723   28.325   14.24   15.81   65.15
   66.33   79.42 0.28486D-09  1  0  0.01975  265.56  261.36 0.16833D+15  2.233    6.777    6.214   12.690   28.289   14.25   15.82   65.47
   66.65   79.81 0.28354D-09  1  0  0.01982  265.51  261.33 0.16830D+15  2.233    6.744    6.181   12.656   28.254   14.26   15.84   65.79
   66.98   80.20 0.28224D-09  1  0  0.01989  265.47  261.29 0.16826D+15  2.234    6.711    6.148   12.623   28.218   14.27   15.85   66.12
   67.30   80.59 0.28095D-09  1  0  0.01996  265.42  261.26 0.16823D+15  2.234    6.679    6.115   12.590   28.183   14.28   15.86   66.44
   67.62   80.98 0.27967D-09  1  0  0.02004  265.37  261.22 0.16820D+15  2.235    6.647    6.083   12.556   28.148   14.30   15.88   66.76
   67.94   81.37 0.27840D-09  1  0  0.02011  265.33  261.19 0.16818D+15  2.235    6.615    6.051   12.523   28.112   14.31   15.89   67.08
   68.26   81.75 0.27714D-09  1  0  0.02019  265.28  261.16 0.16815D+15  2.235    6.583    6.020   12.490   28.077   14.32   15.90   67.41
   68.59   82.14 0.27590D-09  1  0  0.02026  265.23  261.12 0.16812D+15  2.236    6.552    5.989   12.457   28.042   14.33   15.92   67.73
   68.91   82.53 0.27467D-09  1  0  0.02034  265.19  261.09 0.16810D+15  2.236    6.521    5.958   12.424   28.007   14.34   15.93   68.05
   69.23   82.92 0.27345D-09  1  0  0.02041  265.14  261.06 0.16808D+15  2.237    6.490    5.927   12.391   27.971   14.35   15.95   68.37
   69.55   83.31 0.27224D-09  1  0  0.02049  265.09  261.02 0.16806D+15  2.237    6.459    5.897   12.358   27.936   14.36   15.96   68.69
   69.87   83.70 0.27104D-09  1  0  0.02057  265.05  260.99 0.16804D+15  2.237    6.429    5.866   12.325   27.901   14.37   15.97   69.02
   70.20   84.08 0.26985D-09  1  0  0.02065  265.00  260.95 0.16802D+15  2.238    6.399    5.837   12.292   27.866   14.38   15.99   69.34
   70.52   84.47 0.26868D-09  1  0  0.02073  264.95  260.92 0.16800D+15  2.238    6.370    5.807   12.259   27.831   14.39   16.00   69.66
   70.84   84.86 0.26751D-09  1  0  0.02081  264.90  260.88 0.16799D+15  2.239    6.340    5.778   12.226   27.797   14.40   16.01   69.98
   71.16   85.25 0.26636D-09  1  0  0.02089  264.86  260.85 0.16798D+15  2.239    6.311    5.749   12.193   27.762   14.41   16.03   70.31
   71.48   85.64 0.26521D-09  1  0  0.02097  264.81  260.81 0.16796D+15  2.240    6.282    5.720   12.160   27.727   14.43   16.04   70.63
   71.81   86.03 0.26408D-09  1  0  0.02105  264.76  260.78 0.16795D+15  2.240    6.253    5.691   12.127   27.692   14.44   16.06   70.95
   72.13   86.41 0.26296D-09  1  0  0.02113  264.71  260.74 0.16795D+15  2.240    6.225    5.663   12.094   27.657   14.45   16.07   71.27
   72.45   86.80 0.26184D-09  1  0  0.02121  264.66  260.71 0.16794D+15  2.241    6.197    5.635   12.061   27.623   14.46   16.08   71.60
   72.77   87.19 0.26074D-09  1  0  0.02129  264.62  260.67 0.16793D+15  2.241    6.169    5.607   12.028   27.588   14.47   16.10   71.92
   73.09   87.58 0.25964D-09  1  0  0.02138  264.57  260.64 0.16793D+15  2.242    6.141    5.580   11.995   27.553   14.48   16.11   72.24
   73.42   87.97 0.25856D-09  1  0  0.02146  264.52  260.60 0.16793D+15  2.242    6.114    5.552   11.962   27.519   14.49   16.13   72.56
   73.74   88.36 0.25748D-09  1  0  0.02155  264.47  260.56 0.16793D+15  2.243    6.087    5.525   11.929   27.484   14.50   16.14   72.89
   74.06   88.74 0.25642D-09  1  0  0.02163  264.42  260.53 0.16793D+15  2.243    6.060    5.498   11.896   27.450   14.51   16.15   73.21
   74.38   89.13 0.25536D-09  1  0  0.02172  264.37  260.49 0.16793D+15  2.243    6.033    5.472   11.864   27.415   14.52   16.17   73.53
   74.70   89.52 0.25432D-09  1  0  0.02180  264.32  260.46 0.16794D+15  2.244    6.007    5.445   11.831   27.381   14.53   16.18   73.85
   75.03   89.91 0.25328D-09  1  0  0.02189  264.27  260.42 0.16794D+15  2.244    5.980    5.419   11.798   27.346   14.54   16.20   74.18
   75.35   90.30 0.25225D-09  1  0  0.02198  264.22  260.38 0.16795D+15  2.245    5.954    5.393   11.765   27.312   14.55   16.21   74.50
   75.67   90.69 0.25123D-09  1  0  0.02207  264.17  260.35 0.16796D+15  2.245    5.928    5.367   11.732   27.277   14.57   16.22   74.82
   75.99   91.07 0.25021D-09  1  0  0.02216  264.12  260.31 0.16797D+15  2.246    5.903    5.342   11.699   27.243   14.58   16.24   75.14
   76.31   91.46 0.24921D-09  1  0  0.02225  264.07  260.27 0.16799D+15  2.246    5.877    5.317   11.666   27.208   14.59   16.25   75.47
   76.64   91.85 0.24822D-09  1  0  0.02234  264.02  260.23 0.16800D+15  2.246    5.852    5.292   11.633   27.174   14.60   16.27   75.79
   76.96   92.24 0.24723D-09  1  0  0.02243  263.97  260.20 0.16802D+15  2.247    5.827    5.267   11.600   27.140   14.61   16.28   76.11
   77.28   92.63 0.24625D-09  1  0  0.02252  263.92  260.16 0.16804D+15  2.247    5.802    5.242   11.567   27.105   14.62   16.30   76.43
   77.60   93.02 0.24528D-09  1  0  0.02261  263.87  260.12 0.16806D+15  2.248    5.778    5.217   11.534   27.071   14.63   16.31   76.76
   77.92   93.40 0.24432D-09  1  0  0.02271  263.82  260.08 0.16808D+15  2.248    5.753    5.193   11.501   27.037   14.64   16.33   77.08
   78.25   93.79 0.24336D-09  1  0  0.02280  263.77  260.05 0.16810D+15  2.249    5.729    5.169   11.468   27.002   14.65   16.34   77.40
   78.57   94.18 0.24242D-09  1  0  0.02290  263.72  260.01 0.16813D+15  2.249    5.705    5.145   11.435   26.968   14.66   16.36   77.72
   78.89   94.57 0.24148D-09  1  0  0.02299  263.67  259.97 0.16816D+15  2.250    5.681    5.121   11.401   26.933   14.67   16.37   78.05
   79.21   94.96 0.24055D-09  1  0  0.02309  263.61  259.93 0.16819D+15  2.250    5.657    5.098   11.368   26.899   14.68   16.39   78.37
   79.53   95.35 0.23962D-09  1  0  0.02319  263.56  259.89 0.16822D+15  2.250    5.634    5.074   11.335   26.865   14.70   16.40   78.69
   79.86   95.74 0.23871D-09  1  0  0.02328  263.51  259.85 0.16825D+15  2.251    5.611    5.051   11.302   26.830   14.71   16.41   79.01
   80.18   96.12 0.23780D-09  1  0  0.02338  263.46  259.82 0.16829D+15  2.251    5.588    5.028   11.268   26.796   14.72   16.43   79.34
   80.50   96.51 0.23690D-09  1  0  0.02348  263.41  259.78 0.16832D+15  2.252    5.565    5.006   11.235   26.762   14.73   16.44   79.66
   80.82   96.90 0.23600D-09  1  0  0.02358  263.35  259.74 0.16836D+15  2.252    5.542    4.983   11.202   26.727   14.74   16.46   79.98
   81.14   97.29 0.23512D-09  1  0  0.02368  263.30  259.70 0.16840D+15  2.253    5.519    4.960   11.168   26.693   14.75   16.48   80.31
   81.47   97.68 0.23424D-09  1  0  0.02379  263.25  259.66 0.16845D+15  2.253    5.497    4.938   11.135   26.658   14.76   16.49   80.63
   81.79   98.07 0.23336D-09  1  0  0.02389  263.19  259.62 0.16849D+15  2.254    5.475    4.916   11.101   26.624   14.77   16.51   80.95
   82.11   98.45 0.23250D-09  1  0  0.02399  263.14  259.58 0.16854D+15  2.254    5.453    4.894   11.068   26.589   14.78   16.52   81.27
   82.43   98.84 0.23164D-09  1  0  0.02410  263.09  259.54 0.16859D+15  2.255    5.431    4.872   11.034   26.555   14.79   16.54   81.60
   82.75   99.23 0.23078D-09  1  0  0.02420  263.03  259.50 0.16864D+15  2.255    5.409    4.851   11.001   26.520   14.81   16.55   81.92
   83.08   99.62 0.22994D-09  1  0  0.02431  262.98  259.46 0.16870D+15  2.256    5.387    4.829   10.967   26.486   14.82   16.57   82.24
   83.40  100.01 0.22910D-09  1  0  0.02442  262.93  259.42 0.16875D+15  2.256    5.366    4.808   10.933   26.451   14.83   16.58   82.56
   83.72  100.40 0.22826D-09  1  0  0.02453  262.87  259.38 0.16881D+15  2.257    5.345    4.787   10.899   26.417   14.84   16.60   82.89
   84.04  100.79 0.22744D-09  1  0  0.02464  262.82  259.34 0.16887D+15  2.257    5.324    4.766   10.865   26.382   14.85   16.61   83.21
   84.36  101.17 0.22662D-09  1  0  0.02475  262.76  259.30 0.16894D+15  2.257    5.303    4.745   10.831   26.348   14.86   16.63   83.53
   84.69  101.56 0.22580D-09  1  0  0.02486  262.71  259.26 0.16900D+15  2.258    5.282    4.724   10.797   26.313   14.87   16.65   83.85
   85.01  101.95 0.22499D-09  1  0  0.02497  262.65  259.22 0.16907D+15  2.258    5.261    4.704   10.763   26.278   14.88   16.66   84.18
   85.33  102.34 0.22419D-09  1  0  0.02508  262.60  259.17 0.16914D+15  2.259    5.241    4.683   10.729   26.243   14.90   16.68   84.50
   85.65  102.73 0.22340D-09  1  0  0.02519  262.54  259.13 0.16921D+15  2.259    5.220    4.663   10.695   26.209   14.91   16.69   84.82
   85.97  103.12 0.22261D-09  1  0  0.02531  262.49  259.09 0.16929D+15  2.260    5.200    4.643   10.660   26.174   14.92   16.71   85.15
   86.30  103.51 0.22182D-09  1  0  0.02543  262.43  259.05 0.16936D+15  2.260    5.180    4.623   10.626   26.139   14.93   16.73   85.47
   86.62  103.89 0.22104D-09  1  0  0.02554  262.37  259.01 0.16944D+15  2.261    5.160    4.603   10.592   26.104   14.94   16.74   85.79
   86.94  104.28 0.22027D-09  1  0  0.02566  262.32  258.96 0.16953D+15  2.261    5.141    4.584   10.557   26.069   14.95   16.76   86.11
   87.26  104.67 0.21951D-09  1  0  0.02578  262.26  258.92 0.16961D+15  2.262    5.121    4.564   10.522   26.034   14.97   16.78   86.44
   87.58  105.06 0.21874D-09  1  0  0.02590  262.20  258.88 0.16970D+15  2.262    5.101    4.545   10.488   25.999   14.98   16.79   86.76
   87.91  105.45 0.21799D-09  1  0  0.02602  262.15  258.84 0.16979D+15  2.263    5.082    4.526   10.453   25.964   14.99   16.81   87.08
   88.23  105.84 0.21724D-09  1  0  0.02614  262.09  258.79 0.16988D+15  2.263    5.063    4.507   10.418   25.929   15.00   16.83   87.41
   88.55  106.23 0.21649D-09  1  0  0.02627  262.03  258.75 0.16998D+15  2.264    5.044    4.488   10.383   25.894   15.01   16.84   87.73
   88.87  106.61 0.21576D-09  1  0  0.02639  261.97  258.71 0.17007D+15  2.264    5.025    4.469   10.348   25.858   15.02   16.86   88.05
   89.19  107.00 0.21502D-09  1  0  0.02652  261.92  258.66 0.17018D+15  2.265    5.006    4.450   10.313   25.823   15.04   16.88   88.37
   89.52  107.39 0.21429D-09  1  0  0.02664  261.86  258.62 0.17028D+15  2.265    4.987    4.432   10.277   25.788   15.05   16.89   88.70
   89.84  107.78 0.21357D-09  1  0  0.02677  261.80  258.58 0.17039D+15  2.266    4.969    4.413   10.242   25.752   15.06   16.91   89.02
   90.16  108.17 0.21285D-09  1  0  0.02690  261.74  258.53 0.17050D+15  2.266    4.950    4.395   10.206   25.717   15.07   16.93   89.34
   90.48  108.56 0.21214D-09  1  0  0.02703  261.68  258.49 0.17061D+15  2.267    4.932    4.377   10.171   25.681   15.08   16.95   89.67
   90.80  108.95 0.21143D-09  1  0  0.02716  261.62  258.44 0.17072D+15  2.268    4.914    4.359   10.135   25.646   15.10   16.96   89.99
   91.13  109.33 0.21073D-09  1  0  0.02729  261.56  258.40 0.17084D+15  2.268    4.895    4.341   10.099   25.610   15.11   16.98   90.31
   91.45  109.72 0.21003D-09  1  0  0.02743  261.50  258.35 0.17096D+15  2.269    4.877    4.323   10.063   25.574   15.12   17.00   90.63
   91.77  110.11 0.20934D-09  1  0  0.02756  261.44  258.31 0.17109D+15  2.269    4.860    4.305   10.027   25.538   15.13   17.02   90.96
   92.09  110.50 0.20865D-09  1  0  0.02770  261.38  258.26 0.17122D+15  2.270    4.842    4.287    9.991   25.502   15.14   17.03   91.28
   92.41  110.89 0.20797D-09  1  0  0.02784  261.32  258.22 0.17135D+15  2.270    4.824    4.270    9.955   25.466   15.16   17.05   91.60
   92.74  111.28 0.20729D-09  1  0  0.02798  261.26  258.17 0.17148D+15  2.271    4.807    4.253    9.918   25.430   15.17   17.07   91.93
   93.06  111.67 0.20661D-09  1  0  0.02812  261.20  258.13 0.17162D+15  2.271    4.789    4.235    9.881   25.394   15.18   17.09   92.25
   93.38  112.05 0.20595D-09  1  0  0.02826  261.14  258.08 0.17176D+15  2.272    4.772    4.218    9.845   25.357   15.19   17.11   92.57
   93.70  112.44 0.20528D-09  1  0  0.02840  261.07  258.03 0.17191D+15  2.272    4.755    4.201    9.808   25.321   15.21   17.13   92.90
   94.02  112.83 0.20462D-09  1  0  0.02855  261.01  257.99 0.17205D+15  2.273    4.738    4.184    9.771   25.285   15.22   17.14   93.22
   94.35  113.22 0.20397D-09  1  0  0.02869  260.95  257.94 0.17221D+15  2.273    4.721    4.167    9.734   25.248   15.23   17.16   93.54
   94.67  113.61 0.20331D-09  1  0  0.02884  260.89  257.89 0.17236D+15  2.274    4.704    4.151    9.696   25.211   15.25   17.18   93.86
   94.99  114.00 0.20267D-09  1  0  0.02899  260.82  257.85 0.17252D+15  2.275    4.687    4.134    9.659   25.175   15.26   17.20   94.19
   95.31  114.39 0.20203D-09  1  0  0.02914  260.76  257.80 0.17268D+15  2.275    4.671    4.118    9.621   25.138   15.27   17.22   94.51
   95.63  114.78 0.20139D-09  1  0  0.02929  260.70  257.75 0.17285D+15  2.276    4.654    4.101    9.584   25.101   15.29   17.24   94.83
   95.96  115.16 0.20075D-09  1  0  0.02944  260.63  257.70 0.17302D+15  2.276    4.638    4.085    9.546   25.064   15.30   17.26   95.16
   96.28  115.55 0.20012D-09  1  0  0.02960  260.57  257.65 0.17319D+15  2.277    4.621    4.069    9.508   25.026   15.31   17.28   95.48
   96.60  115.94 0.19950D-09  1  0  0.02975  260.50  257.61 0.17337D+15  2.277    4.605    4.053    9.469   24.989   15.32   17.30   95.80
   96.92  116.33 0.19888D-09  1  0  0.02991  260.44  257.56 0.17355D+15  2.278    4.589    4.037    9.431   24.952   15.34   17.32   96.13
   97.24  116.72 0.19826D-09  1  0  0.03007  260.37  257.51 0.17374D+15  2.279    4.573    4.021    9.392   24.914   15.35   17.34   96.45
   97.57  117.11 0.19765D-09  1  0  0.03023  260.31  257.46 0.17393D+15  2.279    4.557    4.005    9.354   24.876   15.37   17.36   96.77
   97.89  117.50 0.19704D-09  1  0  0.03040  260.24  257.41 0.17412D+15  2.280    4.541    3.989    9.315   24.838   15.38   17.38   97.10
   98.21  117.89 0.19644D-09  1  0  0.03056  260.18  257.36 0.17432D+15  2.280    4.525    3.974    9.275   24.800   15.39   17.40   97.42
   98.53  118.28 0.19584D-09  1  0  0.03073  260.11  257.31 0.17453D+15  2.281    4.510    3.958    9.236   24.762   15.41   17.42   97.74
   98.85  118.66 0.19524D-09  1  0  0.03090  260.04  257.26 0.17473D+15  2.282    4.494    3.943    9.197   24.724   15.42   17.44   98.07
   99.18  119.05 0.19465D-09  1  0  0.03106  259.97  257.21 0.17495D+15  2.282    4.478    3.927    9.157   24.686   15.43   17.46   98.39
   99.50  119.44 0.19406D-09  1  0  0.03124  259.91  257.16 0.17516D+15  2.283    4.463    3.912    9.117   24.647   15.45   17.48   98.71
   99.82  119.83 0.19347D-09  1  0  0.03141  259.84  257.11 0.17539D+15  2.283    4.448    3.897    9.077   24.609   15.46   17.50   99.04
  100.14  120.22 0.19289D-09  1  0  0.03159  259.77  257.06 0.17561D+15  2.284    4.432    3.882    9.037   24.570   15.48   17.52   99.36
  100.46  120.61 0.19231D-09  1  0  0.03176  259.70  257.00 0.17585D+15  2.285    4.417    3.867    8.996   24.531   15.49   17.54   99.68
  100.79  121.00 0.19174D-09  1  0  0.03194  259.63  256.95 0.17608D+15  2.285    4.402    3.852    8.955   24.492   15.51   17.57  100.01
  101.11  121.39 0.19117D-09  1  0  0.03212  259.56  256.90 0.17632D+15  2.286    4.387    3.837    8.914   24.452   15.52   17.59  100.33
  101.43  121.78 0.19060D-09  1  0  0.03231  259.49  256.85 0.17657D+15  2.286    4.372    3.823    8.873   24.413   15.54   17.61  100.65
  101.75  122.17 0.19004D-09  1  0  0.03249  259.42  256.79 0.17682D+15  2.287    4.358    3.808    8.832   24.373   15.55   17.63  100.98
  102.07  122.55 0.18948D-09  1  0  0.03268  259.35  256.74 0.17708D+15  2.288    4.343    3.794    8.790   24.333   15.57   17.65  101.30
  102.40  122.94 0.18892D-09  1  0  0.03287  259.28  256.69 0.17735D+15  2.288    4.328    3.779    8.748   24.293   15.58   17.68  101.63
  102.72  123.33 0.18837D-09  1  0  0.03306  259.21  256.63 0.17762D+15  2.289    4.314    3.765    8.706   24.253   15.60   17.70  101.95
  103.04  123.72 0.18782D-09  1  0  0.03325  259.13  256.58 0.17789D+15  2.290    4.299    3.750    8.664   24.213   15.61   17.72  102.27
  103.36  124.11 0.18727D-09  1  0  0.03345  259.06  256.53 0.17817D+15  2.290    4.285    3.736    8.621   24.172   15.63   17.75  102.60
  103.68  124.50 0.18673D-09  1  0  0.03365  258.99  256.47 0.17846D+15  2.291    4.270    3.722    8.578   24.132   15.64   17.77  102.92
  104.01  124.89 0.18619D-09  1  0  0.03385  258.92  256.42 0.17875D+15  2.292    4.256    3.708    8.535   24.091   15.66   17.79  103.24
  104.33  125.28 0.18566D-09  1  0  0.03405  258.84  256.36 0.17905D+15  2.292    4.242    3.694    8.492   24.050   15.68   17.82  103.57
  104.65  125.67 0.18513D-09  1  0  0.03425  258.77  256.30 0.17936D+15  2.293    4.228    3.680    8.448   24.008   15.69   17.84  103.89
  104.97  126.06 0.18460D-09  1  0  0.03446  258.69  256.25 0.17967D+15  2.294    4.214    3.666    8.404   23.967   15.71   17.87  104.22
  105.29  126.45 0.18407D-09  1  0  0.03467  258.62  256.19 0.17999D+15  2.294    4.200    3.652    8.360   23.925   15.72   17.89  104.54
  105.62  126.83 0.18355D-09  1  0  0.03488  258.54  256.13 0.18032D+15  2.295    4.186    3.639    8.315   23.883   15.74   17.92  104.86
  105.94  127.22 0.18303D-09  1  0  0.03510  258.46  256.08 0.18065D+15  2.296    4.172    3.625    8.270   23.841   15.76   17.94  105.19
  106.26  127.61 0.18251D-09  1  0  0.03531  258.39  256.02 0.18099D+15  2.296    4.159    3.612    8.225   23.799   15.77   17.97  105.51
  106.58  128.00 0.18200D-09  1  0  0.03553  258.31  255.96 0.18134D+15  2.297    4.145    3.598    8.180   23.756   15.79   17.99  105.84
  106.90  128.39 0.18149D-09  1  0  0.03576  258.23  255.90 0.18170D+15  2.298    4.131    3.585    8.134   23.713   15.81   18.02  106.16
  107.23  128.78 0.18098D-09  1  0  0.03598  258.15  255.84 0.18206D+15  2.298    4.118    3.571    8.088   23.670   15.83   18.04  106.48
  107.55  129.17 0.18048D-09  1  0  0.03621  258.07  255.79 0.18243D+15  2.299    4.104    3.558    8.041   23.627   15.84   18.07  106.81
  107.87  129.56 0.17998D-09  1  0  0.03644  257.99  255.73 0.18281D+15  2.300    4.091    3.545    7.994   23.583   15.86   18.10  107.13
  108.19  129.95 0.17948D-09  1  0  0.03667  257.91  255.67 0.18320D+15  2.301    4.077    3.532    7.947   23.539   15.88   18.12  107.46
  108.51  130.34 0.17899D-09  1  0  0.03691  257.83  255.61 0.18359D+15  2.301    4.064    3.519    7.900   23.495   15.90   18.15  107.78
  108.84  130.73 0.17849D-09  1  0  0.03715  257.75  255.55 0.18400D+15  2.302    4.051    3.506    7.852   23.451   15.92   18.18  108.11
  109.16  131.12 0.17801D-09  1  0  0.03739  257.67  255.48 0.18441D+15  2.303    4.038    3.493    7.804   23.406   15.93   18.21  108.43
  109.48  131.51 0.17752D-09  1  0  0.03764  257.58  255.42 0.18483D+15  2.303    4.025    3.480    7.755   23.361   15.95   18.24  108.76
  109.80  131.90 0.17704D-09  1  0  0.03789  257.50  255.36 0.18526D+15  2.304    4.012    3.467    7.707   23.316   15.97   18.26  109.08
  110.12  132.29 0.17656D-09  1  0  0.03814  257.42  255.30 0.18570D+15  2.305    3.999    3.454    7.657   23.270   15.99   18.29  109.40
  110.45  132.68 0.17608D-09  1  0  0.03839  257.33  255.24 0.18615D+15  2.306    3.986    3.442    7.608   23.225   16.01   18.32  109.73
  110.77  133.07 0.17560D-09  1  0  0.03865  257.25  255.17 0.18662D+15  2.306    3.973    3.429    7.558   23.178   16.03   18.35  110.05
  111.09  133.46 0.17513D-09  1  0  0.03891  257.16  255.11 0.18709D+15  2.307    3.960    3.416    7.507   23.132   16.05   18.38  110.38
  111.41  133.85 0.17466D-09  1  0  0.03918  257.07  255.04 0.18757D+15  2.308    3.947    3.404    7.456   23.085   16.07   18.41  110.70
  111.73  134.24 0.17420D-09  1  0  0.03945  256.99  254.98 0.18806D+15  2.309    3.935    3.391    7.405   23.038   16.09   18.44  111.03
  112.06  134.63 0.17373D-09  1  0  0.03972  256.90  254.91 0.18856D+15  2.310    3.922    3.379    7.353   22.991   16.11   18.47  111.35
  112.38  135.02 0.17327D-09  1  0  0.04000  256.81  254.85 0.18908D+15  2.310    3.909    3.367    7.301   22.943   16.13   18.51  111.68
  112.70  135.41 0.17281D-09  1  0  0.04028  256.72  254.78 0.18960D+15  2.311    3.897    3.354    7.248   22.895   16.15   18.54  112.00
  113.02  135.80 0.17236D-09  1  0  0.04056  256.63  254.71 0.19014D+15  2.312    3.884    3.342    7.195   22.846   16.17   18.57  112.33
  113.34  136.19 0.17190D-09  1  0  0.04085  256.54  254.65 0.19069D+15  2.313    3.872    3.330    7.142   22.797   16.20   18.60  112.66
  113.67  136.58 0.17145D-09  1  0  0.04114  256.44  254.58 0.19125D+15  2.314    3.860    3.318    7.087   22.748   16.22   18.64  112.98
  113.99  136.97 0.17100D-09  1  0  0.04143  256.35  254.51 0.19183D+15  2.315    3.847    3.306    7.033   22.699   16.24   18.67  113.31
  114.31  137.36 0.17056D-09  1  0  0.04173  256.26  254.44 0.19242D+15  2.315    3.835    3.294    6.978   22.649   16.26   18.70  113.63
  114.63  137.75 0.17012D-09  1  0  0.04204  256.16  254.37 0.19302D+15  2.316    3.823    3.282    6.922   22.598   16.28   18.74  113.96
  114.95  138.14 0.16967D-09  1  0  0.04235  256.07  254.30 0.19364D+15  2.317    3.810    3.270    6.866   22.548   16.31   18.77  114.29
  115.28  138.53 0.16924D-09  1  0  0.04266  255.97  254.23 0.19427D+15  2.318    3.798    3.258    6.810   22.496   16.33   18.81  114.61
  115.60  138.92 0.16880D-09  1  0  0.04298  255.87  254.16 0.19492D+15  2.319    3.786    3.246    6.752   22.445   16.35   18.84  114.94
  115.92  139.31 0.16837D-09  1  0  0.04330  255.77  254.09 0.19558D+15  2.320    3.774    3.234    6.695   22.393   16.38   18.88  115.26
  116.24  139.70 0.16794D-09  1  0  0.04362  255.68  254.01 0.19625D+15  2.321    3.762    3.223    6.636   22.340   16.40   18.92  115.59
  116.56  140.09 0.16751D-09  1  0  0.04396  255.58  253.94 0.19695D+15  2.321    3.750    3.211    6.578   22.287   16.43   18.96  115.92
  116.89  140.48 0.16708D-09  1  0  0.04429  255.47  253.87 0.19766D+15  2.322    3.738    3.199    6.518   22.234   16.45   18.99  116.24
  117.21  140.88 0.16666D-09  1  0  0.04463  255.37  253.79 0.19838D+15  2.323    3.726    3.188    6.458   22.180   16.48   19.03  116.57
  117.53  141.27 0.16624D-09  1  0  0.04498  255.27  253.72 0.19913D+15  2.324    3.715    3.176    6.397   22.126   16.50   19.07  116.90
  117.85  141.66 0.16582D-09  1  0  0.04533  255.16  253.64 0.19989D+15  2.325    3.703    3.165    6.336   22.071   16.53   19.11  117.23
  118.17  142.05 0.16540D-09  1  0  0.04569  255.06  253.56 0.20067D+15  2.326    3.691    3.153    6.274   22.015   16.56   19.15  117.55
  118.50  142.44 0.16499D-09  1  0  0.04605  254.95  253.48 0.20148D+15  2.327    3.679    3.142    6.211   21.959   16.58   19.19  117.88
  118.82  142.83 0.16457D-09  1  0  0.04642  254.84  253.41 0.20230D+15  2.328    3.667    3.130    6.148   21.903   16.61   19.24  118.21
  119.14  143.22 0.16416D-09  1  0  0.04679  254.74  253.33 0.20314D+15  2.329    3.656    3.119    6.084   21.846   16.64   19.28  118.54
  119.46  143.62 0.16376D-09  1  0  0.04717  254.63  253.25 0.20400D+15  2.330    3.644    3.108    6.019   21.789   16.67   19.32  118.87
  119.78  144.01 0.16335D-09  1  0  0.04756  254.51  253.17 0.20489D+15  2.331    3.633    3.096    5.954   21.730   16.70   19.37  119.19
  120.11  144.40 0.16295D-09  1  0  0.04795  254.40  253.08 0.20580D+15  2.332    3.621    3.085    5.888   21.672   16.73   19.41  119.52
  120.43  144.79 0.16255D-09  1  0  0.04835  254.29  253.00 0.20673D+15  2.333    3.609    3.074    5.821   21.612   16.76   19.46  119.85
  120.75  145.19 0.16215D-09  1  0  0.04875  254.17  252.92 0.20769D+15  2.334    3.598    3.063    5.753   21.553   16.79   19.50  120.18
  121.07  145.58 0.16175D-09  1  0  0.04917  254.06  252.83 0.20867D+15  2.335    3.586    3.052    5.684   21.492   16.82   19.55  120.51
  121.39  145.97 0.16135D-09  1  0  0.04958  253.94  252.75 0.20967D+15  2.336    3.575    3.041    5.615   21.431   16.85   19.60  120.84
  121.72  146.37 0.16096D-09  1  0  0.05001  253.82  252.66 0.21071D+15  2.337    3.564    3.030    5.545   21.369   16.88   19.65  121.17
  122.04  146.76 0.16057D-09  1  0  0.05044  253.70  252.57 0.21177D+15  2.339    3.552    3.019    5.474   21.307   16.91   19.70  121.50
  122.36  147.15 0.16018D-09  1  0  0.05088  253.58  252.49 0.21286D+15  2.340    3.541    3.007    5.402   21.243   16.95   19.75  121.84
  122.68  147.55 0.15980D-09  1  0  0.05133  253.45  252.40 0.21398D+15  2.341    3.529    2.997    5.329   21.179   16.98   19.80  122.17
  123.00  147.94 0.15941D-09  1  0  0.05179  253.33  252.31 0.21514D+15  2.342    3.518    2.986    5.255   21.115   17.01   19.85  122.50
  123.33  148.33 0.15903D-09  1  0  0.05225  253.20  252.22 0.21632D+15  2.343    3.507    2.975    5.180   21.050   17.05   19.90  122.83
  123.65  148.73 0.15865D-09  1  0  0.05272  253.07  252.12 0.21754D+15  2.344    3.496    2.964    5.105   20.983   17.08   19.96  123.17
  123.97  149.12 0.15827D-09  1  0  0.05320  252.94  252.03 0.21879D+15  2.345    3.484    2.953    5.028   20.916   17.12   20.02  123.50
  124.29  149.52 0.15789D-09  1  0  0.05369  252.81  251.93 0.22008D+15  2.347    3.473    2.942    4.950   20.849   17.16   20.07  123.83
  124.61  149.92 0.15752D-09  1  0  0.05418  252.67  251.84 0.22141D+15  2.348    3.462    2.931    4.872   20.780   17.19   20.13  124.17
  124.94  150.31 0.15715D-09  1  0  0.05469  252.54  251.74 0.22277D+15  2.349    3.451    2.920    4.792   20.711   17.23   20.19  124.50
  125.26  150.71 0.15677D-09  1  0  0.05521  252.40  251.64 0.22417D+15  2.350    3.439    2.910    4.711   20.641   17.27   20.25  124.84
  125.58  151.11 0.15641D-09  1  0  0.05573  252.26  251.54 0.22562D+15  2.352    3.428    2.899    4.629   20.569   17.31   20.31  125.18
  125.90  151.50 0.15604D-09  1  0  0.05627  252.12  251.44 0.22711D+15  2.353    3.417    2.888    4.546   20.497   17.35   20.37  125.52
  126.22  151.90 0.15567D-09  1  0  0.05681  251.97  251.34 0.22865D+15  2.354    3.406    2.877    4.461   20.424   17.39   20.44  125.85
  126.55  152.30 0.15531D-09  1  0  0.05737  251.83  251.24 0.23023D+15  2.356    3.395    2.867    4.376   20.350   17.44   20.51  126.19
  126.87  152.70 0.15495D-09  1  0  0.05793  251.68  251.13 0.23186D+15  2.357    3.383    2.856    4.289   20.275   17.48   20.57  126.54
  127.19  153.10 0.15459D-09  1  0  0.05851  251.53  251.02 0.23355D+15  2.358    3.372    2.845    4.201   20.200   17.52   20.64  126.88
  127.51  153.50 0.15423D-09  1  0  0.05910  251.38  250.92 0.23529D+15  2.360    3.361    2.834    4.111   20.123   17.57   20.71  127.22
  127.83  153.90 0.15388D-09  1  0  0.05970  251.22  250.81 0.23708D+15  2.361    3.350    2.824    4.021   20.044   17.62   20.78  127.57
  128.16  154.31 0.15352D-09  1  0  0.06031  251.06  250.70 0.23893D+15  2.363    3.339    2.813    3.928   19.965   17.66   20.86  127.91
  128.48  154.71 0.15317D-09  1  0  0.06093  250.90  250.58 0.24085D+15  2.364    3.328    2.802    3.835   19.885   17.71   20.93  128.26
  128.80  155.12 0.15282D-09  1  0  0.06157  250.74  250.47 0.24283D+15  2.366    3.316    2.792    3.740   19.804   17.76   21.01  128.61
  129.12  155.52 0.15247D-09  1  0  0.06222  250.57  250.35 0.24487D+15  2.367    3.305    2.781    3.643   19.721   17.81   21.09  128.96
  129.44  155.93 0.15212D-09  1  0  0.06289  250.40  250.23 0.24699D+15  2.369    3.294    2.770    3.545   19.637   17.86   21.17  129.32
  129.77  156.34 0.15178D-09  1  0  0.06356  250.23  250.11 0.24918D+15  2.370    3.283    2.760    3.445   19.552   17.92   21.26  129.68
  130.09  156.75 0.15143D-09  1  0  0.06426  250.05  249.99 0.25144D+15  2.372    3.272    2.749    3.344   19.465   17.97   21.34  130.04
  130.41  157.17 0.15109D-09  1  0  0.06496  249.88  249.87 0.25379D+15  2.374    3.260    2.738    3.241   19.378   18.03   21.43  130.40
  130.73  157.56 0.15075D-09  1  0  0.06569  249.69  249.74 0.25622D+15  2.375    3.249    2.728    3.136   19.288   18.09   21.52  130.73
  131.05  157.95 0.15041D-09  1  0  0.06643  249.51  249.61 0.25874D+15  2.377    3.238    2.717    3.030   19.198   18.14   21.61  131.05
  131.38  158.33 0.15008D-09  1  0  0.06718  249.32  249.48 0.26135D+15  2.379    3.227    2.706    2.921   19.106   18.20   21.71  131.38
  131.70  158.72 0.14974D-09  1  0  0.06795  249.13  249.35 0.26407D+15  2.381    3.215    2.696    2.811   19.012   18.27   21.81  131.70
  132.02  159.11 0.14941D-09  1  0  0.06874  248.93  249.21 0.26688D+15  2.382    3.204    2.685    2.699   18.917   18.33   21.91  132.02
  132.34  159.50 0.14908D-09  1  0  0.06955  248.73  249.07 0.26981D+15  2.384    3.193    2.674    2.585   18.820   18.40   22.01  132.34
  132.66  159.89 0.14875D-09  1  0  0.07038  248.53  248.93 0.27285D+15  2.386    3.181    2.664    2.468   18.722   18.46   22.12  132.66
  132.99  160.27 0.14842D-09  1  0  0.07123  248.32  248.79 0.27602D+15  2.388    3.170    2.653    2.350   18.622   18.53   22.23  132.99
  133.31  160.66 0.14809D-09  1  0  0.07209  248.11  248.64 0.27931D+15  2.390    3.158    2.642    2.229   18.520   18.60   22.35  133.31
  133.63  161.05 0.14776D-09  1  0  0.07298  247.89  248.50 0.28274D+15  2.392    3.147    2.631    2.106   18.416   18.68   22.46  133.63
  133.95  161.44 0.14744D-09  1  0  0.07389  247.67  248.34 0.28631D+15  2.394    3.135    2.620    1.981   18.311   18.75   22.59  133.95
  134.27  161.83 0.14712D-09  1  0  0.07482  247.44  248.19 0.29003D+15  2.396    3.124    2.609    1.853   18.204   18.83   22.71  134.27
  134.60  162.22 0.14680D-09  1  0  0.07578  247.21  248.03 0.29392D+15  2.399    3.112    2.598    1.723   18.094   18.91   22.84  134.60
  134.92  162.60 0.14648D-09  1  0  0.07676  246.97  247.87 0.29798D+15  2.401    3.100    2.587    1.590   17.983   18.99   22.97  134.92
  135.24  162.99 0.14616D-09  1  0  0.07776  246.72  247.71 0.30222D+15  2.403    3.088    2.576    1.455   17.869   19.07   23.11  135.24
  135.56  163.38 0.14584D-09  1  0  0.07879  246.47  247.54 0.30665D+15  2.406    3.076    2.565    1.317   17.754   19.16   23.26  135.56
  135.88  163.77 0.14553D-09  1  0  0.07985  246.22  247.37 0.31129D+15  2.408    3.064    2.554    1.176   17.636   19.25   23.40  135.88
  136.21  164.16 0.14522D-09  1  0  0.08094  245.96  247.19 0.31615D+15  2.410    3.052    2.543    1.032   17.515   19.34   23.56  136.21
  136.53  164.54 0.14490D-09  1  0  0.08205  245.69  247.01 0.32125D+15  2.413    3.040    2.532    0.885   17.393   19.44   23.72  136.53
  136.85  164.93 0.14459D-09  1  0  0.08320  245.41  246.83 0.32660D+15  2.416    3.028    2.520    0.735   17.267   19.54   23.88  136.85
  137.17  165.32 0.14429D-09  1  0  0.08438  245.13  246.64 0.33221D+15  2.418    3.016    2.509    0.582   17.140   19.64   24.06  137.17
  137.49  165.71 0.14398D-09  1  0  0.08559  244.84  246.45 0.33812D+15  2.421    3.003    2.498    0.426   17.009   19.75   24.24  137.49
  137.82  166.10 0.14367D-09  1  0  0.08684  244.54  246.25 0.34433D+15  2.424    2.991    2.486    0.266   16.876   19.86   24.42  137.82
  138.14  166.48 0.14337D-09  1  0  0.08812  244.23  246.05 0.35088D+15  2.427    2.978    2.474    0.102   16.740   19.97   24.62  138.14
  138.46  166.87 0.14306D-09  1  0  0.08944  243.91  245.39 0.37763D+15  2.430    2.965    2.463    0.000   16.655   20.50   24.66  138.46
  138.78  167.26 0.14276D-09  1  0  0.09080  243.59  245.21 0.38367D+15  2.433    2.953    2.451    0.000   16.655   20.59   24.63  138.78
  139.10  167.65 0.14246D-09  1  0  0.09220  243.25  245.03 0.39002D+15  2.436    2.939    2.439    0.000   16.655   20.69   24.59  139.10
  139.43  168.04 0.14216D-09  1  0  0.09365  242.91  244.84 0.39670D+15  2.440    2.926    2.427    0.000   16.655   20.79   24.56  139.43
  139.75  168.42 0.14187D-09  1  0  0.09514  242.55  244.65 0.40373D+15  2.443    2.913    2.415    0.000   16.655   20.89   24.52  139.75
  140.07  168.81 0.14157D-09  1  0  0.09667  242.18  244.46 0.41115D+15  2.447    2.899    2.402    0.000   16.655   20.99   24.48  140.07
  140.39  169.20 0.14128D-09  1  0  0.09826  241.80  244.26 0.41897D+15  2.451    2.886    2.390    0.000   16.655   21.10   24.44  140.39
  140.71   68.71 0.14098D-09  1  0  0.09990  241.41  244.06 0.42677D+15  2.454    2.872    2.377   -0.046   16.617   21.18   24.47  -26.69
  141.04  149.97 0.14069D-09  1  0  0.10160  241.00  243.85 0.43550D+15  2.458    2.858    2.364   -0.228   16.466   21.30   24.69  107.83
  141.36  158.68 0.14040D-09  1  0  0.10335  240.58  243.63 0.44474D+15  2.463    2.843    2.352   -0.415   16.312   21.44   24.93  121.98
  141.68  162.23 0.14011D-09  1  0  0.10516  240.14  243.41 0.45453D+15  2.467    2.829    2.338   -0.606   16.154   21.57   25.17  127.54
  142.00  164.28 0.13982D-09  1  0  0.10704  239.69  243.18 0.46493D+15  2.471    2.814    2.325   -0.803   15.992   21.72   25.43  130.62
  142.32  165.68 0.13954D-09  1  0  0.10898  239.22  242.94 0.47597D+15  2.476    2.799    2.311   -1.004   15.826   21.87   25.70  132.63
  142.65  166.76 0.13925D-09  1  0  0.11100  238.74  242.70 0.48772D+15  2.481    2.783    2.298   -1.210   15.656   22.02   25.99  134.08
  142.97  167.63 0.13897D-09  1  0  0.11309  238.23  242.45 0.50024D+15  2.486    2.767    2.284   -1.422   15.482   22.18   26.29  135.21
  143.29  168.38 0.13868D-09  1  0  0.11526  237.70  242.19 0.51360D+15  2.491    2.751    2.269   -1.639   15.304   22.35   26.60  136.14
  143.61  169.05 0.13840D-09  1  0  0.11751  237.15  241.92 0.52788D+15  2.497    2.735    2.255   -1.862   15.121   22.53   26.94  136.92
  143.93  169.66 0.13812D-09  1  0  0.11985  236.58  241.64 0.54316D+15  2.503    2.718    2.240   -2.090   14.933   22.71   27.29  137.61
  144.26  170.22 0.13784D-09  1  0  0.12229  235.99  241.36 0.55953D+15  2.509    2.701    2.224   -2.325   14.740   22.90   27.67  138.22
  144.58  170.75 0.13757D-09  1  0  0.12483  235.36  241.07 0.57711D+15  2.515    2.683    2.209   -2.566   14.543   23.10   28.07  138.78
  144.90  171.25 0.13729D-09  1  0  0.12747  234.71  240.76 0.59602D+15  2.522    2.665    2.193   -2.813   14.340   23.31   28.49  139.29
  145.22  171.73 0.13701D-09  1  0  0.13022  234.03  240.45 0.61640D+15  2.529    2.646    2.176   -3.067   14.132   23.52   28.94  139.76
  145.54  172.19 0.13674D-09  1  0  0.13310  233.31  240.12 0.63839D+15  2.537    2.626    2.159   -3.328   13.919   23.75   29.43  140.20
  145.87  172.64 0.13647D-09  1  0  0.13610  232.56  239.79 0.66218D+15  2.544    2.606    2.142   -3.596   13.700   23.99   29.94  140.62
  146.19  173.07 0.13619D-09  1  0  0.13925  231.77  239.44 0.68795D+15  2.553    2.586    2.124   -3.871   13.476   24.24   30.49  141.02
  146.51  173.49 0.13592D-09  1  0  0.14253  230.94  239.08 0.71594D+15  2.562    2.564    2.106   -4.153   13.245   24.50   31.09  141.40
  146.83  173.90 0.13566D-09  1  0  0.14598  230.07  238.70 0.74639D+15  2.571    2.542    2.086   -4.443   13.009   24.77   31.73  141.76
  147.15  174.31 0.13539D-09  1  0  0.14960  229.14  238.32 0.77960D+15  2.581    2.519    2.067   -4.741   12.766   25.06   32.42  142.10
  147.48  174.70 0.13512D-09  1  0  0.15339  228.16  237.92 0.81590D+15  2.592    2.495    2.046   -5.046   12.518   25.36   33.16  142.43
  147.80  175.08 0.13485D-09  1  0  0.15738  227.13  237.50 0.85565D+15  2.603    2.470    2.025   -5.360   12.263   25.67   33.97  142.75
  148.12  175.46 0.13459D-09  1  0  0.16159  226.03  237.07 0.89929D+15  2.615    2.444    2.002   -5.681   12.001   25.99   34.85  143.05
  148.44  175.82 0.13433D-09  1  0  0.16602  224.86  236.62 0.94730D+15  2.628    2.417    1.979   -6.010   11.734   26.33   35.82  143.33
  148.76  176.18 0.13406D-09  1  0  0.17070  223.61  236.15 0.10003D+16  2.643    2.388    1.954   -6.348   11.460   26.69   36.87  143.61
  149.09  176.53 0.13380D-09  1  0  0.17565  222.28  235.67 0.10588D+16  2.658    2.358    1.929   -6.693   11.180   27.06   38.03  143.86
  149.41  176.87 0.13354D-09  1  0  0.18090  220.85  235.17 0.11236D+16  2.674    2.326    1.902   -7.046   10.893   27.44   39.31  144.11
  149.73  180.45 0.13328D-09  0  0  0.18646  219.33  234.65 0.11955D+16  2.692    2.292    1.873   -7.213   10.760  149.73  149.73  149.73
  150.05  180.84 0.13303D-09  0  0  0.19237  217.68  234.12 0.12754D+16  2.712    2.256    1.843   -7.252   10.731  150.05  150.05  150.05
  150.37  181.23 0.13277D-09  0  0  0.19867  215.91  233.56 0.13644D+16  2.733    2.218    1.811   -7.293   10.700  150.37  150.37  150.37
  150.70  181.62 0.13251D-09  0  0  0.20539  214.00  232.99 0.14634D+16  2.757    2.177    1.777   -7.336   10.667  150.70  150.70  150.70
  151.02  182.00 0.13226D-09  0  0  0.21258  211.92  232.40 0.15737D+16  2.783    2.133    1.740   -7.383   10.632  151.02  151.02  151.02
  151.34  182.39 0.13201D-09  0  0  0.22029  209.66  231.80 0.16965D+16  2.812    2.086    1.701   -7.433   10.594  151.34  151.34  151.34
  151.66  182.78 0.13175D-09  0  0  0.22857  207.19  231.18 0.18327D+16  2.844    2.035    1.659   -7.486   10.553  151.66  151.66  151.66
  151.98  183.17 0.13150D-09  0  0  0.23749  204.48  230.56 0.19832D+16  2.880    1.980    1.613   -7.544   10.509  151.98  151.98  151.98
  152.31  183.56 0.13125D-09  0  0  0.24714  201.50  229.93 0.21480D+16  2.921    1.920    1.564   -7.607   10.460  152.31  152.31  152.31
  152.63  183.94 0.13100D-09  0  0  0.25760  198.21  229.30 0.23263D+16  2.968    1.854    1.509   -7.676   10.407  152.63  152.63  152.63
  152.95  184.33 0.13076D-09  0  0  0.26897  194.55  228.69 0.25152D+16  3.022    1.782    1.450   -7.751   10.349  152.95  152.95  152.95
  153.27  184.72 0.13051D-09  0  0  0.28139  190.46  228.11 0.27088D+16  3.085    1.702    1.384   -7.834   10.284  153.27  153.27  153.27
  153.59  185.11 0.13026D-09  0  0  0.29501  185.87  227.59 0.28958D+16  3.158    1.612    1.311   -7.926   10.212  153.59  153.59  153.59
  153.92  185.50 0.13002D-09  0  0  0.31000  180.68  227.16 0.30575D+16  3.246    1.512    1.229   -8.029   10.131  153.92  153.92  153.92
  154.24  185.89 0.12978D-09  0  0  0.32100  176.79  226.95 0.31316D+16  3.315    1.436    1.167   -8.108   10.071  154.24  154.24  154.24
  154.56  186.27 0.12953D-09  0  0  0.32100  176.79  226.95 0.31141D+16  3.315    1.434    1.164   -8.113   10.069  154.56  154.56  154.56
  154.88  186.66 0.12929D-09  0  0  0.32100  176.80  226.94 0.30966D+16  3.315    1.431    1.161   -8.118   10.068  154.88  154.88  154.88
  155.20  187.05 0.12905D-09  0  0  0.32100  176.81  226.94 0.30793D+16  3.315    1.429    1.159   -8.124   10.067  155.20  155.20  155.20
  155.53  187.44 0.12881D-09  0  0  0.32100  176.81  226.94 0.30621D+16  3.315    1.426    1.156   -8.129   10.065  155.53  155.53  155.53
  155.85  187.83 0.12857D-09  0  0  0.32100  176.82  226.94 0.30450D+16  3.315    1.424    1.154   -8.134   10.064  155.85  155.85  155.85
  156.17  188.21 0.12833D-09  0  0  0.32100  176.82  226.94 0.30280D+16  3.315    1.421    1.151   -8.140   10.063  156.17  156.17  156.17
  156.49  188.60 0.12810D-09  0  0  0.32100  176.83  226.93 0.30111D+16  3.315    1.419    1.148   -8.145   10.062  156.49  156.49  156.49
  156.81  188.99 0.12786D-09  0  0  0.32100  176.83  226.93 0.29943D+16  3.315    1.416    1.146   -8.150   10.060  156.81  156.81  156.81
  157.14  189.38 0.12763D-09  0  0  0.32100  176.84  226.93 0.29776D+16  3.315    1.414    1.143   -8.156   10.059  157.14  157.14  157.14
  157.46  189.77 0.12739D-09  0  0  0.32100  176.85  226.93 0.29610D+16  3.315    1.411    1.141   -8.161   10.058  157.46  157.46  157.46
  157.78  190.15 0.12716D-09  0  0  0.32100  176.85  226.92 0.29445D+16  3.315    1.409    1.138   -8.166   10.057  157.78  157.78  157.78
  158.10  190.54 0.12693D-09  0  0  0.32100  176.86  226.92 0.29281D+16  3.315    1.406    1.136   -8.171   10.055  158.10  158.10  158.10
  158.42  190.93 0.12670D-09  0  0  0.32100  176.86  226.92 0.29118D+16  3.314    1.404    1.133   -8.177   10.054  158.42  158.42  158.42
  158.75  191.32 0.12647D-09  0  0  0.32100  176.87  226.91 0.28956D+16  3.314    1.402    1.131   -8.182   10.053  158.75  158.75  158.75
  159.07  191.71 0.12624D-09  0  0  0.32100  176.88  226.91 0.28795D+16  3.314    1.399    1.129   -8.187   10.052  159.07  159.07  159.07
  159.39  192.09 0.12601D-09  0  0  0.32100  176.88  226.91 0.28635D+16  3.314    1.397    1.126   -8.192   10.051  159.39  159.39  159.39
  159.71  192.48 0.12578D-09  0  0  0.32100  176.89  226.90 0.28476D+16  3.314    1.394    1.124   -8.198   10.049  159.71  159.71  159.71
  160.03  192.87 0.12556D-09  0  0  0.32100  176.89  226.90 0.28318D+16  3.314    1.392    1.121   -8.203   10.048  160.03  160.03  160.03
  160.36  193.26 0.12533D-09  0  0  0.32100  176.90  226.90 0.28161D+16  3.314    1.390    1.119   -8.208   10.047  160.36  160.36  160.36
  160.68  193.65 0.12511D-09  0  0  0.32100  176.90  226.89 0.28005D+16  3.314    1.387    1.116   -8.213   10.046  160.68  160.68  160.68
  161.00  194.03 0.12488D-09  0  0  0.32100  176.91  226.89 0.27850D+16  3.314    1.385    1.114   -8.218   10.045  161.00  161.00  161.00
