R_tot = 1561.0 R_core =  1400.0  Tsurf =   100.00  g =  1.310
   zbot    P(MPa) Hint     conv melt pCLA   Tbot     Tm     etam        k   Fcond_bot Fcond_top   Fbot     Ftop    dlid z_topTBL z_botTBL
    0.00   -0.00 0.13229D-05  0  0  0.01105  273.24  261.57 0.18035D+15  2.167    0.000    0.000    0.000    0.000    0.00    0.00    0.00
    0.32    0.39 0.13232D-06  0  0  0.01108  273.21  265.46 0.12005D+15  2.167 1398.882 1398.305 1379.282 1417.902    0.32    0.32    0.32
    0.64    0.77 0.66172D-07  0  0  0.01110  273.18  266.09 0.11226D+15  2.167  699.459  698.882  679.853  718.482    0.64    0.64    0.64
    0.97    1.16 0.44123D-07  0  0  0.01113  273.15  266.49 0.10748D+15  2.168  466.317  465.740  446.707  485.343    0.97    0.97    0.97
    1.29    1.55 0.33099D-07  0  0  0.01115  273.12  266.79 0.10399D+15  2.168  349.747  349.170  330.130  368.775    1.29    1.29    1.29
    1.61    1.94 0.26485D-07  0  0  0.01118  273.08  267.02 0.10124D+15  2.168  279.804  279.227  260.183  298.835    1.61    1.61    1.61
    1.93    2.33 0.22075D-07  0  0  0.01120  273.05  267.22 0.98968D+14  2.168  233.176  232.599  213.549  252.210    1.93    1.93    1.93
    2.25    2.71 0.18926D-07  0  0  0.01123  273.02  267.39 0.97026D+14  2.169  199.870  199.293  180.237  218.906    2.25    2.25    2.25
    2.58    3.10 0.16563D-07  0  0  0.01125  272.99  267.53 0.95331D+14  2.169  174.890  174.313  155.252  193.930    2.58    2.58    2.58
    2.90    3.49 0.14726D-07  0  0  0.01128  272.96  267.66 0.93828D+14  2.169  155.462  154.885  135.818  174.504    2.90    2.90    2.90
    3.22    3.88 0.13256D-07  0  0  0.01131  272.93  267.78 0.92476D+14  2.170  139.919  139.342  120.270  158.964    3.22    3.22    3.22
    3.54    4.27 0.12054D-07  0  0  0.01133  272.89  267.88 0.91249D+14  2.170  127.202  126.625  107.548  146.249    3.54    3.54    3.54
    3.86    4.65 0.11051D-07  0  0  0.01136  272.86  267.98 0.90124D+14  2.170  116.604  116.028   96.945  135.655    3.86    3.86    3.86
    4.19    5.04 0.10203D-07  0  0  0.01138  272.83  268.06 0.89086D+14  2.170  107.637  107.061   87.972  126.690    4.19    4.19    4.19
    4.51    5.43 0.94765D-08  0  0  0.01141  272.80  268.14 0.88123D+14  2.171   99.951   99.374   80.281  119.007    4.51    4.51    4.51
    4.83    5.82 0.88466D-08  0  0  0.01144  272.77  268.22 0.87224D+14  2.171   93.290   92.713   73.614  112.348    4.83    4.83    4.83
    5.15    6.21 0.82954D-08  0  0  0.01146  272.74  268.28 0.86381D+14  2.171   87.461   86.884   67.780  106.522    5.15    5.15    5.15
    5.47    6.59 0.78090D-08  0  0  0.01149  272.70  268.35 0.85588D+14  2.171   82.318   81.742   62.631  101.382    5.47    5.47    5.47
    5.80    6.98 0.73767D-08  0  0  0.01151  272.67  268.40 0.84839D+14  2.172   77.746   77.170   58.054   96.813    5.80    5.80    5.80
    6.12    7.37 0.69899D-08  0  0  0.01154  272.64  268.46 0.84129D+14  2.172   73.656   73.080   53.959   92.726    6.12    6.12    6.12
    6.44    7.76 0.66418D-08  0  0  0.01157  272.61  268.51 0.83455D+14  2.172   69.975   69.398   50.272   89.047    6.44    6.44    6.44
    6.76    8.15 0.63268D-08  0  0  0.01159  272.57  268.56 0.82813D+14  2.173   66.644   66.068   46.936   85.719    6.76    6.76    6.76
    7.08    8.54 0.60405D-08  0  0  0.01162  272.54  268.60 0.82201D+14  2.173   63.616   63.040   43.902   82.694    7.08    7.08    7.08
    7.41    8.92 0.57790D-08  0  0  0.01165  272.51  268.64 0.81614D+14  2.173   60.851   60.275   41.132   79.932    7.41    7.41    7.41
    7.73    9.31 0.55394D-08  0  0  0.01168  272.48  268.68 0.81052D+14  2.173   58.317   57.741   38.592   77.400    7.73    7.73    7.73
    8.05    9.70 0.53189D-08  0  0  0.01170  272.45  268.72 0.80513D+14  2.174   55.985   55.409   36.255   75.071    8.05    8.05    8.05
    8.37   10.09 0.51154D-08  0  0  0.01173  272.41  268.76 0.79994D+14  2.174   53.833   53.257   34.098   72.922    8.37    8.37    8.37
    8.69   10.48 0.49270D-08  0  0  0.01176  272.38  268.79 0.79495D+14  2.174   51.840   51.264   32.099   70.932    8.69    8.69    8.69
    9.02   10.86 0.47520D-08  0  0  0.01179  272.35  268.82 0.79013D+14  2.174   49.990   49.414   30.243   69.084    9.02    9.02    9.02
    9.34   11.25 0.45891D-08  0  0  0.01181  272.31  268.85 0.78548D+14  2.175   48.267   47.691   28.515   67.364    9.34    9.34    9.34
    9.66   11.64 0.44370D-08  0  0  0.01184  272.28  268.88 0.78099D+14  2.175   46.659   46.083   26.901   65.759    9.66    9.66    9.66
    9.98   12.03 0.42948D-08  0  0  0.01187  272.25  268.90 0.77664D+14  2.175   45.154   44.579   25.392   64.257    9.98    9.98    9.98
   10.30   12.42 0.41614D-08  0  0  0.01190  272.22  268.93 0.77242D+14  2.176   43.744   43.168   23.976   62.850   10.30   10.30   10.30
   10.63   12.80 0.40362D-08  0  0  0.01193  272.18  268.95 0.76833D+14  2.176   42.419   41.844   22.646   61.527   10.63   10.63   10.63
   10.95   13.19 0.39183D-08  0  0  0.01195  272.15  268.97 0.76436D+14  2.176   41.172   40.597   21.393   60.283   10.95   10.95   10.95
   11.27   13.58 0.38071D-08  0  0  0.01198  272.12  268.99 0.76051D+14  2.176   39.997   39.421   20.212   59.110   11.27   11.27   11.27
   11.59   13.97 0.37021D-08  0  0  0.01201  272.09  269.01 0.75676D+14  2.177   38.886   38.311   19.096   58.003   11.59   11.59   11.59
   11.91   14.36 0.36028D-08  0  0  0.01204  272.05  269.03 0.75312D+14  2.177   37.836   37.261   18.040   56.955   11.91   11.91   11.91
   12.24   14.74 0.35087D-08  0  0  0.01207  272.02  269.05 0.74957D+14  2.177   36.841   36.266   17.040   55.963   12.24   12.24   12.24
   12.56   15.13 0.34194D-08  0  0  0.01210  271.99  269.07 0.74611D+14  2.178   35.897   35.321   16.090   55.022   12.56   12.56   12.56
   12.88   15.52 0.33346D-08  0  0  0.01213  271.95  269.08 0.74273D+14  2.178   35.000   34.425   15.188   54.127   12.88   12.88   12.88
   13.20   15.91 0.32540D-08  0  0  0.01216  271.92  269.10 0.73944D+14  2.178   34.147   33.572   14.329   53.277   13.20   13.20   13.20
   13.52   16.30 0.31772D-08  0  0  0.01219  271.89  269.11 0.73623D+14  2.178   33.334   32.759   13.511   52.467   13.52   13.52   13.52
   13.85   16.36 0.31039D-08  1  0  0.01222  271.85  269.12 0.73309D+14  2.179   32.559   31.984   13.159   52.116    8.31   11.89   13.31
   14.17   16.75 0.30340D-08  1  0  0.01224  271.82  269.13 0.73002D+14  2.179   31.820   31.245   12.999   51.954    8.33   11.82   13.63
   14.49   17.14 0.29672D-08  1  0  0.01227  271.79  269.14 0.72702D+14  2.179   31.113   30.538   12.844   51.795    8.36   11.76   13.95
   14.81   17.53 0.29033D-08  1  0  0.01230  271.75  269.15 0.72409D+14  2.180   30.437   29.862   12.692   51.641    8.38   11.70   14.28
   15.13   17.92 0.28421D-08  1  0  0.01233  271.72  269.16 0.72122D+14  2.180   29.790   29.215   12.543   51.491    8.40   11.65   14.60
   15.46   18.31 0.27835D-08  1  0  0.01236  271.69  269.17 0.71841D+14  2.180   29.170   28.595   12.399   51.343    8.42   11.60   14.93
   15.78   18.70 0.27272D-08  1  0  0.01239  271.65  269.18 0.71565D+14  2.180   28.575   28.000   12.257   51.200    8.44   11.55   15.25
   16.10   19.09 0.26732D-08  1  0  0.01243  271.62  269.19 0.71295D+14  2.181   28.004   27.429   12.119   51.059    8.46   11.51   15.58
   16.42   19.48 0.26214D-08  1  0  0.01246  271.59  269.19 0.71031D+14  2.181   27.455   26.880   11.983   50.922    8.48   11.47   15.90
   16.74   19.87 0.25715D-08  1  0  0.01249  271.55  269.20 0.70771D+14  2.181   26.927   26.353   11.851   50.787    8.50   11.44   16.23
   17.07   20.26 0.25235D-08  1  0  0.01252  271.52  269.21 0.70517D+14  2.182   26.420   25.845   11.721   50.655    8.52   11.41   16.55
   17.39   20.65 0.24773D-08  1  0  0.01255  271.48  269.21 0.70267D+14  2.182   25.931   25.356   11.594   50.526    8.54   11.37   16.88
   17.71   21.04 0.24327D-08  1  0  0.01258  271.45  269.22 0.70021D+14  2.182   25.459   24.885   11.470   50.400    8.55   11.34   17.20
   18.03   21.43 0.23898D-08  1  0  0.01261  271.42  269.22 0.69780D+14  2.182   25.005   24.431   11.347   50.276    8.57   11.32   17.53
   18.35   21.82 0.23484D-08  1  0  0.01264  271.38  269.22 0.69544D+14  2.183   24.567   23.992   11.228   50.154    8.59   11.29   17.85
   18.68   22.21 0.23083D-08  1  0  0.01267  271.35  269.23 0.69311D+14  2.183   24.143   23.569   11.110   50.035    8.61   11.27   18.18
   19.00   22.60 0.22697D-08  1  0  0.01271  271.31  269.23 0.69082D+14  2.183   23.734   23.160   10.995   49.918    8.62   11.25   18.50
   19.32   22.99 0.22323D-08  1  0  0.01274  271.28  269.23 0.68857D+14  2.184   23.339   22.765   10.882   49.803    8.64   11.23   18.83
   19.64   23.38 0.21962D-08  1  0  0.01277  271.25  269.23 0.68636D+14  2.184   22.957   22.383   10.770   49.690    8.65   11.21   19.16
   19.96   23.77 0.21612D-08  1  0  0.01280  271.21  269.23 0.68419D+14  2.184   22.587   22.013   10.661   49.579    8.67   11.19   19.48
   20.29   24.16 0.21273D-08  1  0  0.01283  271.18  269.23 0.68205D+14  2.184   22.228   21.654   10.554   49.470    8.69   11.17   19.81
   20.61   24.55 0.20945D-08  1  0  0.01287  271.14  269.23 0.67994D+14  2.185   21.881   21.307   10.448   49.363    8.70   11.16   20.13
   20.93   24.94 0.20627D-08  1  0  0.01290  271.11  269.23 0.67786D+14  2.185   21.545   20.971   10.344   49.258    8.72   11.14   20.46
   21.25   25.33 0.20319D-08  1  0  0.01293  271.07  269.23 0.67582D+14  2.185   21.218   20.645   10.242   49.154    8.73   11.13   20.78
   21.57   25.72 0.20020D-08  1  0  0.01296  271.04  269.23 0.67381D+14  2.186   20.902   20.328   10.141   49.052    8.75   11.12   21.11
   21.90   26.11 0.19730D-08  1  0  0.01300  271.01  269.23 0.67183D+14  2.186   20.595   20.021   10.042   48.952    8.76   11.10   21.44
   22.22   26.50 0.19448D-08  1  0  0.01303  270.97  269.23 0.66987D+14  2.186   20.296   19.723    9.945   48.853    8.77   11.09   21.76
   22.54   26.89 0.19174D-08  1  0  0.01306  270.94  269.22 0.66795D+14  2.187   20.006   19.433    9.849   48.755    8.79   11.08   22.09
   22.86   27.28 0.18908D-08  1  0  0.01310  270.90  269.22 0.66605D+14  2.187   19.725   19.151    9.754   48.659    8.80   11.07   22.41
   23.18   27.67 0.18649D-08  1  0  0.01313  270.87  269.22 0.66418D+14  2.187   19.451   18.877    9.661   48.565    8.82   11.06   22.74
   23.51   28.06 0.18397D-08  1  0  0.01317  270.83  269.21 0.66233D+14  2.187   19.185   18.611    9.569   48.472    8.83   11.05   23.07
   23.83   28.46 0.18152D-08  1  0  0.01320  270.80  269.21 0.66051D+14  2.188   18.925   18.352    9.478   48.380    8.84   11.05   23.39
   24.15   28.85 0.17914D-08  1  0  0.01323  270.76  269.21 0.65871D+14  2.188   18.673   18.100    9.389   48.289    8.85   11.04   23.72
   24.47   29.24 0.17682D-08  1  0  0.01327  270.73  269.20 0.65694D+14  2.188   18.428   17.854    9.300   48.200    8.87   11.03   24.05
   24.79   29.63 0.17456D-08  1  0  0.01330  270.69  269.20 0.65519D+14  2.189   18.188   17.615    9.213   48.112    8.88   11.03   24.37
   25.12   30.02 0.17236D-08  1  0  0.01334  270.66  269.19 0.65347D+14  2.189   17.955   17.382    9.127   48.025    8.89   11.02   24.70
   25.44   30.41 0.17021D-08  1  0  0.01337  270.62  269.19 0.65176D+14  2.189   17.728   17.155    9.043   47.939    8.90   11.02   25.03
   25.76   30.80 0.16812D-08  1  0  0.01341  270.59  269.18 0.65008D+14  2.190   17.506   16.933    8.959   47.855    8.92   11.01   25.35
   26.08   31.19 0.16608D-08  1  0  0.01344  270.55  269.17 0.64842D+14  2.190   17.290   16.717    8.876   47.771    8.93   11.01   25.68
   26.40   31.58 0.16409D-08  1  0  0.01348  270.52  269.17 0.64678D+14  2.190   17.080   16.507    8.795   47.689    8.94   11.00   26.01
   26.73   31.97 0.16214D-08  1  0  0.01351  270.48  269.16 0.64516D+14  2.190   16.874   16.301    8.714   47.607    8.95   11.00   26.33
   27.05   32.36 0.16025D-08  1  0  0.01355  270.44  269.16 0.64356D+14  2.191   16.673   16.100    8.634   47.527    8.96   11.00   26.66
   27.37   32.76 0.15839D-08  1  0  0.01358  270.41  269.15 0.64198D+14  2.191   16.477   15.904    8.555   47.447    8.97   10.99   26.99
   27.69   33.15 0.15659D-08  1  0  0.01362  270.37  269.14 0.64042D+14  2.191   16.285   15.713    8.477   47.368    8.99   10.99   27.31
   28.01   33.54 0.15482D-08  1  0  0.01366  270.34  269.13 0.63887D+14  2.192   16.098   15.525    8.400   47.291    9.00   10.99   27.64
   28.34   33.93 0.15309D-08  1  0  0.01369  270.30  269.12 0.63735D+14  2.192   15.915   15.343    8.324   47.214    9.01   10.99   27.97
   28.66   34.32 0.15140D-08  1  0  0.01373  270.27  269.12 0.63584D+14  2.192   15.736   15.164    8.249   47.138    9.02   10.98   28.30
   28.98   34.71 0.14975D-08  1  0  0.01377  270.23  269.11 0.63435D+14  2.193   15.561   14.989    8.174   47.063    9.03   10.98   28.62
   29.30   35.10 0.14814D-08  1  0  0.01380  270.19  269.10 0.63287D+14  2.193   15.390   14.818    8.101   46.989    9.04   10.98   28.95
   29.62   35.49 0.14656D-08  1  0  0.01384  270.16  269.09 0.63142D+14  2.193   15.223   14.651    8.028   46.915    9.05   10.98   29.28
   29.95   35.89 0.14501D-08  1  0  0.01388  270.12  269.08 0.62998D+14  2.194   15.059   14.487    7.956   46.842    9.06   10.98   29.61
   30.27   36.28 0.14350D-08  1  0  0.01391  270.09  269.07 0.62855D+14  2.194   14.899   14.327    7.884   46.770    9.07   10.98   29.93
   30.59   36.67 0.14202D-08  1  0  0.01395  270.05  269.06 0.62714D+14  2.194   14.742   14.170    7.813   46.699    9.08   10.98   30.26
   30.91   37.06 0.14057D-08  1  0  0.01399  270.01  269.05 0.62574D+14  2.194   14.589   14.017    7.743   46.629    9.09   10.98   30.59
   31.23   37.45 0.13915D-08  1  0  0.01403  269.98  269.04 0.62436D+14  2.195   14.438   13.866    7.674   46.559    9.10   10.98   30.92
   31.56   37.84 0.13775D-08  1  0  0.01407  269.94  269.03 0.62300D+14  2.195   14.291   13.719    7.605   46.490    9.11   10.98   31.25
   31.88   38.24 0.13639D-08  1  0  0.01411  269.90  269.02 0.62165D+14  2.195   14.147   13.575    7.537   46.422    9.12   10.98   31.57
   32.20   38.63 0.13506D-08  1  0  0.01414  269.87  269.01 0.62031D+14  2.196   14.005   13.433    7.470   46.354    9.13   10.98   31.90
   32.52   39.02 0.13375D-08  1  0  0.01418  269.83  269.00 0.61899D+14  2.196   13.866   13.294    7.403   46.287    9.14   10.98   32.23
   32.84   39.41 0.13246D-08  1  0  0.01422  269.80  268.99 0.61768D+14  2.196   13.730   13.159    7.337   46.220    9.15   10.98   32.56
   33.17   39.80 0.13120D-08  1  0  0.01426  269.76  268.98 0.61638D+14  2.197   13.597   13.025    7.271   46.154    9.16   10.98   32.89
   33.49   40.20 0.12997D-08  1  0  0.01430  269.72  268.97 0.61510D+14  2.197   13.466   12.894    7.206   46.089    9.16   10.98   33.21
   33.81   40.59 0.12876D-08  1  0  0.01434  269.69  268.95 0.61383D+14  2.197   13.338   12.766    7.141   46.025    9.17   10.98   33.54
   34.13   40.98 0.12757D-08  1  0  0.01438  269.65  268.94 0.61257D+14  2.198   13.212   12.640    7.077   45.960    9.18   10.99   33.87
   34.45   41.37 0.12640D-08  1  0  0.01442  269.61  268.93 0.61133D+14  2.198   13.088   12.517    7.014   45.897    9.19   10.99   34.20
   34.78   41.76 0.12526D-08  1  0  0.01446  269.57  268.92 0.61009D+14  2.198   12.967   12.396    6.951   45.834    9.20   10.99   34.53
   35.10   42.16 0.12414D-08  1  0  0.01450  269.54  268.90 0.60887D+14  2.199   12.848   12.277    6.889   45.772    9.21   10.99   34.86
   35.42   42.55 0.12303D-08  1  0  0.01454  269.50  268.89 0.60766D+14  2.199   12.731   12.160    6.827   45.710    9.22   10.99   35.19
   35.74   42.94 0.12195D-08  1  0  0.01458  269.46  268.88 0.60647D+14  2.199   12.616   12.045    6.765   45.648    9.23   10.99   35.52
   36.06   43.33 0.12089D-08  1  0  0.01462  269.43  268.86 0.60528D+14  2.199   12.503   11.932    6.705   45.587    9.23   11.00   35.85
   36.39   43.73 0.11984D-08  1  0  0.01466  269.39  268.85 0.60411D+14  2.200   12.393   11.822    6.644   45.527    9.24   11.00   36.18
   36.71   44.12 0.11881D-08  1  0  0.01471  269.35  268.84 0.60294D+14  2.200   12.284   11.713    6.584   45.467    9.25   11.00   36.51
   37.03   44.51 0.11781D-08  1  0  0.01475  269.31  268.82 0.60179D+14  2.200   12.177   11.606    6.525   45.408    9.26   11.00   36.83
   37.35   44.90 0.11681D-08  1  0  0.01479  269.28  268.81 0.60065D+14  2.201   12.072   11.501    6.465   45.349    9.27   11.01   37.16
   37.67   45.30 0.11584D-08  1  0  0.01483  269.24  268.80 0.59952D+14  2.201   11.969   11.398    6.407   45.290    9.27   11.01   37.49
   38.00   45.69 0.11488D-08  1  0  0.01487  269.20  268.78 0.59840D+14  2.201   11.867   11.296    6.348   45.232    9.28   11.01   37.82
   38.32   46.08 0.11394D-08  1  0  0.01492  269.16  268.77 0.59729D+14  2.202   11.767   11.197    6.291   45.175    9.29   11.01   38.15
   38.64   46.48 0.11301D-08  1  0  0.01496  269.13  268.75 0.59618D+14  2.202   11.669   11.098    6.233   45.117    9.30   11.02   38.48
   38.96   46.87 0.11210D-08  1  0  0.01500  269.09  268.74 0.59509D+14  2.202   11.572   11.002    6.176   45.061    9.31   11.02   38.81
   39.28   47.26 0.11121D-08  1  0  0.01505  269.05  268.72 0.59401D+14  2.203   11.477   10.907    6.119   45.004    9.31   11.02   39.15
   39.61   47.65 0.11033D-08  1  0  0.01509  269.01  268.71 0.59294D+14  2.203   11.384   10.814    6.063   44.948    9.32   11.03   39.48
   39.93   48.05 0.10946D-08  1  0  0.01513  268.97  268.69 0.59188D+14  2.203   11.292   10.722    6.007   44.893    9.33   11.03   39.81
   40.25   48.44 0.10861D-08  1  0  0.01518  268.94  268.68 0.59083D+14  2.204   11.201   10.631    5.951   44.838    9.34   11.03   40.14
   40.57   48.83 0.10777D-08  1  0  0.01522  268.90  268.66 0.58979D+14  2.204   11.112   10.542    5.896   44.783    9.34   11.04   40.47
   40.89   49.23 0.10694D-08  1  0  0.01527  268.86  268.65 0.58875D+14  2.204   11.025   10.455    5.841   44.728    9.35   11.04   40.80
   41.22   49.62 0.10613D-08  1  0  0.01531  268.82  268.63 0.58773D+14  2.205   10.938   10.368    5.787   44.674    9.36   11.04   41.13
   41.54   50.02 0.10533D-08  1  0  0.01536  268.78  268.61 0.58671D+14  2.205   10.853   10.283    5.732   44.620    9.36   11.05   41.46
   41.86   50.41 0.10454D-08  1  0  0.01540  268.74  268.60 0.58570D+14  2.205   10.770   10.200    5.678   44.567    9.37   11.05   41.79
   42.18   50.80 0.10376D-08  1  0  0.01545  268.70  268.58 0.58470D+14  2.206   10.687   10.118    5.625   44.514    9.38   11.05   42.12
   42.50   51.20 0.10300D-08  1  0  0.01549  268.67  268.56 0.58372D+14  2.206   10.606   10.036    5.572   44.461    9.39   11.06   42.46
   42.83   51.59 0.10224D-08  1  0  0.01554  268.63  268.55 0.58273D+14  2.206   10.526    9.957    5.519   44.409    9.39   11.06   42.79
   43.15   51.99 0.10150D-08  1  0  0.01558  268.59  268.53 0.58176D+14  2.207   10.448    9.878    5.466   44.357    9.40   11.07   43.12
   43.47   52.38 0.10077D-08  1  0  0.01563  268.55  268.51 0.58080D+14  2.207   10.370    9.800    5.413   44.305    9.41   11.07   43.45
   43.79   52.77 0.10005D-08  1  0  0.01568  268.51  268.50 0.57984D+14  2.207   10.294    9.724    5.361   44.254    9.41   11.07   43.78
   44.11   53.17 0.99342D-09  1  0  0.01572  268.47  268.48 0.57889D+14  2.208   10.218    9.649    5.309   44.203    9.42   11.08   44.11
   44.44   53.55 0.98643D-09  1  0  0.01577  268.43  268.46 0.57795D+14  2.208   10.144    9.575    5.258   44.152    9.43   11.08   44.44
   44.76   53.94 0.97953D-09  1  0  0.01582  268.39  268.44 0.57702D+14  2.208   10.071    9.502    5.206   44.101    9.43   11.08   44.76
   45.08   54.33 0.97274D-09  1  0  0.01587  268.35  268.42 0.57609D+14  2.209    9.999    9.429    5.155   44.051    9.44   11.09   45.08
   45.40   54.72 0.96604D-09  1  0  0.01591  268.31  268.41 0.57518D+14  2.209    9.927    9.358    5.105   44.001    9.45   11.09   45.40
   45.72   55.11 0.95944D-09  1  0  0.01596  268.28  268.39 0.57427D+14  2.209    9.857    9.288    5.054   43.951    9.45   11.10   45.72
   46.05   55.49 0.95293D-09  1  0  0.01601  268.24  268.37 0.57336D+14  2.210    9.788    9.219    5.004   43.902    9.46   11.10   46.05
   46.37   55.88 0.94651D-09  1  0  0.01606  268.20  268.35 0.57247D+14  2.210    9.720    9.151    4.954   43.853    9.47   11.11   46.37
   46.69   56.27 0.94017D-09  1  0  0.01611  268.16  268.33 0.57158D+14  2.210    9.653    9.084    4.904   43.804    9.47   11.11   46.69
   47.01   56.66 0.93393D-09  1  0  0.01616  268.12  268.31 0.57070D+14  2.211    9.586    9.018    4.854   43.755    9.48   11.11   47.01
   47.33   57.05 0.92777D-09  1  0  0.01621  268.08  268.30 0.56983D+14  2.211    9.521    8.952    4.805   43.707    9.48   11.12   47.33
   47.66   57.44 0.92169D-09  1  0  0.01626  268.04  268.28 0.56896D+14  2.211    9.456    8.888    4.756   43.659    9.49   11.12   47.66
   47.98   57.82 0.91570D-09  1  0  0.01631  268.00  268.26 0.56811D+14  2.212    9.393    8.824    4.707   43.611    9.50   11.13   47.98
   48.30   58.21 0.90978D-09  1  0  0.01636  267.96  268.24 0.56725D+14  2.212    9.330    8.761    4.658   43.563    9.50   11.13   48.30
   48.62   58.60 0.90395D-09  1  0  0.01641  267.92  268.22 0.56641D+14  2.213    9.268    8.699    4.609   43.516    9.51   11.14   48.62
   48.94   58.99 0.89819D-09  1  0  0.01646  267.88  268.20 0.56557D+14  2.213    9.207    8.638    4.561   43.469    9.51   11.14   48.94
   49.27   59.38 0.89250D-09  1  0  0.01651  267.84  268.18 0.56474D+14  2.213    9.146    8.578    4.513   43.422    9.52   11.15   49.27
   49.59   59.76 0.88689D-09  1  0  0.01656  267.80  268.16 0.56392D+14  2.214    9.086    8.518    4.465   43.375    9.53   11.15   49.59
   49.91   60.15 0.88135D-09  1  0  0.01662  267.75  268.14 0.56310D+14  2.214    9.028    8.460    4.417   43.328    9.53   11.15   49.91
   50.23   60.54 0.87589D-09  1  0  0.01667  267.71  268.12 0.56229D+14  2.214    8.969    8.402    4.370   43.282    9.54   11.16   50.23
   50.55   60.93 0.87049D-09  1  0  0.01672  267.67  268.10 0.56148D+14  2.215    8.912    8.344    4.322   43.236    9.54   11.16   50.55
   50.88   61.32 0.86516D-09  1  0  0.01677  267.63  268.08 0.56069D+14  2.215    8.855    8.288    4.275   43.190    9.55   11.17   50.88
   51.20   61.70 0.85990D-09  1  0  0.01683  267.59  268.06 0.55990D+14  2.215    8.799    8.232    4.228   43.144    9.56   11.17   51.20
   51.52   62.09 0.85470D-09  1  0  0.01688  267.55  268.04 0.55911D+14  2.216    8.744    8.177    4.181   43.099    9.56   11.18   51.52
   51.84   62.48 0.84957D-09  1  0  0.01693  267.51  268.02 0.55833D+14  2.216    8.690    8.122    4.134   43.053    9.57   11.18   51.84
   52.16   62.87 0.84450D-09  1  0  0.01699  267.47  268.00 0.55756D+14  2.216    8.636    8.068    4.088   43.008    9.57   11.19   52.16
   52.49   63.26 0.83950D-09  1  0  0.01704  267.43  267.97 0.55679D+14  2.217    8.582    8.015    4.041   42.963    9.58   11.19   52.49
   52.81   63.64 0.83455D-09  1  0  0.01710  267.39  267.95 0.55603D+14  2.217    8.530    7.962    3.995   42.918    9.58   11.20   52.81
   53.13   64.03 0.82967D-09  1  0  0.01715  267.34  267.93 0.55528D+14  2.217    8.478    7.911    3.949   42.874    9.59   11.20   53.13
   53.45   64.42 0.82484D-09  1  0  0.01721  267.30  267.91 0.55453D+14  2.218    8.426    7.859    3.903   42.829    9.59   11.21   53.45
   53.77   64.81 0.82007D-09  1  0  0.01727  267.26  267.89 0.55379D+14  2.218    8.376    7.809    3.857   42.785    9.60   11.21   53.77
   54.10   65.20 0.81536D-09  1  0  0.01732  267.22  267.87 0.55306D+14  2.219    8.326    7.759    3.812   42.741    9.61   11.22   54.10
   54.42   65.58 0.81071D-09  1  0  0.01738  267.18  267.84 0.55233D+14  2.219    8.276    7.709    3.766   42.697    9.61   11.22   54.42
   54.74   65.97 0.80610D-09  1  0  0.01743  267.14  267.82 0.55160D+14  2.219    8.227    7.660    3.721   42.653    9.62   11.23   54.74
   55.06   66.36 0.80156D-09  1  0  0.01749  267.09  267.80 0.55089D+14  2.220    8.179    7.612    3.675   42.610    9.62   11.23   55.06
   55.38   66.75 0.79706D-09  1  0  0.01755  267.05  267.78 0.55017D+14  2.220    8.131    7.564    3.630   42.566    9.63   11.24   55.38
   55.71   67.14 0.79262D-09  1  0  0.01761  267.01  267.76 0.54947D+14  2.220    8.083    7.517    3.585   42.523    9.63   11.24   55.71
   56.03   67.52 0.78823D-09  1  0  0.01767  266.97  267.73 0.54877D+14  2.221    8.037    7.470    3.540   42.480    9.64   11.25   56.03
   56.35   67.91 0.78389D-09  1  0  0.01772  266.93  267.71 0.54807D+14  2.221    7.990    7.424    3.496   42.437    9.64   11.25   56.35
   56.67   68.30 0.77960D-09  1  0  0.01778  266.88  267.69 0.54739D+14  2.221    7.945    7.378    3.451   42.394    9.65   11.26   56.67
   56.99   68.69 0.77536D-09  1  0  0.01784  266.84  267.66 0.54670D+14  2.222    7.899    7.333    3.406   42.351    9.65   11.26   56.99
   57.32   69.08 0.77116D-09  1  0  0.01790  266.80  267.64 0.54602D+14  2.222    7.855    7.289    3.362   42.309    9.66   11.27   57.32
   57.64   69.47 0.76701D-09  1  0  0.01796  266.75  267.62 0.54535D+14  2.223    7.811    7.244    3.318   42.266    9.66   11.27   57.64
   57.96   69.85 0.76291D-09  1  0  0.01802  266.71  267.60 0.54469D+14  2.223    7.767    7.201    3.273   42.224    9.67   11.28   57.96
   58.28   70.24 0.75886D-09  1  0  0.01808  266.67  267.57 0.54403D+14  2.223    7.724    7.158    3.229   42.182    9.67   11.28   58.28
   58.60   70.63 0.75484D-09  1  0  0.01815  266.63  267.55 0.54337D+14  2.224    7.681    7.115    3.185   42.140    9.68   11.29   58.60
   58.93   71.02 0.75088D-09  1  0  0.01821  266.58  267.52 0.54272D+14  2.224    7.638    7.073    3.141   42.098    9.68   11.29   58.93
   59.25   71.41 0.74695D-09  1  0  0.01827  266.54  267.50 0.54208D+14  2.224    7.597    7.031    3.097   42.056    9.69   11.30   59.25
   59.57   71.79 0.74307D-09  1  0  0.01833  266.50  267.48 0.54144D+14  2.225    7.555    6.990    3.053   42.014    9.69   11.31   59.57
   59.89   72.18 0.73923D-09  1  0  0.01840  266.45  267.45 0.54081D+14  2.225    7.514    6.949    3.010   41.972    9.70   11.31   59.89
   60.21   72.57 0.73543D-09  1  0  0.01846  266.41  267.43 0.54018D+14  2.226    7.474    6.908    2.966   41.931    9.70   11.32   60.21
   60.54   72.96 0.73167D-09  1  0  0.01852  266.36  267.40 0.53956D+14  2.226    7.434    6.868    2.923   41.889    9.71   11.32   60.54
   60.86   73.35 0.72795D-09  1  0  0.01859  266.32  267.38 0.53894D+14  2.226    7.394    6.829    2.879   41.848    9.71   11.33   60.86
   61.18   73.73 0.72427D-09  1  0  0.01865  266.28  267.35 0.53833D+14  2.227    7.355    6.789    2.836   41.807    9.72   11.33   61.18
   61.50   74.12 0.72063D-09  1  0  0.01872  266.23  267.33 0.53772D+14  2.227    7.316    6.751    2.792   41.766    9.72   11.34   61.50
   61.82   74.51 0.71703D-09  1  0  0.01878  266.19  267.30 0.53712D+14  2.228    7.277    6.712    2.749   41.725    9.73   11.34   61.82
   62.15   74.90 0.71346D-09  1  0  0.01885  266.14  267.28 0.53653D+14  2.228    7.239    6.674    2.706   41.684    9.73   11.35   62.15
   62.47   75.29 0.70993D-09  1  0  0.01891  266.10  267.25 0.53594D+14  2.228    7.202    6.637    2.663   41.643    9.74   11.35   62.47
   62.79   75.67 0.70644D-09  1  0  0.01898  266.06  267.23 0.53535D+14  2.229    7.164    6.599    2.620   41.603    9.74   11.36   62.79
   63.11   76.06 0.70298D-09  1  0  0.01905  266.01  267.20 0.53477D+14  2.229    7.127    6.563    2.577   41.562    9.75   11.37   63.11
   63.43   76.45 0.69956D-09  1  0  0.01912  265.97  267.18 0.53420D+14  2.229    7.091    6.526    2.534   41.521    9.75   11.37   63.43
   63.76   76.84 0.69617D-09  1  0  0.01918  265.92  267.15 0.53363D+14  2.230    7.054    6.490    2.491   41.481    9.76   11.38   63.76
   64.08   77.23 0.69282D-09  1  0  0.01925  265.88  267.13 0.53306D+14  2.230    7.019    6.454    2.448   41.441    9.76   11.38   64.08
   64.40   77.61 0.68950D-09  1  0  0.01932  265.83  267.10 0.53250D+14  2.231    6.983    6.419    2.406   41.400    9.77   11.39   64.40
   64.72   78.00 0.68621D-09  1  0  0.01939  265.79  267.07 0.53195D+14  2.231    6.948    6.384    2.363   41.360    9.77   11.39   64.72
   65.04   78.39 0.68296D-09  1  0  0.01946  265.74  267.05 0.53140D+14  2.231    6.913    6.349    2.320   41.320    9.78   11.40   65.04
   65.37   78.78 0.67973D-09  1  0  0.01953  265.70  267.02 0.53086D+14  2.232    6.879    6.315    2.277   41.280    9.78   11.41   65.37
   65.69   79.17 0.67654D-09  1  0  0.01960  265.65  267.00 0.53032D+14  2.232    6.845    6.281    2.235   41.240    9.79   11.41   65.69
   66.01   79.56 0.67338D-09  1  0  0.01967  265.60  266.97 0.52979D+14  2.233    6.811    6.247    2.192   41.200    9.79   11.42   66.01
   66.33   79.94 0.67025D-09  1  0  0.01975  265.56  266.94 0.52926D+14  2.233    6.777    6.214    2.150   41.160    9.80   11.42   66.33
   66.65   80.33 0.66716D-09  1  0  0.01982  265.51  266.92 0.52873D+14  2.233    6.744    6.181    2.107   41.120    9.80   11.43   66.65
   66.98   80.72 0.66409D-09  1  0  0.01989  265.47  266.89 0.52822D+14  2.234    6.711    6.148    2.065   41.080    9.80   11.44   66.98
   67.30   81.11 0.66105D-09  1  0  0.01996  265.42  266.86 0.52770D+14  2.234    6.679    6.115    2.022   41.041    9.81   11.44   67.30
   67.62   81.50 0.65804D-09  1  0  0.02004  265.37  266.83 0.52720D+14  2.235    6.647    6.083    1.980   41.001    9.81   11.45   67.62
   67.94   81.88 0.65506D-09  1  0  0.02011  265.33  266.81 0.52669D+14  2.235    6.615    6.051    1.937   40.962    9.82   11.45   67.94
   68.26   82.27 0.65210D-09  1  0  0.02019  265.28  266.78 0.52620D+14  2.235    6.583    6.020    1.895   40.922    9.82   11.46   68.26
   68.59   82.66 0.64918D-09  1  0  0.02026  265.23  266.75 0.52570D+14  2.236    6.552    5.989    1.853   40.883    9.83   11.47   68.59
   68.91   83.05 0.64628D-09  1  0  0.02034  265.19  266.72 0.52522D+14  2.236    6.521    5.958    1.810   40.843    9.83   11.47   68.91
   69.23   83.44 0.64341D-09  1  0  0.02041  265.14  266.70 0.52474D+14  2.237    6.490    5.927    1.768   40.804    9.84   11.48   69.23
   69.55   83.82 0.64056D-09  1  0  0.02049  265.09  266.67 0.52426D+14  2.237    6.459    5.897    1.726   40.764    9.84   11.48   69.55
   69.87   84.21 0.63775D-09  1  0  0.02057  265.05  266.64 0.52379D+14  2.237    6.429    5.866    1.683   40.725    9.85   11.49   69.87
   70.20   84.60 0.63495D-09  1  0  0.02065  265.00  266.61 0.52332D+14  2.238    6.399    5.837    1.641   40.686    9.85   11.50   70.20
   70.52   84.99 0.63219D-09  1  0  0.02073  264.95  266.58 0.52286D+14  2.238    6.370    5.807    1.599   40.647    9.86   11.50   70.52
   70.84   85.38 0.62944D-09  1  0  0.02081  264.90  266.55 0.52240D+14  2.239    6.340    5.778    1.557   40.608    9.86   11.51   70.84
   71.16   85.76 0.62673D-09  1  0  0.02089  264.86  266.53 0.52195D+14  2.239    6.311    5.749    1.514   40.568    9.86   11.51   71.16
   71.48   86.15 0.62403D-09  1  0  0.02097  264.81  266.50 0.52150D+14  2.240    6.282    5.720    1.472   40.529    9.87   11.52   71.48
   71.81   86.54 0.62137D-09  1  0  0.02105  264.76  266.47 0.52106D+14  2.240    6.253    5.691    1.430   40.490    9.87   11.53   71.81
   72.13   86.93 0.61872D-09  1  0  0.02113  264.71  266.44 0.52063D+14  2.240    6.225    5.663    1.387   40.451    9.88   11.53   72.13
   72.45   87.32 0.61610D-09  1  0  0.02121  264.66  266.41 0.52020D+14  2.241    6.197    5.635    1.345   40.412    9.88   11.54   72.45
   72.77   87.70 0.61350D-09  1  0  0.02129  264.62  266.38 0.51977D+14  2.241    6.169    5.607    1.303   40.373    9.89   11.55   72.77
   73.09   88.09 0.61093D-09  1  0  0.02138  264.57  266.35 0.51935D+14  2.242    6.141    5.580    1.260   40.334    9.89   11.55   73.09
   73.42   88.48 0.60838D-09  1  0  0.02146  264.52  266.32 0.51894D+14  2.242    6.114    5.552    1.218   40.295    9.90   11.56   73.42
   73.74   88.87 0.60585D-09  1  0  0.02155  264.47  266.29 0.51853D+14  2.243    6.087    5.525    1.176   40.256    9.90   11.57   73.74
   74.06   89.26 0.60334D-09  1  0  0.02163  264.42  266.26 0.51812D+14  2.243    6.060    5.498    1.133   40.217    9.90   11.57   74.06
   74.38   89.65 0.60085D-09  1  0  0.02172  264.37  266.23 0.51772D+14  2.243    6.033    5.472    1.091   40.178    9.91   11.58   74.38
   74.70   90.03 0.59839D-09  1  0  0.02180  264.32  266.20 0.51733D+14  2.244    6.007    5.445    1.048   40.139    9.91   11.58   74.70
   75.03   90.42 0.59595D-09  1  0  0.02189  264.27  266.17 0.51694D+14  2.244    5.980    5.419    1.006   40.101    9.92   11.59   75.03
   75.35   90.81 0.59352D-09  1  0  0.02198  264.22  266.14 0.51655D+14  2.245    5.954    5.393    0.963   40.062    9.92   11.60   75.35
   75.67   91.20 0.59112D-09  1  0  0.02207  264.17  266.11 0.51618D+14  2.245    5.928    5.367    0.921   40.023    9.93   11.60   75.67
   75.99   91.59 0.58874D-09  1  0  0.02216  264.12  266.08 0.51580D+14  2.246    5.903    5.342    0.878   39.984    9.93   11.61   75.99
   76.31   91.97 0.58638D-09  1  0  0.02225  264.07  266.05 0.51543D+14  2.246    5.877    5.317    0.836   39.945    9.94   11.62   76.31
   76.64   92.36 0.58404D-09  1  0  0.02234  264.02  266.02 0.51507D+14  2.246    5.852    5.292    0.793   39.906    9.94   11.62   76.64
   76.96   92.75 0.58172D-09  1  0  0.02243  263.97  265.99 0.51472D+14  2.247    5.827    5.267    0.750   39.867    9.94   11.63   76.96
   77.28   93.14 0.57941D-09  1  0  0.02252  263.92  265.95 0.51436D+14  2.247    5.802    5.242    0.707   39.828    9.95   11.64   77.28
   77.60   93.53 0.57713D-09  1  0  0.02261  263.87  265.92 0.51402D+14  2.248    5.778    5.217    0.665   39.789    9.95   11.64   77.60
   77.92   93.91 0.57487D-09  1  0  0.02271  263.82  265.89 0.51368D+14  2.248    5.753    5.193    0.622   39.750    9.96   11.65   77.92
   78.25   94.30 0.57262D-09  1  0  0.02280  263.77  265.86 0.51334D+14  2.249    5.729    5.169    0.579   39.712    9.96   11.66   78.25
   78.57   94.69 0.57039D-09  1  0  0.02290  263.72  265.83 0.51301D+14  2.249    5.705    5.145    0.536   39.673    9.97   11.67   78.57
   78.89   95.08 0.56818D-09  1  0  0.02299  263.67  265.80 0.51269D+14  2.250    5.681    5.121    0.493   39.634    9.97   11.67   78.89
   79.21   95.47 0.56599D-09  1  0  0.02309  263.61  265.76 0.51237D+14  2.250    5.657    5.098    0.450   39.595    9.98   11.68   79.21
   79.53   95.85 0.56382D-09  1  0  0.02319  263.56  265.73 0.51206D+14  2.250    5.634    5.074    0.407   39.556    9.98   11.69   79.53
   79.86   96.24 0.56166D-09  1  0  0.02328  263.51  265.70 0.51175D+14  2.251    5.611    5.051    0.364   39.517    9.99   11.69   79.86
   80.18   96.63 0.55953D-09  1  0  0.02338  263.46  265.67 0.51145D+14  2.251    5.588    5.028    0.320   39.478    9.99   11.70   80.18
   80.50   97.02 0.55740D-09  1  0  0.02348  263.41  265.63 0.51115D+14  2.252    5.565    5.006    0.277   39.438    9.99   11.71   80.50
   80.82   97.41 0.55530D-09  1  0  0.02358  263.35  265.60 0.51086D+14  2.252    5.542    4.983    0.234   39.399   10.00   11.71   80.82
   81.14   97.79 0.55321D-09  1  0  0.02368  263.30  265.57 0.51057D+14  2.253    5.519    4.960    0.190   39.360   10.00   11.72   81.14
   81.47   98.18 0.55114D-09  1  0  0.02379  263.25  265.53 0.51030D+14  2.253    5.497    4.938    0.147   39.321   10.01   11.73   81.47
   81.79   98.57 0.54909D-09  1  0  0.02389  263.19  265.50 0.51002D+14  2.254    5.475    4.916    0.103   39.282   10.01   11.74   81.79
   82.11   98.96 0.54705D-09  1  0  0.02399  263.14  265.47 0.50975D+14  2.254    5.453    4.894    0.060   39.243   10.02   11.74   82.11
   82.43   99.35 0.54503D-09  1  0  0.02410  263.09  265.43 0.50949D+14  2.255    5.431    4.872    0.016   39.203   10.02   11.75   82.43
   82.75   99.74 0.54302D-09  1  0  0.02420  263.03  265.72 0.49272D+14  2.255    5.409    4.851    0.000   39.189    9.90   11.77   82.75
   83.08  100.12 0.54103D-09  1  0  0.02431  262.98  265.71 0.49145D+14  2.256    5.387    4.829    0.000   39.189    9.90   11.77   83.08
   83.40  100.51 0.53905D-09  1  0  0.02442  262.93  265.69 0.49019D+14  2.256    5.366    4.808    0.000   39.189    9.90   11.76   83.40
   83.72  100.90 0.53709D-09  1  0  0.02453  262.87  265.68 0.48894D+14  2.257    5.345    4.787    0.000   39.189    9.89   11.76   83.72
   84.04  101.29 0.53515D-09  1  0  0.02464  262.82  265.67 0.48769D+14  2.257    5.324    4.766    0.000   39.189    9.89   11.75   84.04
   84.36  101.68 0.53322D-09  1  0  0.02475  262.76  265.65 0.48646D+14  2.257    5.303    4.745    0.000   39.189    9.89   11.75   84.36
   84.69  102.06 0.53130D-09  1  0  0.02486  262.71  265.64 0.48523D+14  2.258    5.282    4.724    0.000   39.189    9.88   11.74   84.69
   85.01  102.45 0.52940D-09  1  0  0.02497  262.65  265.62 0.48401D+14  2.258    5.261    4.704    0.000   39.189    9.88   11.74   85.01
   85.33  102.84 0.52751D-09  1  0  0.02508  262.60  265.61 0.48280D+14  2.259    5.241    4.683    0.000   39.189    9.88   11.73   85.33
   85.65  103.23 0.52564D-09  1  0  0.02519  262.54  265.59 0.48159D+14  2.259    5.220    4.663    0.000   39.189    9.87   11.73   85.65
   85.97  103.62 0.52378D-09  1  0  0.02531  262.49  265.58 0.48040D+14  2.260    5.200    4.643    0.000   39.189    9.87   11.72   85.97
   86.30  104.00 0.52194D-09  1  0  0.02543  262.43  265.56 0.47921D+14  2.260    5.180    4.623    0.000   39.189    9.87   11.72   86.30
   86.62  104.39 0.52010D-09  1  0  0.02554  262.37  265.55 0.47804D+14  2.261    5.160    4.603    0.000   39.189    9.86   11.72   86.62
   86.94  104.78 0.51829D-09  1  0  0.02566  262.32  265.53 0.47687D+14  2.261    5.141    4.584    0.000   39.189    9.86   11.71   86.94
   87.26  105.17 0.51648D-09  1  0  0.02578  262.26  265.51 0.47570D+14  2.262    5.121    4.564    0.000   39.189    9.86   11.71   87.26
   87.58  105.56 0.51469D-09  1  0  0.02590  262.20  265.50 0.47455D+14  2.262    5.101    4.545    0.000   39.189    9.85   11.70   87.58
   87.91  105.94 0.51292D-09  1  0  0.02602  262.15  265.48 0.47341D+14  2.263    5.082    4.526    0.000   39.189    9.85   11.70   87.91
   88.23  106.33 0.51115D-09  1  0  0.02614  262.09  265.47 0.47227D+14  2.263    5.063    4.507    0.000   39.189    9.85   11.69   88.23
   88.55  106.72 0.50940D-09  1  0  0.02627  262.03  265.45 0.47114D+14  2.264    5.044    4.488    0.000   39.189    9.84   11.69   88.55
   88.87  107.11 0.50766D-09  1  0  0.02639  261.97  265.43 0.47002D+14  2.264    5.025    4.469    0.000   39.189    9.84   11.68   88.87
   89.19  107.50 0.50593D-09  1  0  0.02652  261.92  265.42 0.46891D+14  2.265    5.006    4.450    0.000   39.189    9.84   11.68   89.19
   89.52  107.88 0.50422D-09  1  0  0.02664  261.86  265.40 0.46780D+14  2.265    4.987    4.432    0.000   39.189    9.83   11.68   89.52
   89.84  108.27 0.50252D-09  1  0  0.02677  261.80  265.38 0.46671D+14  2.266    4.969    4.413    0.000   39.189    9.83   11.67   89.84
   90.16  108.66 0.50083D-09  1  0  0.02690  261.74  265.36 0.46562D+14  2.266    4.950    4.395    0.000   39.189    9.83   11.67   90.16
   90.48  109.05 0.49915D-09  1  0  0.02703  261.68  265.35 0.46454D+14  2.267    4.932    4.377    0.000   39.189    9.82   11.66   90.48
   90.80  109.44 0.49749D-09  1  0  0.02716  261.62  265.33 0.46346D+14  2.268    4.914    4.359    0.000   39.189    9.82   11.66   90.80
   91.13  109.83 0.49583D-09  1  0  0.02729  261.56  265.31 0.46240D+14  2.268    4.895    4.341    0.000   39.189    9.82   11.65   91.13
   91.45  110.21 0.49419D-09  1  0  0.02743  261.50  265.29 0.46135D+14  2.269    4.877    4.323    0.000   39.189    9.82   11.65   91.45
   91.77  110.60 0.49256D-09  1  0  0.02756  261.44  265.27 0.46030D+14  2.269    4.860    4.305    0.000   39.189    9.81   11.65   91.77
   92.09  110.99 0.49094D-09  1  0  0.02770  261.38  265.26 0.45926D+14  2.270    4.842    4.287    0.000   39.189    9.81   11.64   92.09
   92.41  111.38 0.48933D-09  1  0  0.02784  261.32  265.24 0.45823D+14  2.270    4.824    4.270    0.000   39.189    9.81   11.64   92.41
   92.74  111.77 0.48774D-09  1  0  0.02798  261.26  265.22 0.45720D+14  2.271    4.807    4.253    0.000   39.189    9.80   11.63   92.74
   93.06  112.15 0.48615D-09  1  0  0.02812  261.20  265.20 0.45619D+14  2.271    4.789    4.235    0.000   39.189    9.80   11.63   93.06
   93.38  112.54 0.48458D-09  1  0  0.02826  261.14  265.18 0.45518D+14  2.272    4.772    4.218    0.000   39.189    9.80   11.63   93.38
   93.70  112.93 0.48301D-09  1  0  0.02840  261.07  265.16 0.45418D+14  2.272    4.755    4.201    0.000   39.189    9.79   11.62   93.70
   94.02  113.32 0.48146D-09  1  0  0.02855  261.01  265.14 0.45319D+14  2.273    4.738    4.184    0.000   39.189    9.79   11.62   94.02
   94.35  113.71 0.47992D-09  1  0  0.02869  260.95  265.12 0.45221D+14  2.273    4.721    4.167    0.000   39.189    9.79   11.61   94.35
   94.67  114.09 0.47839D-09  1  0  0.02884  260.89  265.10 0.45124D+14  2.274    4.704    4.151    0.000   39.189    9.79   11.61   94.67
   94.99  114.48 0.47686D-09  1  0  0.02899  260.82  265.08 0.45027D+14  2.275    4.687    4.134    0.000   39.189    9.78   11.60   94.99
   95.31  114.87 0.47535D-09  1  0  0.02914  260.76  265.06 0.44932D+14  2.275    4.671    4.118    0.000   39.189    9.78   11.60   95.31
   95.63  115.26 0.47385D-09  1  0  0.02929  260.70  265.04 0.44837D+14  2.276    4.654    4.101    0.000   39.189    9.78   11.60   95.63
   95.96  115.65 0.47236D-09  1  0  0.02944  260.63  265.02 0.44743D+14  2.276    4.638    4.085    0.000   39.189    9.77   11.59   95.96
   96.28  116.03 0.47088D-09  1  0  0.02960  260.57  265.00 0.44649D+14  2.277    4.621    4.069    0.000   39.189    9.77   11.59   96.28
   96.60  116.42 0.46941D-09  1  0  0.02975  260.50  264.98 0.44557D+14  2.277    4.605    4.053    0.000   39.189    9.77   11.58   96.60
   96.92  116.81 0.46795D-09  1  0  0.02991  260.44  264.96 0.44466D+14  2.278    4.589    4.037    0.000   39.189    9.77   11.58   96.92
   97.24  117.20 0.46650D-09  1  0  0.03007  260.37  264.93 0.44375D+14  2.279    4.573    4.021    0.000   39.189    9.76   11.58   97.24
   97.57  117.59 0.46506D-09  1  0  0.03023  260.31  264.91 0.44285D+14  2.279    4.557    4.005    0.000   39.189    9.76   11.57   97.57
   97.89  117.97 0.46362D-09  1  0  0.03040  260.24  264.89 0.44196D+14  2.280    4.541    3.989    0.000   39.189    9.76   11.57   97.89
   98.21  118.36 0.46220D-09  1  0  0.03056  260.18  264.87 0.44108D+14  2.280    4.525    3.974    0.000   39.189    9.75   11.56   98.21
   98.53  118.75 0.46079D-09  1  0  0.03073  260.11  264.85 0.44021D+14  2.281    4.510    3.958    0.000   39.189    9.75   11.56   98.53
   98.85  119.14 0.45938D-09  1  0  0.03090  260.04  264.82 0.43934D+14  2.282    4.494    3.943    0.000   39.189    9.75   11.56   98.85
   99.18  119.53 0.45799D-09  1  0  0.03106  259.97  264.80 0.43849D+14  2.282    4.478    3.927    0.000   39.189    9.75   11.55   99.18
   99.50  119.91 0.45660D-09  1  0  0.03124  259.91  264.78 0.43764D+14  2.283    4.463    3.912    0.000   39.189    9.74   11.55   99.50
   99.82  120.30 0.45523D-09  1  0  0.03141  259.84  264.76 0.43680D+14  2.283    4.448    3.897    0.000   39.189    9.74   11.54   99.82
  100.14  120.69 0.45386D-09  1  0  0.03159  259.77  264.73 0.43597D+14  2.284    4.432    3.882    0.000   39.189    9.74   11.54  100.14
  100.46  121.08 0.45250D-09  1  0  0.03176  259.70  264.71 0.43515D+14  2.285    4.417    3.867    0.000   39.189    9.74   11.53  100.46
  100.79  121.47 0.45115D-09  1  0  0.03194  259.63  264.68 0.43434D+14  2.285    4.402    3.852    0.000   39.189    9.73   11.53  100.79
  101.11  121.86 0.44981D-09  1  0  0.03212  259.56  264.66 0.43354D+14  2.286    4.387    3.837    0.000   39.189    9.73   11.53  101.11
  101.43  122.24 0.44847D-09  1  0  0.03231  259.49  264.64 0.43274D+14  2.286    4.372    3.823    0.000   39.189    9.73   11.52  101.43
  101.75  122.63 0.44715D-09  1  0  0.03249  259.42  264.61 0.43196D+14  2.287    4.358    3.808    0.000   39.189    9.73   11.52  101.75
  102.07  123.02 0.44583D-09  1  0  0.03268  259.35  264.59 0.43118D+14  2.288    4.343    3.794    0.000   39.189    9.72   11.51  102.07
  102.40  123.41 0.44452D-09  1  0  0.03287  259.28  264.56 0.43041D+14  2.288    4.328    3.779    0.000   39.189    9.72   11.51  102.40
  102.72  123.80 0.44322D-09  1  0  0.03306  259.21  264.54 0.42966D+14  2.289    4.314    3.765    0.000   39.189    9.72   11.51  102.72
  103.04  124.18 0.44193D-09  1  0  0.03325  259.13  264.51 0.42891D+14  2.290    4.299    3.750    0.000   39.189    9.72   11.50  103.04
  103.36  124.57 0.44065D-09  1  0  0.03345  259.06  264.48 0.42817D+14  2.290    4.285    3.736    0.000   39.189    9.71   11.50  103.36
  103.68  124.96 0.43937D-09  1  0  0.03365  258.99  264.46 0.42744D+14  2.291    4.270    3.722    0.000   39.189    9.71   11.49  103.68
  104.01  125.35 0.43810D-09  1  0  0.03385  258.92  264.43 0.42672D+14  2.292    4.256    3.708    0.000   39.189    9.71   11.49  104.01
  104.33  125.74 0.43684D-09  1  0  0.03405  258.84  264.41 0.42601D+14  2.292    4.242    3.694    0.000   39.189    9.71   11.49  104.33
  104.65  126.12 0.43559D-09  1  0  0.03425  258.77  264.38 0.42531D+14  2.293    4.228    3.680    0.000   39.189    9.71   11.48  104.65
  104.97  126.51 0.43435D-09  1  0  0.03446  258.69  264.35 0.42462D+14  2.294    4.214    3.666    0.000   39.189    9.70   11.48  104.97
  105.29  126.90 0.43311D-09  1  0  0.03467  258.62  264.32 0.42394D+14  2.294    4.200    3.652    0.000   39.189    9.70   11.47  105.29
  105.62  127.29 0.43188D-09  1  0  0.03488  258.54  264.30 0.42327D+14  2.295    4.186    3.639    0.000   39.189    9.70   11.47  105.62
  105.94  127.68 0.43066D-09  1  0  0.03510  258.46  264.27 0.42260D+14  2.296    4.172    3.625    0.000   39.189    9.70   11.47  105.94
  106.26  128.06 0.42944D-09  1  0  0.03531  258.39  264.24 0.42195D+14  2.296    4.159    3.612    0.000   39.189    9.70   11.46  106.26
  106.58  128.45 0.42824D-09  1  0  0.03553  258.31  264.21 0.42131D+14  2.297    4.145    3.598    0.000   39.189    9.69   11.46  106.58
  106.90  128.84 0.42704D-09  1  0  0.03576  258.23  264.18 0.42068D+14  2.298    4.131    3.585    0.000   39.189    9.69   11.45  106.90
  107.23  129.23 0.42584D-09  1  0  0.03598  258.15  264.15 0.42006D+14  2.298    4.118    3.571    0.000   39.189    9.69   11.45  107.23
  107.55  129.62 0.42466D-09  1  0  0.03621  258.07  264.13 0.41945D+14  2.299    4.104    3.558    0.000   39.189    9.69   11.45  107.55
  107.87  130.00 0.42348D-09  1  0  0.03644  257.99  264.10 0.41885D+14  2.300    4.091    3.545    0.000   39.189    9.69   11.44  107.87
  108.19  130.39 0.42231D-09  1  0  0.03667  257.91  264.07 0.41826D+14  2.301    4.077    3.532    0.000   39.189    9.68   11.44  108.19
  108.51  130.78 0.42115D-09  1  0  0.03691  257.83  264.04 0.41768D+14  2.301    4.064    3.519    0.000   39.189    9.68   11.43  108.51
  108.84  131.17 0.41999D-09  1  0  0.03715  257.75  264.01 0.41712D+14  2.302    4.051    3.506    0.000   39.189    9.68   11.43  108.84
  109.16  131.56 0.41884D-09  1  0  0.03739  257.67  263.97 0.41656D+14  2.303    4.038    3.493    0.000   39.189    9.68   11.42  109.16
  109.48  131.95 0.41769D-09  1  0  0.03764  257.58  263.94 0.41602D+14  2.303    4.025    3.480    0.000   39.189    9.68   11.42  109.48
  109.80  132.33 0.41656D-09  1  0  0.03789  257.50  263.91 0.41548D+14  2.304    4.012    3.467    0.000   39.189    9.68   11.42  109.80
  110.12  132.72 0.41543D-09  1  0  0.03814  257.42  263.88 0.41496D+14  2.305    3.999    3.454    0.000   39.189    9.67   11.41  110.12
  110.45  133.11 0.41430D-09  1  0  0.03839  257.33  263.85 0.41445D+14  2.306    3.986    3.442    0.000   39.189    9.67   11.41  110.45
  110.77  133.50 0.41319D-09  1  0  0.03865  257.25  263.82 0.41396D+14  2.306    3.973    3.429    0.000   39.189    9.67   11.40  110.77
  111.09  133.89 0.41207D-09  1  0  0.03891  257.16  263.78 0.41347D+14  2.307    3.960    3.416    0.000   39.189    9.67   11.40  111.09
  111.41  134.27 0.41097D-09  1  0  0.03918  257.07  263.75 0.41300D+14  2.308    3.947    3.404    0.000   39.189    9.67   11.40  111.41
  111.73  134.66 0.40987D-09  1  0  0.03945  256.99  263.72 0.41253D+14  2.309    3.935    3.391    0.000   39.189    9.67   11.39  111.73
  112.06  135.05 0.40878D-09  1  0  0.03972  256.90  263.68 0.41208D+14  2.310    3.922    3.379    0.000   39.189    9.67   11.39  112.06
  112.38  135.44 0.40770D-09  1  0  0.04000  256.81  263.65 0.41165D+14  2.310    3.909    3.367    0.000   39.189    9.67   11.38  112.38
  112.70  135.83 0.40662D-09  1  0  0.04028  256.72  263.62 0.41122D+14  2.311    3.897    3.354    0.000   39.189    9.67   11.38  112.70
  113.02  136.21 0.40554D-09  1  0  0.04056  256.63  263.58 0.41081D+14  2.312    3.884    3.342    0.000   39.189    9.66   11.37  113.02
  113.34  136.60 0.40448D-09  1  0  0.04085  256.54  263.55 0.41042D+14  2.313    3.872    3.330    0.000   39.189    9.66   11.37  113.34
  113.67  136.99 0.40342D-09  1  0  0.04114  256.44  263.51 0.41003D+14  2.314    3.860    3.318    0.000   39.189    9.66   11.37  113.67
  113.99  137.38 0.40236D-09  1  0  0.04143  256.35  263.47 0.40966D+14  2.315    3.847    3.306    0.000   39.189    9.66   11.36  113.99
  114.31  137.77 0.40131D-09  1  0  0.04173  256.26  263.44 0.40931D+14  2.315    3.835    3.294    0.000   39.189    9.66   11.36  114.31
  114.63  138.15 0.40027D-09  1  0  0.04204  256.16  263.40 0.40897D+14  2.316    3.823    3.282    0.000   39.189    9.66   11.35  114.63
  114.95  138.54 0.39923D-09  1  0  0.04235  256.07  263.36 0.40864D+14  2.317    3.810    3.270    0.000   39.189    9.66   11.35  114.95
  115.28  138.93 0.39820D-09  1  0  0.04266  255.97  263.33 0.40833D+14  2.318    3.798    3.258    0.000   39.189    9.66   11.34  115.28
  115.60  139.32 0.39718D-09  1  0  0.04298  255.87  263.29 0.40803D+14  2.319    3.786    3.246    0.000   39.189    9.66   11.34  115.60
  115.92  139.71 0.39616D-09  1  0  0.04330  255.77  263.25 0.40775D+14  2.320    3.774    3.234    0.000   39.189    9.66   11.34  115.92
  116.24  140.09 0.39514D-09  1  0  0.04362  255.68  263.21 0.40748D+14  2.321    3.762    3.223    0.000   39.189    9.66   11.33  116.24
  116.56  140.48 0.39414D-09  1  0  0.04396  255.58  263.17 0.40723D+14  2.321    3.750    3.211    0.000   39.189    9.66   11.33  116.56
  116.89  140.87 0.39313D-09  1  0  0.04429  255.47  263.13 0.40699D+14  2.322    3.738    3.199    0.000   39.189    9.66   11.32  116.89
  117.21  141.26 0.39214D-09  1  0  0.04463  255.37  263.09 0.40678D+14  2.323    3.726    3.188    0.000   39.189    9.66   11.32  117.21
  117.53  141.65 0.39114D-09  1  0  0.04498  255.27  263.05 0.40657D+14  2.324    3.715    3.176    0.000   39.189    9.66   11.31  117.53
  117.85  142.04 0.39016D-09  1  0  0.04533  255.16  263.01 0.40639D+14  2.325    3.703    3.165    0.000   39.189    9.66   11.31  117.85
  118.17  142.42 0.38918D-09  1  0  0.04569  255.06  262.97 0.40622D+14  2.326    3.691    3.153    0.000   39.189    9.66   11.30  118.17
  118.50  142.81 0.38820D-09  1  0  0.04605  254.95  262.93 0.40607D+14  2.327    3.679    3.142    0.000   39.189    9.66   11.30  118.50
  118.82  143.20 0.38723D-09  1  0  0.04642  254.84  262.89 0.40594D+14  2.328    3.667    3.130    0.000   39.189    9.66   11.29  118.82
  119.14  143.59 0.38627D-09  1  0  0.04679  254.74  262.84 0.40583D+14  2.329    3.656    3.119    0.000   39.189    9.66   11.29  119.14
  119.46  143.98 0.38531D-09  1  0  0.04717  254.63  262.80 0.40573D+14  2.330    3.644    3.108    0.000   39.189    9.66   11.29  119.46
  119.78  144.36 0.38435D-09  1  0  0.04756  254.51  262.76 0.40566D+14  2.331    3.633    3.096    0.000   39.189    9.66   11.28  119.78
  120.11  144.75 0.38340D-09  1  0  0.04795  254.40  262.71 0.40561D+14  2.332    3.621    3.085    0.000   39.189    9.66   11.28  120.11
  120.43  145.14 0.38246D-09  1  0  0.04835  254.29  262.67 0.40557D+14  2.333    3.609    3.074    0.000   39.189    9.66   11.27  120.43
  120.75  145.53 0.38152D-09  1  0  0.04875  254.17  262.62 0.40550D+14  2.334    3.598    3.063   -0.012   39.179    9.93   11.27  120.75
  121.07  -82.86 0.38059D-09  1  0  0.04917  254.06  262.58 0.40551D+14  2.335    3.586    3.052   -0.074   39.126    9.93   11.29 -258.57
  121.39   35.11 0.37966D-09  1  0  0.04958  253.94  262.53 0.40554D+14  2.336    3.575    3.041   -0.137   39.073    9.94   11.30  -63.13
  121.72   73.24 0.37873D-09  1  0  0.05001  253.82  262.48 0.40559D+14  2.337    3.564    3.030   -0.200   39.019    9.94   11.31   -0.17
  122.04   92.24 0.37781D-09  1  0  0.05044  253.70  262.43 0.40566D+14  2.339    3.552    3.019   -0.265   38.964    9.94   11.32   31.04
  122.36  103.72 0.37690D-09  1  0  0.05088  253.58  262.39 0.40576D+14  2.340    3.541    3.007   -0.331   38.908    9.95   11.34   49.76
  122.68  111.46 0.37599D-09  1  0  0.05133  253.45  262.34 0.40588D+14  2.341    3.529    2.997   -0.399   38.851    9.95   11.35   62.29
  123.00  117.09 0.37508D-09  1  0  0.05179  253.33  262.29 0.40603D+14  2.342    3.518    2.986   -0.467   38.793    9.96   11.36   71.31
  123.33  121.40 0.37418D-09  1  0  0.05225  253.20  262.24 0.40620D+14  2.343    3.507    2.975   -0.536   38.734    9.96   11.38   78.14
  123.65  124.84 0.37329D-09  1  0  0.05272  253.07  262.19 0.40640D+14  2.344    3.496    2.964   -0.607   38.674    9.97   11.39   83.51
  123.97  127.66 0.37240D-09  1  0  0.05320  252.94  262.13 0.40662D+14  2.345    3.484    2.953   -0.679   38.614    9.97   11.40   87.87
  124.29  130.04 0.37151D-09  1  0  0.05369  252.81  262.08 0.40688D+14  2.347    3.473    2.942   -0.752   38.552    9.98   11.42   91.50
  124.61  132.08 0.37063D-09  1  0  0.05418  252.67  262.03 0.40716D+14  2.348    3.462    2.931   -0.827   38.489    9.98   11.43   94.57
  124.94  133.87 0.36975D-09  1  0  0.05469  252.54  261.97 0.40747D+14  2.349    3.451    2.920   -0.902   38.425    9.99   11.45   97.22
  125.26  135.46 0.36888D-09  1  0  0.05521  252.40  261.92 0.40781D+14  2.350    3.439    2.910   -0.979   38.361    9.99   11.46   99.53
  125.58  136.89 0.36801D-09  1  0  0.05573  252.26  261.86 0.40818D+14  2.352    3.428    2.899   -1.058   38.295   10.00   11.48  101.58
  125.90  138.19 0.36715D-09  1  0  0.05627  252.12  261.81 0.40858D+14  2.353    3.417    2.888   -1.138   38.227   10.01   11.50  103.41
  126.22  139.38 0.36629D-09  1  0  0.05681  251.97  261.75 0.40902D+14  2.354    3.406    2.877   -1.219   38.159   10.01   11.51  105.07
  126.55  140.48 0.36544D-09  1  0  0.05737  251.83  261.69 0.40949D+14  2.356    3.395    2.867   -1.302   38.089   10.02   11.53  106.58
  126.87  141.51 0.36459D-09  1  0  0.05793  251.68  261.63 0.40999D+14  2.357    3.383    2.856   -1.387   38.019   10.02   11.55  107.96
  127.19  142.47 0.36374D-09  1  0  0.05851  251.53  261.57 0.41053D+14  2.358    3.372    2.845   -1.473   37.946   10.03   11.57  109.23
  127.51  143.38 0.36290D-09  1  0  0.05910  251.38  261.51 0.41111D+14  2.360    3.361    2.834   -1.561   37.873   10.04   11.59  110.42
  127.83  144.24 0.36206D-09  1  0  0.05970  251.22  261.45 0.41172D+14  2.361    3.350    2.824   -1.650   37.798   10.05   11.60  111.53
  128.16  145.06 0.36123D-09  1  0  0.06031  251.06  261.39 0.41238D+14  2.363    3.339    2.813   -1.741   37.722   10.05   11.62  112.57
  128.48  145.84 0.36040D-09  1  0  0.06093  250.90  261.33 0.41308D+14  2.364    3.328    2.802   -1.834   37.644   10.06   11.64  113.54
  128.80  146.60 0.35957D-09  1  0  0.06157  250.74  261.26 0.41382D+14  2.366    3.316    2.792   -1.929   37.565   10.07   11.66  114.47
  129.12  147.32 0.35875D-09  1  0  0.06222  250.57  261.20 0.41460D+14  2.367    3.305    2.781   -2.026   37.485   10.08   11.69  115.35
  129.44  148.02 0.35794D-09  1  0  0.06289  250.40  261.13 0.41543D+14  2.369    3.294    2.770   -2.124   37.403   10.09   11.71  116.19
  129.77  148.70 0.35712D-09  1  0  0.06356  250.23  261.06 0.41630D+14  2.370    3.283    2.760   -2.225   37.319   10.09   11.73  116.99
  130.09  149.35 0.35632D-09  1  0  0.06426  250.05  260.99 0.41723D+14  2.372    3.272    2.749   -2.327   37.234   10.10   11.75  117.76
  130.41  149.99 0.35551D-09  1  0  0.06496  249.88  260.93 0.41820D+14  2.374    3.260    2.738   -2.432   37.146   10.11   11.78  118.50
  130.73  150.62 0.35471D-09  1  0  0.06569  249.69  260.85 0.41923D+14  2.375    3.249    2.728   -2.539   37.058   10.12   11.80  119.21
  131.05  151.22 0.35391D-09  1  0  0.06643  249.51  260.78 0.42032D+14  2.377    3.238    2.717   -2.648   36.967   10.13   11.82  119.90
  131.38  151.82 0.35312D-09  1  0  0.06718  249.32  260.71 0.42146D+14  2.379    3.227    2.706   -2.759   36.875   10.14   11.85  120.57
  131.70  152.40 0.35233D-09  1  0  0.06795  249.13  260.63 0.42265D+14  2.381    3.215    2.696   -2.873   36.780   10.15   11.88  121.21
  132.02  152.97 0.35155D-09  1  0  0.06874  248.93  260.56 0.42391D+14  2.382    3.204    2.685   -2.990   36.684   10.16   11.90  121.84
  132.34  153.54 0.35077D-09  1  0  0.06955  248.73  260.48 0.42524D+14  2.384    3.193    2.674   -3.108   36.586   10.18   11.93  122.45
  132.66  154.09 0.34999D-09  1  0  0.07038  248.53  260.40 0.42663D+14  2.386    3.181    2.664   -3.230   36.485   10.19   11.96  123.04
  132.99  154.63 0.34922D-09  1  0  0.07123  248.32  260.32 0.42809D+14  2.388    3.170    2.653   -3.354   36.383   10.20   11.99  123.62
  133.31  155.17 0.34845D-09  1  0  0.07209  248.11  260.24 0.42962D+14  2.390    3.158    2.642   -3.480   36.278   10.21   12.02  124.19
  133.63  155.69 0.34768D-09  1  0  0.07298  247.89  260.16 0.43123D+14  2.392    3.147    2.631   -3.610   36.171   10.22   12.05  124.74
  133.95  156.21 0.34692D-09  1  0  0.07389  247.67  260.07 0.43291D+14  2.394    3.135    2.620   -3.743   36.061   10.24   12.08  125.28
  134.27  156.73 0.34616D-09  1  0  0.07482  247.44  259.98 0.43468D+14  2.396    3.124    2.609   -3.878   35.949   10.25   12.11  125.81
  134.60  157.24 0.34541D-09  1  0  0.07578  247.21  259.90 0.43654D+14  2.399    3.112    2.598   -4.017   35.835   10.27   12.15  126.33
  134.92  157.74 0.34465D-09  1  0  0.07676  246.97  259.81 0.43848D+14  2.401    3.100    2.587   -4.159   35.718   10.28   12.18  126.85
  135.24  158.24 0.34391D-09  1  0  0.07776  246.72  259.71 0.44052D+14  2.403    3.088    2.576   -4.304   35.598   10.30   12.22  127.35
  135.56  158.73 0.34316D-09  1  0  0.07879  246.47  259.62 0.44265D+14  2.406    3.076    2.565   -4.453   35.476   10.31   12.26  127.85
  135.88  159.22 0.34242D-09  1  0  0.07985  246.22  259.52 0.44489D+14  2.408    3.064    2.554   -4.605   35.351   10.33   12.30  128.33
  136.21  159.70 0.34169D-09  1  0  0.08094  245.96  259.43 0.44724D+14  2.410    3.052    2.543   -4.761   35.222   10.34   12.33  128.81
  136.53  160.18 0.34095D-09  1  0  0.08205  245.69  259.33 0.44970D+14  2.413    3.040    2.532   -4.921   35.091   10.36   12.38  129.29
  136.85  160.65 0.34022D-09  1  0  0.08320  245.41  259.22 0.45228D+14  2.416    3.028    2.520   -5.085   34.956   10.38   12.42  129.75
  137.17  161.13 0.33950D-09  1  0  0.08438  245.13  259.12 0.45499D+14  2.418    3.016    2.509   -5.253   34.819   10.40   12.46  130.21
  137.49  161.59 0.33877D-09  1  0  0.08559  244.84  259.01 0.45783D+14  2.421    3.003    2.498   -5.425   34.677   10.42   12.51  130.67
  137.82  162.06 0.33805D-09  1  0  0.08684  244.54  258.90 0.46080D+14  2.424    2.991    2.486   -5.602   34.533   10.44   12.56  131.12
  138.14  162.52 0.33734D-09  1  0  0.08812  244.23  258.79 0.46393D+14  2.427    2.978    2.474   -5.783   34.384   10.46   12.60  131.56
  138.46  162.98 0.33662D-09  1  0  0.08944  243.91  258.68 0.46721D+14  2.430    2.965    2.463   -5.969   34.232   10.48   12.66  132.00
  138.78  163.43 0.33591D-09  1  0  0.09080  243.59  258.56 0.47065D+14  2.433    2.953    2.451   -6.160   34.076   10.50   12.71  132.43
  139.10  163.89 0.33521D-09  1  0  0.09220  243.25  258.44 0.47426D+14  2.436    2.939    2.439   -6.355   33.916   10.52   12.76  132.86
  139.43  164.34 0.33450D-09  1  0  0.09365  242.91  258.32 0.47806D+14  2.440    2.926    2.427   -6.557   33.751   10.55   12.82  133.29
  139.75  164.79 0.33380D-09  1  0  0.09514  242.55  258.19 0.48205D+14  2.443    2.913    2.415   -6.763   33.583   10.57   12.88  133.71
  140.07  165.23 0.33311D-09  1  0  0.09667  242.18  258.06 0.48624D+14  2.447    2.899    2.402   -6.975   33.409   10.59   12.94  134.13
  140.39  165.67 0.33241D-09  1  0  0.09826  241.80  257.93 0.49065D+14  2.451    2.886    2.390   -7.193   33.232   10.62   13.00  134.54
  140.71  166.11 0.33172D-09  1  0  0.09990  241.41  257.79 0.49529D+14  2.454    2.872    2.377   -7.417   33.049   10.65   13.07  134.95
  141.04  166.55 0.33104D-09  1  0  0.10160  241.00  257.65 0.50017D+14  2.458    2.858    2.364   -7.648   32.861   10.67   13.14  135.35
  141.36  166.99 0.33035D-09  1  0  0.10335  240.58  257.51 0.50532D+14  2.463    2.843    2.352   -7.885   32.668   10.70   13.21  135.75
  141.68  167.42 0.32967D-09  1  0  0.10516  240.14  257.36 0.51074D+14  2.467    2.829    2.338   -8.129   32.469   10.73   13.29  136.15
  142.00  167.85 0.32899D-09  1  0  0.10704  239.69  257.21 0.51646D+14  2.471    2.814    2.325   -8.380   32.265   10.76   13.36  136.55
  142.32  168.28 0.32832D-09  1  0  0.10898  239.22  257.05 0.52249D+14  2.476    2.799    2.311   -8.638   32.054   10.80   13.45  136.94
  142.65  168.71 0.32765D-09  1  0  0.11100  238.74  256.89 0.52886D+14  2.481    2.783    2.298   -8.904   31.838   10.83   13.53  137.32
  142.97  169.14 0.32698D-09  1  0  0.11309  238.23  256.73 0.53558D+14  2.486    2.767    2.284   -9.178   31.615   10.86   13.62  137.71
  143.29  169.56 0.32631D-09  1  0  0.11526  237.70  256.56 0.54270D+14  2.491    2.751    2.269   -9.461   31.386   10.90   13.71  138.09
  143.61  169.98 0.32565D-09  1  0  0.11751  237.15  256.38 0.55022D+14  2.497    2.735    2.255   -9.751   31.149   10.93   13.81  138.47
  143.93  170.40 0.32499D-09  1  0  0.11985  236.58  256.20 0.55819D+14  2.503    2.718    2.240  -10.051   30.906   10.97   13.92  138.84
  144.26  170.82 0.32434D-09  1  0  0.12229  235.99  256.01 0.56663D+14  2.509    2.701    2.224  -10.360   30.655   11.01   14.02  139.21
  144.58  171.23 0.32368D-09  1  0  0.12483  235.36  255.82 0.57558D+14  2.515    2.683    2.209  -10.679   30.396   11.05   14.14  139.58
  144.90  171.65 0.32303D-09  1  0  0.12747  234.71  255.62 0.58509D+14  2.522    2.665    2.193  -11.008   30.130   11.09   14.26  139.94
  145.22  172.06 0.32238D-09  1  0  0.13022  234.03  255.42 0.59518D+14  2.529    2.646    2.176  -11.348   29.855   11.14   14.38  140.30
  145.54  172.47 0.32174D-09  1  0  0.13310  233.31  255.21 0.60591D+14  2.537    2.626    2.159  -11.698   29.571   11.18   14.52  140.66
  145.87  172.87 0.32110D-09  1  0  0.13610  232.56  254.99 0.61733D+14  2.544    2.606    2.142  -12.059   29.278   11.23   14.66  141.01
  146.19  173.28 0.32046D-09  1  0  0.13925  231.77  254.76 0.62950D+14  2.553    2.586    2.124  -12.433   28.976   11.27   14.80  141.36
  146.51  173.68 0.31982D-09  1  0  0.14253  230.94  254.53 0.64247D+14  2.562    2.564    2.106  -12.818   28.664   11.32   14.96  141.71
  146.83  174.08 0.31919D-09  1  0  0.14598  230.07  254.29 0.65631D+14  2.571    2.542    2.086  -13.216   28.343   11.37   15.13  142.05
  147.15  174.48 0.31856D-09  1  0  0.14960  229.14  254.04 0.67109D+14  2.581    2.519    2.067  -13.626   28.011   11.42   15.30  142.39
  147.48  174.87 0.31793D-09  1  0  0.15339  228.16  253.78 0.68688D+14  2.592    2.495    2.046  -14.051   27.668   11.47   15.49  142.72
  147.80  175.26 0.31730D-09  1  0  0.15738  227.13  253.51 0.70378D+14  2.603    2.470    2.025  -14.489   27.314   11.52   15.68  143.05
  148.12  175.65 0.31668D-09  1  0  0.16159  226.03  253.24 0.72186D+14  2.615    2.444    2.002  -14.941   26.949   11.58   15.89  143.37
  148.44  176.04 0.31606D-09  1  0  0.16602  224.86  252.95 0.74123D+14  2.628    2.417    1.979  -15.407   26.573   11.63   16.12  143.68
  148.76  176.42 0.31545D-09  1  0  0.17070  223.61  252.66 0.76197D+14  2.643    2.388    1.954  -15.889   26.184   11.68   16.36  143.99
  149.09  176.79 0.31483D-09  1  0  0.17565  222.28  252.35 0.78420D+14  2.658    2.358    1.929  -16.385   25.784   11.73   16.61  144.30
  149.41  177.16 0.31422D-09  1  0  0.18090  220.85  252.04 0.80800D+14  2.674    2.326    1.902  -16.897   25.372   11.78   16.88  144.59
  149.73  177.53 0.31361D-09  1  0  0.18646  219.33  251.72 0.83348D+14  2.692    2.292    1.873  -17.424   24.947   11.83   17.17  144.88
  150.05  177.89 0.31300D-09  1  0  0.19237  217.68  251.39 0.86072D+14  2.712    2.256    1.843  -17.966   24.511   11.87   17.48  145.16
  150.37  178.25 0.31240D-09  1  0  0.19867  215.91  251.05 0.88978D+14  2.733    2.218    1.811  -18.522   24.064   11.90   17.82  145.43
  150.70  178.60 0.31180D-09  1  0  0.20539  214.00  250.70 0.92068D+14  2.757    2.177    1.777  -19.093   23.605   11.93   18.17  145.68
  151.02  178.94 0.31120D-09  1  0  0.21258  211.92  250.34 0.95339D+14  2.783    2.133    1.740  -19.676   23.136   11.95   18.55  145.92
  151.34  179.27 0.31060D-09  1  0  0.22029  209.66  249.99 0.98777D+14  2.812    2.086    1.701  -20.270   22.659   11.95   18.95  146.15
  151.66  182.78 0.31001D-09  0  0  0.22857  207.19  249.63 0.10235D+15  2.844    2.035    1.659  -20.368   22.586  151.66  151.66  151.66
  151.98  183.17 0.30942D-09  0  0  0.23749  204.48  249.28 0.10602D+15  2.880    1.980    1.613  -20.430   22.544  151.98  151.98  151.98
  152.31  183.56 0.30883D-09  0  0  0.24714  201.50  248.93 0.10969D+15  2.921    1.920    1.564  -20.497   22.497  152.31  152.31  152.31
  152.63  183.94 0.30825D-09  0  0  0.25760  198.21  248.61 0.11323D+15  2.968    1.854    1.509  -20.569   22.446  152.63  152.63  152.63
  152.95  184.33 0.30766D-09  0  0  0.26897  194.55  248.32 0.11645D+15  3.022    1.782    1.450  -20.648   22.389  152.95  152.95  152.95
  153.27  184.72 0.30708D-09  0  0  0.28139  190.46  248.09 0.11904D+15  3.085    1.702    1.384  -20.735   22.326  153.27  153.27  153.27
  153.59  185.11 0.30650D-09  0  0  0.29501  185.87  247.93 0.12055D+15  3.158    1.612    1.311  -20.831   22.256  153.59  153.59  153.59
  153.92  185.50 0.30593D-09  0  0  0.31000  180.68  247.89 0.12035D+15  3.246    1.512    1.229  -20.938   22.177  153.92  153.92  153.92
  154.24  185.89 0.30535D-09  0  0  0.32100  176.79  247.97 0.11860D+15  3.315    1.436    1.167  -21.020   22.118  154.24  154.24  154.24
  154.56  186.27 0.30478D-09  0  0  0.32100  176.79  247.97 0.11794D+15  3.315    1.434    1.164  -21.029   22.118  154.56  154.56  154.56
  154.88  186.66 0.30421D-09  0  0  0.32100  176.80  247.96 0.11729D+15  3.315    1.431    1.161  -21.038   22.118  154.88  154.88  154.88
  155.20  187.05 0.30365D-09  0  0  0.32100  176.81  247.96 0.11664D+15  3.315    1.429    1.159  -21.048   22.119  155.20  155.20  155.20
  155.53  187.44 0.30308D-09  0  0  0.32100  176.81  247.96 0.11599D+15  3.315    1.426    1.156  -21.057   22.119  155.53  155.53  155.53
  155.85  187.83 0.30252D-09  0  0  0.32100  176.82  247.95 0.11535D+15  3.315    1.424    1.154  -21.066   22.120  155.85  155.85  155.85
  156.17  188.21 0.30196D-09  0  0  0.32100  176.82  247.95 0.11471D+15  3.315    1.421    1.151  -21.075   22.120  156.17  156.17  156.17
  156.49  188.60 0.30140D-09  0  0  0.32100  176.83  247.95 0.11408D+15  3.315    1.419    1.148  -21.084   22.120  156.49  156.49  156.49
  156.81  188.99 0.30085D-09  0  0  0.32100  176.83  247.95 0.11345D+15  3.315    1.416    1.146  -21.093   22.121  156.81  156.81  156.81
  157.14  189.38 0.30030D-09  0  0  0.32100  176.84  247.94 0.11282D+15  3.315    1.414    1.143  -21.102   22.121  157.14  157.14  157.14
  157.46  189.77 0.29975D-09  0  0  0.32100  176.85  247.94 0.11220D+15  3.315    1.411    1.141  -21.112   22.122  157.46  157.46  157.46
  157.78  190.15 0.29920D-09  0  0  0.32100  176.85  247.93 0.11158D+15  3.315    1.409    1.138  -21.121   22.122  157.78  157.78  157.78
  158.10  190.54 0.29865D-09  0  0  0.32100  176.86  247.93 0.11096D+15  3.315    1.406    1.136  -21.130   22.123  158.10  158.10  158.10
  158.42  190.93 0.29811D-09  0  0  0.32100  176.86  247.93 0.11035D+15  3.314    1.404    1.133  -21.139   22.123  158.42  158.42  158.42
  158.75  191.32 0.29757D-09  0  0  0.32100  176.87  247.92 0.10974D+15  3.314    1.402    1.131  -21.148   22.124  158.75  158.75  158.75
  159.07  191.71 0.29703D-09  0  0  0.32100  176.88  247.92 0.10914D+15  3.314    1.399    1.129  -21.157   22.124  159.07  159.07  159.07
  159.39  192.09 0.29649D-09  0  0  0.32100  176.88  247.91 0.10854D+15  3.314    1.397    1.126  -21.166   22.125  159.39  159.39  159.39
  159.71  192.48 0.29596D-09  0  0  0.32100  176.89  247.91 0.10794D+15  3.314    1.394    1.124  -21.175   22.125  159.71  159.71  159.71
  160.03  192.87 0.29543D-09  0  0  0.32100  176.89  247.90 0.10735D+15  3.314    1.392    1.121  -21.184   22.126  160.03  160.03  160.03
  160.36  193.26 0.29490D-09  0  0  0.32100  176.90  247.90 0.10676D+15  3.314    1.390    1.119  -21.193   22.127  160.36  160.36  160.36
  160.68  193.65 0.29437D-09  0  0  0.32100  176.90  247.90 0.10617D+15  3.314    1.387    1.116  -21.202   22.127  160.68  160.68  160.68
  161.00  194.03 0.29384D-09  0  0  0.32100  176.91  247.89 0.10559D+15  3.314    1.385    1.114  -21.211   22.128  161.00  161.00  161.00
