R_tot = 1561.0 R_core =  1400.0  Tsurf =   100.00  g =  1.310
   zbot    P(MPa) Hint     conv melt pCLA   Tbot     Tm     etam        k   Fcond_bot Fcond_top   Fbot     Ftop    dlid z_topTBL z_botTBL
    0.00   -0.00 0.66146D-06  0  0  0.01105  273.24  261.57 0.32206D+15  2.167    0.000    0.000    0.000    0.000    0.00    0.00    0.00
    0.32    0.39 0.66158D-07  0  0  0.01108  273.21  263.91 0.25160D+15  2.167 1398.882 1398.305 1389.082 1408.104    0.32    0.32    0.32
    0.64    0.77 0.33086D-07  0  0  0.01110  273.18  264.29 0.24109D+15  2.167  699.459  698.882  689.656  708.682    0.64    0.64    0.64
    0.97    1.16 0.22062D-07  0  0  0.01113  273.15  264.54 0.23444D+15  2.168  466.317  465.740  456.512  475.542    0.97    0.97    0.97
    1.29    1.55 0.16550D-07  0  0  0.01115  273.12  264.71 0.22950D+15  2.168  349.747  349.170  339.939  358.972    1.29    1.29    1.29
    1.61    1.94 0.13242D-07  0  0  0.01118  273.08  264.86 0.22555D+15  2.168  279.804  279.227  269.993  289.031    1.61    1.61    1.61
    1.93    2.33 0.11038D-07  0  0  0.01120  273.05  264.97 0.22224D+15  2.168  233.176  232.599  223.362  242.404    1.93    1.93    1.93
    2.25    2.71 0.94628D-08  0  0  0.01123  273.02  265.07 0.21939D+15  2.169  199.870  199.293  190.054  209.100    2.25    2.25    2.25
    2.58    3.10 0.82817D-08  0  0  0.01125  272.99  265.15 0.21688D+15  2.169  174.890  174.313  165.071  184.121    2.58    2.58    2.58
    2.90    3.49 0.73630D-08  0  0  0.01128  272.96  265.23 0.21463D+15  2.169  155.462  154.885  145.640  164.694    2.90    2.90    2.90
    3.22    3.88 0.66281D-08  0  0  0.01131  272.93  265.29 0.21260D+15  2.170  139.919  139.342  130.094  149.153    3.22    3.22    3.22
    3.54    4.27 0.60268D-08  0  0  0.01133  272.89  265.35 0.21075D+15  2.170  127.202  126.625  117.375  136.437    3.54    3.54    3.54
    3.86    4.65 0.55257D-08  0  0  0.01136  272.86  265.40 0.20904D+15  2.170  116.604  116.028  106.774  125.841    3.86    3.86    3.86
    4.19    5.04 0.51017D-08  0  0  0.01138  272.83  265.44 0.20746D+15  2.170  107.637  107.061   97.805  116.875    4.19    4.19    4.19
    4.51    5.43 0.47383D-08  0  0  0.01141  272.80  265.48 0.20598D+15  2.171   99.951   99.374   90.116  109.191    4.51    4.51    4.51
    4.83    5.82 0.44233D-08  0  0  0.01144  272.77  265.52 0.20460D+15  2.171   93.290   92.713   83.452  102.531    4.83    4.83    4.83
    5.15    6.21 0.41477D-08  0  0  0.01146  272.74  265.56 0.20330D+15  2.171   87.461   86.884   77.620   96.703    5.15    5.15    5.15
    5.47    6.59 0.39045D-08  0  0  0.01149  272.70  265.59 0.20207D+15  2.171   82.318   81.742   72.475   91.562    5.47    5.47    5.47
    5.80    6.98 0.36884D-08  0  0  0.01151  272.67  265.61 0.20090D+15  2.172   77.746   77.170   67.900   86.992    5.80    5.80    5.80
    6.12    7.37 0.34950D-08  0  0  0.01154  272.64  265.64 0.19979D+15  2.172   73.656   73.080   63.807   82.903    6.12    6.12    6.12
    6.44    7.76 0.33209D-08  0  0  0.01157  272.61  265.66 0.19874D+15  2.172   69.975   69.398   60.123   79.223    6.44    6.44    6.44
    6.76    8.15 0.31634D-08  0  0  0.01159  272.57  265.68 0.19773D+15  2.173   66.644   66.068   56.790   75.893    6.76    6.76    6.76
    7.08    8.54 0.30202D-08  0  0  0.01162  272.54  265.70 0.19677D+15  2.173   63.616   63.040   53.759   72.867    7.08    7.08    7.08
    7.41    8.92 0.28895D-08  0  0  0.01165  272.51  265.72 0.19584D+15  2.173   60.851   60.275   50.992   70.103    7.41    7.41    7.41
    7.73    9.31 0.27697D-08  0  0  0.01168  272.48  265.74 0.19495D+15  2.173   58.317   57.741   48.455   67.571    7.73    7.73    7.73
    8.05    9.70 0.26595D-08  0  0  0.01170  272.45  265.75 0.19410D+15  2.174   55.985   55.409   46.120   65.240    8.05    8.05    8.05
    8.37   10.09 0.25577D-08  0  0  0.01173  272.41  265.76 0.19328D+15  2.174   53.833   53.257   43.965   63.090    8.37    8.37    8.37
    8.69   10.48 0.24635D-08  0  0  0.01176  272.38  265.77 0.19248D+15  2.174   51.840   51.264   41.970   61.098    8.69    8.69    8.69
    9.02   10.86 0.23760D-08  0  0  0.01179  272.35  265.78 0.19171D+15  2.174   49.990   49.414   40.116   59.249    9.02    9.02    9.02
    9.34   11.25 0.22945D-08  0  0  0.01181  272.31  265.79 0.19097D+15  2.175   48.267   47.691   38.391   57.527    9.34    9.34    9.34
    9.66   11.64 0.22185D-08  0  0  0.01184  272.28  265.80 0.19025D+15  2.175   46.659   46.083   36.780   55.921    9.66    9.66    9.66
    9.98   12.03 0.21474D-08  0  0  0.01187  272.25  265.81 0.18956D+15  2.175   45.154   44.579   35.273   54.418    9.98    9.98    9.98
   10.30   12.42 0.20807D-08  0  0  0.01190  272.22  265.81 0.18888D+15  2.176   43.744   43.168   33.860   53.009   10.30   10.30   10.30
   10.63   12.80 0.20181D-08  0  0  0.01193  272.18  265.82 0.18822D+15  2.176   42.419   41.844   32.532   51.686   10.63   10.63   10.63
   10.95   13.19 0.19591D-08  0  0  0.01195  272.15  265.82 0.18758D+15  2.176   41.172   40.597   31.283   50.440   10.95   10.95   10.95
   11.27   13.58 0.19035D-08  0  0  0.01198  272.12  265.82 0.18696D+15  2.176   39.997   39.421   30.104   49.266   11.27   11.27   11.27
   11.59   13.97 0.18511D-08  0  0  0.01201  272.09  265.83 0.18636D+15  2.177   38.886   38.311   28.991   48.157   11.59   11.59   11.59
   11.91   14.36 0.18014D-08  0  0  0.01204  272.05  265.83 0.18577D+15  2.177   37.836   37.261   27.938   47.108   11.91   11.91   11.91
   12.24   14.74 0.17544D-08  0  0  0.01207  272.02  265.83 0.18519D+15  2.177   36.841   36.266   26.940   46.114   12.24   12.24   12.24
   12.56   15.13 0.17097D-08  0  0  0.01210  271.99  265.83 0.18463D+15  2.178   35.897   35.321   25.994   45.172   12.56   12.56   12.56
   12.88   15.52 0.16673D-08  0  0  0.01213  271.95  265.83 0.18409D+15  2.178   35.000   34.425   25.094   44.276   12.88   12.88   12.88
   13.20   15.91 0.16270D-08  0  0  0.01216  271.92  265.83 0.18355D+15  2.178   34.147   33.572   24.238   43.424   13.20   13.20   13.20
   13.52   16.30 0.15886D-08  0  0  0.01219  271.89  265.83 0.18303D+15  2.178   33.334   32.759   23.423   42.613   13.52   13.52   13.52
   13.85   16.68 0.15520D-08  0  0  0.01222  271.85  265.82 0.18252D+15  2.179   32.559   31.984   22.645   41.840   13.85   13.85   13.85
   14.17   17.07 0.15170D-08  0  0  0.01224  271.82  265.82 0.18202D+15  2.179   31.820   31.245   21.903   41.102   14.17   14.17   14.17
   14.49   17.46 0.14836D-08  0  0  0.01227  271.79  265.82 0.18154D+15  2.179   31.113   30.538   21.194   40.396   14.49   14.49   14.49
   14.81   17.85 0.14516D-08  0  0  0.01230  271.75  265.81 0.18106D+15  2.180   30.437   29.862   20.515   39.722   14.81   14.81   14.81
   15.13   18.24 0.14211D-08  0  0  0.01233  271.72  265.81 0.18059D+15  2.180   29.790   29.215   19.865   39.076   15.13   15.13   15.13
   15.46   18.15 0.13917D-08  1  0  0.01236  271.69  265.80 0.18013D+15  2.180   29.170   28.595   19.381   38.593   11.20   14.29   14.67
   15.78   18.54 0.13636D-08  1  0  0.01239  271.65  265.80 0.17968D+15  2.180   28.575   28.000   19.258   38.466   11.23   14.26   14.99
   16.10   18.93 0.13366D-08  1  0  0.01243  271.62  265.79 0.17924D+15  2.181   28.004   27.429   19.139   38.341   11.27   14.24   15.31
   16.42   19.31 0.13107D-08  1  0  0.01246  271.59  265.79 0.17881D+15  2.181   27.455   26.880   19.022   38.219   11.30   14.22   15.63
   16.74   19.70 0.12857D-08  1  0  0.01249  271.55  265.78 0.17838D+15  2.181   26.927   26.353   18.908   38.099   11.33   14.21   15.95
   17.07   20.09 0.12617D-08  1  0  0.01252  271.52  265.77 0.17797D+15  2.182   26.420   25.845   18.796   37.982   11.36   14.19   16.27
   17.39   20.48 0.12386D-08  1  0  0.01255  271.48  265.77 0.17756D+15  2.182   25.931   25.356   18.687   37.867   11.39   14.18   16.59
   17.71   20.86 0.12164D-08  1  0  0.01258  271.45  265.76 0.17715D+15  2.182   25.459   24.885   18.580   37.755   11.42   14.17   16.91
   18.03   21.25 0.11949D-08  1  0  0.01261  271.42  265.75 0.17676D+15  2.182   25.005   24.431   18.475   37.645   11.45   14.15   17.23
   18.35   21.64 0.11742D-08  1  0  0.01264  271.38  265.74 0.17637D+15  2.183   24.567   23.992   18.372   37.537   11.48   14.14   17.56
   18.68   22.03 0.11542D-08  1  0  0.01267  271.35  265.73 0.17599D+15  2.183   24.143   23.569   18.271   37.431   11.50   14.14   17.88
   19.00   22.41 0.11348D-08  1  0  0.01271  271.31  265.72 0.17561D+15  2.183   23.734   23.160   18.171   37.326   11.53   14.13   18.20
   19.32   22.80 0.11162D-08  1  0  0.01274  271.28  265.71 0.17525D+15  2.184   23.339   22.765   18.074   37.224   11.56   14.12   18.52
   19.64   23.19 0.10981D-08  1  0  0.01277  271.25  265.70 0.17488D+15  2.184   22.957   22.383   17.979   37.124   11.58   14.12   18.84
   19.96   23.58 0.10806D-08  1  0  0.01280  271.21  265.69 0.17453D+15  2.184   22.587   22.013   17.885   37.025   11.61   14.11   19.16
   20.29   23.96 0.10637D-08  1  0  0.01283  271.18  265.68 0.17417D+15  2.184   22.228   21.654   17.793   36.928   11.64   14.11   19.48
   20.61   24.35 0.10473D-08  1  0  0.01287  271.14  265.67 0.17383D+15  2.185   21.881   21.307   17.702   36.832   11.66   14.11   19.80
   20.93   24.74 0.10314D-08  1  0  0.01290  271.11  265.66 0.17349D+15  2.185   21.545   20.971   17.613   36.739   11.69   14.10   20.13
   21.25   25.13 0.10160D-08  1  0  0.01293  271.07  265.65 0.17315D+15  2.185   21.218   20.645   17.526   36.646   11.71   14.10   20.45
   21.57   25.52 0.10010D-08  1  0  0.01296  271.04  265.64 0.17282D+15  2.186   20.902   20.328   17.440   36.555   11.74   14.10   20.77
   21.90   25.90 0.98648D-09  1  0  0.01300  271.01  265.63 0.17249D+15  2.186   20.595   20.021   17.355   36.466   11.76   14.10   21.09
   22.22   26.29 0.97239D-09  1  0  0.01303  270.97  265.61 0.17217D+15  2.186   20.296   19.723   17.271   36.378   11.78   14.10   21.41
   22.54   26.68 0.95869D-09  1  0  0.01306  270.94  265.60 0.17186D+15  2.187   20.006   19.433   17.189   36.291   11.81   14.10   21.73
   22.86   27.07 0.94539D-09  1  0  0.01310  270.90  265.59 0.17154D+15  2.187   19.725   19.151   17.108   36.206   11.83   14.10   22.05
   23.18   27.45 0.93245D-09  1  0  0.01313  270.87  265.58 0.17124D+15  2.187   19.451   18.877   17.029   36.121   11.85   14.11   22.38
   23.51   27.84 0.91987D-09  1  0  0.01317  270.83  265.56 0.17093D+15  2.187   19.185   18.611   16.950   36.038   11.87   14.11   22.70
   23.83   28.23 0.90762D-09  1  0  0.01320  270.80  265.55 0.17063D+15  2.188   18.925   18.352   16.873   35.956   11.90   14.11   23.02
   24.15   28.62 0.89571D-09  1  0  0.01323  270.76  265.54 0.17034D+15  2.188   18.673   18.100   16.797   35.876   11.92   14.11   23.34
   24.47   29.01 0.88411D-09  1  0  0.01327  270.73  265.52 0.17005D+15  2.188   18.428   17.854   16.722   35.796   11.94   14.12   23.66
   24.79   29.39 0.87281D-09  1  0  0.01330  270.69  265.51 0.16976D+15  2.189   18.188   17.615   16.648   35.717   11.96   14.12   23.98
   25.12   29.78 0.86179D-09  1  0  0.01334  270.66  265.49 0.16948D+15  2.189   17.955   17.382   16.574   35.640   11.98   14.13   24.31
   25.44   30.17 0.85106D-09  1  0  0.01337  270.62  265.48 0.16920D+15  2.189   17.728   17.155   16.502   35.563   12.00   14.13   24.63
   25.76   30.56 0.84060D-09  1  0  0.01341  270.59  265.46 0.16892D+15  2.190   17.506   16.933   16.431   35.488   12.02   14.14   24.95
   26.08   30.95 0.83039D-09  1  0  0.01344  270.55  265.45 0.16865D+15  2.190   17.290   16.717   16.361   35.413   12.04   14.14   25.27
   26.40   31.33 0.82044D-09  1  0  0.01348  270.52  265.43 0.16838D+15  2.190   17.080   16.507   16.292   35.340   12.06   14.15   25.59
   26.73   31.72 0.81072D-09  1  0  0.01351  270.48  265.42 0.16811D+15  2.190   16.874   16.301   16.223   35.267   12.08   14.15   25.91
   27.05   32.11 0.80123D-09  1  0  0.01355  270.44  265.40 0.16785D+15  2.191   16.673   16.100   16.155   35.195   12.10   14.16   26.24
   27.37   32.50 0.79197D-09  1  0  0.01358  270.41  265.39 0.16759D+15  2.191   16.477   15.904   16.089   35.124   12.12   14.16   26.56
   27.69   32.88 0.78293D-09  1  0  0.01362  270.37  265.37 0.16733D+15  2.191   16.285   15.713   16.023   35.054   12.14   14.17   26.88
   28.01   33.27 0.77409D-09  1  0  0.01366  270.34  265.35 0.16708D+15  2.192   16.098   15.525   15.957   34.984   12.16   14.18   27.20
   28.34   33.66 0.76545D-09  1  0  0.01369  270.30  265.34 0.16683D+15  2.192   15.915   15.343   15.893   34.916   12.18   14.18   27.52
   28.66   34.05 0.75701D-09  1  0  0.01373  270.27  265.32 0.16658D+15  2.192   15.736   15.164   15.829   34.848   12.20   14.19   27.85
   28.98   34.44 0.74875D-09  1  0  0.01377  270.23  265.30 0.16634D+15  2.193   15.561   14.989   15.766   34.781   12.22   14.20   28.17
   29.30   34.82 0.74068D-09  1  0  0.01380  270.19  265.29 0.16610D+15  2.193   15.390   14.818   15.704   34.714   12.24   14.20   28.49
   29.62   35.21 0.73278D-09  1  0  0.01384  270.16  265.27 0.16586D+15  2.193   15.223   14.651   15.642   34.649   12.25   14.21   28.81
   29.95   35.60 0.72505D-09  1  0  0.01388  270.12  265.25 0.16562D+15  2.194   15.059   14.487   15.581   34.584   12.27   14.22   29.13
   30.27   35.99 0.71748D-09  1  0  0.01391  270.09  265.24 0.16539D+15  2.194   14.899   14.327   15.521   34.520   12.29   14.23   29.46
   30.59   36.38 0.71008D-09  1  0  0.01395  270.05  265.22 0.16516D+15  2.194   14.742   14.170   15.461   34.456   12.31   14.23   29.78
   30.91   36.77 0.70283D-09  1  0  0.01399  270.01  265.20 0.16493D+15  2.194   14.589   14.017   15.402   34.393   12.32   14.24   30.10
   31.23   37.15 0.69573D-09  1  0  0.01403  269.98  265.18 0.16471D+15  2.195   14.438   13.866   15.344   34.331   12.34   14.25   30.42
   31.56   37.54 0.68877D-09  1  0  0.01407  269.94  265.16 0.16448D+15  2.195   14.291   13.719   15.286   34.269   12.36   14.26   30.74
   31.88   37.93 0.68196D-09  1  0  0.01411  269.90  265.15 0.16426D+15  2.195   14.147   13.575   15.229   34.208   12.37   14.27   31.06
   32.20   38.32 0.67528D-09  1  0  0.01414  269.87  265.13 0.16405D+15  2.196   14.005   13.433   15.172   34.147   12.39   14.27   31.39
   32.52   38.71 0.66873D-09  1  0  0.01418  269.83  265.11 0.16383D+15  2.196   13.866   13.294   15.116   34.087   12.41   14.28   31.71
   32.84   39.09 0.66231D-09  1  0  0.01422  269.80  265.09 0.16362D+15  2.196   13.730   13.159   15.060   34.028   12.42   14.29   32.03
   33.17   39.48 0.65602D-09  1  0  0.01426  269.76  265.07 0.16341D+15  2.197   13.597   13.025   15.005   33.969   12.44   14.30   32.35
   33.49   39.87 0.64984D-09  1  0  0.01430  269.72  265.05 0.16320D+15  2.197   13.466   12.894   14.951   33.911   12.46   14.31   32.68
   33.81   40.26 0.64379D-09  1  0  0.01434  269.69  265.03 0.16299D+15  2.197   13.338   12.766   14.897   33.853   12.47   14.32   33.00
   34.13   40.65 0.63785D-09  1  0  0.01438  269.65  265.01 0.16279D+15  2.198   13.212   12.640   14.843   33.796   12.49   14.33   33.32
   34.45   41.03 0.63202D-09  1  0  0.01442  269.61  264.99 0.16259D+15  2.198   13.088   12.517   14.790   33.739   12.50   14.33   33.64
   34.78   41.42 0.62630D-09  1  0  0.01446  269.57  264.97 0.16239D+15  2.198   12.967   12.396   14.737   33.682   12.52   14.34   33.96
   35.10   41.81 0.62068D-09  1  0  0.01450  269.54  264.95 0.16219D+15  2.199   12.848   12.277   14.685   33.627   12.53   14.35   34.29
   35.42   42.20 0.61516D-09  1  0  0.01454  269.50  264.93 0.16199D+15  2.199   12.731   12.160   14.633   33.571   12.55   14.36   34.61
   35.74   42.59 0.60975D-09  1  0  0.01458  269.46  264.91 0.16180D+15  2.199   12.616   12.045   14.582   33.516   12.56   14.37   34.93
   36.06   42.98 0.60443D-09  1  0  0.01462  269.43  264.89 0.16161D+15  2.199   12.503   11.932   14.531   33.462   12.58   14.38   35.25
   36.39   43.36 0.59921D-09  1  0  0.01466  269.39  264.87 0.16142D+15  2.200   12.393   11.822   14.481   33.408   12.59   14.39   35.57
   36.71   43.75 0.59407D-09  1  0  0.01471  269.35  264.85 0.16123D+15  2.200   12.284   11.713   14.431   33.354   12.61   14.40   35.90
   37.03   44.14 0.58903D-09  1  0  0.01475  269.31  264.83 0.16105D+15  2.200   12.177   11.606   14.381   33.301   12.62   14.41   36.22
   37.35   44.53 0.58407D-09  1  0  0.01479  269.28  264.81 0.16086D+15  2.201   12.072   11.501   14.332   33.249   12.64   14.42   36.54
   37.67   44.92 0.57920D-09  1  0  0.01483  269.24  264.79 0.16068D+15  2.201   11.969   11.398   14.283   33.196   12.65   14.43   36.86
   38.00   45.30 0.57441D-09  1  0  0.01487  269.20  264.77 0.16050D+15  2.201   11.867   11.296   14.234   33.144   12.67   14.44   37.19
   38.32   45.69 0.56970D-09  1  0  0.01492  269.16  264.75 0.16033D+15  2.202   11.767   11.197   14.186   33.093   12.68   14.45   37.51
   38.64   46.08 0.56507D-09  1  0  0.01496  269.13  264.72 0.16015D+15  2.202   11.669   11.098   14.138   33.042   12.70   14.46   37.83
   38.96   46.47 0.56052D-09  1  0  0.01500  269.09  264.70 0.15998D+15  2.202   11.572   11.002   14.091   32.991   12.71   14.47   38.15
   39.28   46.86 0.55604D-09  1  0  0.01505  269.05  264.68 0.15980D+15  2.203   11.477   10.907   14.044   32.940   12.72   14.48   38.47
   39.61   47.25 0.55164D-09  1  0  0.01509  269.01  264.66 0.15963D+15  2.203   11.384   10.814   13.997   32.890   12.74   14.49   38.80
   39.93   47.63 0.54730D-09  1  0  0.01513  268.97  264.64 0.15946D+15  2.203   11.292   10.722   13.951   32.841   12.75   14.50   39.12
   40.25   48.02 0.54304D-09  1  0  0.01518  268.94  264.61 0.15930D+15  2.204   11.201   10.631   13.904   32.791   12.76   14.51   39.44
   40.57   48.41 0.53884D-09  1  0  0.01522  268.90  264.59 0.15913D+15  2.204   11.112   10.542   13.859   32.742   12.78   14.52   39.76
   40.89   48.80 0.53471D-09  1  0  0.01527  268.86  264.57 0.15897D+15  2.204   11.025   10.455   13.813   32.693   12.79   14.53   40.09
   41.22   49.19 0.53064D-09  1  0  0.01531  268.82  264.55 0.15881D+15  2.205   10.938   10.368   13.768   32.645   12.81   14.54   40.41
   41.54   49.58 0.52664D-09  1  0  0.01536  268.78  264.52 0.15865D+15  2.205   10.853   10.283   13.723   32.597   12.82   14.55   40.73
   41.86   49.96 0.52269D-09  1  0  0.01540  268.74  264.50 0.15849D+15  2.205   10.770   10.200   13.678   32.549   12.83   14.56   41.05
   42.18   50.35 0.51881D-09  1  0  0.01545  268.70  264.48 0.15833D+15  2.206   10.687   10.118   13.634   32.502   12.84   14.57   41.38
   42.50   50.74 0.51499D-09  1  0  0.01549  268.67  264.46 0.15817D+15  2.206   10.606   10.036   13.590   32.455   12.86   14.58   41.70
   42.83   51.13 0.51122D-09  1  0  0.01554  268.63  264.43 0.15802D+15  2.206   10.526    9.957   13.546   32.408   12.87   14.59   42.02
   43.15   51.52 0.50751D-09  1  0  0.01558  268.59  264.41 0.15787D+15  2.207   10.448    9.878   13.503   32.361   12.88   14.60   42.34
   43.47   51.91 0.50386D-09  1  0  0.01563  268.55  264.39 0.15772D+15  2.207   10.370    9.800   13.460   32.315   12.90   14.61   42.67
   43.79   52.29 0.50026D-09  1  0  0.01568  268.51  264.36 0.15757D+15  2.207   10.294    9.724   13.417   32.269   12.91   14.62   42.99
   44.11   52.68 0.49671D-09  1  0  0.01572  268.47  264.34 0.15742D+15  2.208   10.218    9.649   13.374   32.223   12.92   14.63   43.31
   44.44   53.07 0.49321D-09  1  0  0.01577  268.43  264.32 0.15728D+15  2.208   10.144    9.575   13.331   32.178   12.93   14.64   43.63
   44.76   53.46 0.48977D-09  1  0  0.01582  268.39  264.29 0.15713D+15  2.208   10.071    9.502   13.289   32.133   12.95   14.65   43.96
   45.08   53.85 0.48637D-09  1  0  0.01587  268.35  264.27 0.15699D+15  2.209    9.999    9.429   13.247   32.088   12.96   14.66   44.28
   45.40   54.24 0.48302D-09  1  0  0.01591  268.31  264.24 0.15685D+15  2.209    9.927    9.358   13.205   32.043   12.97   14.67   44.60
   45.72   54.62 0.47972D-09  1  0  0.01596  268.28  264.22 0.15671D+15  2.209    9.857    9.288   13.164   31.999   12.98   14.68   44.92
   46.05   55.01 0.47646D-09  1  0  0.01601  268.24  264.19 0.15657D+15  2.210    9.788    9.219   13.123   31.954   13.00   14.69   45.24
   46.37   55.40 0.47325D-09  1  0  0.01606  268.20  264.17 0.15643D+15  2.210    9.720    9.151   13.082   31.910   13.01   14.70   45.57
   46.69   55.79 0.47009D-09  1  0  0.01611  268.16  264.15 0.15629D+15  2.210    9.653    9.084   13.041   31.867   13.02   14.71   45.89
   47.01   56.18 0.46696D-09  1  0  0.01616  268.12  264.12 0.15616D+15  2.211    9.586    9.018   13.000   31.823   13.03   14.72   46.21
   47.33   56.57 0.46388D-09  1  0  0.01621  268.08  264.10 0.15603D+15  2.211    9.521    8.952   12.960   31.780   13.04   14.73   46.53
   47.66   56.95 0.46085D-09  1  0  0.01626  268.04  264.07 0.15590D+15  2.211    9.456    8.888   12.919   31.737   13.05   14.74   46.86
   47.98   57.34 0.45785D-09  1  0  0.01631  268.00  264.05 0.15577D+15  2.212    9.393    8.824   12.879   31.694   13.07   14.75   47.18
   48.30   57.73 0.45489D-09  1  0  0.01636  267.96  264.02 0.15564D+15  2.212    9.330    8.761   12.839   31.652   13.08   14.76   47.50
   48.62   58.12 0.45197D-09  1  0  0.01641  267.92  263.99 0.15551D+15  2.213    9.268    8.699   12.800   31.609   13.09   14.77   47.83
   48.94   58.51 0.44909D-09  1  0  0.01646  267.88  263.97 0.15538D+15  2.213    9.207    8.638   12.760   31.567   13.10   14.78   48.15
   49.27   58.90 0.44625D-09  1  0  0.01651  267.84  263.94 0.15526D+15  2.213    9.146    8.578   12.721   31.525   13.11   14.80   48.47
   49.59   59.28 0.44345D-09  1  0  0.01656  267.80  263.92 0.15514D+15  2.214    9.086    8.518   12.682   31.483   13.12   14.81   48.79
   49.91   59.67 0.44068D-09  1  0  0.01662  267.75  263.89 0.15501D+15  2.214    9.028    8.460   12.643   31.442   13.14   14.82   49.12
   50.23   60.06 0.43794D-09  1  0  0.01667  267.71  263.87 0.15489D+15  2.214    8.969    8.402   12.604   31.400   13.15   14.83   49.44
   50.55   60.45 0.43524D-09  1  0  0.01672  267.67  263.84 0.15477D+15  2.215    8.912    8.344   12.565   31.359   13.16   14.84   49.76
   50.88   60.84 0.43258D-09  1  0  0.01677  267.63  263.81 0.15466D+15  2.215    8.855    8.288   12.527   31.318   13.17   14.85   50.08
   51.20   61.23 0.42995D-09  1  0  0.01683  267.59  263.79 0.15454D+15  2.215    8.799    8.232   12.488   31.277   13.18   14.86   50.41
   51.52   61.61 0.42735D-09  1  0  0.01688  267.55  263.76 0.15442D+15  2.216    8.744    8.177   12.450   31.237   13.19   14.87   50.73
   51.84   62.00 0.42478D-09  1  0  0.01693  267.51  263.73 0.15431D+15  2.216    8.690    8.122   12.412   31.196   13.20   14.88   51.05
   52.16   62.39 0.42225D-09  1  0  0.01699  267.47  263.71 0.15420D+15  2.216    8.636    8.068   12.374   31.156   13.21   14.89   51.37
   52.49   62.78 0.41975D-09  1  0  0.01704  267.43  263.68 0.15409D+15  2.217    8.582    8.015   12.337   31.116   13.22   14.90   51.70
   52.81   63.17 0.41728D-09  1  0  0.01710  267.39  263.65 0.15398D+15  2.217    8.530    7.962   12.299   31.076   13.24   14.91   52.02
   53.13   63.56 0.41483D-09  1  0  0.01715  267.34  263.63 0.15387D+15  2.217    8.478    7.911   12.262   31.036   13.25   14.92   52.34
   53.45   63.95 0.41242D-09  1  0  0.01721  267.30  263.60 0.15376D+15  2.218    8.426    7.859   12.225   30.996   13.26   14.94   52.66
   53.77   64.33 0.41004D-09  1  0  0.01727  267.26  263.57 0.15366D+15  2.218    8.376    7.809   12.187   30.957   13.27   14.95   52.99
   54.10   64.72 0.40768D-09  1  0  0.01732  267.22  263.55 0.15355D+15  2.219    8.326    7.759   12.150   30.917   13.28   14.96   53.31
   54.42   65.11 0.40535D-09  1  0  0.01738  267.18  263.52 0.15345D+15  2.219    8.276    7.709   12.114   30.878   13.29   14.97   53.63
   54.74   65.50 0.40305D-09  1  0  0.01743  267.14  263.49 0.15334D+15  2.219    8.227    7.660   12.077   30.839   13.30   14.98   53.95
   55.06   65.89 0.40078D-09  1  0  0.01749  267.09  263.46 0.15324D+15  2.220    8.179    7.612   12.040   30.800   13.31   14.99   54.28
   55.38   66.28 0.39853D-09  1  0  0.01755  267.05  263.44 0.15314D+15  2.220    8.131    7.564   12.004   30.762   13.32   15.00   54.60
   55.71   66.67 0.39631D-09  1  0  0.01761  267.01  263.41 0.15305D+15  2.220    8.083    7.517   11.967   30.723   13.33   15.01   54.92
   56.03   67.05 0.39412D-09  1  0  0.01767  266.97  263.38 0.15295D+15  2.221    8.037    7.470   11.931   30.684   13.34   15.02   55.25
   56.35   67.44 0.39195D-09  1  0  0.01772  266.93  263.35 0.15285D+15  2.221    7.990    7.424   11.895   30.646   13.35   15.03   55.57
   56.67   67.83 0.38980D-09  1  0  0.01778  266.88  263.32 0.15276D+15  2.221    7.945    7.378   11.859   30.608   13.36   15.05   55.89
   56.99   68.22 0.38768D-09  1  0  0.01784  266.84  263.30 0.15266D+15  2.222    7.899    7.333   11.823   30.570   13.37   15.06   56.21
   57.32   68.61 0.38558D-09  1  0  0.01790  266.80  263.27 0.15257D+15  2.222    7.855    7.289   11.787   30.532   13.38   15.07   56.54
   57.64   69.00 0.38351D-09  1  0  0.01796  266.75  263.24 0.15248D+15  2.223    7.811    7.244   11.751   30.494   13.39   15.08   56.86
   57.96   69.38 0.38146D-09  1  0  0.01802  266.71  263.21 0.15239D+15  2.223    7.767    7.201   11.716   30.456   13.40   15.09   57.18
   58.28   69.77 0.37943D-09  1  0  0.01808  266.67  263.18 0.15230D+15  2.223    7.724    7.158   11.680   30.419   13.41   15.10   57.51
   58.60   70.16 0.37742D-09  1  0  0.01815  266.63  263.15 0.15222D+15  2.224    7.681    7.115   11.645   30.381   13.43   15.11   57.83
   58.93   70.55 0.37544D-09  1  0  0.01821  266.58  263.12 0.15213D+15  2.224    7.638    7.073   11.609   30.344   13.44   15.12   58.15
   59.25   70.94 0.37348D-09  1  0  0.01827  266.54  263.09 0.15204D+15  2.224    7.597    7.031   11.574   30.307   13.45   15.13   58.47
   59.57   71.33 0.37153D-09  1  0  0.01833  266.50  263.06 0.15196D+15  2.225    7.555    6.990   11.539   30.269   13.46   15.15   58.80
   59.89   71.72 0.36961D-09  1  0  0.01840  266.45  263.04 0.15188D+15  2.225    7.514    6.949   11.504   30.232   13.47   15.16   59.12
   60.21   72.10 0.36771D-09  1  0  0.01846  266.41  263.01 0.15180D+15  2.226    7.474    6.908   11.469   30.195   13.48   15.17   59.44
   60.54   72.49 0.36583D-09  1  0  0.01852  266.36  262.98 0.15172D+15  2.226    7.434    6.868   11.434   30.159   13.49   15.18   59.76
   60.86   72.88 0.36398D-09  1  0  0.01859  266.32  262.95 0.15164D+15  2.226    7.394    6.829   11.399   30.122   13.50   15.19   60.09
   61.18   73.27 0.36214D-09  1  0  0.01865  266.28  262.92 0.15156D+15  2.227    7.355    6.789   11.364   30.085   13.51   15.20   60.41
   61.50   73.66 0.36031D-09  1  0  0.01872  266.23  262.89 0.15149D+15  2.227    7.316    6.751   11.329   30.049   13.52   15.21   60.73
   61.82   74.05 0.35851D-09  1  0  0.01878  266.19  262.86 0.15141D+15  2.228    7.277    6.712   11.295   30.012   13.53   15.22   61.06
   62.15   74.44 0.35673D-09  1  0  0.01885  266.14  262.83 0.15134D+15  2.228    7.239    6.674   11.260   29.976   13.54   15.24   61.38
   62.47   74.83 0.35497D-09  1  0  0.01891  266.10  262.80 0.15127D+15  2.228    7.202    6.637   11.226   29.940   13.55   15.25   61.70
   62.79   75.21 0.35322D-09  1  0  0.01898  266.06  262.77 0.15120D+15  2.229    7.164    6.599   11.191   29.904   13.56   15.26   62.03
   63.11   75.60 0.35149D-09  1  0  0.01905  266.01  262.74 0.15113D+15  2.229    7.127    6.563   11.157   29.867   13.56   15.27   62.35
   63.43   75.99 0.34978D-09  1  0  0.01912  265.97  262.70 0.15106D+15  2.229    7.091    6.526   11.122   29.831   13.57   15.28   62.67
   63.76   76.38 0.34809D-09  1  0  0.01918  265.92  262.67 0.15099D+15  2.230    7.054    6.490   11.088   29.796   13.58   15.29   62.99
   64.08   76.77 0.34641D-09  1  0  0.01925  265.88  262.64 0.15092D+15  2.230    7.019    6.454   11.054   29.760   13.59   15.30   63.32
   64.40   77.16 0.34475D-09  1  0  0.01932  265.83  262.61 0.15086D+15  2.231    6.983    6.419   11.020   29.724   13.60   15.32   63.64
   64.72   77.55 0.34310D-09  1  0  0.01939  265.79  262.58 0.15080D+15  2.231    6.948    6.384   10.986   29.688   13.61   15.33   63.96
   65.04   77.93 0.34148D-09  1  0  0.01946  265.74  262.55 0.15073D+15  2.231    6.913    6.349   10.952   29.653   13.62   15.34   64.29
   65.37   78.32 0.33987D-09  1  0  0.01953  265.70  262.52 0.15067D+15  2.232    6.879    6.315   10.918   29.617   13.63   15.35   64.61
   65.69   78.71 0.33827D-09  1  0  0.01960  265.65  262.49 0.15061D+15  2.232    6.845    6.281   10.884   29.582   13.64   15.36   64.93
   66.01   79.10 0.33669D-09  1  0  0.01967  265.60  262.46 0.15055D+15  2.233    6.811    6.247   10.850   29.546   13.65   15.37   65.25
   66.33   79.49 0.33513D-09  1  0  0.01975  265.56  262.42 0.15050D+15  2.233    6.777    6.214   10.816   29.511   13.66   15.39   65.58
   66.65   79.88 0.33358D-09  1  0  0.01982  265.51  262.39 0.15044D+15  2.233    6.744    6.181   10.782   29.476   13.67   15.40   65.90
   66.98   80.27 0.33204D-09  1  0  0.01989  265.47  262.36 0.15039D+15  2.234    6.711    6.148   10.748   29.440   13.68   15.41   66.22
   67.30   80.66 0.33052D-09  1  0  0.01996  265.42  262.33 0.15033D+15  2.234    6.679    6.115   10.715   29.405   13.69   15.42   66.55
   67.62   81.04 0.32902D-09  1  0  0.02004  265.37  262.30 0.15028D+15  2.235    6.647    6.083   10.681   29.370   13.70   15.43   66.87
   67.94   81.43 0.32753D-09  1  0  0.02011  265.33  262.26 0.15023D+15  2.235    6.615    6.051   10.647   29.335   13.71   15.45   67.19
   68.26   81.82 0.32605D-09  1  0  0.02019  265.28  262.23 0.15018D+15  2.235    6.583    6.020   10.614   29.300   13.72   15.46   67.52
   68.59   82.21 0.32459D-09  1  0  0.02026  265.23  262.20 0.15013D+15  2.236    6.552    5.989   10.580   29.265   13.73   15.47   67.84
   68.91   82.60 0.32314D-09  1  0  0.02034  265.19  262.17 0.15009D+15  2.236    6.521    5.958   10.546   29.230   13.74   15.48   68.16
   69.23   82.99 0.32170D-09  1  0  0.02041  265.14  262.13 0.15004D+15  2.237    6.490    5.927   10.513   29.196   13.75   15.49   68.49
   69.55   83.38 0.32028D-09  1  0  0.02049  265.09  262.10 0.15000D+15  2.237    6.459    5.897   10.479   29.161   13.76   15.50   68.81
   69.87   83.76 0.31887D-09  1  0  0.02057  265.05  262.07 0.14996D+15  2.237    6.429    5.866   10.446   29.126   13.77   15.52   69.13
   70.20   84.15 0.31748D-09  1  0  0.02065  265.00  262.03 0.14992D+15  2.238    6.399    5.837   10.412   29.091   13.78   15.53   69.45
   70.52   84.54 0.31609D-09  1  0  0.02073  264.95  262.00 0.14988D+15  2.238    6.370    5.807   10.379   29.057   13.79   15.54   69.78
   70.84   84.93 0.31472D-09  1  0  0.02081  264.90  261.97 0.14984D+15  2.239    6.340    5.778   10.345   29.022   13.80   15.55   70.10
   71.16   85.32 0.31336D-09  1  0  0.02089  264.86  261.93 0.14980D+15  2.239    6.311    5.749   10.312   28.988   13.80   15.56   70.42
   71.48   85.71 0.31202D-09  1  0  0.02097  264.81  261.90 0.14976D+15  2.240    6.282    5.720   10.278   28.953   13.81   15.58   70.75
   71.81   86.10 0.31068D-09  1  0  0.02105  264.76  261.87 0.14973D+15  2.240    6.253    5.691   10.245   28.919   13.82   15.59   71.07
   72.13   86.49 0.30936D-09  1  0  0.02113  264.71  261.83 0.14970D+15  2.240    6.225    5.663   10.211   28.884   13.83   15.60   71.39
   72.45   86.88 0.30805D-09  1  0  0.02121  264.66  261.80 0.14967D+15  2.241    6.197    5.635   10.178   28.850   13.84   15.61   71.72
   72.77   87.26 0.30675D-09  1  0  0.02129  264.62  261.76 0.14964D+15  2.241    6.169    5.607   10.145   28.815   13.85   15.63   72.04
   73.09   87.65 0.30546D-09  1  0  0.02138  264.57  261.73 0.14961D+15  2.242    6.141    5.580   10.111   28.781   13.86   15.64   72.36
   73.42   88.04 0.30419D-09  1  0  0.02146  264.52  261.69 0.14958D+15  2.242    6.114    5.552   10.078   28.747   13.87   15.65   72.69
   73.74   88.43 0.30292D-09  1  0  0.02155  264.47  261.66 0.14955D+15  2.243    6.087    5.525   10.044   28.712   13.88   15.66   73.01
   74.06   88.82 0.30167D-09  1  0  0.02163  264.42  261.62 0.14953D+15  2.243    6.060    5.498   10.011   28.678   13.89   15.68   73.33
   74.38   89.21 0.30043D-09  1  0  0.02172  264.37  261.59 0.14951D+15  2.243    6.033    5.472    9.977   28.644   13.90   15.69   73.66
   74.70   89.60 0.29919D-09  1  0  0.02180  264.32  261.55 0.14948D+15  2.244    6.007    5.445    9.944   28.609   13.91   15.70   73.98
   75.03   89.99 0.29797D-09  1  0  0.02189  264.27  261.52 0.14946D+15  2.244    5.980    5.419    9.910   28.575   13.92   15.71   74.30
   75.35   90.37 0.29676D-09  1  0  0.02198  264.22  261.48 0.14945D+15  2.245    5.954    5.393    9.877   28.541   13.93   15.73   74.63
   75.67   90.76 0.29556D-09  1  0  0.02207  264.17  261.45 0.14943D+15  2.245    5.928    5.367    9.843   28.507   13.94   15.74   74.95
   75.99   91.15 0.29437D-09  1  0  0.02216  264.12  261.41 0.14941D+15  2.246    5.903    5.342    9.810   28.473   13.95   15.75   75.27
   76.31   91.54 0.29319D-09  1  0  0.02225  264.07  261.38 0.14940D+15  2.246    5.877    5.317    9.776   28.438   13.96   15.76   75.60
   76.64   91.93 0.29202D-09  1  0  0.02234  264.02  261.34 0.14939D+15  2.246    5.852    5.292    9.743   28.404   13.97   15.78   75.92
   76.96   92.32 0.29086D-09  1  0  0.02243  263.97  261.31 0.14938D+15  2.247    5.827    5.267    9.709   28.370   13.98   15.79   76.24
   77.28   92.71 0.28971D-09  1  0  0.02252  263.92  261.27 0.14937D+15  2.247    5.802    5.242    9.676   28.336   13.98   15.80   76.57
   77.60   93.10 0.28857D-09  1  0  0.02261  263.87  261.23 0.14936D+15  2.248    5.778    5.217    9.642   28.302   13.99   15.82   76.89
   77.92   93.49 0.28743D-09  1  0  0.02271  263.82  261.20 0.14935D+15  2.248    5.753    5.193    9.608   28.268   14.00   15.83   77.21
   78.25   93.88 0.28631D-09  1  0  0.02280  263.77  261.16 0.14935D+15  2.249    5.729    5.169    9.575   28.234   14.01   15.84   77.54
   78.57   94.26 0.28520D-09  1  0  0.02290  263.72  261.12 0.14935D+15  2.249    5.705    5.145    9.541   28.199   14.02   15.85   77.86
   78.89   94.65 0.28409D-09  1  0  0.02299  263.67  261.09 0.14934D+15  2.250    5.681    5.121    9.507   28.165   14.03   15.87   78.18
   79.21   95.04 0.28300D-09  1  0  0.02309  263.61  261.05 0.14935D+15  2.250    5.657    5.098    9.474   28.131   14.04   15.88   78.51
   79.53   95.43 0.28191D-09  1  0  0.02319  263.56  261.01 0.14935D+15  2.250    5.634    5.074    9.440   28.097   14.05   15.89   78.83
   79.86   95.82 0.28083D-09  1  0  0.02328  263.51  260.98 0.14935D+15  2.251    5.611    5.051    9.406   28.063   14.06   15.91   79.15
   80.18   96.21 0.27976D-09  1  0  0.02338  263.46  260.94 0.14936D+15  2.251    5.588    5.028    9.372   28.029   14.07   15.92   79.48
   80.50   96.60 0.27870D-09  1  0  0.02348  263.41  260.90 0.14936D+15  2.252    5.565    5.006    9.338   27.994   14.08   15.93   79.80
   80.82   96.99 0.27765D-09  1  0  0.02358  263.35  260.86 0.14937D+15  2.252    5.542    4.983    9.304   27.960   14.09   15.95   80.13
   81.14   97.38 0.27661D-09  1  0  0.02368  263.30  260.82 0.14938D+15  2.253    5.519    4.960    9.270   27.926   14.10   15.96   80.45
   81.47   97.77 0.27557D-09  1  0  0.02379  263.25  260.79 0.14940D+15  2.253    5.497    4.938    9.236   27.892   14.11   15.97   80.77
   81.79   98.15 0.27454D-09  1  0  0.02389  263.19  260.75 0.14941D+15  2.254    5.475    4.916    9.202   27.857   14.12   15.99   81.10
   82.11   98.54 0.27352D-09  1  0  0.02399  263.14  260.71 0.14943D+15  2.254    5.453    4.894    9.168   27.823   14.13   16.00   81.42
   82.43   98.93 0.27251D-09  1  0  0.02410  263.09  260.67 0.14944D+15  2.255    5.431    4.872    9.134   27.789   14.14   16.02   81.74
   82.75   99.32 0.27151D-09  1  0  0.02420  263.03  260.63 0.14946D+15  2.255    5.409    4.851    9.099   27.755   14.15   16.03   82.07
   83.08   99.71 0.27051D-09  1  0  0.02431  262.98  260.59 0.14948D+15  2.256    5.387    4.829    9.065   27.720   14.16   16.04   82.39
   83.40  100.10 0.26953D-09  1  0  0.02442  262.93  260.55 0.14951D+15  2.256    5.366    4.808    9.030   27.686   14.17   16.06   82.71
   83.72  100.49 0.26855D-09  1  0  0.02453  262.87  260.52 0.14953D+15  2.257    5.345    4.787    8.996   27.652   14.18   16.07   83.04
   84.04  100.88 0.26757D-09  1  0  0.02464  262.82  260.48 0.14956D+15  2.257    5.324    4.766    8.961   27.617   14.19   16.09   83.36
   84.36  101.27 0.26661D-09  1  0  0.02475  262.76  260.44 0.14959D+15  2.257    5.303    4.745    8.927   27.583   14.20   16.10   83.69
   84.69  101.66 0.26565D-09  1  0  0.02486  262.71  260.40 0.14962D+15  2.258    5.282    4.724    8.892   27.548   14.21   16.11   84.01
   85.01  102.05 0.26470D-09  1  0  0.02497  262.65  260.36 0.14965D+15  2.258    5.261    4.704    8.857   27.514   14.22   16.13   84.33
   85.33  102.43 0.26376D-09  1  0  0.02508  262.60  260.32 0.14969D+15  2.259    5.241    4.683    8.823   27.479   14.23   16.14   84.66
   85.65  102.82 0.26282D-09  1  0  0.02519  262.54  260.28 0.14973D+15  2.259    5.220    4.663    8.788   27.444   14.24   16.16   84.98
   85.97  103.21 0.26189D-09  1  0  0.02531  262.49  260.24 0.14977D+15  2.260    5.200    4.643    8.753   27.410   14.25   16.17   85.31
   86.30  103.60 0.26097D-09  1  0  0.02543  262.43  260.20 0.14981D+15  2.260    5.180    4.623    8.718   27.375   14.26   16.19   85.63
   86.62  103.99 0.26005D-09  1  0  0.02554  262.37  260.16 0.14985D+15  2.261    5.160    4.603    8.683   27.340   14.27   16.20   85.95
   86.94  104.38 0.25914D-09  1  0  0.02566  262.32  260.11 0.14990D+15  2.261    5.141    4.584    8.647   27.306   14.28   16.22   86.28
   87.26  104.77 0.25824D-09  1  0  0.02578  262.26  260.07 0.14994D+15  2.262    5.121    4.564    8.612   27.271   14.29   16.23   86.60
   87.58  105.16 0.25735D-09  1  0  0.02590  262.20  260.03 0.14999D+15  2.262    5.101    4.545    8.577   27.236   14.30   16.24   86.93
   87.91  105.55 0.25646D-09  1  0  0.02602  262.15  259.99 0.15005D+15  2.263    5.082    4.526    8.541   27.201   14.31   16.26   87.25
   88.23  105.94 0.25558D-09  1  0  0.02614  262.09  259.95 0.15010D+15  2.263    5.063    4.507    8.506   27.166   14.32   16.27   87.57
   88.55  106.33 0.25470D-09  1  0  0.02627  262.03  259.91 0.15016D+15  2.264    5.044    4.488    8.470   27.131   14.33   16.29   87.90
   88.87  106.72 0.25383D-09  1  0  0.02639  261.97  259.87 0.15022D+15  2.264    5.025    4.469    8.434   27.096   14.34   16.30   88.22
   89.19  107.11 0.25297D-09  1  0  0.02652  261.92  259.82 0.15028D+15  2.265    5.006    4.450    8.398   27.060   14.35   16.32   88.55
   89.52  107.50 0.25211D-09  1  0  0.02664  261.86  259.78 0.15034D+15  2.265    4.987    4.432    8.362   27.025   14.36   16.34   88.87
   89.84  107.88 0.25126D-09  1  0  0.02677  261.80  259.74 0.15041D+15  2.266    4.969    4.413    8.326   26.990   14.37   16.35   89.19
   90.16  108.27 0.25041D-09  1  0  0.02690  261.74  259.70 0.15048D+15  2.266    4.950    4.395    8.290   26.954   14.38   16.37   89.52
   90.48  108.66 0.24958D-09  1  0  0.02703  261.68  259.65 0.15055D+15  2.267    4.932    4.377    8.253   26.919   14.39   16.38   89.84
   90.80  109.05 0.24874D-09  1  0  0.02716  261.62  259.61 0.15062D+15  2.268    4.914    4.359    8.217   26.883   14.40   16.40   90.17
   91.13  109.44 0.24792D-09  1  0  0.02729  261.56  259.57 0.15070D+15  2.268    4.895    4.341    8.180   26.848   14.41   16.41   90.49
   91.45  109.83 0.24710D-09  1  0  0.02743  261.50  259.52 0.15078D+15  2.269    4.877    4.323    8.144   26.812   14.42   16.43   90.82
   91.77  110.22 0.24628D-09  1  0  0.02756  261.44  259.48 0.15086D+15  2.269    4.860    4.305    8.107   26.776   14.43   16.45   91.14
   92.09  110.61 0.24547D-09  1  0  0.02770  261.38  259.43 0.15094D+15  2.270    4.842    4.287    8.070   26.740   14.44   16.46   91.46
   92.41  111.00 0.24467D-09  1  0  0.02784  261.32  259.39 0.15103D+15  2.270    4.824    4.270    8.033   26.705   14.45   16.48   91.79
   92.74  111.39 0.24387D-09  1  0  0.02798  261.26  259.35 0.15112D+15  2.271    4.807    4.253    7.996   26.668   14.47   16.49   92.11
   93.06  111.78 0.24308D-09  1  0  0.02812  261.20  259.30 0.15121D+15  2.271    4.789    4.235    7.958   26.632   14.48   16.51   92.44
   93.38  112.17 0.24229D-09  1  0  0.02826  261.14  259.26 0.15131D+15  2.272    4.772    4.218    7.921   26.596   14.49   16.53   92.76
   93.70  112.56 0.24151D-09  1  0  0.02840  261.07  259.21 0.15141D+15  2.272    4.755    4.201    7.883   26.560   14.50   16.54   93.09
   94.02  112.95 0.24073D-09  1  0  0.02855  261.01  259.17 0.15151D+15  2.273    4.738    4.184    7.846   26.523   14.51   16.56   93.41
   94.35  113.34 0.23996D-09  1  0  0.02869  260.95  259.12 0.15161D+15  2.273    4.721    4.167    7.808   26.487   14.52   16.58   93.74
   94.67  113.73 0.23919D-09  1  0  0.02884  260.89  259.08 0.15172D+15  2.274    4.704    4.151    7.770   26.450   14.53   16.59   94.06
   94.99  114.12 0.23843D-09  1  0  0.02899  260.82  259.03 0.15183D+15  2.275    4.687    4.134    7.731   26.414   14.54   16.61   94.39
   95.31  114.51 0.23768D-09  1  0  0.02914  260.76  258.98 0.15194D+15  2.275    4.671    4.118    7.693   26.377   14.55   16.63   94.71
   95.63  114.90 0.23693D-09  1  0  0.02929  260.70  258.94 0.15206D+15  2.276    4.654    4.101    7.654   26.340   14.57   16.65   95.04
   95.96  115.29 0.23618D-09  1  0  0.02944  260.63  258.89 0.15218D+15  2.276    4.638    4.085    7.616   26.303   14.58   16.66   95.36
   96.28  115.68 0.23544D-09  1  0  0.02960  260.57  258.84 0.15230D+15  2.277    4.621    4.069    7.577   26.266   14.59   16.68   95.69
   96.60  116.07 0.23471D-09  1  0  0.02975  260.50  258.80 0.15243D+15  2.277    4.605    4.053    7.538   26.228   14.60   16.70   96.01
   96.92  116.46 0.23397D-09  1  0  0.02991  260.44  258.75 0.15256D+15  2.278    4.589    4.037    7.499   26.191   14.61   16.72   96.34
   97.24  116.85 0.23325D-09  1  0  0.03007  260.37  258.70 0.15269D+15  2.279    4.573    4.021    7.459   26.153   14.62   16.73   96.66
   97.57  117.24 0.23253D-09  1  0  0.03023  260.31  258.65 0.15283D+15  2.279    4.557    4.005    7.420   26.116   14.64   16.75   96.99
   97.89  117.63 0.23181D-09  1  0  0.03040  260.24  258.61 0.15297D+15  2.280    4.541    3.989    7.380   26.078   14.65   16.77   97.31
   98.21  118.02 0.23110D-09  1  0  0.03056  260.18  258.56 0.15311D+15  2.280    4.525    3.974    7.340   26.040   14.66   16.79   97.64
   98.53  118.41 0.23039D-09  1  0  0.03073  260.11  258.51 0.15326D+15  2.281    4.510    3.958    7.300   26.002   14.67   16.81   97.96
   98.85  118.80 0.22969D-09  1  0  0.03090  260.04  258.46 0.15341D+15  2.282    4.494    3.943    7.259   25.964   14.68   16.83   98.29
   99.18  119.19 0.22899D-09  1  0  0.03106  259.97  258.41 0.15356D+15  2.282    4.478    3.927    7.219   25.925   14.70   16.85   98.61
   99.50  119.58 0.22830D-09  1  0  0.03124  259.91  258.36 0.15372D+15  2.283    4.463    3.912    7.178   25.887   14.71   16.86   98.94
   99.82  119.97 0.22761D-09  1  0  0.03141  259.84  258.31 0.15389D+15  2.283    4.448    3.897    7.137   25.848   14.72   16.88   99.26
  100.14  120.36 0.22693D-09  1  0  0.03159  259.77  258.26 0.15405D+15  2.284    4.432    3.882    7.096   25.809   14.73   16.90   99.59
  100.46  120.75 0.22625D-09  1  0  0.03176  259.70  258.21 0.15422D+15  2.285    4.417    3.867    7.055   25.770   14.75   16.92   99.91
  100.79  121.14 0.22557D-09  1  0  0.03194  259.63  258.16 0.15440D+15  2.285    4.402    3.852    7.013   25.731   14.76   16.94  100.24
  101.11  121.53 0.22490D-09  1  0  0.03212  259.56  258.11 0.15458D+15  2.286    4.387    3.837    6.971   25.692   14.77   16.96  100.57
  101.43  121.92 0.22424D-09  1  0  0.03231  259.49  258.06 0.15476D+15  2.286    4.372    3.823    6.929   25.652   14.79   16.98  100.89
  101.75  122.31 0.22357D-09  1  0  0.03249  259.42  258.01 0.15495D+15  2.287    4.358    3.808    6.887   25.613   14.80   17.00  101.22
  102.07  122.70 0.22292D-09  1  0  0.03268  259.35  257.96 0.15514D+15  2.288    4.343    3.794    6.844   25.573   14.81   17.02  101.54
  102.40  123.09 0.22226D-09  1  0  0.03287  259.28  257.90 0.15534D+15  2.288    4.328    3.779    6.801   25.533   14.82   17.04  101.87
  102.72  123.48 0.22161D-09  1  0  0.03306  259.21  257.85 0.15554D+15  2.289    4.314    3.765    6.758   25.493   14.84   17.06  102.20
  103.04  123.87 0.22097D-09  1  0  0.03325  259.13  257.80 0.15575D+15  2.290    4.299    3.750    6.715   25.452   14.85   17.08  102.52
  103.36  124.26 0.22032D-09  1  0  0.03345  259.06  257.75 0.15596D+15  2.290    4.285    3.736    6.671   25.412   14.87   17.11  102.85
  103.68  124.65 0.21969D-09  1  0  0.03365  258.99  257.69 0.15618D+15  2.291    4.270    3.722    6.628   25.371   14.88   17.13  103.18
  104.01  125.04 0.21905D-09  1  0  0.03385  258.92  257.64 0.15640D+15  2.292    4.256    3.708    6.584   25.330   14.89   17.15  103.50
  104.33  125.44 0.21842D-09  1  0  0.03405  258.84  257.58 0.15663D+15  2.292    4.242    3.694    6.539   25.289   14.91   17.17  103.83
  104.65  125.83 0.21780D-09  1  0  0.03425  258.77  257.53 0.15686D+15  2.293    4.228    3.680    6.495   25.247   14.92   17.19  104.16
  104.97  126.22 0.21717D-09  1  0  0.03446  258.69  257.48 0.15710D+15  2.294    4.214    3.666    6.450   25.206   14.94   17.21  104.48
  105.29  126.61 0.21655D-09  1  0  0.03467  258.62  257.42 0.15734D+15  2.294    4.200    3.652    6.404   25.164   14.95   17.24  104.81
  105.62  127.00 0.21594D-09  1  0  0.03488  258.54  257.37 0.15759D+15  2.295    4.186    3.639    6.359   25.122   14.96   17.26  105.14
  105.94  127.39 0.21533D-09  1  0  0.03510  258.46  257.31 0.15785D+15  2.296    4.172    3.625    6.313   25.080   14.98   17.28  105.46
  106.26  127.78 0.21472D-09  1  0  0.03531  258.39  257.25 0.15811D+15  2.296    4.159    3.612    6.267   25.037   14.99   17.31  105.79
  106.58  128.17 0.21412D-09  1  0  0.03553  258.31  257.20 0.15838D+15  2.297    4.145    3.598    6.220   24.995   15.01   17.33  106.12
  106.90  128.56 0.21352D-09  1  0  0.03576  258.23  257.14 0.15865D+15  2.298    4.131    3.585    6.174   24.952   15.02   17.35  106.45
  107.23  128.96 0.21292D-09  1  0  0.03598  258.15  257.08 0.15893D+15  2.298    4.118    3.571    6.127   24.908   15.04   17.38  106.77
  107.55  129.35 0.21233D-09  1  0  0.03621  258.07  257.03 0.15921D+15  2.299    4.104    3.558    6.079   24.865   15.05   17.40  107.10
  107.87  129.74 0.21174D-09  1  0  0.03644  257.99  256.97 0.15951D+15  2.300    4.091    3.545    6.031   24.821   15.07   17.42  107.43
  108.19  130.13 0.21115D-09  1  0  0.03667  257.91  256.91 0.15981D+15  2.301    4.077    3.532    5.983   24.777   15.09   17.45  107.76
  108.51  130.52 0.21057D-09  1  0  0.03691  257.83  256.85 0.16011D+15  2.301    4.064    3.519    5.935   24.733   15.10   17.47  108.09
  108.84  130.91 0.20999D-09  1  0  0.03715  257.75  256.79 0.16043D+15  2.302    4.051    3.506    5.886   24.688   15.12   17.50  108.41
  109.16  131.31 0.20942D-09  1  0  0.03739  257.67  256.73 0.16075D+15  2.303    4.038    3.493    5.837   24.643   15.13   17.52  108.74
  109.48  131.70 0.20885D-09  1  0  0.03764  257.58  256.67 0.16107D+15  2.303    4.025    3.480    5.787   24.598   15.15   17.55  109.07
  109.80  132.09 0.20828D-09  1  0  0.03789  257.50  256.61 0.16141D+15  2.304    4.012    3.467    5.737   24.553   15.17   17.58  109.40
  110.12  132.48 0.20771D-09  1  0  0.03814  257.42  256.55 0.16175D+15  2.305    3.999    3.454    5.687   24.507   15.18   17.60  109.73
  110.45  132.88 0.20715D-09  1  0  0.03839  257.33  256.49 0.16211D+15  2.306    3.986    3.442    5.636   24.461   15.20   17.63  110.06
  110.77  133.27 0.20659D-09  1  0  0.03865  257.25  256.43 0.16246D+15  2.306    3.973    3.429    5.585   24.415   15.22   17.66  110.39
  111.09  133.66 0.20604D-09  1  0  0.03891  257.16  256.37 0.16283D+15  2.307    3.960    3.416    5.533   24.368   15.24   17.68  110.72
  111.41  134.05 0.20549D-09  1  0  0.03918  257.07  256.30 0.16321D+15  2.308    3.947    3.404    5.481   24.321   15.25   17.71  111.05
  111.73  134.45 0.20494D-09  1  0  0.03945  256.99  256.24 0.16359D+15  2.309    3.935    3.391    5.429   24.274   15.27   17.74  111.38
  112.06  134.84 0.20439D-09  1  0  0.03972  256.90  256.18 0.16399D+15  2.310    3.922    3.379    5.376   24.226   15.29   17.77  111.71
  112.38  135.23 0.20385D-09  1  0  0.04000  256.81  256.11 0.16439D+15  2.310    3.909    3.367    5.322   24.178   15.31   17.80  112.04
  112.70  135.63 0.20331D-09  1  0  0.04028  256.72  256.05 0.16481D+15  2.311    3.897    3.354    5.269   24.130   15.33   17.83  112.37
  113.02  136.02 0.20277D-09  1  0  0.04056  256.63  255.98 0.16523D+15  2.312    3.884    3.342    5.214   24.081   15.34   17.85  112.70
  113.34  136.41 0.20224D-09  1  0  0.04085  256.54  255.92 0.16566D+15  2.313    3.872    3.330    5.160   24.032   15.36   17.88  113.03
  113.67  136.81 0.20171D-09  1  0  0.04114  256.44  255.85 0.16610D+15  2.314    3.860    3.318    5.104   23.983   15.38   17.91  113.36
  113.99  137.20 0.20118D-09  1  0  0.04143  256.35  255.79 0.16656D+15  2.315    3.847    3.306    5.048   23.933   15.40   17.95  113.70
  114.31  137.60 0.20066D-09  1  0  0.04173  256.26  255.72 0.16702D+15  2.315    3.835    3.294    4.992   23.882   15.42   17.98  114.03
  114.63  137.99 0.20014D-09  1  0  0.04204  256.16  255.65 0.16750D+15  2.316    3.823    3.282    4.935   23.832   15.44   18.01  114.36
  114.95  138.39 0.19962D-09  1  0  0.04235  256.07  255.58 0.16798D+15  2.317    3.810    3.270    4.878   23.781   15.46   18.04  114.70
  115.28  138.78 0.19910D-09  1  0  0.04266  255.97  255.51 0.16848D+15  2.318    3.798    3.258    4.820   23.729   15.48   18.07  115.03
  115.60  139.18 0.19859D-09  1  0  0.04298  255.87  255.44 0.16899D+15  2.319    3.786    3.246    4.762   23.677   15.50   18.11  115.36
  115.92  139.57 0.19808D-09  1  0  0.04330  255.77  255.37 0.16952D+15  2.320    3.774    3.234    4.703   23.625   15.52   18.14  115.70
  116.24  139.97 0.19757D-09  1  0  0.04362  255.68  255.30 0.17005D+15  2.321    3.762    3.223    4.643   23.572   15.55   18.17  116.03
  116.56  140.37 0.19707D-09  1  0  0.04396  255.58  255.23 0.17060D+15  2.321    3.750    3.211    4.583   23.519   15.57   18.21  116.37
  116.89  140.76 0.19657D-09  1  0  0.04429  255.47  255.16 0.17117D+15  2.322    3.738    3.199    4.522   23.465   15.59   18.24  116.70
  117.21  141.16 0.19607D-09  1  0  0.04463  255.37  255.09 0.17174D+15  2.323    3.726    3.188    4.461   23.411   15.61   18.28  117.04
  117.53  141.56 0.19557D-09  1  0  0.04498  255.27  255.01 0.17234D+15  2.324    3.715    3.176    4.399   23.356   15.63   18.31  117.38
  117.85  141.95 0.19508D-09  1  0  0.04533  255.16  254.94 0.17294D+15  2.325    3.703    3.165    4.336   23.300   15.66   18.35  117.72
  118.17  142.35 0.19459D-09  1  0  0.04569  255.06  254.86 0.17356D+15  2.326    3.691    3.153    4.272   23.245   15.68   18.39  118.05
  118.50  142.75 0.19410D-09  1  0  0.04605  254.95  254.79 0.17420D+15  2.327    3.679    3.142    4.208   23.188   15.71   18.42  118.39
  118.82  143.15 0.19362D-09  1  0  0.04642  254.84  254.71 0.17485D+15  2.328    3.667    3.130    4.144   23.131   15.73   18.46  118.73
  119.14  143.55 0.19313D-09  1  0  0.04679  254.74  254.63 0.17552D+15  2.329    3.656    3.119    4.078   23.074   15.75   18.50  119.07
  119.46  143.95 0.19265D-09  1  0  0.04717  254.63  254.56 0.17621D+15  2.330    3.644    3.108    4.012   23.016   15.78   18.54  119.42
  119.78  144.35 0.19218D-09  1  0  0.04756  254.51  254.48 0.17692D+15  2.331    3.633    3.096    3.945   22.957   15.80   18.58  119.76
  120.11  144.75 0.19170D-09  1  0  0.04795  254.40  254.40 0.17764D+15  2.332    3.621    3.085    3.877   22.898   15.83   18.62  120.10
  120.43  145.14 0.19123D-09  1  0  0.04835  254.29  254.32 0.17839D+15  2.333    3.609    3.074    3.809   22.838   15.86   18.66  120.43
  120.75  145.53 0.19076D-09  1  0  0.04875  254.17  254.24 0.17915D+15  2.334    3.598    3.063    3.740   22.778   15.88   18.71  120.75
  121.07  145.92 0.19029D-09  1  0  0.04917  254.06  254.15 0.17993D+15  2.335    3.586    3.052    3.669   22.717   15.91   18.75  121.07
  121.39  146.30 0.18983D-09  1  0  0.04958  253.94  254.07 0.18074D+15  2.336    3.575    3.041    3.598   22.655   15.94   18.79  121.39
  121.72  146.69 0.18937D-09  1  0  0.05001  253.82  253.99 0.18156D+15  2.337    3.564    3.030    3.527   22.593   15.97   18.84  121.72
  122.04  147.08 0.18891D-09  1  0  0.05044  253.70  253.90 0.18241D+15  2.339    3.552    3.019    3.454   22.530   15.99   18.88  122.04
  122.36  147.47 0.18845D-09  1  0  0.05088  253.58  253.82 0.18328D+15  2.340    3.541    3.007    3.380   22.466   16.02   18.93  122.36
  122.68  147.86 0.18799D-09  1  0  0.05133  253.45  253.73 0.18418D+15  2.341    3.529    2.997    3.306   22.401   16.05   18.98  122.68
  123.00  148.24 0.18754D-09  1  0  0.05179  253.33  253.64 0.18510D+15  2.342    3.518    2.986    3.230   22.336   16.08   19.03  123.00
  123.33  148.63 0.18709D-09  1  0  0.05225  253.20  253.55 0.18605D+15  2.343    3.507    2.975    3.154   22.270   16.11   19.08  123.33
  123.65  149.02 0.18664D-09  1  0  0.05272  253.07  253.46 0.18702D+15  2.344    3.496    2.964    3.077   22.203   16.15   19.13  123.65
  123.97  149.41 0.18620D-09  1  0  0.05320  252.94  253.37 0.18802D+15  2.345    3.484    2.953    2.998   22.135   16.18   19.18  123.97
  124.29  149.80 0.18576D-09  1  0  0.05369  252.81  253.28 0.18905D+15  2.347    3.473    2.942    2.919   22.067   16.21   19.23  124.29
  124.61  150.18 0.18532D-09  1  0  0.05418  252.67  253.19 0.19011D+15  2.348    3.462    2.931    2.838   21.998   16.24   19.28  124.61
  124.94  150.57 0.18488D-09  1  0  0.05469  252.54  253.09 0.19121D+15  2.349    3.451    2.920    2.756   21.927   16.28   19.34  124.94
  125.26  150.96 0.18444D-09  1  0  0.05521  252.40  253.00 0.19233D+15  2.350    3.439    2.910    2.674   21.856   16.31   19.39  125.26
  125.58  151.35 0.18401D-09  1  0  0.05573  252.26  252.90 0.19349D+15  2.352    3.428    2.899    2.590   21.784   16.35   19.45  125.58
  125.90  151.74 0.18357D-09  1  0  0.05627  252.12  252.80 0.19468D+15  2.353    3.417    2.888    2.505   21.712   16.38   19.51  125.90
  126.22  152.13 0.18315D-09  1  0  0.05681  251.97  252.70 0.19591D+15  2.354    3.406    2.877    2.418   21.638   16.42   19.56  126.22
  126.55  152.51 0.18272D-09  1  0  0.05737  251.83  252.60 0.19718D+15  2.356    3.395    2.867    2.331   21.563   16.46   19.63  126.55
  126.87  152.90 0.18229D-09  1  0  0.05793  251.68  252.50 0.19849D+15  2.357    3.383    2.856    2.242   21.487   16.49   19.69  126.87
  127.19  153.29 0.18187D-09  1  0  0.05851  251.53  252.39 0.19984D+15  2.358    3.372    2.845    2.152   21.410   16.53   19.75  127.19
  127.51  153.68 0.18145D-09  1  0  0.05910  251.38  252.29 0.20123D+15  2.360    3.361    2.834    2.060   21.332   16.57   19.81  127.51
  127.83  154.07 0.18103D-09  1  0  0.05970  251.22  252.18 0.20266D+15  2.361    3.350    2.824    1.967   21.253   16.61   19.88  127.83
  128.16  154.45 0.18061D-09  1  0  0.06031  251.06  252.07 0.20415D+15  2.363    3.339    2.813    1.873   21.173   16.66   19.95  128.16
  128.48  154.84 0.18020D-09  1  0  0.06093  250.90  251.96 0.20568D+15  2.364    3.328    2.802    1.777   21.091   16.70   20.02  128.48
  128.80  155.23 0.17979D-09  1  0  0.06157  250.74  251.85 0.20726D+15  2.366    3.316    2.792    1.680   21.009   16.74   20.09  128.80
  129.12  155.62 0.17938D-09  1  0  0.06222  250.57  251.74 0.20890D+15  2.367    3.305    2.781    1.581   20.925   16.79   20.16  129.12
  129.44  156.01 0.17897D-09  1  0  0.06289  250.40  251.62 0.21059D+15  2.369    3.294    2.770    1.481   20.840   16.83   20.24  129.44
  129.77  156.39 0.17856D-09  1  0  0.06356  250.23  251.51 0.21235D+15  2.370    3.283    2.760    1.379   20.754   16.88   20.31  129.77
  130.09  156.78 0.17816D-09  1  0  0.06426  250.05  251.39 0.21416D+15  2.372    3.272    2.749    1.275   20.666   16.93   20.39  130.09
  130.41  157.17 0.17776D-09  1  0  0.06496  249.88  251.27 0.21604D+15  2.374    3.260    2.738    1.169   20.577   16.98   20.47  130.41
  130.73  157.56 0.17736D-09  1  0  0.06569  249.69  251.15 0.21798D+15  2.375    3.249    2.728    1.062   20.486   17.03   20.56  130.73
  131.05  157.95 0.17696D-09  1  0  0.06643  249.51  251.02 0.22000D+15  2.377    3.238    2.717    0.953   20.394   17.08   20.64  131.05
  131.38  158.33 0.17656D-09  1  0  0.06718  249.32  250.89 0.22209D+15  2.379    3.227    2.706    0.842   20.301   17.13   20.73  131.38
  131.70  158.72 0.17617D-09  1  0  0.06795  249.13  250.76 0.22426D+15  2.381    3.215    2.696    0.729   20.206   17.19   20.82  131.70
  132.02  159.11 0.17577D-09  1  0  0.06874  248.93  250.63 0.22651D+15  2.382    3.204    2.685    0.614   20.109   17.24   20.91  132.02
  132.34  159.50 0.17538D-09  1  0  0.06955  248.73  250.50 0.22884D+15  2.384    3.193    2.674    0.497   20.011   17.30   21.01  132.34
  132.66  159.89 0.17500D-09  1  0  0.07038  248.53  250.36 0.23127D+15  2.386    3.181    2.664    0.378   19.911   17.36   21.11  132.66
  132.99  160.27 0.17461D-09  1  0  0.07123  248.32  250.22 0.23380D+15  2.388    3.170    2.653    0.257   19.809   17.42   21.21  132.99
  133.31  160.66 0.17422D-09  1  0  0.07209  248.11  250.08 0.23643D+15  2.390    3.158    2.642    0.133   19.706   17.48   21.31  133.31
  133.63  161.05 0.17384D-09  1  0  0.07298  247.89  249.94 0.23916D+15  2.392    3.147    2.631    0.007   19.601   17.55   21.42  133.63
  133.95  161.44 0.17346D-09  1  0  0.07389  247.67  249.70 0.24453D+15  2.394    3.135    2.620    0.000   19.595   17.68   21.39  133.95
  134.27  161.83 0.17308D-09  1  0  0.07482  247.44  249.58 0.24669D+15  2.396    3.124    2.609    0.000   19.595   17.73   21.37  134.27
  134.60  162.22 0.17270D-09  1  0  0.07578  247.21  249.46 0.24893D+15  2.399    3.112    2.598    0.000   19.595   17.77   21.35  134.60
  134.92  162.60 0.17233D-09  1  0  0.07676  246.97  249.33 0.25126D+15  2.401    3.100    2.587    0.000   19.595   17.82   21.33  134.92
  135.24  162.99 0.17195D-09  1  0  0.07776  246.72  249.20 0.25369D+15  2.403    3.088    2.576    0.000   19.595   17.87   21.30  135.24
  135.56  163.38 0.17158D-09  1  0  0.07879  246.47  249.07 0.25623D+15  2.406    3.076    2.565    0.000   19.595   17.92   21.28  135.56
  135.88  163.77 0.17121D-09  1  0  0.07985  246.22  248.94 0.25887D+15  2.408    3.064    2.554    0.000   19.595   17.98   21.26  135.88
  136.21  164.16 0.17084D-09  1  0  0.08094  245.96  248.81 0.26163D+15  2.410    3.052    2.543    0.000   19.595   18.03   21.24  136.21
  136.53  164.54 0.17048D-09  1  0  0.08205  245.69  248.67 0.26450D+15  2.413    3.040    2.532    0.000   19.595   18.09   21.21  136.53
  136.85  164.93 0.17011D-09  1  0  0.08320  245.41  248.52 0.26751D+15  2.416    3.028    2.520    0.000   19.595   18.14   21.19  136.85
  137.17  165.32 0.16975D-09  1  0  0.08438  245.13  248.38 0.27066D+15  2.418    3.016    2.509    0.000   19.595   18.20   21.16  137.17
  137.49  165.71 0.16939D-09  1  0  0.08559  244.84  248.23 0.27394D+15  2.421    3.003    2.498    0.000   19.595   18.26   21.14  137.49
  137.82  166.10 0.16903D-09  1  0  0.08684  244.54  248.08 0.27739D+15  2.424    2.991    2.486    0.000   19.595   18.33   21.11  137.82
  138.14  120.31 0.16867D-09  1  0  0.08812  244.23  247.93 0.28075D+15  2.427    2.978    2.474   -0.132   19.485   18.45   21.23   61.51
  138.46  145.06 0.16831D-09  1  0  0.08944  243.91  247.77 0.28453D+15  2.430    2.965    2.463   -0.284   19.358   18.53   21.36  102.27
  138.78  152.69 0.16796D-09  1  0  0.09080  243.59  247.61 0.28849D+15  2.433    2.953    2.451   -0.440   19.229   18.61   21.50  114.60
  139.10  156.54 0.16760D-09  1  0  0.09220  243.25  247.44 0.29264D+15  2.436    2.939    2.439   -0.599   19.097   18.69   21.64  120.68
  139.43  158.96 0.16725D-09  1  0  0.09365  242.91  247.27 0.29701D+15  2.440    2.926    2.427   -0.762   18.963   18.77   21.79  124.37
  139.75  160.68 0.16690D-09  1  0  0.09514  242.55  247.10 0.30160D+15  2.443    2.913    2.415   -0.929   18.824   18.86   21.95  126.90
  140.07  162.01 0.16655D-09  1  0  0.09667  242.18  246.92 0.30643D+15  2.447    2.899    2.402   -1.100   18.683   18.95   22.11  128.78
  140.39  163.10 0.16621D-09  1  0  0.09826  241.80  246.73 0.31152D+15  2.451    2.886    2.390   -1.275   18.538   19.04   22.28  130.26
  140.71  164.02 0.16586D-09  1  0  0.09990  241.41  246.54 0.31689D+15  2.454    2.872    2.377   -1.455   18.390   19.13   22.46  131.47
  141.04  164.83 0.16552D-09  1  0  0.10160  241.00  246.35 0.32256D+15  2.458    2.858    2.364   -1.639   18.238   19.23   22.64  132.50
  141.36  165.56 0.16518D-09  1  0  0.10335  240.58  246.15 0.32854D+15  2.463    2.843    2.352   -1.828   18.083   19.34   22.84  133.39
  141.68  166.23 0.16484D-09  1  0  0.10516  240.14  245.94 0.33487D+15  2.467    2.829    2.338   -2.022   17.923   19.44   23.04  134.18
  142.00  166.86 0.16450D-09  1  0  0.10704  239.69  245.73 0.34157D+15  2.471    2.814    2.325   -2.220   17.760   19.56   23.25  134.89
  142.32  167.44 0.16416D-09  1  0  0.10898  239.22  245.52 0.34867D+15  2.476    2.799    2.311   -2.424   17.592   19.67   23.48  135.54
  142.65  168.00 0.16382D-09  1  0  0.11100  238.74  245.29 0.35621D+15  2.481    2.783    2.298   -2.634   17.420   19.79   23.71  136.14
  142.97  168.53 0.16349D-09  1  0  0.11309  238.23  245.06 0.36422D+15  2.486    2.767    2.284   -2.848   17.244   19.92   23.96  136.70
  143.29  169.04 0.16316D-09  1  0  0.11526  237.70  244.82 0.37274D+15  2.491    2.751    2.269   -3.069   17.063   20.05   24.22  137.23
  143.61  169.54 0.16283D-09  1  0  0.11751  237.15  244.58 0.38181D+15  2.497    2.735    2.255   -3.295   16.878   20.18   24.49  137.73
  143.93  170.02 0.16250D-09  1  0  0.11985  236.58  244.33 0.39149D+15  2.503    2.718    2.240   -3.528   16.687   20.32   24.78  138.21
  144.26  170.48 0.16217D-09  1  0  0.12229  235.99  244.06 0.40183D+15  2.509    2.701    2.224   -3.767   16.491   20.47   25.08  138.66
  144.58  170.94 0.16184D-09  1  0  0.12483  235.36  243.80 0.41289D+15  2.515    2.683    2.209   -4.013   16.291   20.62   25.41  139.09
  144.90  171.39 0.16152D-09  1  0  0.12747  234.71  243.52 0.42475D+15  2.522    2.665    2.193   -4.265   16.084   20.78   25.75  139.51
  145.22  171.82 0.16119D-09  1  0  0.13022  234.03  243.23 0.43746D+15  2.529    2.646    2.176   -4.525   15.872   20.95   26.11  139.92
  145.54  172.25 0.16087D-09  1  0  0.13310  233.31  242.93 0.45113D+15  2.537    2.626    2.159   -4.792   15.655   21.12   26.50  140.31
  145.87  172.67 0.16055D-09  1  0  0.13610  232.56  242.62 0.46585D+15  2.544    2.606    2.142   -5.066   15.431   21.30   26.91  140.68
  146.19  173.09 0.16023D-09  1  0  0.13925  231.77  242.31 0.48173D+15  2.553    2.586    2.124   -5.348   15.202   21.49   27.36  141.05
  146.51  173.50 0.15991D-09  1  0  0.14253  230.94  241.98 0.49888D+15  2.562    2.564    2.106   -5.638   14.966   21.68   27.83  141.40
  146.83  173.90 0.15959D-09  1  0  0.14598  230.07  241.64 0.51744D+15  2.571    2.542    2.086   -5.935   14.723   21.89   28.33  141.75
  147.15  174.29 0.15928D-09  1  0  0.14960  229.14  241.28 0.53758D+15  2.581    2.519    2.067   -6.242   14.474   22.10   28.87  142.08
  147.48  174.68 0.15897D-09  1  0  0.15339  228.16  240.91 0.55945D+15  2.592    2.495    2.046   -6.556   14.219   22.32   29.46  142.40
  147.80  175.06 0.15865D-09  1  0  0.15738  227.13  240.53 0.58326D+15  2.603    2.470    2.025   -6.880   13.956   22.55   30.09  142.71
  148.12  175.44 0.15834D-09  1  0  0.16159  226.03  240.14 0.60923D+15  2.615    2.444    2.002   -7.212   13.686   22.79   30.77  143.01
  148.44  175.80 0.15803D-09  1  0  0.16602  224.86  239.73 0.63760D+15  2.628    2.417    1.979   -7.553   13.410   23.04   31.51  143.30
  148.76  176.17 0.15772D-09  1  0  0.17070  223.61  239.31 0.66866D+15  2.643    2.388    1.954   -7.903   13.126   23.30   32.31  143.58
  149.09  176.52 0.15742D-09  1  0  0.17565  222.28  238.87 0.70272D+15  2.658    2.358    1.929   -8.261   12.836   23.57   33.19  143.84
  149.41  176.87 0.15711D-09  1  0  0.18090  220.85  238.42 0.74012D+15  2.674    2.326    1.902   -8.629   12.538   23.84   34.14  144.10
  149.73  180.45 0.15681D-09  0  0  0.18646  219.33  237.95 0.78127D+15  2.692    2.292    1.873   -8.890   12.328  149.73  149.73  149.73
  150.05  180.84 0.15650D-09  0  0  0.19237  217.68  237.46 0.82657D+15  2.712    2.256    1.843   -8.929   12.299  150.05  150.05  150.05
  150.37  181.23 0.15620D-09  0  0  0.19867  215.91  236.96 0.87648D+15  2.733    2.218    1.811   -8.971   12.269  150.37  150.37  150.37
  150.70  181.62 0.15590D-09  0  0  0.20539  214.00  236.44 0.93147D+15  2.757    2.177    1.777   -9.015   12.236  150.70  150.70  150.70
  151.02  182.00 0.15560D-09  0  0  0.21258  211.92  235.91 0.99201D+15  2.783    2.133    1.740   -9.062   12.201  151.02  151.02  151.02
  151.34  182.39 0.15530D-09  0  0  0.22029  209.66  235.37 0.10585D+16  2.812    2.086    1.701   -9.112   12.163  151.34  151.34  151.34
  151.66  182.78 0.15501D-09  0  0  0.22857  207.19  234.81 0.11313D+16  2.844    2.035    1.659   -9.166   12.123  151.66  151.66  151.66
  151.98  183.17 0.15471D-09  0  0  0.23749  204.48  234.25 0.12105D+16  2.880    1.980    1.613   -9.225   12.079  151.98  151.98  151.98
  152.31  183.56 0.15442D-09  0  0  0.24714  201.50  233.69 0.12958D+16  2.921    1.920    1.564   -9.288   12.030  152.31  152.31  152.31
  152.63  183.94 0.15412D-09  0  0  0.25760  198.21  233.14 0.13862D+16  2.968    1.854    1.509   -9.357   11.978  152.63  152.63  152.63
  152.95  184.33 0.15383D-09  0  0  0.26897  194.55  232.60 0.14797D+16  3.022    1.782    1.450   -9.433   11.919  152.95  152.95  152.95
  153.27  184.72 0.15354D-09  0  0  0.28139  190.46  232.11 0.15725D+16  3.085    1.702    1.384   -9.517   11.855  153.27  153.27  153.27
  153.59  185.11 0.15325D-09  0  0  0.29501  185.87  231.67 0.16582D+16  3.158    1.612    1.311   -9.609   11.783  153.59  153.59  153.59
  153.92  185.50 0.15296D-09  0  0  0.31000  180.68  231.33 0.17261D+16  3.246    1.512    1.229   -9.713   11.703  153.92  153.92  153.92
  154.24  185.89 0.15268D-09  0  0  0.32100  176.79  231.18 0.17509D+16  3.315    1.436    1.167   -9.792   11.642  154.24  154.24  154.24
  154.56  186.27 0.15239D-09  0  0  0.32100  176.79  231.18 0.17411D+16  3.315    1.434    1.164   -9.798   11.641  154.56  154.56  154.56
  154.88  186.66 0.15211D-09  0  0  0.32100  176.80  231.17 0.17314D+16  3.315    1.431    1.161   -9.804   11.640  154.88  154.88  154.88
  155.20  187.05 0.15182D-09  0  0  0.32100  176.81  231.17 0.17217D+16  3.315    1.429    1.159   -9.809   11.639  155.20  155.20  155.20
  155.53  187.44 0.15154D-09  0  0  0.32100  176.81  231.17 0.17121D+16  3.315    1.426    1.156   -9.815   11.638  155.53  155.53  155.53
  155.85  187.83 0.15126D-09  0  0  0.32100  176.82  231.17 0.17026D+16  3.315    1.424    1.154   -9.821   11.637  155.85  155.85  155.85
  156.17  188.21 0.15098D-09  0  0  0.32100  176.82  231.16 0.16931D+16  3.315    1.421    1.151   -9.827   11.636  156.17  156.17  156.17
  156.49  188.60 0.15070D-09  0  0  0.32100  176.83  231.16 0.16836D+16  3.315    1.419    1.148   -9.833   11.634  156.49  156.49  156.49
  156.81  188.99 0.15043D-09  0  0  0.32100  176.83  231.16 0.16743D+16  3.315    1.416    1.146   -9.839   11.633  156.81  156.81  156.81
  157.14  189.38 0.15015D-09  0  0  0.32100  176.84  231.16 0.16650D+16  3.315    1.414    1.143   -9.844   11.632  157.14  157.14  157.14
  157.46  189.77 0.14987D-09  0  0  0.32100  176.85  231.15 0.16557D+16  3.315    1.411    1.141   -9.850   11.631  157.46  157.46  157.46
  157.78  190.15 0.14960D-09  0  0  0.32100  176.85  231.15 0.16465D+16  3.315    1.409    1.138   -9.856   11.630  157.78  157.78  157.78
  158.10  190.54 0.14933D-09  0  0  0.32100  176.86  231.15 0.16374D+16  3.315    1.406    1.136   -9.862   11.629  158.10  158.10  158.10
  158.42  190.93 0.14906D-09  0  0  0.32100  176.86  231.15 0.16283D+16  3.314    1.404    1.133   -9.867   11.628  158.42  158.42  158.42
  158.75  191.32 0.14878D-09  0  0  0.32100  176.87  231.14 0.16192D+16  3.314    1.402    1.131   -9.873   11.627  158.75  158.75  158.75
  159.07  191.71 0.14852D-09  0  0  0.32100  176.88  231.14 0.16103D+16  3.314    1.399    1.129   -9.879   11.626  159.07  159.07  159.07
  159.39  192.09 0.14825D-09  0  0  0.32100  176.88  231.13 0.16013D+16  3.314    1.397    1.126   -9.885   11.625  159.39  159.39  159.39
  159.71  192.48 0.14798D-09  0  0  0.32100  176.89  231.13 0.15925D+16  3.314    1.394    1.124   -9.890   11.625  159.71  159.71  159.71
  160.03  192.87 0.14771D-09  0  0  0.32100  176.89  231.13 0.15836D+16  3.314    1.392    1.121   -9.896   11.624  160.03  160.03  160.03
  160.36  193.26 0.14745D-09  0  0  0.32100  176.90  231.12 0.15749D+16  3.314    1.390    1.119   -9.902   11.623  160.36  160.36  160.36
  160.68  193.65 0.14718D-09  0  0  0.32100  176.90  231.12 0.15662D+16  3.314    1.387    1.116   -9.907   11.622  160.68  160.68  160.68
  161.00  194.03 0.14692D-09  0  0  0.32100  176.91  231.12 0.15575D+16  3.314    1.385    1.114   -9.913   11.621  161.00  161.00  161.00
