R_tot = 1561.0 R_core =  1400.0  Tsurf =   100.00  g =  1.310
   zbot    P(MPa) Hint     conv melt pCLA   Tbot     Tm     etam        k   Fcond_bot Fcond_top   Fbot     Ftop    dlid z_topTBL z_botTBL
    0.00   -0.00 0.79375D-06  0  0  0.01105  273.24  261.57 0.32206D+15  2.167    0.000    0.000    0.000    0.000    0.00    0.00    0.00
    0.32    0.39 0.79389D-07  0  0  0.01108  273.21  264.35 0.24044D+15  2.167 1398.882 1398.305 1387.122 1410.063    0.32    0.32    0.32
    0.64    0.77 0.39703D-07  0  0  0.01110  273.18  264.80 0.22875D+15  2.167  699.459  698.882  687.695  710.642    0.64    0.64    0.64
    0.97    1.16 0.26474D-07  0  0  0.01113  273.15  265.09 0.22142D+15  2.168  466.317  465.740  454.551  477.502    0.97    0.97    0.97
    1.29    1.55 0.19860D-07  0  0  0.01115  273.12  265.30 0.21600D+15  2.168  349.747  349.170  337.977  360.933    1.29    1.29    1.29
    1.61    1.94 0.15891D-07  0  0  0.01118  273.08  265.47 0.21168D+15  2.168  279.804  279.227  268.031  290.992    1.61    1.61    1.61
    1.93    2.33 0.13245D-07  0  0  0.01120  273.05  265.61 0.20808D+15  2.168  233.176  232.599  221.400  244.365    1.93    1.93    1.93
    2.25    2.71 0.11355D-07  0  0  0.01123  273.02  265.73 0.20498D+15  2.169  199.870  199.293  188.090  211.061    2.25    2.25    2.25
    2.58    3.10 0.99380D-08  0  0  0.01125  272.99  265.83 0.20227D+15  2.169  174.890  174.313  163.107  186.083    2.58    2.58    2.58
    2.90    3.49 0.88356D-08  0  0  0.01128  272.96  265.92 0.19984D+15  2.169  155.462  154.885  143.676  166.656    2.90    2.90    2.90
    3.22    3.88 0.79537D-08  0  0  0.01131  272.93  266.00 0.19765D+15  2.170  139.919  139.342  128.129  151.115    3.22    3.22    3.22
    3.54    4.27 0.72321D-08  0  0  0.01133  272.89  266.07 0.19566D+15  2.170  127.202  126.625  115.409  138.400    3.54    3.54    3.54
    3.86    4.65 0.66308D-08  0  0  0.01136  272.86  266.14 0.19382D+15  2.170  116.604  116.028  104.809  127.804    3.86    3.86    3.86
    4.19    5.04 0.61220D-08  0  0  0.01138  272.83  266.20 0.19212D+15  2.170  107.637  107.061   95.838  118.838    4.19    4.19    4.19
    4.51    5.43 0.56859D-08  0  0  0.01141  272.80  266.25 0.19054D+15  2.171   99.951   99.374   88.149  111.154    4.51    4.51    4.51
    4.83    5.82 0.53079D-08  0  0  0.01144  272.77  266.30 0.18905D+15  2.171   93.290   92.713   81.484  104.494    4.83    4.83    4.83
    5.15    6.21 0.49772D-08  0  0  0.01146  272.74  266.34 0.18766D+15  2.171   87.461   86.884   75.652   98.667    5.15    5.15    5.15
    5.47    6.59 0.46854D-08  0  0  0.01149  272.70  266.38 0.18635D+15  2.171   82.318   81.742   70.506   93.526    5.47    5.47    5.47
    5.80    6.98 0.44260D-08  0  0  0.01151  272.67  266.42 0.18510D+15  2.172   77.746   77.170   65.931   88.956    5.80    5.80    5.80
    6.12    7.37 0.41939D-08  0  0  0.01154  272.64  266.45 0.18392D+15  2.172   73.656   73.080   61.838   84.867    6.12    6.12    6.12
    6.44    7.76 0.39851D-08  0  0  0.01157  272.61  266.48 0.18279D+15  2.172   69.975   69.398   58.153   81.188    6.44    6.44    6.44
    6.76    8.15 0.37961D-08  0  0  0.01159  272.57  266.51 0.18172D+15  2.173   66.644   66.068   54.819   77.858    6.76    6.76    6.76
    7.08    8.54 0.36243D-08  0  0  0.01162  272.54  266.54 0.18069D+15  2.173   63.616   63.040   51.788   74.832    7.08    7.08    7.08
    7.41    8.92 0.34674D-08  0  0  0.01165  272.51  266.56 0.17971D+15  2.173   60.851   60.275   49.020   72.069    7.41    7.41    7.41
    7.73    9.31 0.33236D-08  0  0  0.01168  272.48  266.59 0.17876D+15  2.173   58.317   57.741   46.482   69.536    7.73    7.73    7.73
    8.05    9.70 0.31914D-08  0  0  0.01170  272.45  266.61 0.17786D+15  2.174   55.985   55.409   44.147   67.207    8.05    8.05    8.05
    8.37   10.09 0.30692D-08  0  0  0.01173  272.41  266.63 0.17698D+15  2.174   53.833   53.257   41.992   65.056    8.37    8.37    8.37
    8.69   10.48 0.29562D-08  0  0  0.01176  272.38  266.65 0.17614D+15  2.174   51.840   51.264   39.996   63.065    8.69    8.69    8.69
    9.02   10.86 0.28512D-08  0  0  0.01179  272.35  266.66 0.17532D+15  2.174   49.990   49.414   38.142   61.216    9.02    9.02    9.02
    9.34   11.25 0.27534D-08  0  0  0.01181  272.31  266.68 0.17453D+15  2.175   48.267   47.691   36.416   59.495    9.34    9.34    9.34
    9.66   11.64 0.26622D-08  0  0  0.01184  272.28  266.69 0.17377D+15  2.175   46.659   46.083   34.804   57.888    9.66    9.66    9.66
    9.98   12.03 0.25769D-08  0  0  0.01187  272.25  266.70 0.17303D+15  2.175   45.154   44.579   33.297   56.386    9.98    9.98    9.98
   10.30   12.42 0.24969D-08  0  0  0.01190  272.22  266.71 0.17232D+15  2.176   43.744   43.168   31.883   54.977   10.30   10.30   10.30
   10.63   12.80 0.24217D-08  0  0  0.01193  272.18  266.73 0.17162D+15  2.176   42.419   41.844   30.555   53.654   10.63   10.63   10.63
   10.95   13.19 0.23510D-08  0  0  0.01195  272.15  266.73 0.17094D+15  2.176   41.172   40.597   29.305   52.409   10.95   10.95   10.95
   11.27   13.58 0.22843D-08  0  0  0.01198  272.12  266.74 0.17029D+15  2.176   39.997   39.421   28.126   51.235   11.27   11.27   11.27
   11.59   13.97 0.22213D-08  0  0  0.01201  272.09  266.75 0.16965D+15  2.177   38.886   38.311   27.012   50.126   11.59   11.59   11.59
   11.91   14.36 0.21617D-08  0  0  0.01204  272.05  266.76 0.16902D+15  2.177   37.836   37.261   25.959   49.077   11.91   11.91   11.91
   12.24   14.74 0.21052D-08  0  0  0.01207  272.02  266.76 0.16842D+15  2.177   36.841   36.266   24.960   48.084   12.24   12.24   12.24
   12.56   15.13 0.20517D-08  0  0  0.01210  271.99  266.77 0.16782D+15  2.178   35.897   35.321   24.013   47.142   12.56   12.56   12.56
   12.88   15.52 0.20008D-08  0  0  0.01213  271.95  266.77 0.16725D+15  2.178   35.000   34.425   23.113   46.246   12.88   12.88   12.88
   13.20   15.91 0.19524D-08  0  0  0.01216  271.92  266.78 0.16668D+15  2.178   34.147   33.572   22.256   45.395   13.20   13.20   13.20
   13.52   16.30 0.19063D-08  0  0  0.01219  271.89  266.78 0.16613D+15  2.178   33.334   32.759   21.440   44.584   13.52   13.52   13.52
   13.85   16.68 0.18624D-08  0  0  0.01222  271.85  266.78 0.16559D+15  2.179   32.559   31.984   20.662   43.811   13.85   13.85   13.85
   14.17   17.07 0.18204D-08  0  0  0.01224  271.82  266.78 0.16506D+15  2.179   31.820   31.245   19.920   43.073   14.17   14.17   14.17
   14.49   17.46 0.17803D-08  0  0  0.01227  271.79  266.78 0.16455D+15  2.179   31.113   30.538   19.210   42.368   14.49   14.49   14.49
   14.81   17.85 0.17420D-08  0  0  0.01230  271.75  266.78 0.16404D+15  2.180   30.437   29.862   18.530   41.694   14.81   14.81   14.81
   15.13   18.24 0.17053D-08  0  0  0.01233  271.72  266.78 0.16355D+15  2.180   29.790   29.215   17.880   41.048   15.13   15.13   15.13
   15.46   18.63 0.16701D-08  0  0  0.01236  271.69  266.78 0.16306D+15  2.180   29.170   28.595   17.256   40.430   15.46   15.46   15.46
   15.78   18.56 0.16363D-08  1  0  0.01239  271.65  266.78 0.16259D+15  2.180   28.575   28.000   16.776   39.952   10.82   14.41   15.02
   16.10   18.95 0.16039D-08  1  0  0.01243  271.62  266.78 0.16212D+15  2.181   28.004   27.429   16.657   39.829   10.85   14.37   15.34
   16.42   19.34 0.15728D-08  1  0  0.01246  271.59  266.78 0.16167D+15  2.181   27.455   26.880   16.541   39.708   10.87   14.34   15.67
   16.74   19.72 0.15429D-08  1  0  0.01249  271.55  266.78 0.16122D+15  2.181   26.927   26.353   16.427   39.590   10.90   14.30   15.99
   17.07   20.11 0.15141D-08  1  0  0.01252  271.52  266.77 0.16078D+15  2.182   26.420   25.845   16.315   39.474   10.93   14.27   16.31
   17.39   20.50 0.14864D-08  1  0  0.01255  271.48  266.77 0.16035D+15  2.182   25.931   25.356   16.206   39.361   10.96   14.24   16.63
   17.71   20.89 0.14596D-08  1  0  0.01258  271.45  266.77 0.15992D+15  2.182   25.459   24.885   16.099   39.249   10.98   14.22   16.95
   18.03   21.28 0.14339D-08  1  0  0.01261  271.42  266.76 0.15950D+15  2.182   25.005   24.431   15.994   39.140   11.01   14.19   17.27
   18.35   21.66 0.14090D-08  1  0  0.01264  271.38  266.76 0.15909D+15  2.183   24.567   23.992   15.892   39.034   11.04   14.17   17.60
   18.68   22.05 0.13850D-08  1  0  0.01267  271.35  266.75 0.15869D+15  2.183   24.143   23.569   15.791   38.929   11.06   14.15   17.92
   19.00   22.44 0.13618D-08  1  0  0.01271  271.31  266.74 0.15829D+15  2.183   23.734   23.160   15.692   38.826   11.09   14.13   18.24
   19.32   22.83 0.13394D-08  1  0  0.01274  271.28  266.74 0.15790D+15  2.184   23.339   22.765   15.595   38.725   11.11   14.11   18.56
   19.64   23.22 0.13177D-08  1  0  0.01277  271.25  266.73 0.15752D+15  2.184   22.957   22.383   15.499   38.625   11.13   14.09   18.88
   19.96   23.60 0.12967D-08  1  0  0.01280  271.21  266.73 0.15714D+15  2.184   22.587   22.013   15.406   38.528   11.16   14.08   19.21
   20.29   23.99 0.12764D-08  1  0  0.01283  271.18  266.72 0.15677D+15  2.184   22.228   21.654   15.314   38.432   11.18   14.06   19.53
   20.61   24.38 0.12567D-08  1  0  0.01287  271.14  266.71 0.15641D+15  2.185   21.881   21.307   15.223   38.338   11.20   14.05   19.85
   20.93   24.77 0.12376D-08  1  0  0.01290  271.11  266.70 0.15605D+15  2.185   21.545   20.971   15.134   38.245   11.23   14.04   20.17
   21.25   25.16 0.12191D-08  1  0  0.01293  271.07  266.69 0.15569D+15  2.185   21.218   20.645   15.047   38.154   11.25   14.03   20.49
   21.57   25.54 0.12012D-08  1  0  0.01296  271.04  266.69 0.15534D+15  2.186   20.902   20.328   14.961   38.064   11.27   14.02   20.82
   21.90   25.93 0.11838D-08  1  0  0.01300  271.01  266.68 0.15500D+15  2.186   20.595   20.021   14.876   37.975   11.29   14.01   21.14
   22.22   26.32 0.11669D-08  1  0  0.01303  270.97  266.67 0.15466D+15  2.186   20.296   19.723   14.793   37.888   11.31   14.00   21.46
   22.54   26.71 0.11504D-08  1  0  0.01306  270.94  266.66 0.15432D+15  2.187   20.006   19.433   14.711   37.803   11.33   14.00   21.78
   22.86   27.10 0.11345D-08  1  0  0.01310  270.90  266.65 0.15399D+15  2.187   19.725   19.151   14.630   37.718   11.36   13.99   22.11
   23.18   27.49 0.11189D-08  1  0  0.01313  270.87  266.64 0.15367D+15  2.187   19.451   18.877   14.550   37.635   11.38   13.98   22.43
   23.51   27.87 0.11038D-08  1  0  0.01317  270.83  266.63 0.15335D+15  2.187   19.185   18.611   14.472   37.553   11.40   13.98   22.75
   23.83   28.26 0.10891D-08  1  0  0.01320  270.80  266.62 0.15303D+15  2.188   18.925   18.352   14.395   37.472   11.42   13.97   23.07
   24.15   28.65 0.10749D-08  1  0  0.01323  270.76  266.61 0.15272D+15  2.188   18.673   18.100   14.318   37.392   11.44   13.97   23.40
   24.47   29.04 0.10609D-08  1  0  0.01327  270.73  266.60 0.15241D+15  2.188   18.428   17.854   14.243   37.314   11.45   13.97   23.72
   24.79   29.43 0.10474D-08  1  0  0.01330  270.69  266.59 0.15211D+15  2.189   18.188   17.615   14.169   37.236   11.47   13.96   24.04
   25.12   29.82 0.10342D-08  1  0  0.01334  270.66  266.57 0.15181D+15  2.189   17.955   17.382   14.096   37.159   11.49   13.96   24.36
   25.44   30.20 0.10213D-08  1  0  0.01337  270.62  266.56 0.15151D+15  2.189   17.728   17.155   14.024   37.084   11.51   13.96   24.69
   25.76   30.59 0.10087D-08  1  0  0.01341  270.59  266.55 0.15122D+15  2.190   17.506   16.933   13.952   37.009   11.53   13.96   25.01
   26.08   30.98 0.99647D-09  1  0  0.01344  270.55  266.54 0.15093D+15  2.190   17.290   16.717   13.882   36.936   11.55   13.96   25.33
   26.40   31.37 0.98452D-09  1  0  0.01348  270.52  266.53 0.15064D+15  2.190   17.080   16.507   13.813   36.863   11.57   13.96   25.65
   26.73   31.76 0.97286D-09  1  0  0.01351  270.48  266.51 0.15036D+15  2.190   16.874   16.301   13.744   36.791   11.58   13.96   25.98
   27.05   32.15 0.96148D-09  1  0  0.01355  270.44  266.50 0.15008D+15  2.191   16.673   16.100   13.676   36.720   11.60   13.96   26.30
   27.37   32.53 0.95037D-09  1  0  0.01358  270.41  266.49 0.14981D+15  2.191   16.477   15.904   13.609   36.650   11.62   13.96   26.62
   27.69   32.92 0.93951D-09  1  0  0.01362  270.37  266.47 0.14954D+15  2.191   16.285   15.713   13.543   36.581   11.64   13.96   26.94
   28.01   33.31 0.92890D-09  1  0  0.01366  270.34  266.46 0.14927D+15  2.192   16.098   15.525   13.478   36.512   11.65   13.96   27.27
   28.34   33.70 0.91854D-09  1  0  0.01369  270.30  266.45 0.14900D+15  2.192   15.915   15.343   13.413   36.444   11.67   13.96   27.59
   28.66   34.09 0.90841D-09  1  0  0.01373  270.27  266.43 0.14874D+15  2.192   15.736   15.164   13.349   36.377   11.69   13.96   27.91
   28.98   34.48 0.89850D-09  1  0  0.01377  270.23  266.42 0.14848D+15  2.193   15.561   14.989   13.286   36.311   11.70   13.96   28.23
   29.30   34.87 0.88881D-09  1  0  0.01380  270.19  266.40 0.14822D+15  2.193   15.390   14.818   13.224   36.246   11.72   13.97   28.56
   29.62   35.25 0.87933D-09  1  0  0.01384  270.16  266.39 0.14797D+15  2.193   15.223   14.651   13.162   36.181   11.73   13.97   28.88
   29.95   35.64 0.87006D-09  1  0  0.01388  270.12  266.37 0.14772D+15  2.194   15.059   14.487   13.101   36.117   11.75   13.97   29.20
   30.27   36.03 0.86098D-09  1  0  0.01391  270.09  266.36 0.14747D+15  2.194   14.899   14.327   13.040   36.053   11.77   13.98   29.52
   30.59   36.42 0.85209D-09  1  0  0.01395  270.05  266.34 0.14723D+15  2.194   14.742   14.170   12.981   35.990   11.78   13.98   29.85
   30.91   36.81 0.84339D-09  1  0  0.01399  270.01  266.33 0.14699D+15  2.194   14.589   14.017   12.921   35.928   11.80   13.98   30.17
   31.23   37.20 0.83487D-09  1  0  0.01403  269.98  266.31 0.14675D+15  2.195   14.438   13.866   12.863   35.867   11.81   13.99   30.49
   31.56   37.59 0.82653D-09  1  0  0.01407  269.94  266.30 0.14651D+15  2.195   14.291   13.719   12.805   35.806   11.83   13.99   30.82
   31.88   37.97 0.81835D-09  1  0  0.01411  269.90  266.28 0.14627D+15  2.195   14.147   13.575   12.747   35.745   11.84   13.99   31.14
   32.20   38.36 0.81033D-09  1  0  0.01414  269.87  266.26 0.14604D+15  2.196   14.005   13.433   12.690   35.686   11.86   14.00   31.46
   32.52   38.75 0.80247D-09  1  0  0.01418  269.83  266.25 0.14581D+15  2.196   13.866   13.294   12.634   35.626   11.87   14.00   31.78
   32.84   39.14 0.79477D-09  1  0  0.01422  269.80  266.23 0.14559D+15  2.196   13.730   13.159   12.578   35.568   11.89   14.01   32.11
   33.17   39.53 0.78722D-09  1  0  0.01426  269.76  266.22 0.14536D+15  2.197   13.597   13.025   12.523   35.510   11.90   14.01   32.43
   33.49   39.92 0.77981D-09  1  0  0.01430  269.72  266.20 0.14514D+15  2.197   13.466   12.894   12.468   35.452   11.91   14.02   32.75
   33.81   40.31 0.77255D-09  1  0  0.01434  269.69  266.18 0.14492D+15  2.197   13.338   12.766   12.413   35.395   11.93   14.02   33.08
   34.13   40.69 0.76542D-09  1  0  0.01438  269.65  266.16 0.14470D+15  2.198   13.212   12.640   12.360   35.339   11.94   14.03   33.40
   34.45   41.08 0.75842D-09  1  0  0.01442  269.61  266.15 0.14448D+15  2.198   13.088   12.517   12.306   35.282   11.96   14.03   33.72
   34.78   41.47 0.75155D-09  1  0  0.01446  269.57  266.13 0.14427D+15  2.198   12.967   12.396   12.253   35.227   11.97   14.04   34.04
   35.10   41.86 0.74481D-09  1  0  0.01450  269.54  266.11 0.14406D+15  2.199   12.848   12.277   12.201   35.172   11.98   14.04   34.37
   35.42   42.25 0.73820D-09  1  0  0.01454  269.50  266.09 0.14385D+15  2.199   12.731   12.160   12.149   35.117   12.00   14.05   34.69
   35.74   42.64 0.73170D-09  1  0  0.01458  269.46  266.08 0.14364D+15  2.199   12.616   12.045   12.097   35.063   12.01   14.05   35.01
   36.06   43.03 0.72532D-09  1  0  0.01462  269.43  266.06 0.14344D+15  2.199   12.503   11.932   12.046   35.009   12.02   14.06   35.34
   36.39   43.41 0.71905D-09  1  0  0.01466  269.39  266.04 0.14324D+15  2.200   12.393   11.822   11.995   34.956   12.04   14.07   35.66
   36.71   43.80 0.71289D-09  1  0  0.01471  269.35  266.02 0.14303D+15  2.200   12.284   11.713   11.945   34.903   12.05   14.07   35.98
   37.03   44.19 0.70684D-09  1  0  0.01475  269.31  266.00 0.14284D+15  2.200   12.177   11.606   11.895   34.851   12.06   14.08   36.31
   37.35   44.58 0.70089D-09  1  0  0.01479  269.28  265.98 0.14264D+15  2.201   12.072   11.501   11.845   34.799   12.08   14.09   36.63
   37.67   44.97 0.69504D-09  1  0  0.01483  269.24  265.96 0.14244D+15  2.201   11.969   11.398   11.796   34.747   12.09   14.09   36.95
   38.00   45.36 0.68929D-09  1  0  0.01487  269.20  265.95 0.14225D+15  2.201   11.867   11.296   11.747   34.696   12.10   14.10   37.28
   38.32   45.75 0.68364D-09  1  0  0.01492  269.16  265.93 0.14206D+15  2.202   11.767   11.197   11.699   34.645   12.11   14.10   37.60
   38.64   46.14 0.67809D-09  1  0  0.01496  269.13  265.91 0.14187D+15  2.202   11.669   11.098   11.651   34.594   12.13   14.11   37.92
   38.96   46.52 0.67262D-09  1  0  0.01500  269.09  265.89 0.14168D+15  2.202   11.572   11.002   11.603   34.544   12.14   14.12   38.24
   39.28   46.91 0.66725D-09  1  0  0.01505  269.05  265.87 0.14150D+15  2.203   11.477   10.907   11.555   34.494   12.15   14.12   38.57
   39.61   47.30 0.66196D-09  1  0  0.01509  269.01  265.85 0.14131D+15  2.203   11.384   10.814   11.508   34.445   12.16   14.13   38.89
   39.93   47.69 0.65676D-09  1  0  0.01513  268.97  265.83 0.14113D+15  2.203   11.292   10.722   11.461   34.396   12.17   14.14   39.21
   40.25   48.08 0.65164D-09  1  0  0.01518  268.94  265.81 0.14095D+15  2.204   11.201   10.631   11.415   34.347   12.19   14.15   39.54
   40.57   48.47 0.64661D-09  1  0  0.01522  268.90  265.79 0.14077D+15  2.204   11.112   10.542   11.369   34.299   12.20   14.15   39.86
   40.89   48.86 0.64165D-09  1  0  0.01527  268.86  265.77 0.14059D+15  2.204   11.025   10.455   11.323   34.251   12.21   14.16   40.18
   41.22   49.25 0.63677D-09  1  0  0.01531  268.82  265.75 0.14042D+15  2.205   10.938   10.368   11.277   34.203   12.22   14.17   40.51
   41.54   49.64 0.63196D-09  1  0  0.01536  268.78  265.73 0.14024D+15  2.205   10.853   10.283   11.232   34.156   12.23   14.17   40.83
   41.86   50.02 0.62723D-09  1  0  0.01540  268.74  265.71 0.14007D+15  2.205   10.770   10.200   11.187   34.109   12.25   14.18   41.15
   42.18   50.41 0.62257D-09  1  0  0.01545  268.70  265.68 0.13990D+15  2.206   10.687   10.118   11.142   34.062   12.26   14.19   41.48
   42.50   50.80 0.61799D-09  1  0  0.01549  268.67  265.66 0.13973D+15  2.206   10.606   10.036   11.098   34.015   12.27   14.20   41.80
   42.83   51.19 0.61347D-09  1  0  0.01554  268.63  265.64 0.13956D+15  2.206   10.526    9.957   11.054   33.969   12.28   14.20   42.12
   43.15   51.58 0.60902D-09  1  0  0.01558  268.59  265.62 0.13940D+15  2.207   10.448    9.878   11.010   33.923   12.29   14.21   42.45
   43.47   51.97 0.60463D-09  1  0  0.01563  268.55  265.60 0.13923D+15  2.207   10.370    9.800   10.966   33.877   12.30   14.22   42.77
   43.79   52.36 0.60031D-09  1  0  0.01568  268.51  265.58 0.13907D+15  2.207   10.294    9.724   10.923   33.832   12.31   14.23   43.09
   44.11   52.75 0.59605D-09  1  0  0.01572  268.47  265.56 0.13891D+15  2.208   10.218    9.649   10.880   33.787   12.32   14.23   43.42
   44.44   53.14 0.59186D-09  1  0  0.01577  268.43  265.53 0.13875D+15  2.208   10.144    9.575   10.837   33.742   12.33   14.24   43.74
   44.76   53.52 0.58772D-09  1  0  0.01582  268.39  265.51 0.13859D+15  2.208   10.071    9.502   10.794   33.697   12.35   14.25   44.06
   45.08   53.91 0.58364D-09  1  0  0.01587  268.35  265.49 0.13844D+15  2.209    9.999    9.429   10.752   33.653   12.36   14.26   44.39
   45.40   54.30 0.57962D-09  1  0  0.01591  268.31  265.47 0.13828D+15  2.209    9.927    9.358   10.709   33.609   12.37   14.26   44.71
   45.72   54.69 0.57566D-09  1  0  0.01596  268.28  265.45 0.13813D+15  2.209    9.857    9.288   10.667   33.565   12.38   14.27   45.03
   46.05   55.08 0.57176D-09  1  0  0.01601  268.24  265.42 0.13797D+15  2.210    9.788    9.219   10.626   33.521   12.39   14.28   45.36
   46.37   55.47 0.56790D-09  1  0  0.01606  268.20  265.40 0.13782D+15  2.210    9.720    9.151   10.584   33.478   12.40   14.29   45.68
   46.69   55.86 0.56410D-09  1  0  0.01611  268.16  265.38 0.13767D+15  2.210    9.653    9.084   10.543   33.435   12.41   14.30   46.00
   47.01   56.25 0.56036D-09  1  0  0.01616  268.12  265.36 0.13753D+15  2.211    9.586    9.018   10.502   33.392   12.42   14.30   46.33
   47.33   56.64 0.55666D-09  1  0  0.01621  268.08  265.33 0.13738D+15  2.211    9.521    8.952   10.461   33.349   12.43   14.31   46.65
   47.66   57.02 0.55302D-09  1  0  0.01626  268.04  265.31 0.13723D+15  2.211    9.456    8.888   10.420   33.307   12.44   14.32   46.98
   47.98   57.41 0.54942D-09  1  0  0.01631  268.00  265.29 0.13709D+15  2.212    9.393    8.824   10.379   33.265   12.45   14.33   47.30
   48.30   57.80 0.54587D-09  1  0  0.01636  267.96  265.26 0.13695D+15  2.212    9.330    8.761   10.339   33.223   12.46   14.34   47.62
   48.62   58.19 0.54237D-09  1  0  0.01641  267.92  265.24 0.13681D+15  2.213    9.268    8.699   10.299   33.181   12.47   14.35   47.95
   48.94   58.58 0.53891D-09  1  0  0.01646  267.88  265.22 0.13667D+15  2.213    9.207    8.638   10.259   33.139   12.48   14.35   48.27
   49.27   58.97 0.53550D-09  1  0  0.01651  267.84  265.19 0.13653D+15  2.213    9.146    8.578   10.219   33.098   12.49   14.36   48.59
   49.59   59.36 0.53213D-09  1  0  0.01656  267.80  265.17 0.13639D+15  2.214    9.086    8.518   10.179   33.056   12.50   14.37   48.92
   49.91   59.75 0.52881D-09  1  0  0.01662  267.75  265.14 0.13625D+15  2.214    9.028    8.460   10.140   33.015   12.51   14.38   49.24
   50.23   60.14 0.52553D-09  1  0  0.01667  267.71  265.12 0.13612D+15  2.214    8.969    8.402   10.101   32.974   12.52   14.39   49.56
   50.55   60.53 0.52229D-09  1  0  0.01672  267.67  265.10 0.13598D+15  2.215    8.912    8.344   10.061   32.934   12.53   14.40   49.89
   50.88   60.92 0.51910D-09  1  0  0.01677  267.63  265.07 0.13585D+15  2.215    8.855    8.288   10.023   32.893   12.54   14.40   50.21
   51.20   61.30 0.51594D-09  1  0  0.01683  267.59  265.05 0.13572D+15  2.215    8.799    8.232    9.984   32.853   12.55   14.41   50.53
   51.52   61.69 0.51282D-09  1  0  0.01688  267.55  265.02 0.13559D+15  2.216    8.744    8.177    9.945   32.813   12.56   14.42   50.86
   51.84   62.08 0.50974D-09  1  0  0.01693  267.51  265.00 0.13546D+15  2.216    8.690    8.122    9.907   32.773   12.57   14.43   51.18
   52.16   62.47 0.50670D-09  1  0  0.01699  267.47  264.97 0.13534D+15  2.216    8.636    8.068    9.868   32.733   12.58   14.44   51.51
   52.49   62.86 0.50370D-09  1  0  0.01704  267.43  264.95 0.13521D+15  2.217    8.582    8.015    9.830   32.693   12.59   14.45   51.83
   52.81   63.25 0.50073D-09  1  0  0.01710  267.39  264.92 0.13509D+15  2.217    8.530    7.962    9.792   32.654   12.60   14.46   52.15
   53.13   63.64 0.49780D-09  1  0  0.01715  267.34  264.90 0.13496D+15  2.217    8.478    7.911    9.754   32.615   12.61   14.46   52.48
   53.45   64.03 0.49490D-09  1  0  0.01721  267.30  264.87 0.13484D+15  2.218    8.426    7.859    9.716   32.576   12.61   14.47   52.80
   53.77   64.42 0.49204D-09  1  0  0.01727  267.26  264.85 0.13472D+15  2.218    8.376    7.809    9.678   32.537   12.62   14.48   53.13
   54.10   64.81 0.48922D-09  1  0  0.01732  267.22  264.82 0.13460D+15  2.219    8.326    7.759    9.641   32.498   12.63   14.49   53.45
   54.42   65.20 0.48642D-09  1  0  0.01738  267.18  264.80 0.13448D+15  2.219    8.276    7.709    9.603   32.459   12.64   14.50   53.77
   54.74   65.58 0.48366D-09  1  0  0.01743  267.14  264.77 0.13436D+15  2.219    8.227    7.660    9.566   32.420   12.65   14.51   54.10
   55.06   65.97 0.48093D-09  1  0  0.01749  267.09  264.74 0.13425D+15  2.220    8.179    7.612    9.529   32.382   12.66   14.52   54.42
   55.38   66.36 0.47824D-09  1  0  0.01755  267.05  264.72 0.13413D+15  2.220    8.131    7.564    9.492   32.344   12.67   14.53   54.74
   55.71   66.75 0.47557D-09  1  0  0.01761  267.01  264.69 0.13402D+15  2.220    8.083    7.517    9.455   32.306   12.68   14.53   55.07
   56.03   67.14 0.47294D-09  1  0  0.01767  266.97  264.67 0.13391D+15  2.221    8.037    7.470    9.418   32.268   12.69   14.54   55.39
   56.35   67.53 0.47033D-09  1  0  0.01772  266.93  264.64 0.13379D+15  2.221    7.990    7.424    9.381   32.230   12.70   14.55   55.72
   56.67   67.92 0.46776D-09  1  0  0.01778  266.88  264.61 0.13368D+15  2.221    7.945    7.378    9.345   32.192   12.71   14.56   56.04
   56.99   68.31 0.46521D-09  1  0  0.01784  266.84  264.59 0.13358D+15  2.222    7.899    7.333    9.308   32.154   12.71   14.57   56.36
   57.32   68.70 0.46270D-09  1  0  0.01790  266.80  264.56 0.13347D+15  2.222    7.855    7.289    9.272   32.117   12.72   14.58   56.69
   57.64   69.09 0.46021D-09  1  0  0.01796  266.75  264.53 0.13336D+15  2.223    7.811    7.244    9.235   32.079   12.73   14.59   57.01
   57.96   69.48 0.45775D-09  1  0  0.01802  266.71  264.51 0.13326D+15  2.223    7.767    7.201    9.199   32.042   12.74   14.60   57.34
   58.28   69.87 0.45531D-09  1  0  0.01808  266.67  264.48 0.13315D+15  2.223    7.724    7.158    9.163   32.005   12.75   14.61   57.66
   58.60   70.26 0.45291D-09  1  0  0.01815  266.63  264.45 0.13305D+15  2.224    7.681    7.115    9.127   31.968   12.76   14.62   57.98
   58.93   70.65 0.45053D-09  1  0  0.01821  266.58  264.42 0.13295D+15  2.224    7.638    7.073    9.091   31.931   12.77   14.62   58.31
   59.25   71.03 0.44817D-09  1  0  0.01827  266.54  264.40 0.13285D+15  2.224    7.597    7.031    9.055   31.894   12.78   14.63   58.63
   59.57   71.42 0.44584D-09  1  0  0.01833  266.50  264.37 0.13275D+15  2.225    7.555    6.990    9.019   31.858   12.78   14.64   58.96
   59.89   71.81 0.44354D-09  1  0  0.01840  266.45  264.34 0.13265D+15  2.225    7.514    6.949    8.984   31.821   12.79   14.65   59.28
   60.21   72.20 0.44126D-09  1  0  0.01846  266.41  264.31 0.13255D+15  2.226    7.474    6.908    8.948   31.784   12.80   14.66   59.60
   60.54   72.59 0.43900D-09  1  0  0.01852  266.36  264.28 0.13245D+15  2.226    7.434    6.868    8.912   31.748   12.81   14.67   59.93
   60.86   72.98 0.43677D-09  1  0  0.01859  266.32  264.26 0.13236D+15  2.226    7.394    6.829    8.877   31.712   12.82   14.68   60.25
   61.18   73.37 0.43456D-09  1  0  0.01865  266.28  264.23 0.13226D+15  2.227    7.355    6.789    8.842   31.676   12.83   14.69   60.58
   61.50   73.76 0.43238D-09  1  0  0.01872  266.23  264.20 0.13217D+15  2.227    7.316    6.751    8.806   31.639   12.84   14.70   60.90
   61.82   74.15 0.43022D-09  1  0  0.01878  266.19  264.17 0.13208D+15  2.228    7.277    6.712    8.771   31.603   12.84   14.71   61.23
   62.15   74.54 0.42808D-09  1  0  0.01885  266.14  264.14 0.13199D+15  2.228    7.239    6.674    8.736   31.567   12.85   14.72   61.55
   62.47   74.93 0.42596D-09  1  0  0.01891  266.10  264.11 0.13190D+15  2.228    7.202    6.637    8.701   31.532   12.86   14.73   61.87
   62.79   75.32 0.42386D-09  1  0  0.01898  266.06  264.09 0.13181D+15  2.229    7.164    6.599    8.666   31.496   12.87   14.74   62.20
   63.11   75.71 0.42179D-09  1  0  0.01905  266.01  264.06 0.13172D+15  2.229    7.127    6.563    8.631   31.460   12.88   14.75   62.52
   63.43   76.10 0.41973D-09  1  0  0.01912  265.97  264.03 0.13164D+15  2.229    7.091    6.526    8.596   31.425   12.89   14.76   62.85
   63.76   76.49 0.41770D-09  1  0  0.01918  265.92  264.00 0.13155D+15  2.230    7.054    6.490    8.561   31.389   12.89   14.76   63.17
   64.08   76.88 0.41569D-09  1  0  0.01925  265.88  263.97 0.13147D+15  2.230    7.019    6.454    8.526   31.354   12.90   14.77   63.50
   64.40   77.27 0.41370D-09  1  0  0.01932  265.83  263.94 0.13139D+15  2.231    6.983    6.419    8.491   31.318   12.91   14.78   63.82
   64.72   77.66 0.41173D-09  1  0  0.01939  265.79  263.91 0.13131D+15  2.231    6.948    6.384    8.456   31.283   12.92   14.79   64.15
   65.04   78.04 0.40977D-09  1  0  0.01946  265.74  263.88 0.13122D+15  2.231    6.913    6.349    8.422   31.248   12.93   14.80   64.47
   65.37   78.43 0.40784D-09  1  0  0.01953  265.70  263.85 0.13115D+15  2.232    6.879    6.315    8.387   31.213   12.94   14.81   64.79
   65.69   78.82 0.40593D-09  1  0  0.01960  265.65  263.82 0.13107D+15  2.232    6.845    6.281    8.352   31.178   12.94   14.82   65.12
   66.01   79.21 0.40403D-09  1  0  0.01967  265.60  263.79 0.13099D+15  2.233    6.811    6.247    8.318   31.143   12.95   14.83   65.44
   66.33   79.60 0.40215D-09  1  0  0.01975  265.56  263.76 0.13092D+15  2.233    6.777    6.214    8.283   31.108   12.96   14.84   65.77
   66.65   79.99 0.40029D-09  1  0  0.01982  265.51  263.73 0.13084D+15  2.233    6.744    6.181    8.249   31.073   12.97   14.85   66.09
   66.98   80.38 0.39845D-09  1  0  0.01989  265.47  263.70 0.13077D+15  2.234    6.711    6.148    8.214   31.038   12.98   14.86   66.42
   67.30   80.77 0.39663D-09  1  0  0.01996  265.42  263.67 0.13070D+15  2.234    6.679    6.115    8.180   31.003   12.99   14.87   66.74
   67.62   81.16 0.39482D-09  1  0  0.02004  265.37  263.64 0.13062D+15  2.235    6.647    6.083    8.145   30.968   12.99   14.88   67.07
   67.94   81.55 0.39303D-09  1  0  0.02011  265.33  263.61 0.13055D+15  2.235    6.615    6.051    8.111   30.934   13.00   14.89   67.39
   68.26   81.94 0.39126D-09  1  0  0.02019  265.28  263.58 0.13049D+15  2.235    6.583    6.020    8.077   30.899   13.01   14.90   67.72
   68.59   82.33 0.38951D-09  1  0  0.02026  265.23  263.55 0.13042D+15  2.236    6.552    5.989    8.042   30.864   13.02   14.91   68.04
   68.91   82.72 0.38777D-09  1  0  0.02034  265.19  263.52 0.13035D+15  2.236    6.521    5.958    8.008   30.830   13.03   14.92   68.36
   69.23   83.11 0.38604D-09  1  0  0.02041  265.14  263.48 0.13029D+15  2.237    6.490    5.927    7.974   30.795   13.03   14.93   68.69
   69.55   83.50 0.38434D-09  1  0  0.02049  265.09  263.45 0.13022D+15  2.237    6.459    5.897    7.939   30.761   13.04   14.94   69.01
   69.87   83.89 0.38265D-09  1  0  0.02057  265.05  263.42 0.13016D+15  2.237    6.429    5.866    7.905   30.727   13.05   14.95   69.34
   70.20   84.28 0.38097D-09  1  0  0.02065  265.00  263.39 0.13010D+15  2.238    6.399    5.837    7.871   30.692   13.06   14.96   69.66
   70.52   84.67 0.37931D-09  1  0  0.02073  264.95  263.36 0.13004D+15  2.238    6.370    5.807    7.837   30.658   13.07   14.97   69.99
   70.84   85.06 0.37767D-09  1  0  0.02081  264.90  263.33 0.12998D+15  2.239    6.340    5.778    7.802   30.624   13.07   14.98   70.31
   71.16   85.45 0.37604D-09  1  0  0.02089  264.86  263.29 0.12992D+15  2.239    6.311    5.749    7.768   30.590   13.08   14.99   70.64
   71.48   85.84 0.37442D-09  1  0  0.02097  264.81  263.26 0.12986D+15  2.240    6.282    5.720    7.734   30.555   13.09   15.00   70.96
   71.81   86.23 0.37282D-09  1  0  0.02105  264.76  263.23 0.12981D+15  2.240    6.253    5.691    7.700   30.521   13.10   15.01   71.29
   72.13   86.62 0.37123D-09  1  0  0.02113  264.71  263.20 0.12975D+15  2.240    6.225    5.663    7.666   30.487   13.11   15.02   71.61
   72.45   87.01 0.36966D-09  1  0  0.02121  264.66  263.17 0.12970D+15  2.241    6.197    5.635    7.631   30.453   13.11   15.03   71.94
   72.77   87.40 0.36810D-09  1  0  0.02129  264.62  263.13 0.12965D+15  2.241    6.169    5.607    7.597   30.419   13.12   15.04   72.26
   73.09   87.79 0.36656D-09  1  0  0.02138  264.57  263.10 0.12960D+15  2.242    6.141    5.580    7.563   30.385   13.13   15.06   72.59
   73.42   88.18 0.36503D-09  1  0  0.02146  264.52  263.07 0.12955D+15  2.242    6.114    5.552    7.529   30.351   13.14   15.07   72.91
   73.74   88.57 0.36351D-09  1  0  0.02155  264.47  263.03 0.12950D+15  2.243    6.087    5.525    7.495   30.317   13.15   15.08   73.24
   74.06   88.96 0.36200D-09  1  0  0.02163  264.42  263.00 0.12945D+15  2.243    6.060    5.498    7.460   30.283   13.15   15.09   73.56
   74.38   89.35 0.36051D-09  1  0  0.02172  264.37  262.97 0.12941D+15  2.243    6.033    5.472    7.426   30.249   13.16   15.10   73.89
   74.70   89.74 0.35903D-09  1  0  0.02180  264.32  262.93 0.12936D+15  2.244    6.007    5.445    7.392   30.215   13.17   15.11   74.22
   75.03   90.13 0.35757D-09  1  0  0.02189  264.27  262.90 0.12932D+15  2.244    5.980    5.419    7.358   30.181   13.18   15.12   74.54
   75.35   90.52 0.35611D-09  1  0  0.02198  264.22  262.87 0.12928D+15  2.245    5.954    5.393    7.323   30.147   13.19   15.13   74.87
   75.67   90.91 0.35467D-09  1  0  0.02207  264.17  262.83 0.12924D+15  2.245    5.928    5.367    7.289   30.113   13.19   15.14   75.19
   75.99   91.30 0.35324D-09  1  0  0.02216  264.12  262.80 0.12920D+15  2.246    5.903    5.342    7.255   30.079   13.20   15.15   75.52
   76.31   91.69 0.35183D-09  1  0  0.02225  264.07  262.76 0.12916D+15  2.246    5.877    5.317    7.221   30.045   13.21   15.16   75.84
   76.64   92.08 0.35042D-09  1  0  0.02234  264.02  262.73 0.12912D+15  2.246    5.852    5.292    7.186   30.011   13.22   15.17   76.17
   76.96   92.47 0.34903D-09  1  0  0.02243  263.97  262.70 0.12909D+15  2.247    5.827    5.267    7.152   29.978   13.23   15.18   76.49
   77.28   92.86 0.34765D-09  1  0  0.02252  263.92  262.66 0.12905D+15  2.247    5.802    5.242    7.117   29.944   13.23   15.20   76.82
   77.60   93.25 0.34628D-09  1  0  0.02261  263.87  262.63 0.12902D+15  2.248    5.778    5.217    7.083   29.910   13.24   15.21   77.14
   77.92   93.64 0.34492D-09  1  0  0.02271  263.82  262.59 0.12899D+15  2.248    5.753    5.193    7.049   29.876   13.25   15.22   77.47
   78.25   94.03 0.34357D-09  1  0  0.02280  263.77  262.56 0.12896D+15  2.249    5.729    5.169    7.014   29.842   13.26   15.23   77.80
   78.57   94.42 0.34224D-09  1  0  0.02290  263.72  262.52 0.12893D+15  2.249    5.705    5.145    6.980   29.808   13.27   15.24   78.12
   78.89   94.81 0.34091D-09  1  0  0.02299  263.67  262.49 0.12890D+15  2.250    5.681    5.121    6.945   29.774   13.27   15.25   78.45
   79.21   95.20 0.33960D-09  1  0  0.02309  263.61  262.45 0.12888D+15  2.250    5.657    5.098    6.910   29.740   13.28   15.26   78.77
   79.53   95.59 0.33829D-09  1  0  0.02319  263.56  262.41 0.12885D+15  2.250    5.634    5.074    6.876   29.706   13.29   15.27   79.10
   79.86   95.98 0.33700D-09  1  0  0.02328  263.51  262.38 0.12883D+15  2.251    5.611    5.051    6.841   29.673   13.30   15.28   79.43
   80.18   96.37 0.33572D-09  1  0  0.02338  263.46  262.34 0.12881D+15  2.251    5.588    5.028    6.806   29.639   13.31   15.30   79.75
   80.50   96.76 0.33444D-09  1  0  0.02348  263.41  262.31 0.12879D+15  2.252    5.565    5.006    6.772   29.605   13.31   15.31   80.08
   80.82   97.15 0.33318D-09  1  0  0.02358  263.35  262.27 0.12877D+15  2.252    5.542    4.983    6.737   29.571   13.32   15.32   80.40
   81.14   97.55 0.33193D-09  1  0  0.02368  263.30  262.23 0.12875D+15  2.253    5.519    4.960    6.702   29.537   13.33   15.33   80.73
   81.47   97.94 0.33069D-09  1  0  0.02379  263.25  262.20 0.12874D+15  2.253    5.497    4.938    6.667   29.503   13.34   15.34   81.06
   81.79   98.33 0.32945D-09  1  0  0.02389  263.19  262.16 0.12872D+15  2.254    5.475    4.916    6.632   29.469   13.35   15.35   81.38
   82.11   98.72 0.32823D-09  1  0  0.02399  263.14  262.12 0.12871D+15  2.254    5.453    4.894    6.597   29.435   13.35   15.37   81.71
   82.43   99.11 0.32702D-09  1  0  0.02410  263.09  262.09 0.12870D+15  2.255    5.431    4.872    6.562   29.401   13.36   15.38   82.04
   82.75   99.50 0.32581D-09  1  0  0.02420  263.03  262.05 0.12869D+15  2.255    5.409    4.851    6.527   29.366   13.37   15.39   82.36
   83.08   99.89 0.32462D-09  1  0  0.02431  262.98  262.01 0.12868D+15  2.256    5.387    4.829    6.491   29.332   13.38   15.40   82.69
   83.40  100.28 0.32343D-09  1  0  0.02442  262.93  261.97 0.12868D+15  2.256    5.366    4.808    6.456   29.298   13.39   15.41   83.01
   83.72  100.67 0.32226D-09  1  0  0.02453  262.87  261.94 0.12867D+15  2.257    5.345    4.787    6.421   29.264   13.40   15.43   83.34
   84.04  101.06 0.32109D-09  1  0  0.02464  262.82  261.90 0.12867D+15  2.257    5.324    4.766    6.385   29.230   13.40   15.44   83.67
   84.36  101.45 0.31993D-09  1  0  0.02475  262.76  261.86 0.12867D+15  2.257    5.303    4.745    6.350   29.196   13.41   15.45   83.99
   84.69  101.84 0.31878D-09  1  0  0.02486  262.71  261.82 0.12867D+15  2.258    5.282    4.724    6.314   29.161   13.42   15.46   84.32
   85.01  102.24 0.31764D-09  1  0  0.02497  262.65  261.78 0.12867D+15  2.258    5.261    4.704    6.279   29.127   13.43   15.48   84.65
   85.33  102.63 0.31651D-09  1  0  0.02508  262.60  261.75 0.12867D+15  2.259    5.241    4.683    6.243   29.092   13.44   15.49   84.98
   85.65  103.02 0.31538D-09  1  0  0.02519  262.54  261.71 0.12868D+15  2.259    5.220    4.663    6.207   29.058   13.45   15.50   85.30
   85.97  103.41 0.31427D-09  1  0  0.02531  262.49  261.67 0.12869D+15  2.260    5.200    4.643    6.171   29.024   13.45   15.51   85.63
   86.30  103.80 0.31316D-09  1  0  0.02543  262.43  261.63 0.12869D+15  2.260    5.180    4.623    6.135   28.989   13.46   15.53   85.96
   86.62  104.19 0.31206D-09  1  0  0.02554  262.37  261.59 0.12870D+15  2.261    5.160    4.603    6.099   28.954   13.47   15.54   86.28
   86.94  104.58 0.31097D-09  1  0  0.02566  262.32  261.55 0.12872D+15  2.261    5.141    4.584    6.063   28.920   13.48   15.55   86.61
   87.26  104.97 0.30989D-09  1  0  0.02578  262.26  261.51 0.12873D+15  2.262    5.121    4.564    6.027   28.885   13.49   15.56   86.94
   87.58  105.36 0.30882D-09  1  0  0.02590  262.20  261.47 0.12875D+15  2.262    5.101    4.545    5.990   28.850   13.50   15.58   87.27
   87.91  105.76 0.30775D-09  1  0  0.02602  262.15  261.43 0.12876D+15  2.263    5.082    4.526    5.954   28.816   13.51   15.59   87.59
   88.23  106.15 0.30669D-09  1  0  0.02614  262.09  261.39 0.12878D+15  2.263    5.063    4.507    5.917   28.781   13.51   15.60   87.92
   88.55  106.54 0.30564D-09  1  0  0.02627  262.03  261.35 0.12880D+15  2.264    5.044    4.488    5.881   28.746   13.52   15.62   88.25
   88.87  106.93 0.30460D-09  1  0  0.02639  261.97  261.31 0.12883D+15  2.264    5.025    4.469    5.844   28.711   13.53   15.63   88.58
   89.19  107.32 0.30356D-09  1  0  0.02652  261.92  261.27 0.12885D+15  2.265    5.006    4.450    5.807   28.676   13.54   15.64   88.91
   89.52  107.71 0.30253D-09  1  0  0.02664  261.86  261.23 0.12888D+15  2.265    4.987    4.432    5.770   28.641   13.55   15.66   89.23
   89.84  108.11 0.30151D-09  1  0  0.02677  261.80  261.19 0.12891D+15  2.266    4.969    4.413    5.733   28.606   13.56   15.67   89.56
   90.16  108.50 0.30050D-09  1  0  0.02690  261.74  261.15 0.12894D+15  2.266    4.950    4.395    5.696   28.570   13.57   15.68   89.89
   90.48  108.89 0.29949D-09  1  0  0.02703  261.68  261.11 0.12897D+15  2.267    4.932    4.377    5.658   28.535   13.58   15.70   90.22
   90.80  109.28 0.29849D-09  1  0  0.02716  261.62  261.06 0.12901D+15  2.268    4.914    4.359    5.621   28.500   13.58   15.71   90.55
   91.13  109.67 0.29750D-09  1  0  0.02729  261.56  261.02 0.12905D+15  2.268    4.895    4.341    5.583   28.464   13.59   15.72   90.88
   91.45  110.07 0.29651D-09  1  0  0.02743  261.50  260.98 0.12908D+15  2.269    4.877    4.323    5.546   28.428   13.60   15.74   91.20
   91.77  110.46 0.29554D-09  1  0  0.02756  261.44  260.94 0.12913D+15  2.269    4.860    4.305    5.508   28.393   13.61   15.75   91.53
   92.09  110.85 0.29456D-09  1  0  0.02770  261.38  260.90 0.12917D+15  2.270    4.842    4.287    5.470   28.357   13.62   15.77   91.86
   92.41  111.24 0.29360D-09  1  0  0.02784  261.32  260.85 0.12922D+15  2.270    4.824    4.270    5.432   28.321   13.63   15.78   92.19
   92.74  111.64 0.29264D-09  1  0  0.02798  261.26  260.81 0.12926D+15  2.271    4.807    4.253    5.394   28.285   13.64   15.79   92.52
   93.06  112.03 0.29169D-09  1  0  0.02812  261.20  260.77 0.12931D+15  2.271    4.789    4.235    5.355   28.249   13.65   15.81   92.85
   93.38  112.42 0.29075D-09  1  0  0.02826  261.14  260.72 0.12937D+15  2.272    4.772    4.218    5.317   28.213   13.66   15.82   93.18
   93.70  112.81 0.28981D-09  1  0  0.02840  261.07  260.68 0.12942D+15  2.272    4.755    4.201    5.278   28.177   13.67   15.84   93.51
   94.02  113.21 0.28888D-09  1  0  0.02855  261.01  260.64 0.12948D+15  2.273    4.738    4.184    5.239   28.140   13.68   15.85   93.84
   94.35  113.60 0.28795D-09  1  0  0.02869  260.95  260.59 0.12954D+15  2.273    4.721    4.167    5.200   28.104   13.69   15.87   94.17
   94.67  113.99 0.28703D-09  1  0  0.02884  260.89  260.55 0.12960D+15  2.274    4.704    4.151    5.161   28.067   13.69   15.88   94.50
   94.99  114.38 0.28612D-09  1  0  0.02899  260.82  260.51 0.12967D+15  2.275    4.687    4.134    5.122   28.031   13.70   15.90   94.83
   95.31  114.78 0.28521D-09  1  0  0.02914  260.76  260.46 0.12973D+15  2.275    4.671    4.118    5.082   27.994   13.71   15.91   95.16
   95.63  115.17 0.28431D-09  1  0  0.02929  260.70  260.42 0.12980D+15  2.276    4.654    4.101    5.043   27.957   13.72   15.93   95.49
   95.96  115.56 0.28342D-09  1  0  0.02944  260.63  260.37 0.12988D+15  2.276    4.638    4.085    5.003   27.920   13.73   15.94   95.82
   96.28  115.96 0.28253D-09  1  0  0.02960  260.57  260.33 0.12995D+15  2.277    4.621    4.069    4.963   27.883   13.74   15.96   96.15
   96.60  116.35 0.28165D-09  1  0  0.02975  260.50  260.28 0.13003D+15  2.277    4.605    4.053    4.923   27.846   13.75   15.97   96.48
   96.92  116.74 0.28077D-09  1  0  0.02991  260.44  260.23 0.13011D+15  2.278    4.589    4.037    4.882   27.808   13.76   15.99   96.81
   97.24  117.14 0.27990D-09  1  0  0.03007  260.37  260.19 0.13019D+15  2.279    4.573    4.021    4.842   27.771   13.77   16.00   97.14
   97.57  117.53 0.27903D-09  1  0  0.03023  260.31  260.14 0.13028D+15  2.279    4.557    4.005    4.801   27.733   13.78   16.02   97.48
   97.89  117.93 0.27817D-09  1  0  0.03040  260.24  260.10 0.13037D+15  2.280    4.541    3.989    4.760   27.695   13.79   16.04   97.81
   98.21  118.32 0.27732D-09  1  0  0.03056  260.18  260.05 0.13046D+15  2.280    4.525    3.974    4.719   27.657   13.80   16.05   98.14
   98.53  118.71 0.27647D-09  1  0  0.03073  260.11  260.00 0.13055D+15  2.281    4.510    3.958    4.678   27.619   13.81   16.07   98.47
   98.85  119.11 0.27563D-09  1  0  0.03090  260.04  259.96 0.13065D+15  2.282    4.494    3.943    4.636   27.581   13.82   16.09   98.81
   99.18  119.50 0.27479D-09  1  0  0.03106  259.97  259.91 0.13075D+15  2.282    4.478    3.927    4.595   27.543   13.83   16.10   99.14
   99.50  119.90 0.27396D-09  1  0  0.03124  259.91  259.86 0.13086D+15  2.283    4.463    3.912    4.553   27.504   13.84   16.12   99.47
   99.82  120.29 0.27314D-09  1  0  0.03141  259.84  259.81 0.13096D+15  2.283    4.448    3.897    4.510   27.466   13.85   16.14   99.80
  100.14  120.69 0.27231D-09  1  0  0.03159  259.77  259.76 0.13108D+15  2.284    4.432    3.882    4.468   27.427   13.87   16.15  100.14
  100.46  121.08 0.27150D-09  1  0  0.03176  259.70  259.72 0.13119D+15  2.285    4.417    3.867    4.426   27.388   13.88   16.17  100.46
  100.79  121.47 0.27069D-09  1  0  0.03194  259.63  259.67 0.13131D+15  2.285    4.402    3.852    4.383   27.349   13.89   16.19  100.79
  101.11  121.86 0.26988D-09  1  0  0.03212  259.56  259.62 0.13143D+15  2.286    4.387    3.837    4.340   27.309   13.90   16.20  101.11
  101.43  122.24 0.26908D-09  1  0  0.03231  259.49  259.57 0.13155D+15  2.286    4.372    3.823    4.296   27.270   13.91   16.22  101.43
  101.75  122.63 0.26829D-09  1  0  0.03249  259.42  259.52 0.13168D+15  2.287    4.358    3.808    4.253   27.230   13.92   16.24  101.75
  102.07  123.02 0.26750D-09  1  0  0.03268  259.35  259.47 0.13181D+15  2.288    4.343    3.794    4.209   27.190   13.93   16.26  102.07
  102.40  123.41 0.26671D-09  1  0  0.03287  259.28  259.42 0.13194D+15  2.288    4.328    3.779    4.165   27.150   13.94   16.28  102.40
  102.72  123.80 0.26593D-09  1  0  0.03306  259.21  259.37 0.13208D+15  2.289    4.314    3.765    4.121   27.110   13.95   16.29  102.72
  103.04  124.18 0.26516D-09  1  0  0.03325  259.13  259.32 0.13223D+15  2.290    4.299    3.750    4.076   27.069   13.96   16.31  103.04
  103.36  124.57 0.26439D-09  1  0  0.03345  259.06  259.27 0.13237D+15  2.290    4.285    3.736    4.031   27.029   13.98   16.33  103.36
  103.68  124.96 0.26362D-09  1  0  0.03365  258.99  259.21 0.13252D+15  2.291    4.270    3.722    3.986   26.988   13.99   16.35  103.68
  104.01  125.35 0.26286D-09  1  0  0.03385  258.92  259.16 0.13268D+15  2.292    4.256    3.708    3.941   26.947   14.00   16.37  104.01
  104.33  125.74 0.26211D-09  1  0  0.03405  258.84  259.11 0.13284D+15  2.292    4.242    3.694    3.895   26.905   14.01   16.39  104.33
  104.65  126.12 0.26135D-09  1  0  0.03425  258.77  259.06 0.13300D+15  2.293    4.228    3.680    3.849   26.864   14.02   16.41  104.65
  104.97  126.51 0.26061D-09  1  0  0.03446  258.69  259.00 0.13317D+15  2.294    4.214    3.666    3.803   26.822   14.04   16.43  104.97
  105.29  126.90 0.25987D-09  1  0  0.03467  258.62  258.95 0.13334D+15  2.294    4.200    3.652    3.756   26.780   14.05   16.45  105.29
  105.62  127.29 0.25913D-09  1  0  0.03488  258.54  258.90 0.13351D+15  2.295    4.186    3.639    3.710   26.738   14.06   16.47  105.62
  105.94  127.68 0.25839D-09  1  0  0.03510  258.46  258.84 0.13369D+15  2.296    4.172    3.625    3.662   26.696   14.07   16.49  105.94
  106.26  128.06 0.25767D-09  1  0  0.03531  258.39  258.79 0.13388D+15  2.296    4.159    3.612    3.615   26.653   14.08   16.51  106.26
  106.58  128.45 0.25694D-09  1  0  0.03553  258.31  258.74 0.13407D+15  2.297    4.145    3.598    3.567   26.610   14.10   16.53  106.58
  106.90  128.84 0.25622D-09  1  0  0.03576  258.23  258.68 0.13426D+15  2.298    4.131    3.585    3.519   26.567   14.11   16.55  106.90
  107.23  129.23 0.25551D-09  1  0  0.03598  258.15  258.63 0.13446D+15  2.298    4.118    3.571    3.470   26.523   14.12   16.57  107.23
  107.55  129.62 0.25480D-09  1  0  0.03621  258.07  258.57 0.13467D+15  2.299    4.104    3.558    3.422   26.480   14.14   16.59  107.55
  107.87  130.00 0.25409D-09  1  0  0.03644  257.99  258.51 0.13488D+15  2.300    4.091    3.545    3.372   26.436   14.15   16.61  107.87
  108.19  130.39 0.25339D-09  1  0  0.03667  257.91  258.46 0.13509D+15  2.301    4.077    3.532    3.323   26.392   14.16   16.64  108.19
  108.51  130.78 0.25269D-09  1  0  0.03691  257.83  258.40 0.13532D+15  2.301    4.064    3.519    3.273   26.347   14.18   16.66  108.51
  108.84  131.17 0.25199D-09  1  0  0.03715  257.75  258.34 0.13554D+15  2.302    4.051    3.506    3.223   26.302   14.19   16.68  108.84
  109.16  131.56 0.25130D-09  1  0  0.03739  257.67  258.29 0.13577D+15  2.303    4.038    3.493    3.172   26.257   14.20   16.70  109.16
  109.48  131.95 0.25062D-09  1  0  0.03764  257.58  258.23 0.13601D+15  2.303    4.025    3.480    3.121   26.212   14.22   16.73  109.48
  109.80  132.33 0.24993D-09  1  0  0.03789  257.50  258.17 0.13626D+15  2.304    4.012    3.467    3.069   26.166   14.23   16.75  109.80
  110.12  132.72 0.24926D-09  1  0  0.03814  257.42  258.11 0.13651D+15  2.305    3.999    3.454    3.017   26.120   14.25   16.77  110.12
  110.45  133.11 0.24858D-09  1  0  0.03839  257.33  258.05 0.13676D+15  2.306    3.986    3.442    2.965   26.074   14.26   16.80  110.45
  110.77  133.50 0.24791D-09  1  0  0.03865  257.25  257.99 0.13703D+15  2.306    3.973    3.429    2.913   26.027   14.28   16.82  110.77
  111.09  133.89 0.24724D-09  1  0  0.03891  257.16  257.93 0.13730D+15  2.307    3.960    3.416    2.859   25.980   14.29   16.84  111.09
  111.41  134.27 0.24658D-09  1  0  0.03918  257.07  257.87 0.13757D+15  2.308    3.947    3.404    2.806   25.933   14.31   16.87  111.41
  111.73  134.66 0.24592D-09  1  0  0.03945  256.99  257.81 0.13786D+15  2.309    3.935    3.391    2.752   25.885   14.32   16.89  111.73
  112.06  135.05 0.24527D-09  1  0  0.03972  256.90  257.75 0.13815D+15  2.310    3.922    3.379    2.697   25.837   14.34   16.92  112.06
  112.38  135.44 0.24462D-09  1  0  0.04000  256.81  257.69 0.13844D+15  2.310    3.909    3.367    2.642   25.789   14.35   16.94  112.38
  112.70  135.83 0.24397D-09  1  0  0.04028  256.72  257.62 0.13875D+15  2.311    3.897    3.354    2.587   25.740   14.37   16.97  112.70
  113.02  136.21 0.24333D-09  1  0  0.04056  256.63  257.56 0.13906D+15  2.312    3.884    3.342    2.531   25.691   14.38   17.00  113.02
  113.34  136.60 0.24269D-09  1  0  0.04085  256.54  257.50 0.13938D+15  2.313    3.872    3.330    2.475   25.642   14.40   17.02  113.34
  113.67  136.99 0.24205D-09  1  0  0.04114  256.44  257.43 0.13971D+15  2.314    3.860    3.318    2.418   25.592   14.42   17.05  113.67
  113.99  137.38 0.24142D-09  1  0  0.04143  256.35  257.37 0.14005D+15  2.315    3.847    3.306    2.360   25.542   14.43   17.08  113.99
  114.31  137.77 0.24079D-09  1  0  0.04173  256.26  257.30 0.14039D+15  2.315    3.835    3.294    2.302   25.491   14.45   17.10  114.31
  114.63  138.15 0.24016D-09  1  0  0.04204  256.16  257.24 0.14075D+15  2.316    3.823    3.282    2.244   25.440   14.47   17.13  114.63
  114.95  138.54 0.23954D-09  1  0  0.04235  256.07  257.17 0.14111D+15  2.317    3.810    3.270    2.185   25.388   14.48   17.16  114.95
  115.28  138.93 0.23892D-09  1  0  0.04266  255.97  257.10 0.14148D+15  2.318    3.798    3.258    2.125   25.336   14.50   17.19  115.28
  115.60  139.32 0.23831D-09  1  0  0.04298  255.87  257.04 0.14186D+15  2.319    3.786    3.246    2.065   25.284   14.52   17.22  115.60
  115.92  139.71 0.23770D-09  1  0  0.04330  255.77  256.97 0.14226D+15  2.320    3.774    3.234    2.004   25.231   14.54   17.25  115.92
  116.24  140.09 0.23709D-09  1  0  0.04362  255.68  256.90 0.14266D+15  2.321    3.762    3.223    1.943   25.178   14.55   17.28  116.24
  116.56  140.48 0.23648D-09  1  0  0.04396  255.58  256.83 0.14307D+15  2.321    3.750    3.211    1.881   25.124   14.57   17.31  116.56
  116.89  140.87 0.23588D-09  1  0  0.04429  255.47  256.76 0.14349D+15  2.322    3.738    3.199    1.818   25.069   14.59   17.34  116.89
  117.21  141.26 0.23528D-09  1  0  0.04463  255.37  256.69 0.14392D+15  2.323    3.726    3.188    1.755   25.015   14.61   17.37  117.21
  117.53  141.65 0.23469D-09  1  0  0.04498  255.27  256.62 0.14437D+15  2.324    3.715    3.176    1.691   24.959   14.63   17.41  117.53
  117.85  142.04 0.23410D-09  1  0  0.04533  255.16  256.55 0.14482D+15  2.325    3.703    3.165    1.626   24.903   14.65   17.44  117.85
  118.17  142.42 0.23351D-09  1  0  0.04569  255.06  256.47 0.14529D+15  2.326    3.691    3.153    1.561   24.847   14.67   17.47  118.17
  118.50  142.81 0.23292D-09  1  0  0.04605  254.95  256.40 0.14577D+15  2.327    3.679    3.142    1.495   24.790   14.69   17.51  118.50
  118.82  143.20 0.23234D-09  1  0  0.04642  254.84  256.33 0.14626D+15  2.328    3.667    3.130    1.428   24.733   14.71   17.54  118.82
  119.14  143.59 0.23176D-09  1  0  0.04679  254.74  256.25 0.14677D+15  2.329    3.656    3.119    1.361   24.674   14.73   17.57  119.14
  119.46  143.98 0.23118D-09  1  0  0.04717  254.63  256.18 0.14729D+15  2.330    3.644    3.108    1.293   24.616   14.75   17.61  119.46
  119.78  144.36 0.23061D-09  1  0  0.04756  254.51  256.10 0.14782D+15  2.331    3.633    3.096    1.224   24.557   14.78   17.65  119.78
  120.11  144.75 0.23004D-09  1  0  0.04795  254.40  256.02 0.14837D+15  2.332    3.621    3.085    1.154   24.497   14.80   17.68  120.11
  120.43  145.14 0.22948D-09  1  0  0.04835  254.29  255.95 0.14893D+15  2.333    3.609    3.074    1.083   24.436   14.82   17.72  120.43
  120.75  145.53 0.22891D-09  1  0  0.04875  254.17  255.87 0.14951D+15  2.334    3.598    3.063    1.012   24.375   14.84   17.76  120.75
  121.07  145.92 0.22835D-09  1  0  0.04917  254.06  255.79 0.15010D+15  2.335    3.586    3.052    0.940   24.313   14.87   17.80  121.07
  121.39  146.30 0.22779D-09  1  0  0.04958  253.94  255.71 0.15071D+15  2.336    3.575    3.041    0.867   24.251   14.89   17.84  121.39
  121.72  146.69 0.22724D-09  1  0  0.05001  253.82  255.63 0.15134D+15  2.337    3.564    3.030    0.793   24.187   14.91   17.88  121.72
  122.04  147.08 0.22669D-09  1  0  0.05044  253.70  255.54 0.15198D+15  2.339    3.552    3.019    0.718   24.123   14.94   17.92  122.04
  122.36  147.47 0.22614D-09  1  0  0.05088  253.58  255.46 0.15264D+15  2.340    3.541    3.007    0.642   24.059   14.96   17.96  122.36
  122.68  147.86 0.22559D-09  1  0  0.05133  253.45  255.38 0.15332D+15  2.341    3.529    2.997    0.565   23.993   14.99   18.00  122.68
  123.00  148.24 0.22505D-09  1  0  0.05179  253.33  255.29 0.15402D+15  2.342    3.518    2.986    0.487   23.927   15.01   18.04  123.00
  123.33  148.63 0.22451D-09  1  0  0.05225  253.20  255.21 0.15474D+15  2.343    3.507    2.975    0.409   23.860   15.04   18.09  123.33
  123.65  149.02 0.22397D-09  1  0  0.05272  253.07  255.12 0.15548D+15  2.344    3.496    2.964    0.329   23.792   15.07   18.13  123.65
  123.97  149.41 0.22344D-09  1  0  0.05320  252.94  255.03 0.15625D+15  2.345    3.484    2.953    0.248   23.724   15.09   18.18  123.97
  124.29  149.80 0.22291D-09  1  0  0.05369  252.81  254.94 0.15703D+15  2.347    3.473    2.942    0.166   23.654   15.12   18.22  124.29
  124.61  150.18 0.22238D-09  1  0  0.05418  252.67  254.85 0.15784D+15  2.348    3.462    2.931    0.083   23.584   15.15   18.27  124.61
  124.94  150.57 0.22185D-09  1  0  0.05469  252.54  254.96 0.15525D+15  2.349    3.451    2.920    0.000   23.513   15.06   18.34  124.94
  125.26  150.96 0.22133D-09  1  0  0.05521  252.40  254.89 0.15570D+15  2.350    3.439    2.910    0.000   23.513   15.07   18.33  125.26
  125.58  151.35 0.22081D-09  1  0  0.05573  252.26  254.81 0.15616D+15  2.352    3.428    2.899    0.000   23.513   15.09   18.32  125.58
  125.90  151.74 0.22029D-09  1  0  0.05627  252.12  254.74 0.15664D+15  2.353    3.417    2.888    0.000   23.513   15.10   18.30  125.90
  126.22  152.13 0.21977D-09  1  0  0.05681  251.97  254.67 0.15714D+15  2.354    3.406    2.877    0.000   23.513   15.12   18.29  126.22
  126.55  152.51 0.21926D-09  1  0  0.05737  251.83  254.60 0.15765D+15  2.356    3.395    2.867    0.000   23.513   15.14   18.28  126.55
  126.87  152.90 0.21875D-09  1  0  0.05793  251.68  254.52 0.15819D+15  2.357    3.383    2.856    0.000   23.513   15.15   18.27  126.87
  127.19  153.29 0.21824D-09  1  0  0.05851  251.53  254.44 0.15875D+15  2.358    3.372    2.845    0.000   23.513   15.17   18.25  127.19
  127.51  153.68 0.21774D-09  1  0  0.05910  251.38  254.37 0.15932D+15  2.360    3.361    2.834    0.000   23.513   15.19   18.24  127.51
  127.83  154.07 0.21724D-09  1  0  0.05970  251.22  254.29 0.15992D+15  2.361    3.350    2.824    0.000   23.513   15.21   18.23  127.83
  128.16  154.45 0.21674D-09  1  0  0.06031  251.06  254.21 0.16054D+15  2.363    3.339    2.813    0.000   23.513   15.22   18.22  128.16
  128.48  154.84 0.21624D-09  1  0  0.06093  250.90  254.13 0.16119D+15  2.364    3.328    2.802    0.000   23.513   15.24   18.20  128.48
  128.80  155.23 0.21574D-09  1  0  0.06157  250.74  254.05 0.16185D+15  2.366    3.316    2.792    0.000   23.513   15.26   18.19  128.80
  129.12  155.62 0.21525D-09  1  0  0.06222  250.57  253.96 0.16255D+15  2.367    3.305    2.781    0.000   23.513   15.28   18.18  129.12
  129.44  156.01 0.21476D-09  1  0  0.06289  250.40  253.88 0.16327D+15  2.369    3.294    2.770    0.000   23.513   15.31   18.16  129.44
  129.77  156.39 0.21427D-09  1  0  0.06356  250.23  253.79 0.16401D+15  2.370    3.283    2.760    0.000   23.513   15.33   18.15  129.77
  130.09  156.78 0.21379D-09  1  0  0.06426  250.05  253.71 0.16479D+15  2.372    3.272    2.749    0.000   23.513   15.35   18.14  130.09
  130.41  157.17 0.21331D-09  1  0  0.06496  249.88  253.62 0.16559D+15  2.374    3.260    2.738    0.000   23.513   15.37   18.12  130.41
  130.73  157.56 0.21283D-09  1  0  0.06569  249.69  253.53 0.16642D+15  2.375    3.249    2.728    0.000   23.513   15.39   18.11  130.73
  131.05  157.95 0.21235D-09  1  0  0.06643  249.51  253.44 0.16729D+15  2.377    3.238    2.717    0.000   23.513   15.42   18.10  131.05
  131.38  158.33 0.21187D-09  1  0  0.06718  249.32  253.34 0.16819D+15  2.379    3.227    2.706    0.000   23.513   15.44   18.08  131.38
  131.70  158.72 0.21140D-09  1  0  0.06795  249.13  253.25 0.16912D+15  2.381    3.215    2.696    0.000   23.513   15.47   18.07  131.70
  132.02  159.11 0.21093D-09  1  0  0.06874  248.93  253.15 0.17009D+15  2.382    3.204    2.685    0.000   23.513   15.49   18.05  132.02
  132.34  159.50 0.21046D-09  1  0  0.06955  248.73  253.05 0.17110D+15  2.384    3.193    2.674    0.000   23.513   15.52   18.04  132.34
  132.66  159.89 0.20999D-09  1  0  0.07038  248.53  252.96 0.17215D+15  2.386    3.181    2.664    0.000   23.513   15.55   18.02  132.66
  132.99  160.27 0.20953D-09  1  0  0.07123  248.32  252.85 0.17324D+15  2.388    3.170    2.653    0.000   23.513   15.58   18.01  132.99
  133.31  160.66 0.20907D-09  1  0  0.07209  248.11  252.75 0.17437D+15  2.390    3.158    2.642    0.000   23.513   15.61   17.99  133.31
  133.63   55.45 0.20861D-09  1  0  0.07298  247.89  252.65 0.17545D+15  2.392    3.147    2.631   -0.079   23.447   15.77   18.04  -41.61
  133.95  119.72 0.20815D-09  1  0  0.07389  247.67  252.54 0.17668D+15  2.394    3.135    2.620   -0.192   23.353   15.81   18.10   64.72
  134.27  135.56 0.20770D-09  1  0  0.07482  247.44  252.43 0.17796D+15  2.396    3.124    2.609   -0.307   23.257   15.85   18.17   90.69
  134.60  142.91 0.20724D-09  1  0  0.07578  247.21  252.32 0.17929D+15  2.399    3.112    2.598   -0.425   23.159   15.89   18.24  102.56
  134.92  147.25 0.20679D-09  1  0  0.07676  246.97  252.21 0.18067D+15  2.401    3.100    2.587   -0.545   23.059   15.92   18.32  109.45
  135.24  150.19 0.20634D-09  1  0  0.07776  246.72  252.09 0.18211D+15  2.403    3.088    2.576   -0.667   22.957   15.97   18.39  114.00
  135.56  152.36 0.20590D-09  1  0  0.07879  246.47  251.97 0.18362D+15  2.406    3.076    2.565   -0.792   22.853   16.01   18.47  117.28
  135.88  154.07 0.20545D-09  1  0  0.07985  246.22  251.85 0.18519D+15  2.408    3.064    2.554   -0.920   22.746   16.05   18.55  119.78
  136.21  155.46 0.20501D-09  1  0  0.08094  245.96  251.73 0.18682D+15  2.410    3.052    2.543   -1.051   22.638   16.09   18.63  121.78
  136.53  156.65 0.20457D-09  1  0  0.08205  245.69  251.60 0.18853D+15  2.413    3.040    2.532   -1.185   22.527   16.14   18.72  123.42
  136.85  157.68 0.20413D-09  1  0  0.08320  245.41  251.48 0.19032D+15  2.416    3.028    2.520   -1.322   22.413   16.19   18.81  124.82
  137.17  158.60 0.20370D-09  1  0  0.08438  245.13  251.34 0.19218D+15  2.418    3.016    2.509   -1.462   22.297   16.24   18.90  126.03
  137.49  159.44 0.20326D-09  1  0  0.08559  244.84  251.21 0.19413D+15  2.421    3.003    2.498   -1.605   22.179   16.29   18.99  127.09
  137.82  160.21 0.20283D-09  1  0  0.08684  244.54  251.07 0.19618D+15  2.424    2.991    2.486   -1.751   22.058   16.34   19.09  128.05
  138.14  160.93 0.20240D-09  1  0  0.08812  244.23  250.93 0.19831D+15  2.427    2.978    2.474   -1.901   21.934   16.39   19.20  128.92
  138.46  161.60 0.20197D-09  1  0  0.08944  243.91  250.79 0.20055D+15  2.430    2.965    2.463   -2.055   21.807   16.45   19.30  129.71
  138.78  162.24 0.20155D-09  1  0  0.09080  243.59  250.64 0.20290D+15  2.433    2.953    2.451   -2.212   21.677   16.51   19.41  130.45
  139.10  162.84 0.20112D-09  1  0  0.09220  243.25  250.49 0.20536D+15  2.436    2.939    2.439   -2.373   21.544   16.56   19.53  131.13
  139.43  163.43 0.20070D-09  1  0  0.09365  242.91  250.33 0.20794D+15  2.440    2.926    2.427   -2.539   21.408   16.63   19.65  131.78
  139.75  163.99 0.20028D-09  1  0  0.09514  242.55  250.17 0.21065D+15  2.443    2.913    2.415   -2.708   21.269   16.69   19.77  132.39
  140.07  164.53 0.19986D-09  1  0  0.09667  242.18  250.01 0.21350D+15  2.447    2.899    2.402   -2.881   21.126   16.75   19.90  132.97
  140.39  165.06 0.19945D-09  1  0  0.09826  241.80  249.84 0.21650D+15  2.451    2.886    2.390   -3.059   20.980   16.82   20.04  133.52
  140.71  165.58 0.19903D-09  1  0  0.09990  241.41  249.67 0.21965D+15  2.454    2.872    2.377   -3.242   20.830   16.89   20.18  134.05
  141.04  166.08 0.19862D-09  1  0  0.10160  241.00  249.50 0.22298D+15  2.458    2.858    2.364   -3.429   20.676   16.97   20.32  134.57
  141.36  166.57 0.19821D-09  1  0  0.10335  240.58  249.32 0.22649D+15  2.463    2.843    2.352   -3.622   20.518   17.04   20.48  135.06
  141.68  167.05 0.19780D-09  1  0  0.10516  240.14  249.13 0.23019D+15  2.467    2.829    2.338   -3.819   20.356   17.12   20.64  135.54
  142.00  167.52 0.19740D-09  1  0  0.10704  239.69  248.94 0.23410D+15  2.471    2.814    2.325   -4.021   20.190   17.20   20.80  136.00
  142.32  167.99 0.19699D-09  1  0  0.10898  239.22  248.74 0.23823D+15  2.476    2.799    2.311   -4.230   20.020   17.29   20.98  136.45
  142.65  168.45 0.19659D-09  1  0  0.11100  238.74  248.54 0.24261D+15  2.481    2.783    2.298   -4.443   19.845   17.37   21.16  136.89
  142.97  168.90 0.19619D-09  1  0  0.11309  238.23  248.33 0.24725D+15  2.486    2.767    2.284   -4.663   19.665   17.46   21.36  137.31
  143.29  169.34 0.19579D-09  1  0  0.11526  237.70  248.11 0.25217D+15  2.491    2.751    2.269   -4.889   19.481   17.56   21.56  137.73
  143.61  169.78 0.19539D-09  1  0  0.11751  237.15  247.89 0.25740D+15  2.497    2.735    2.255   -5.121   19.291   17.66   21.78  138.14
  143.93  170.22 0.19500D-09  1  0  0.11985  236.58  247.66 0.26296D+15  2.503    2.718    2.240   -5.360   19.097   17.76   22.00  138.54
  144.26  170.65 0.19460D-09  1  0  0.12229  235.99  247.43 0.26888D+15  2.509    2.701    2.224   -5.605   18.896   17.86   22.24  138.93
  144.58  171.07 0.19421D-09  1  0  0.12483  235.36  247.19 0.27519D+15  2.515    2.683    2.209   -5.858   18.690   17.97   22.49  139.31
  144.90  171.49 0.19382D-09  1  0  0.12747  234.71  246.93 0.28193D+15  2.522    2.665    2.193   -6.118   18.479   18.09   22.75  139.69
  145.22  171.91 0.19343D-09  1  0  0.13022  234.03  246.67 0.28913D+15  2.529    2.646    2.176   -6.385   18.261   18.21   23.04  140.05
  145.54  172.32 0.19304D-09  1  0  0.13310  233.31  246.41 0.29684D+15  2.537    2.626    2.159   -6.660   18.037   18.33   23.33  140.41
  145.87  172.73 0.19266D-09  1  0  0.13610  232.56  246.13 0.30510D+15  2.544    2.606    2.142   -6.943   17.807   18.46   23.65  140.77
  146.19  173.13 0.19228D-09  1  0  0.13925  231.77  245.84 0.31397D+15  2.553    2.586    2.124   -7.235   17.570   18.59   23.99  141.11
  146.51  173.53 0.19189D-09  1  0  0.14253  230.94  245.55 0.32350D+15  2.562    2.564    2.106   -7.535   17.326   18.73   24.35  141.45
  146.83  173.92 0.19151D-09  1  0  0.14598  230.07  245.24 0.33377D+15  2.571    2.542    2.086   -7.844   17.076   18.87   24.73  141.79
  147.15  174.31 0.19113D-09  1  0  0.14960  229.14  244.92 0.34484D+15  2.581    2.519    2.067   -8.162   16.818   19.02   25.14  142.11
  147.48  174.70 0.19076D-09  1  0  0.15339  228.16  244.59 0.35680D+15  2.592    2.495    2.046   -8.490   16.552   19.18   25.57  142.43
  147.80  175.08 0.19038D-09  1  0  0.15738  227.13  244.25 0.36973D+15  2.603    2.470    2.025   -8.826   16.279   19.34   26.04  142.74
  148.12  175.45 0.19001D-09  1  0  0.16159  226.03  243.89 0.38375D+15  2.615    2.444    2.002   -9.173   15.999   19.50   26.55  143.04
  148.44  175.82 0.18964D-09  1  0  0.16602  224.86  243.53 0.39895D+15  2.628    2.417    1.979   -9.530   15.710   19.67   27.09  143.33
  148.76  176.19 0.18927D-09  1  0  0.17070  223.61  243.15 0.41548D+15  2.643    2.388    1.954   -9.896   15.414   19.84   27.68  143.61
  149.09  176.54 0.18890D-09  1  0  0.17565  222.28  242.76 0.43345D+15  2.658    2.358    1.929  -10.273   15.109   20.02   28.31  143.88
  149.41  176.90 0.18853D-09  1  0  0.18090  220.85  242.35 0.45302D+15  2.674    2.326    1.902  -10.659   14.797   20.20   29.00  144.15
  149.73  177.24 0.18817D-09  1  0  0.18646  219.33  241.93 0.47435D+15  2.692    2.292    1.873  -11.056   14.477   20.38   29.74  144.39
  150.05  180.84 0.18780D-09  0  0  0.19237  217.68  241.50 0.49761D+15  2.712    2.256    1.843  -11.166   14.391  150.05  150.05  150.05
  150.37  181.23 0.18744D-09  0  0  0.19867  215.91  241.05 0.52297D+15  2.733    2.218    1.811  -11.209   14.360  150.37  150.37  150.37
  150.70  181.62 0.18708D-09  0  0  0.20539  214.00  240.59 0.55059D+15  2.757    2.177    1.777  -11.253   14.328  150.70  150.70  150.70
  151.02  182.00 0.18672D-09  0  0  0.21258  211.92  240.12 0.58062D+15  2.783    2.133    1.740  -11.301   14.293  151.02  151.02  151.02
  151.34  182.39 0.18636D-09  0  0  0.22029  209.66  239.64 0.61317D+15  2.812    2.086    1.701  -11.352   14.256  151.34  151.34  151.34
  151.66  182.78 0.18601D-09  0  0  0.22857  207.19  239.15 0.64826D+15  2.844    2.035    1.659  -11.407   14.215  151.66  151.66  151.66
  151.98  183.17 0.18565D-09  0  0  0.23749  204.48  238.66 0.68578D+15  2.880    1.980    1.613  -11.466   14.172  151.98  151.98  151.98
  152.31  183.56 0.18530D-09  0  0  0.24714  201.50  238.17 0.72539D+15  2.921    1.920    1.564  -11.530   14.124  152.31  152.31  152.31
  152.63  183.94 0.18495D-09  0  0  0.25760  198.21  237.69 0.76638D+15  2.968    1.854    1.509  -11.600   14.071  152.63  152.63  152.63
  152.95  184.33 0.18460D-09  0  0  0.26897  194.55  237.24 0.80749D+15  3.022    1.782    1.450  -11.676   14.013  152.95  152.95  152.95
  153.27  184.72 0.18425D-09  0  0  0.28139  190.46  236.83 0.84659D+15  3.085    1.702    1.384  -11.760   13.949  153.27  153.27  153.27
  153.59  185.11 0.18390D-09  0  0  0.29501  185.87  236.48 0.88024D+15  3.158    1.612    1.311  -11.854   13.878  153.59  153.59  153.59
  153.92  185.50 0.18356D-09  0  0  0.31000  180.68  236.23 0.90313D+15  3.246    1.512    1.229  -11.958   13.797  153.92  153.92  153.92
  154.24  185.89 0.18321D-09  0  0  0.32100  176.79  236.16 0.90698D+15  3.315    1.436    1.167  -12.038   13.737  154.24  154.24  154.24
  154.56  186.27 0.18287D-09  0  0  0.32100  176.79  236.15 0.90192D+15  3.315    1.434    1.164  -12.044   13.736  154.56  154.56  154.56
  154.88  186.66 0.18253D-09  0  0  0.32100  176.80  236.15 0.89690D+15  3.315    1.431    1.161  -12.051   13.736  154.88  154.88  154.88
  155.20  187.05 0.18219D-09  0  0  0.32100  176.81  236.15 0.89191D+15  3.315    1.429    1.159  -12.057   13.735  155.20  155.20  155.20
  155.53  187.44 0.18185D-09  0  0  0.32100  176.81  236.15 0.88694D+15  3.315    1.426    1.156  -12.064   13.734  155.53  155.53  155.53
  155.85  187.83 0.18151D-09  0  0  0.32100  176.82  236.15 0.88201D+15  3.315    1.424    1.154  -12.070   13.733  155.85  155.85  155.85
  156.17  188.21 0.18118D-09  0  0  0.32100  176.82  236.14 0.87711D+15  3.315    1.421    1.151  -12.077   13.732  156.17  156.17  156.17
  156.49  188.60 0.18084D-09  0  0  0.32100  176.83  236.14 0.87223D+15  3.315    1.419    1.148  -12.083   13.732  156.49  156.49  156.49
  156.81  188.99 0.18051D-09  0  0  0.32100  176.83  236.14 0.86739D+15  3.315    1.416    1.146  -12.090   13.731  156.81  156.81  156.81
  157.14  189.38 0.18018D-09  0  0  0.32100  176.84  236.13 0.86258D+15  3.315    1.414    1.143  -12.096   13.730  157.14  157.14  157.14
  157.46  189.77 0.17985D-09  0  0  0.32100  176.85  236.13 0.85779D+15  3.315    1.411    1.141  -12.102   13.729  157.46  157.46  157.46
  157.78  190.15 0.17952D-09  0  0  0.32100  176.85  236.13 0.85304D+15  3.315    1.409    1.138  -12.109   13.729  157.78  157.78  157.78
  158.10  190.54 0.17919D-09  0  0  0.32100  176.86  236.13 0.84831D+15  3.315    1.406    1.136  -12.115   13.728  158.10  158.10  158.10
  158.42  190.93 0.17887D-09  0  0  0.32100  176.86  236.12 0.84361D+15  3.314    1.404    1.133  -12.122   13.727  158.42  158.42  158.42
  158.75  191.32 0.17854D-09  0  0  0.32100  176.87  236.12 0.83894D+15  3.314    1.402    1.131  -12.128   13.727  158.75  158.75  158.75
  159.07  191.71 0.17822D-09  0  0  0.32100  176.88  236.11 0.83430D+15  3.314    1.399    1.129  -12.135   13.726  159.07  159.07  159.07
  159.39  192.09 0.17790D-09  0  0  0.32100  176.88  236.11 0.82969D+15  3.314    1.397    1.126  -12.141   13.725  159.39  159.39  159.39
  159.71  192.48 0.17758D-09  0  0  0.32100  176.89  236.11 0.82510D+15  3.314    1.394    1.124  -12.147   13.725  159.71  159.71  159.71
  160.03  192.87 0.17726D-09  0  0  0.32100  176.89  236.10 0.82055D+15  3.314    1.392    1.121  -12.154   13.724  160.03  160.03  160.03
  160.36  193.26 0.17694D-09  0  0  0.32100  176.90  236.10 0.81602D+15  3.314    1.390    1.119  -12.160   13.723  160.36  160.36  160.36
  160.68  193.65 0.17662D-09  0  0  0.32100  176.90  236.09 0.81151D+15  3.314    1.387    1.116  -12.166   13.723  160.68  160.68  160.68
  161.00  194.03 0.17630D-09  0  0  0.32100  176.91  236.09 0.80703D+15  3.314    1.385    1.114  -12.173   13.722  161.00  161.00  161.00
