R_tot = 1561.0 R_core =  1400.0  Tsurf =   100.00  g =  1.310
   zbot    P(MPa) Hint     conv melt pCLA   Tbot     Tm     etam        k   Fcond_bot Fcond_top   Fbot     Ftop    dlid z_topTBL z_botTBL
    0.00   -0.00 0.11024D-05  0  0  0.00000  273.16  261.50 0.32462D+15  2.168    0.000    0.000    0.000    0.000    0.00    0.00    0.00
    0.32    0.39 0.11026D-06  0  0  0.00000  273.13  265.27 0.21873D+15  2.168 1398.234 1397.657 1381.901 1413.988    0.32    0.32    0.32
    0.64    0.77 0.55143D-07  0  0  0.00000  273.10  265.88 0.20489D+15  2.168  699.141  698.564  682.803  714.897    0.64    0.64    0.64
    0.97    1.16 0.36770D-07  0  0  0.00000  273.07  266.27 0.19635D+15  2.168  466.110  465.533  449.767  481.868    0.97    0.97    0.97
    1.29    1.55 0.27583D-07  0  0  0.00000  273.04  266.56 0.19012D+15  2.169  349.594  349.017  333.247  365.355    1.29    1.29    1.29
    1.61    1.94 0.22071D-07  0  0  0.00000  273.01  266.79 0.18520D+15  2.169  279.685  279.108  263.333  295.448    1.61    1.61    1.61
    1.93    2.33 0.18396D-07  0  0  0.00000  272.98  266.98 0.18112D+15  2.169  233.078  232.502  216.722  248.844    1.93    1.93    1.93
    2.25    2.71 0.15771D-07  0  0  0.00000  272.95  267.14 0.17763D+15  2.169  199.788  199.211  183.428  215.556    2.25    2.25    2.25
    2.58    3.10 0.13803D-07  0  0  0.00000  272.92  267.28 0.17458D+15  2.170  174.820  174.244  158.455  190.591    2.58    2.58    2.58
    2.90    3.49 0.12272D-07  0  0  0.00000  272.89  267.41 0.17187D+15  2.170  155.401  154.824  139.032  171.173    2.90    2.90    2.90
    3.22    3.88 0.11047D-07  0  0  0.00000  272.86  267.52 0.16944D+15  2.170  139.865  139.289  123.492  155.640    3.22    3.22    3.22
    3.54    4.27 0.10045D-07  0  0  0.00000  272.83  267.62 0.16722D+15  2.170  127.155  126.578  110.776  142.932    3.54    3.54    3.54
    3.86    4.65 0.92095D-08  0  0  0.00000  272.80  267.72 0.16519D+15  2.171  116.562  115.986  100.179  132.342    3.86    3.86    3.86
    4.19    5.04 0.85028D-08  0  0  0.00000  272.77  267.80 0.16331D+15  2.171  107.599  107.023   91.212  123.381    4.19    4.19    4.19
    4.51    5.43 0.78971D-08  0  0  0.00000  272.74  267.88 0.16157D+15  2.171   99.917   99.341   83.525  115.701    4.51    4.51    4.51
    4.83    5.82 0.73721D-08  0  0  0.00000  272.71  267.95 0.15994D+15  2.171   93.259   92.683   76.862  109.045    4.83    4.83    4.83
    5.15    6.21 0.69128D-08  0  0  0.00000  272.68  268.02 0.15841D+15  2.172   87.433   86.857   71.032  103.221    5.15    5.15    5.15
    5.47    6.59 0.65075D-08  0  0  0.00000  272.65  268.08 0.15697D+15  2.172   82.292   81.716   65.887   98.083    5.47    5.47    5.47
    5.80    6.98 0.61473D-08  0  0  0.00000  272.62  268.14 0.15561D+15  2.172   77.723   77.147   61.313   93.516    5.80    5.80    5.80
    6.12    7.37 0.58249D-08  0  0  0.00000  272.59  268.19 0.15432D+15  2.172   73.635   73.059   57.220   89.430    6.12    6.12    6.12
    6.44    7.76 0.55348D-08  0  0  0.00000  272.56  268.24 0.15309D+15  2.173   69.955   69.379   53.536   85.753    6.44    6.44    6.44
    6.76    8.15 0.52723D-08  0  0  0.00000  272.53  268.29 0.15192D+15  2.173   66.626   66.050   50.203   82.426    6.76    6.76    6.76
    7.08    8.54 0.50337D-08  0  0  0.00000  272.50  268.33 0.15080D+15  2.173   63.600   63.024   47.171   79.402    7.08    7.08    7.08
    7.41    8.92 0.48159D-08  0  0  0.00000  272.47  268.37 0.14973D+15  2.173   60.836   60.260   44.404   76.641    7.41    7.41    7.41
    7.73    9.31 0.46162D-08  0  0  0.00000  272.44  268.41 0.14870D+15  2.174   58.303   57.727   41.866   74.110    7.73    7.73    7.73
    8.05    9.70 0.44324D-08  0  0  0.00000  272.41  268.45 0.14772D+15  2.174   55.973   55.397   39.531   71.782    8.05    8.05    8.05
    8.37   10.09 0.42628D-08  0  0  0.00000  272.38  268.49 0.14677D+15  2.174   53.822   53.246   37.375   69.633    8.37    8.37    8.37
    8.69   10.48 0.41058D-08  0  0  0.00000  272.35  268.52 0.14585D+15  2.174   51.830   51.254   35.379   67.644    8.69    8.69    8.69
    9.02   10.86 0.39600D-08  0  0  0.00000  272.32  268.55 0.14497D+15  2.175   49.980   49.405   33.525   65.796    9.02    9.02    9.02
    9.34   11.25 0.38242D-08  0  0  0.00000  272.28  268.58 0.14411D+15  2.175   48.258   47.683   31.798   64.077    9.34    9.34    9.34
    9.66   11.64 0.36975D-08  0  0  0.00000  272.25  268.61 0.14329D+15  2.175   46.651   46.075   30.187   62.472    9.66    9.66    9.66
    9.98   12.03 0.35790D-08  0  0  0.00000  272.22  268.63 0.14249D+15  2.176   45.148   44.572   28.679   60.971    9.98    9.98    9.98
   10.30   12.42 0.34679D-08  0  0  0.00000  272.19  268.66 0.14171D+15  2.176   43.738   43.162   27.264   59.563   10.30   10.30   10.30
   10.63   12.80 0.33635D-08  0  0  0.00000  272.16  268.68 0.14096D+15  2.176   42.414   41.838   25.936   58.241   10.63   10.63   10.63
   10.95   13.19 0.32652D-08  0  0  0.00000  272.13  268.70 0.14023D+15  2.176   41.168   40.592   24.685   56.998   10.95   10.95   10.95
   11.27   13.58 0.31726D-08  0  0  0.00000  272.10  268.72 0.13951D+15  2.177   39.993   39.417   23.505   55.825   11.27   11.27   11.27
   11.59   13.97 0.30851D-08  0  0  0.00000  272.07  268.74 0.13882D+15  2.177   38.883   38.307   22.391   54.717   11.59   11.59   11.59
   11.91   14.36 0.30023D-08  0  0  0.00000  272.04  268.76 0.13815D+15  2.177   37.833   37.258   21.337   53.670   11.91   11.91   11.91
   12.24   14.74 0.29239D-08  0  0  0.00000  272.01  268.78 0.13749D+15  2.177   36.838   36.263   20.338   52.678   12.24   12.24   12.24
   12.56   15.13 0.28495D-08  0  0  0.00000  271.98  268.80 0.13685D+15  2.178   35.895   35.320   19.389   51.736   12.56   12.56   12.56
   12.88   15.52 0.27789D-08  0  0  0.00000  271.95  268.81 0.13622D+15  2.178   34.998   34.423   18.489   50.842   12.88   12.88   12.88
   13.20   15.91 0.27117D-08  0  0  0.00000  271.92  268.83 0.13561D+15  2.178   34.146   33.571   17.631   49.992   13.20   13.20   13.20
   13.52   16.30 0.26476D-08  0  0  0.00000  271.88  268.84 0.13502D+15  2.178   33.334   32.759   16.815   49.182   13.52   13.52   13.52
   13.85   16.68 0.25866D-08  0  0  0.00000  271.85  268.85 0.13443D+15  2.179   32.559   31.984   16.036   48.410   13.85   13.85   13.85
   14.17   17.07 0.25283D-08  0  0  0.00000  271.82  268.87 0.13386D+15  2.179   31.820   31.245   15.292   47.673   14.17   14.17   14.17
   14.49   17.46 0.24727D-08  0  0  0.00000  271.79  268.88 0.13330D+15  2.179   31.114   30.539   14.581   46.969   14.49   14.49   14.49
   14.81   17.85 0.24194D-08  0  0  0.00000  271.76  268.89 0.13276D+15  2.180   30.439   29.864   13.901   46.296   14.81   14.81   14.81
   15.13   18.24 0.23684D-08  0  0  0.00000  271.73  268.90 0.13222D+15  2.180   29.792   29.217   13.250   45.652   15.13   15.13   15.13
   15.46   18.63 0.23196D-08  0  0  0.00000  271.70  268.91 0.13170D+15  2.180   29.172   28.597   12.625   45.034   15.46   15.46   15.46
   15.78   19.01 0.22727D-08  0  0  0.00000  271.67  268.92 0.13118D+15  2.180   28.577   28.003   12.026   44.442   15.78   15.78   15.78
   16.10   19.40 0.22277D-08  0  0  0.00000  271.64  268.93 0.13068D+15  2.181   28.007   27.432   11.451   43.873   16.10   16.10   16.10
   16.42   19.79 0.21845D-08  0  0  0.00000  271.61  268.93 0.13018D+15  2.181   27.458   26.883   10.898   43.327   16.42   16.42   16.42
   16.74   19.79 0.21429D-08  1  0  0.00000  271.57  268.94 0.12969D+15  2.181   26.931   26.356   10.570   43.002   10.04   14.45   16.10
   17.07   20.18 0.21029D-08  1  0  0.00000  271.54  268.95 0.12921D+15  2.181   26.423   25.849   10.462   42.892   10.06   14.38   16.42
   17.39   20.57 0.20644D-08  1  0  0.00000  271.51  268.95 0.12874D+15  2.182   25.935   25.360   10.356   42.784   10.08   14.31   16.75
   17.71   20.96 0.20273D-08  1  0  0.00000  271.48  268.96 0.12828D+15  2.182   25.464   24.889   10.252   42.679   10.10   14.25   17.07
   18.03   21.35 0.19915D-08  1  0  0.00000  271.45  268.96 0.12783D+15  2.182   25.010   24.435   10.151   42.575   10.12   14.19   17.40
   18.35   21.74 0.19570D-08  1  0  0.00000  271.42  268.97 0.12738D+15  2.182   24.572   23.997   10.051   42.474   10.14   14.14   17.72
   18.68   22.13 0.19236D-08  1  0  0.00000  271.39  268.97 0.12694D+15  2.183   24.149   23.574    9.954   42.375   10.16   14.09   18.04
   19.00   22.52 0.18914D-08  1  0  0.00000  271.35  268.97 0.12651D+15  2.183   23.740   23.166    9.858   42.277   10.18   14.04   18.37
   19.32   22.91 0.18603D-08  1  0  0.00000  271.32  268.98 0.12609D+15  2.183   23.345   22.771    9.764   42.182   10.20   13.99   18.70
   19.64   23.30 0.18302D-08  1  0  0.00000  271.29  268.98 0.12567D+15  2.184   22.963   22.388    9.672   42.088   10.22   13.95   19.02
   19.96   23.69 0.18010D-08  1  0  0.00000  271.26  268.98 0.12526D+15  2.184   22.593   22.019    9.582   41.996   10.24   13.91   19.35
   20.29   24.08 0.17728D-08  1  0  0.00000  271.23  268.98 0.12485D+15  2.184   22.235   21.661    9.493   41.905   10.26   13.87   19.67
   20.61   24.47 0.17454D-08  1  0  0.00000  271.20  268.98 0.12445D+15  2.184   21.888   21.314    9.405   41.816   10.27   13.84   20.00
   20.93   24.86 0.17190D-08  1  0  0.00000  271.17  268.99 0.12406D+15  2.185   21.552   20.978    9.320   41.729   10.29   13.80   20.32
   21.25   25.25 0.16933D-08  1  0  0.00000  271.13  268.99 0.12367D+15  2.185   21.226   20.652    9.235   41.643   10.31   13.77   20.65
   21.57   25.64 0.16683D-08  1  0  0.00000  271.10  268.99 0.12328D+15  2.185   20.909   20.335    9.152   41.559   10.33   13.74   20.97
   21.90   26.03 0.16441D-08  1  0  0.00000  271.07  268.99 0.12291D+15  2.185   20.602   20.029    9.071   41.476   10.34   13.71   21.30
   22.22   26.42 0.16206D-08  1  0  0.00000  271.04  268.98 0.12253D+15  2.186   20.304   19.730    8.990   41.394   10.36   13.69   21.62
   22.54   26.81 0.15978D-08  1  0  0.00000  271.01  268.98 0.12216D+15  2.186   20.015   19.441    8.911   41.313   10.38   13.66   21.95
   22.86   27.20 0.15756D-08  1  0  0.00000  270.98  268.98 0.12180D+15  2.186   19.733   19.160    8.834   41.234   10.39   13.64   22.28
   23.18   27.59 0.15541D-08  1  0  0.00000  270.94  268.98 0.12144D+15  2.187   19.460   18.886    8.757   41.156   10.41   13.61   22.60
   23.51   27.98 0.15331D-08  1  0  0.00000  270.91  268.98 0.12109D+15  2.187   19.194   18.620    8.682   41.080   10.42   13.59   22.93
   23.83   28.37 0.15127D-08  1  0  0.00000  270.88  268.98 0.12074D+15  2.187   18.935   18.361    8.607   41.004   10.44   13.57   23.25
   24.15   28.76 0.14928D-08  1  0  0.00000  270.85  268.97 0.12039D+15  2.187   18.683   18.109    8.534   40.930   10.45   13.55   23.58
   24.47   29.15 0.14735D-08  1  0  0.00000  270.82  268.97 0.12005D+15  2.188   18.437   17.864    8.462   40.856   10.47   13.54   23.90
   24.79   29.54 0.14547D-08  1  0  0.00000  270.78  268.97 0.11971D+15  2.188   18.198   17.625    8.391   40.784   10.48   13.52   24.23
   25.12   29.93 0.14363D-08  1  0  0.00000  270.75  268.96 0.11938D+15  2.188   17.965   17.392    8.321   40.713   10.50   13.50   24.56
   25.44   30.32 0.14184D-08  1  0  0.00000  270.72  268.96 0.11905D+15  2.188   17.738   17.165    8.251   40.642   10.51   13.49   24.88
   25.76   30.71 0.14010D-08  1  0  0.00000  270.69  268.96 0.11873D+15  2.189   17.517   16.944    8.183   40.573   10.52   13.47   25.21
   26.08   31.10 0.13840D-08  1  0  0.00000  270.66  268.95 0.11840D+15  2.189   17.301   16.728    8.116   40.504   10.54   13.46   25.54
   26.40   31.50 0.13674D-08  1  0  0.00000  270.62  268.95 0.11809D+15  2.189   17.090   16.517    8.049   40.437   10.55   13.44   25.86
   26.73   31.89 0.13512D-08  1  0  0.00000  270.59  268.94 0.11777D+15  2.190   16.885   16.312    7.984   40.370   10.56   13.43   26.19
   27.05   32.28 0.13354D-08  1  0  0.00000  270.56  268.94 0.11746D+15  2.190   16.684   16.111    7.919   40.305   10.58   13.42   26.51
   27.37   32.67 0.13200D-08  1  0  0.00000  270.53  268.93 0.11715D+15  2.190   16.488   15.915    7.855   40.240   10.59   13.41   26.84
   27.69   33.06 0.13049D-08  1  0  0.00000  270.50  268.92 0.11685D+15  2.190   16.297   15.724    7.792   40.176   10.60   13.40   27.17
   28.01   33.45 0.12901D-08  1  0  0.00000  270.46  268.92 0.11655D+15  2.191   16.110   15.537    7.730   40.112   10.61   13.39   27.49
   28.34   33.84 0.12757D-08  1  0  0.00000  270.43  268.91 0.11625D+15  2.191   15.927   15.354    7.668   40.050   10.63   13.38   27.82
   28.66   34.23 0.12617D-08  1  0  0.00000  270.40  268.91 0.11595D+15  2.191   15.749   15.176    7.607   39.988   10.64   13.37   28.15
   28.98   34.62 0.12479D-08  1  0  0.00000  270.37  268.90 0.11566D+15  2.192   15.574   15.001    7.547   39.927   10.65   13.36   28.47
   29.30   35.01 0.12345D-08  1  0  0.00000  270.33  268.89 0.11537D+15  2.192   15.403   14.830    7.488   39.867   10.66   13.35   28.80
   29.62   35.40 0.12213D-08  1  0  0.00000  270.30  268.89 0.11508D+15  2.192   15.236   14.663    7.429   39.807   10.67   13.34   29.13
   29.95   35.80 0.12084D-08  1  0  0.00000  270.27  268.88 0.11480D+15  2.192   15.072   14.500    7.371   39.748   10.69   13.33   29.46
   30.27   36.19 0.11958D-08  1  0  0.00000  270.24  268.87 0.11452D+15  2.193   14.912   14.340    7.314   39.690   10.70   13.33   29.78
   30.59   36.58 0.11835D-08  1  0  0.00000  270.20  268.86 0.11424D+15  2.193   14.756   14.183    7.257   39.633   10.71   13.32   30.11
   30.91   36.97 0.11714D-08  1  0  0.00000  270.17  268.85 0.11397D+15  2.193   14.602   14.030    7.201   39.576   10.72   13.31   30.44
   31.23   37.36 0.11595D-08  1  0  0.00000  270.14  268.85 0.11369D+15  2.193   14.452   13.879    7.145   39.520   10.73   13.31   30.76
   31.56   37.75 0.11480D-08  1  0  0.00000  270.11  268.84 0.11342D+15  2.194   14.305   13.732    7.090   39.464   10.74   13.30   31.09
   31.88   38.14 0.11366D-08  1  0  0.00000  270.07  268.83 0.11315D+15  2.194   14.161   13.588    7.036   39.409   10.75   13.30   31.42
   32.20   38.53 0.11255D-08  1  0  0.00000  270.04  268.82 0.11289D+15  2.194   14.019   13.447    6.982   39.355   10.76   13.29   31.75
   32.52   38.92 0.11145D-08  1  0  0.00000  270.01  268.81 0.11262D+15  2.195   13.881   13.308    6.929   39.301   10.77   13.29   32.07
   32.84   39.32 0.11039D-08  1  0  0.00000  269.98  268.80 0.11236D+15  2.195   13.745   13.173    6.876   39.247   10.78   13.28   32.40
   33.17   39.71 0.10934D-08  1  0  0.00000  269.94  268.79 0.11210D+15  2.195   13.612   13.039    6.824   39.195   10.79   13.28   32.73
   33.49   40.10 0.10831D-08  1  0  0.00000  269.91  268.78 0.11185D+15  2.195   13.481   12.909    6.772   39.142   10.80   13.28   33.06
   33.81   40.49 0.10730D-08  1  0  0.00000  269.88  268.77 0.11159D+15  2.196   13.353   12.781    6.721   39.091   10.81   13.27   33.38
   34.13   40.88 0.10631D-08  1  0  0.00000  269.84  268.76 0.11134D+15  2.196   13.227   12.655    6.670   39.040   10.82   13.27   33.71
   34.45   41.27 0.10534D-08  1  0  0.00000  269.81  268.75 0.11109D+15  2.196   13.104   12.532    6.620   38.989   10.83   13.27   34.04
   34.78   41.67 0.10438D-08  1  0  0.00000  269.78  268.74 0.11084D+15  2.197   12.983   12.411    6.571   38.939   10.84   13.26   34.37
   35.10   42.06 0.10345D-08  1  0  0.00000  269.75  268.73 0.11059D+15  2.197   12.864   12.292    6.521   38.889   10.85   13.26   34.69
   35.42   42.45 0.10253D-08  1  0  0.00000  269.71  268.72 0.11035D+15  2.197   12.747   12.175    6.473   38.840   10.86   13.26   35.02
   35.74   42.84 0.10162D-08  1  0  0.00000  269.68  268.71 0.11011D+15  2.197   12.632   12.060    6.424   38.791   10.87   13.26   35.35
   36.06   43.23 0.10074D-08  1  0  0.00000  269.65  268.70 0.10987D+15  2.198   12.520   11.948    6.376   38.743   10.88   13.25   35.68
   36.39   43.62 0.99868D-09  1  0  0.00000  269.61  268.69 0.10963D+15  2.198   12.409   11.837    6.329   38.695   10.89   13.25   36.01
   36.71   44.02 0.99012D-09  1  0  0.00000  269.58  268.68 0.10939D+15  2.198   12.301   11.729    6.282   38.648   10.90   13.25   36.33
   37.03   44.41 0.98172D-09  1  0  0.00000  269.55  268.67 0.10916D+15  2.199   12.194   11.622    6.235   38.601   10.91   13.25   36.66
   37.35   44.80 0.97346D-09  1  0  0.00000  269.51  268.66 0.10892D+15  2.199   12.089   11.517    6.189   38.554   10.91   13.25   36.99
   37.67   45.19 0.96534D-09  1  0  0.00000  269.48  268.64 0.10869D+15  2.199   11.986   11.414    6.143   38.508   10.92   13.25   37.32
   38.00   45.58 0.95735D-09  1  0  0.00000  269.45  268.63 0.10846D+15  2.200   11.884   11.313    6.098   38.462   10.93   13.24   37.65
   38.32   45.98 0.94951D-09  1  0  0.00000  269.41  268.62 0.10823D+15  2.200   11.785   11.213    6.053   38.417   10.94   13.24   37.98
   38.64   46.37 0.94179D-09  1  0  0.00000  269.38  268.61 0.10801D+15  2.200   11.687   11.115    6.008   38.372   10.95   13.24   38.31
   38.96   46.76 0.93420D-09  1  0  0.00000  269.35  268.60 0.10778D+15  2.200   11.590   11.019    5.964   38.328   10.96   13.24   38.63
   39.28   47.15 0.92674D-09  1  0  0.00000  269.31  268.58 0.10756D+15  2.201   11.495   10.924    5.920   38.283   10.97   13.24   38.96
   39.61   47.54 0.91939D-09  1  0  0.00000  269.28  268.57 0.10734D+15  2.201   11.402   10.831    5.876   38.240   10.97   13.24   39.29
   39.93   47.94 0.91217D-09  1  0  0.00000  269.25  268.56 0.10712D+15  2.201   11.310   10.739    5.833   38.196   10.98   13.24   39.62
   40.25   48.33 0.90506D-09  1  0  0.00000  269.21  268.55 0.10690D+15  2.202   11.220   10.649    5.790   38.153   10.99   13.24   39.95
   40.57   48.72 0.89806D-09  1  0  0.00000  269.18  268.53 0.10668D+15  2.202   11.131   10.560    5.748   38.110   11.00   13.24   40.28
   40.89   49.11 0.89118D-09  1  0  0.00000  269.15  268.52 0.10647D+15  2.202   11.044   10.472    5.705   38.068   11.00   13.24   40.61
   41.22   49.51 0.88440D-09  1  0  0.00000  269.11  268.51 0.10625D+15  2.202   10.957   10.386    5.664   38.026   11.01   13.24   40.94
   41.54   49.90 0.87773D-09  1  0  0.00000  269.08  268.49 0.10604D+15  2.203   10.873   10.302    5.622   37.984   11.02   13.24   41.27
   41.86   50.29 0.87115D-09  1  0  0.00000  269.05  268.48 0.10583D+15  2.203   10.789   10.218    5.581   37.943   11.03   13.24   41.60
   42.18   50.68 0.86468D-09  1  0  0.00000  269.01  268.47 0.10562D+15  2.203   10.707   10.136    5.540   37.902   11.03   13.24   41.93
   42.50   51.08 0.85831D-09  1  0  0.00000  268.98  268.45 0.10541D+15  2.204   10.626   10.055    5.499   37.861   11.04   13.24   42.25
   42.83   51.47 0.85204D-09  1  0  0.00000  268.95  268.44 0.10520D+15  2.204   10.546    9.975    5.459   37.821   11.05   13.24   42.58
   43.15   51.86 0.84585D-09  1  0  0.00000  268.91  268.42 0.10499D+15  2.204   10.468    9.897    5.418   37.781   11.06   13.24   42.91
   43.47   52.25 0.83976D-09  1  0  0.00000  268.88  268.41 0.10479D+15  2.204   10.390    9.820    5.379   37.741   11.06   13.25   43.24
   43.79   52.65 0.83376D-09  1  0  0.00000  268.84  268.40 0.10459D+15  2.205   10.314    9.743    5.339   37.701   11.07   13.25   43.57
   44.11   53.04 0.82785D-09  1  0  0.00000  268.81  268.38 0.10438D+15  2.205   10.239    9.668    5.300   37.662   11.08   13.25   43.90
   44.44   53.43 0.82202D-09  1  0  0.00000  268.78  268.37 0.10418D+15  2.205   10.165    9.594    5.261   37.623   11.08   13.25   44.23
   44.76   53.83 0.81628D-09  1  0  0.00000  268.74  268.35 0.10398D+15  2.206   10.092    9.521    5.222   37.585   11.09   13.25   44.56
   45.08   54.22 0.81062D-09  1  0  0.00000  268.71  268.34 0.10378D+15  2.206   10.020    9.449    5.184   37.546   11.10   13.25   44.89
   45.40   54.61 0.80503D-09  1  0  0.00000  268.67  268.32 0.10359D+15  2.206    9.949    9.378    5.145   37.508   11.10   13.25   45.22
   45.72   55.00 0.79953D-09  1  0  0.00000  268.64  268.31 0.10339D+15  2.207    9.879    9.308    5.108   37.470   11.11   13.25   45.55
   46.05   55.40 0.79411D-09  1  0  0.00000  268.61  268.29 0.10320D+15  2.207    9.810    9.240    5.070   37.433   11.12   13.26   45.88
   46.37   55.79 0.78876D-09  1  0  0.00000  268.57  268.28 0.10300D+15  2.207    9.742    9.172    5.032   37.395   11.12   13.26   46.22
   46.69   56.18 0.78348D-09  1  0  0.00000  268.54  268.26 0.10281D+15  2.207    9.675    9.105    4.995   37.358   11.13   13.26   46.55
   47.01   56.58 0.77827D-09  1  0  0.00000  268.50  268.25 0.10262D+15  2.208    9.608    9.038    4.958   37.322   11.14   13.26   46.88
   47.33   56.97 0.77314D-09  1  0  0.00000  268.47  268.23 0.10243D+15  2.208    9.543    8.973    4.921   37.285   11.14   13.26   47.21
   47.66   57.36 0.76808D-09  1  0  0.00000  268.43  268.21 0.10224D+15  2.208    9.479    8.909    4.885   37.249   11.15   13.26   47.54
   47.98   57.76 0.76308D-09  1  0  0.00000  268.40  268.20 0.10205D+15  2.209    9.415    8.845    4.849   37.213   11.16   13.27   47.87
   48.30   58.15 0.75815D-09  1  0  0.00000  268.37  268.18 0.10186D+15  2.209    9.353    8.783    4.813   37.177   11.16   13.27   48.20
   48.62   58.54 0.75329D-09  1  0  0.00000  268.33  268.17 0.10168D+15  2.209    9.291    8.721    4.777   37.141   11.17   13.27   48.53
   48.94   58.94 0.74849D-09  1  0  0.00000  268.30  268.15 0.10149D+15  2.210    9.230    8.660    4.741   37.106   11.17   13.27   48.86
   49.27   59.33 0.74375D-09  1  0  0.00000  268.26  268.13 0.10131D+15  2.210    9.169    8.600    4.706   37.071   11.18   13.27   49.19
   49.59   59.73 0.73908D-09  1  0  0.00000  268.23  268.12 0.10112D+15  2.210    9.110    8.540    4.670   37.036   11.19   13.28   49.53
   49.91   60.12 0.73446D-09  1  0  0.00000  268.19  268.10 0.10094D+15  2.210    9.051    8.482    4.635   37.001   11.19   13.28   49.86
   50.23   60.51 0.72990D-09  1  0  0.00000  268.16  268.08 0.10076D+15  2.211    8.993    8.424    4.601   36.967   11.20   13.28   50.19
   50.55   60.91 0.72541D-09  1  0  0.00000  268.13  268.07 0.10058D+15  2.211    8.936    8.367    4.566   36.933   11.20   13.28   50.52
   50.88   61.30 0.72097D-09  1  0  0.00000  268.09  268.05 0.10040D+15  2.211    8.880    8.310    4.532   36.899   11.21   13.28   50.85
   51.20   61.70 0.71658D-09  1  0  0.00000  268.06  268.03 0.10022D+15  2.212    8.824    8.255    4.497   36.865   11.21   13.29   51.19
   51.52   62.09 0.71225D-09  1  0  0.00000  268.02  268.02 0.10004D+15  2.212    8.769    8.199    4.463   36.831   11.22   13.29   51.52
   51.84   62.48 0.70797D-09  1  0  0.00000  267.99  268.00 0.99866D+14  2.212    8.714    8.145    4.429   36.798   11.22   13.29   51.84
   52.16   62.87 0.70375D-09  1  0  0.00000  267.95  267.98 0.99690D+14  2.213    8.661    8.091    4.396   36.765   11.23   13.29   52.16
   52.49   63.26 0.69958D-09  1  0  0.00000  267.92  267.97 0.99515D+14  2.213    8.608    8.038    4.362   36.732   11.24   13.30   52.49
   52.81   63.64 0.69546D-09  1  0  0.00000  267.88  267.95 0.99341D+14  2.213    8.555    7.986    4.329   36.699   11.24   13.30   52.81
   53.13   64.03 0.69139D-09  1  0  0.00000  267.85  267.93 0.99167D+14  2.213    8.503    7.934    4.296   36.666   11.25   13.30   53.13
   53.45   64.42 0.68737D-09  1  0  0.00000  267.81  267.91 0.98995D+14  2.214    8.452    7.883    4.263   36.634   11.25   13.30   53.45
   53.77   64.81 0.68339D-09  1  0  0.00000  267.78  267.90 0.98823D+14  2.214    8.402    7.833    4.230   36.601   11.26   13.31   53.77
   54.10   65.20 0.67947D-09  1  0  0.00000  267.74  267.88 0.98652D+14  2.214    8.352    7.783    4.198   36.569   11.26   13.31   54.10
   54.42   65.58 0.67559D-09  1  0  0.00000  267.71  267.86 0.98482D+14  2.215    8.302    7.733    4.165   36.538   11.27   13.31   54.42
   54.74   65.97 0.67175D-09  1  0  0.00000  267.67  267.84 0.98313D+14  2.215    8.253    7.685    4.133   36.506   11.27   13.31   54.74
   55.06   66.36 0.66796D-09  1  0  0.00000  267.64  267.82 0.98145D+14  2.215    8.205    7.637    4.101   36.474   11.28   13.32   55.06
   55.38   66.75 0.66422D-09  1  0  0.00000  267.60  267.81 0.97977D+14  2.216    8.158    7.589    4.069   36.443   11.28   13.32   55.38
   55.71   67.14 0.66052D-09  1  0  0.00000  267.57  267.79 0.97811D+14  2.216    8.110    7.542    4.037   36.412   11.29   13.32   55.71
   56.03   67.52 0.65686D-09  1  0  0.00000  267.53  267.77 0.97644D+14  2.216    8.064    7.495    4.006   36.381   11.29   13.32   56.03
   56.35   67.91 0.65324D-09  1  0  0.00000  267.50  267.75 0.97479D+14  2.217    8.018    7.449    3.974   36.350   11.30   13.33   56.35
   56.67   68.30 0.64967D-09  1  0  0.00000  267.46  267.73 0.97315D+14  2.217    7.972    7.404    3.943   36.319   11.30   13.33   56.67
   56.99   68.69 0.64613D-09  1  0  0.00000  267.43  267.71 0.97151D+14  2.217    7.927    7.359    3.912   36.289   11.31   13.33   56.99
   57.32   69.08 0.64264D-09  1  0  0.00000  267.39  267.69 0.96988D+14  2.217    7.883    7.314    3.881   36.258   11.31   13.33   57.32
   57.64   69.47 0.63918D-09  1  0  0.00000  267.36  267.68 0.96825D+14  2.218    7.839    7.271    3.850   36.228   11.31   13.34   57.64
   57.96   69.85 0.63576D-09  1  0  0.00000  267.32  267.66 0.96664D+14  2.218    7.795    7.227    3.819   36.198   11.32   13.34   57.96
   58.28   70.24 0.63238D-09  1  0  0.00000  267.28  267.64 0.96503D+14  2.218    7.752    7.184    3.788   36.168   11.32   13.34   58.28
   58.60   70.63 0.62904D-09  1  0  0.00000  267.25  267.62 0.96343D+14  2.219    7.710    7.142    3.758   36.139   11.33   13.35   58.60
   58.93   71.02 0.62573D-09  1  0  0.00000  267.21  267.60 0.96183D+14  2.219    7.667    7.099    3.728   36.109   11.33   13.35   58.93
   59.25   71.41 0.62246D-09  1  0  0.00000  267.18  267.58 0.96024D+14  2.219    7.626    7.058    3.697   36.080   11.34   13.35   59.25
   59.57   71.79 0.61922D-09  1  0  0.00000  267.14  267.56 0.95866D+14  2.220    7.585    7.017    3.667   36.050   11.34   13.35   59.57
   59.89   72.18 0.61602D-09  1  0  0.00000  267.11  267.54 0.95709D+14  2.220    7.544    6.976    3.637   36.021   11.35   13.36   59.89
   60.21   72.57 0.61286D-09  1  0  0.00000  267.07  267.52 0.95552D+14  2.220    7.503    6.936    3.608   35.992   11.35   13.36   60.21
   60.54   72.96 0.60972D-09  1  0  0.00000  267.04  267.50 0.95395D+14  2.221    7.464    6.896    3.578   35.963   11.35   13.36   60.54
   60.86   73.35 0.60663D-09  1  0  0.00000  267.00  267.48 0.95240D+14  2.221    7.424    6.856    3.548   35.935   11.36   13.37   60.86
   61.18   73.73 0.60356D-09  1  0  0.00000  266.96  267.46 0.95085D+14  2.221    7.385    6.817    3.519   35.906   11.36   13.37   61.18
   61.50   74.12 0.60052D-09  1  0  0.00000  266.93  267.44 0.94931D+14  2.222    7.346    6.779    3.490   35.878   11.37   13.37   61.50
   61.82   74.51 0.59752D-09  1  0  0.00000  266.89  267.42 0.94777D+14  2.222    7.308    6.741    3.461   35.850   11.37   13.38   61.82
   62.15   74.90 0.59455D-09  1  0  0.00000  266.86  267.40 0.94624D+14  2.222    7.270    6.703    3.432   35.821   11.38   13.38   62.15
   62.47   75.29 0.59161D-09  1  0  0.00000  266.82  267.38 0.94472D+14  2.223    7.233    6.665    3.403   35.793   11.38   13.38   62.47
   62.79   75.67 0.58870D-09  1  0  0.00000  266.78  267.36 0.94320D+14  2.223    7.196    6.628    3.374   35.766   11.38   13.38   62.79
   63.11   76.06 0.58582D-09  1  0  0.00000  266.75  267.34 0.94169D+14  2.223    7.159    6.592    3.345   35.738   11.39   13.39   63.11
   63.43   76.45 0.58296D-09  1  0  0.00000  266.71  267.32 0.94018D+14  2.223    7.123    6.555    3.317   35.710   11.39   13.39   63.43
   63.76   76.84 0.58014D-09  1  0  0.00000  266.68  267.30 0.93868D+14  2.224    7.087    6.520    3.288   35.683   11.39   13.39   63.76
   64.08   77.23 0.57735D-09  1  0  0.00000  266.64  267.28 0.93718D+14  2.224    7.051    6.484    3.260   35.655   11.40   13.40   64.08
   64.40   77.61 0.57458D-09  1  0  0.00000  266.60  267.26 0.93569D+14  2.224    7.016    6.449    3.232   35.628   11.40   13.40   64.40
   64.72   78.00 0.57184D-09  1  0  0.00000  266.57  267.24 0.93421D+14  2.225    6.981    6.414    3.203   35.601   11.41   13.40   64.72
   65.04   78.39 0.56913D-09  1  0  0.00000  266.53  267.22 0.93273D+14  2.225    6.946    6.379    3.175   35.574   11.41   13.41   65.04
   65.37   78.78 0.56644D-09  1  0  0.00000  266.50  267.20 0.93126D+14  2.225    6.912    6.345    3.148   35.547   11.41   13.41   65.37
   65.69   79.17 0.56379D-09  1  0  0.00000  266.46  267.18 0.92979D+14  2.226    6.878    6.311    3.120   35.520   11.42   13.41   65.69
   66.01   79.56 0.56115D-09  1  0  0.00000  266.42  267.16 0.92833D+14  2.226    6.844    6.278    3.092   35.494   11.42   13.42   66.01
   66.33   79.94 0.55855D-09  1  0  0.00000  266.39  267.14 0.92688D+14  2.226    6.811    6.245    3.064   35.467   11.42   13.42   66.33
   66.65   80.33 0.55596D-09  1  0  0.00000  266.35  267.11 0.92543D+14  2.227    6.778    6.212    3.037   35.441   11.43   13.42   66.65
   66.98   80.72 0.55341D-09  1  0  0.00000  266.31  267.09 0.92398D+14  2.227    6.746    6.179    3.010   35.414   11.43   13.43   66.98
   67.30   81.11 0.55087D-09  1  0  0.00000  266.28  267.07 0.92254D+14  2.227    6.713    6.147    2.982   35.388   11.43   13.43   67.30
   67.62   81.50 0.54837D-09  1  0  0.00000  266.24  267.05 0.92111D+14  2.228    6.681    6.115    2.955   35.362   11.44   13.43   67.62
   67.94   81.88 0.54588D-09  1  0  0.00000  266.20  267.03 0.91968D+14  2.228    6.650    6.083    2.928   35.336   11.44   13.43   67.94
   68.26   82.27 0.54342D-09  1  0  0.00000  266.17  267.01 0.91825D+14  2.228    6.618    6.052    2.901   35.310   11.45   13.44   68.26
   68.59   82.66 0.54098D-09  1  0  0.00000  266.13  266.99 0.91683D+14  2.229    6.587    6.021    2.874   35.285   11.45   13.44   68.59
   68.91   83.05 0.53857D-09  1  0  0.00000  266.09  266.96 0.91542D+14  2.229    6.556    5.990    2.847   35.259   11.45   13.44   68.91
   69.23   83.44 0.53617D-09  1  0  0.00000  266.06  266.94 0.91401D+14  2.229    6.526    5.960    2.820   35.233   11.46   13.45   69.23
   69.55   83.82 0.53380D-09  1  0  0.00000  266.02  266.92 0.91260D+14  2.230    6.496    5.930    2.794   35.208   11.46   13.45   69.55
   69.87   84.21 0.53145D-09  1  0  0.00000  265.98  266.90 0.91120D+14  2.230    6.466    5.900    2.767   35.183   11.46   13.45   69.87
   70.20   84.60 0.52913D-09  1  0  0.00000  265.95  266.88 0.90981D+14  2.230    6.436    5.870    2.741   35.157   11.46   13.46   70.20
   70.52   84.99 0.52682D-09  1  0  0.00000  265.91  266.85 0.90842D+14  2.231    6.406    5.841    2.714   35.132   11.47   13.46   70.52
   70.84   85.38 0.52454D-09  1  0  0.00000  265.87  266.83 0.90703D+14  2.231    6.377    5.812    2.688   35.107   11.47   13.46   70.84
   71.16   85.76 0.52227D-09  1  0  0.00000  265.83  266.81 0.90565D+14  2.231    6.348    5.783    2.662   35.082   11.47   13.47   71.16
   71.48   86.15 0.52003D-09  1  0  0.00000  265.80  266.79 0.90427D+14  2.232    6.320    5.754    2.636   35.058   11.48   13.47   71.48
   71.81   86.54 0.51781D-09  1  0  0.00000  265.76  266.76 0.90290D+14  2.232    6.291    5.726    2.610   35.033   11.48   13.47   71.81
   72.13   86.93 0.51560D-09  1  0  0.00000  265.72  266.74 0.90153D+14  2.232    6.263    5.698    2.584   35.008   11.48   13.48   72.13
   72.45   87.32 0.51342D-09  1  0  0.00000  265.69  266.72 0.90017D+14  2.233    6.235    5.670    2.558   34.984   11.49   13.48   72.45
   72.77   87.70 0.51125D-09  1  0  0.00000  265.65  266.70 0.89881D+14  2.233    6.208    5.642    2.532   34.959   11.49   13.48   72.77
   73.09   88.09 0.50911D-09  1  0  0.00000  265.61  266.67 0.89746D+14  2.233    6.180    5.615    2.506   34.935   11.49   13.49   73.09
   73.42   88.48 0.50698D-09  1  0  0.00000  265.57  266.65 0.89611D+14  2.234    6.153    5.588    2.481   34.910   11.50   13.49   73.42
   73.74   88.87 0.50487D-09  1  0  0.00000  265.54  266.63 0.89476D+14  2.234    6.126    5.561    2.455   34.886   11.50   13.49   73.74
   74.06   89.26 0.50278D-09  1  0  0.00000  265.50  266.61 0.89342D+14  2.234    6.100    5.534    2.430   34.862   11.50   13.50   74.06
   74.38   89.65 0.50071D-09  1  0  0.00000  265.46  266.58 0.89208D+14  2.235    6.073    5.508    2.404   34.838   11.50   13.50   74.38
   74.70   90.03 0.49866D-09  1  0  0.00000  265.42  266.56 0.89075D+14  2.235    6.047    5.482    2.379   34.814   11.51   13.50   74.70
   75.03   90.42 0.49662D-09  1  0  0.00000  265.39  266.54 0.88942D+14  2.235    6.021    5.456    2.354   34.790   11.51   13.51   75.03
   75.35   90.81 0.49460D-09  1  0  0.00000  265.35  266.51 0.88810D+14  2.236    5.995    5.430    2.328   34.767   11.51   13.51   75.35
   75.67   91.20 0.49260D-09  1  0  0.00000  265.31  266.49 0.88678D+14  2.236    5.969    5.405    2.303   34.743   11.51   13.51   75.67
   75.99   91.59 0.49062D-09  1  0  0.00000  265.27  266.47 0.88546D+14  2.236    5.944    5.379    2.278   34.719   11.52   13.52   75.99
   76.31   91.97 0.48865D-09  1  0  0.00000  265.24  266.44 0.88415D+14  2.237    5.919    5.354    2.253   34.696   11.52   13.52   76.31
   76.64   92.36 0.48670D-09  1  0  0.00000  265.20  266.42 0.88284D+14  2.237    5.894    5.329    2.228   34.673   11.52   13.52   76.64
   76.96   92.75 0.48476D-09  1  0  0.00000  265.16  266.40 0.88153D+14  2.237    5.869    5.305    2.204   34.649   11.53   13.53   76.96
   77.28   93.14 0.48284D-09  1  0  0.00000  265.12  266.37 0.88023D+14  2.238    5.845    5.280    2.179   34.626   11.53   13.53   77.28
   77.60   93.53 0.48094D-09  1  0  0.00000  265.09  266.35 0.87894D+14  2.238    5.820    5.256    2.154   34.603   11.53   13.53   77.60
   77.92   93.91 0.47905D-09  1  0  0.00000  265.05  266.33 0.87764D+14  2.238    5.796    5.232    2.129   34.580   11.53   13.54   77.92
   78.25   94.30 0.47718D-09  1  0  0.00000  265.01  266.30 0.87635D+14  2.239    5.772    5.208    2.105   34.557   11.54   13.54   78.25
   78.57   94.69 0.47533D-09  1  0  0.00000  264.97  266.28 0.87507D+14  2.239    5.749    5.185    2.080   34.534   11.54   13.54   78.57
   78.89   95.08 0.47349D-09  1  0  0.00000  264.93  266.25 0.87379D+14  2.239    5.725    5.161    2.056   34.511   11.54   13.55   78.89
   79.21   95.47 0.47166D-09  1  0  0.00000  264.90  266.23 0.87251D+14  2.240    5.702    5.138    2.032   34.488   11.54   13.55   79.21
   79.53   95.85 0.46985D-09  1  0  0.00000  264.86  266.21 0.87123D+14  2.240    5.679    5.115    2.007   34.466   11.55   13.55   79.53
   79.86   96.24 0.46805D-09  1  0  0.00000  264.82  266.18 0.86996D+14  2.240    5.656    5.092    1.983   34.443   11.55   13.56   79.86
   80.18   96.63 0.46627D-09  1  0  0.00000  264.78  266.16 0.86870D+14  2.241    5.633    5.069    1.959   34.420   11.55   13.56   80.18
   80.50   97.02 0.46450D-09  1  0  0.00000  264.74  266.13 0.86743D+14  2.241    5.610    5.046    1.935   34.398   11.55   13.56   80.50
   80.82   97.41 0.46275D-09  1  0  0.00000  264.70  266.11 0.86617D+14  2.241    5.588    5.024    1.911   34.375   11.55   13.57   80.82
   81.14   97.79 0.46101D-09  1  0  0.00000  264.67  266.08 0.86491D+14  2.242    5.566    5.002    1.887   34.353   11.56   13.57   81.14
   81.47   98.18 0.45929D-09  1  0  0.00000  264.63  266.06 0.86366D+14  2.242    5.543    4.980    1.863   34.331   11.56   13.57   81.47
   81.79   98.57 0.45757D-09  1  0  0.00000  264.59  266.03 0.86241D+14  2.242    5.522    4.958    1.839   34.309   11.56   13.58   81.79
   82.11   98.96 0.45587D-09  1  0  0.00000  264.55  266.01 0.86116D+14  2.243    5.500    4.936    1.815   34.287   11.56   13.58   82.11
   82.43   99.35 0.45419D-09  1  0  0.00000  264.51  265.98 0.85992D+14  2.243    5.478    4.915    1.791   34.264   11.57   13.58   82.43
   82.75   99.74 0.45252D-09  1  0  0.00000  264.47  265.96 0.85868D+14  2.243    5.457    4.894    1.767   34.242   11.57   13.59   82.75
   83.08  100.12 0.45086D-09  1  0  0.00000  264.44  265.93 0.85744D+14  2.244    5.436    4.872    1.744   34.221   11.57   13.59   83.08
   83.40  100.51 0.44921D-09  1  0  0.00000  264.40  265.91 0.85621D+14  2.244    5.414    4.851    1.720   34.199   11.57   13.59   83.40
   83.72  100.90 0.44758D-09  1  0  0.00000  264.36  265.88 0.85498D+14  2.244    5.394    4.831    1.696   34.177   11.57   13.60   83.72
   84.04  101.29 0.44596D-09  1  0  0.00000  264.32  265.86 0.85375D+14  2.245    5.373    4.810    1.673   34.155   11.58   13.60   84.04
   84.36  101.68 0.44435D-09  1  0  0.00000  264.28  265.83 0.85253D+14  2.245    5.352    4.789    1.649   34.134   11.58   13.60   84.36
   84.69  102.06 0.44275D-09  1  0  0.00000  264.24  265.81 0.85131D+14  2.245    5.332    4.769    1.626   34.112   11.58   13.61   84.69
   85.01  102.45 0.44117D-09  1  0  0.00000  264.20  265.78 0.85009D+14  2.246    5.311    4.749    1.603   34.090   11.58   13.61   85.01
   85.33  102.84 0.43959D-09  1  0  0.00000  264.16  265.76 0.84888D+14  2.246    5.291    4.729    1.579   34.069   11.59   13.61   85.33
   85.65  103.23 0.43803D-09  1  0  0.00000  264.12  265.73 0.84767D+14  2.246    5.271    4.709    1.556   34.048   11.59   13.62   85.65
   85.97  103.62 0.43648D-09  1  0  0.00000  264.09  265.71 0.84646D+14  2.247    5.251    4.689    1.533   34.026   11.59   13.62   85.97
   86.30  104.00 0.43495D-09  1  0  0.00000  264.05  265.68 0.84526D+14  2.247    5.232    4.669    1.510   34.005   11.59   13.62   86.30
   86.62  104.39 0.43342D-09  1  0  0.00000  264.01  265.66 0.84405D+14  2.248    5.212    4.650    1.487   33.984   11.59   13.63   86.62
   86.94  104.78 0.43191D-09  1  0  0.00000  263.97  265.63 0.84286D+14  2.248    5.193    4.630    1.463   33.963   11.60   13.63   86.94
   87.26  105.17 0.43040D-09  1  0  0.00000  263.93  265.60 0.84166D+14  2.248    5.174    4.611    1.440   33.942   11.60   13.63   87.26
   87.58  105.56 0.42891D-09  1  0  0.00000  263.89  265.58 0.84047D+14  2.249    5.154    4.592    1.417   33.921   11.60   13.64   87.58
   87.91  105.94 0.42743D-09  1  0  0.00000  263.85  265.55 0.83928D+14  2.249    5.135    4.573    1.395   33.900   11.60   13.64   87.91
   88.23  106.33 0.42596D-09  1  0  0.00000  263.81  265.53 0.83809D+14  2.249    5.117    4.555    1.372   33.879   11.60   13.64   88.23
   88.55  106.72 0.42450D-09  1  0  0.00000  263.77  265.50 0.83691D+14  2.250    5.098    4.536    1.349   33.858   11.60   13.64   88.55
   88.87  107.11 0.42305D-09  1  0  0.00000  263.73  265.47 0.83573D+14  2.250    5.079    4.517    1.326   33.837   11.61   13.65   88.87
   89.19  107.50 0.42161D-09  1  0  0.00000  263.69  265.45 0.83455D+14  2.250    5.061    4.499    1.303   33.816   11.61   13.65   89.19
   89.52  107.88 0.42018D-09  1  0  0.00000  263.65  265.42 0.83337D+14  2.251    5.042    4.481    1.281   33.796   11.61   13.65   89.52
   89.84  108.27 0.41876D-09  1  0  0.00000  263.61  265.40 0.83220D+14  2.251    5.024    4.463    1.258   33.775   11.61   13.66   89.84
   90.16  108.66 0.41736D-09  1  0  0.00000  263.57  265.37 0.83103D+14  2.251    5.006    4.445    1.235   33.754   11.61   13.66   90.16
   90.48  109.05 0.41596D-09  1  0  0.00000  263.53  265.34 0.82986D+14  2.252    4.988    4.427    1.213   33.734   11.61   13.66   90.48
   90.80  109.44 0.41457D-09  1  0  0.00000  263.49  265.32 0.82870D+14  2.252    4.970    4.409    1.190   33.713   11.62   13.67   90.80
   91.13  109.83 0.41319D-09  1  0  0.00000  263.45  265.29 0.82753D+14  2.252    4.953    4.391    1.168   33.693   11.62   13.67   91.13
   91.45  110.21 0.41183D-09  1  0  0.00000  263.41  265.26 0.82638D+14  2.253    4.935    4.374    1.145   33.673   11.62   13.67   91.45
   91.77  110.60 0.41047D-09  1  0  0.00000  263.37  265.24 0.82522D+14  2.253    4.918    4.357    1.123   33.652   11.62   13.68   91.77
   92.09  110.99 0.40912D-09  1  0  0.00000  263.34  265.21 0.82407D+14  2.254    4.900    4.339    1.100   33.632   11.62   13.68   92.09
   92.41  111.38 0.40778D-09  1  0  0.00000  263.30  265.18 0.82291D+14  2.254    4.883    4.322    1.078   33.612   11.62   13.68   92.41
   92.74  111.77 0.40645D-09  1  0  0.00000  263.26  265.16 0.82177D+14  2.254    4.866    4.305    1.056   33.592   11.63   13.69   92.74
   93.06  112.15 0.40513D-09  1  0  0.00000  263.21  265.13 0.82062D+14  2.255    4.849    4.288    1.034   33.572   11.63   13.69   93.06
   93.38  112.54 0.40381D-09  1  0  0.00000  263.17  265.10 0.81948D+14  2.255    4.832    4.272    1.011   33.552   11.63   13.69   93.38
   93.70  112.93 0.40251D-09  1  0  0.00000  263.13  265.07 0.81833D+14  2.255    4.816    4.255    0.989   33.532   11.63   13.70   93.70
   94.02  113.32 0.40122D-09  1  0  0.00000  263.09  265.05 0.81720D+14  2.256    4.799    4.238    0.967   33.512   11.63   13.70   94.02
   94.35  113.71 0.39993D-09  1  0  0.00000  263.05  265.02 0.81606D+14  2.256    4.783    4.222    0.945   33.492   11.63   13.70   94.35
   94.67  114.09 0.39866D-09  1  0  0.00000  263.01  264.99 0.81493D+14  2.256    4.766    4.206    0.923   33.472   11.64   13.71   94.67
   94.99  114.48 0.39739D-09  1  0  0.00000  262.97  264.96 0.81380D+14  2.257    4.750    4.189    0.901   33.452   11.64   13.71   94.99
   95.31  114.87 0.39613D-09  1  0  0.00000  262.93  264.94 0.81267D+14  2.257    4.734    4.173    0.879   33.432   11.64   13.71   95.31
   95.63  115.26 0.39488D-09  1  0  0.00000  262.89  264.91 0.81154D+14  2.258    4.718    4.157    0.857   33.413   11.64   13.72   95.63
   95.96  115.65 0.39364D-09  1  0  0.00000  262.85  264.88 0.81042D+14  2.258    4.702    4.141    0.835   33.393   11.64   13.72   95.96
   96.28  116.03 0.39240D-09  1  0  0.00000  262.81  264.85 0.80930D+14  2.258    4.686    4.126    0.813   33.373   11.64   13.72   96.28
   96.60  116.42 0.39118D-09  1  0  0.00000  262.77  264.83 0.80818D+14  2.259    4.670    4.110    0.791   33.354   11.64   13.73   96.60
   96.92  116.81 0.38996D-09  1  0  0.00000  262.73  264.80 0.80706D+14  2.259    4.654    4.094    0.769   33.334   11.65   13.73   96.92
   97.24  117.20 0.38875D-09  1  0  0.00000  262.69  264.77 0.80595D+14  2.259    4.639    4.079    0.747   33.315   11.65   13.73   97.24
   97.57  117.59 0.38755D-09  1  0  0.00000  262.65  264.74 0.80483D+14  2.260    4.623    4.063    0.726   33.295   11.65   13.74   97.57
   97.89  117.97 0.38635D-09  1  0  0.00000  262.61  264.71 0.80372D+14  2.260    4.608    4.048    0.704   33.276   11.65   13.74   97.89
   98.21  118.36 0.38517D-09  1  0  0.00000  262.57  264.69 0.80262D+14  2.260    4.593    4.033    0.682   33.257   11.65   13.74   98.21
   98.53  118.75 0.38399D-09  1  0  0.00000  262.53  264.66 0.80151D+14  2.261    4.578    4.018    0.660   33.237   11.65   13.74   98.53
   98.85  119.14 0.38282D-09  1  0  0.00000  262.49  264.63 0.80041D+14  2.261    4.563    4.003    0.639   33.218   11.65   13.75   98.85
   99.18  119.53 0.38166D-09  1  0  0.00000  262.44  264.60 0.79931D+14  2.262    4.548    3.988    0.617   33.199   11.65   13.75   99.18
   99.50  119.91 0.38050D-09  1  0  0.00000  262.40  264.57 0.79821D+14  2.262    4.533    3.973    0.596   33.180   11.66   13.75   99.50
   99.82  120.30 0.37936D-09  1  0  0.00000  262.36  264.54 0.79711D+14  2.262    4.518    3.959    0.574   33.161   11.66   13.76   99.82
  100.14  120.69 0.37822D-09  1  0  0.00000  262.32  264.52 0.79602D+14  2.263    4.503    3.944    0.552   33.141   11.66   13.76  100.14
  100.46  121.08 0.37708D-09  1  0  0.00000  262.28  264.49 0.79493D+14  2.263    4.489    3.929    0.531   33.122   11.66   13.76  100.46
  100.79  121.47 0.37596D-09  1  0  0.00000  262.24  264.46 0.79384D+14  2.263    4.474    3.915    0.509   33.103   11.66   13.77  100.79
  101.11  121.86 0.37484D-09  1  0  0.00000  262.20  264.43 0.79275D+14  2.264    4.460    3.901    0.488   33.084   11.66   13.77  101.11
  101.43  122.24 0.37373D-09  1  0  0.00000  262.16  264.40 0.79166D+14  2.264    4.445    3.887    0.467   33.066   11.66   13.77  101.43
  101.75  122.63 0.37262D-09  1  0  0.00000  262.11  264.37 0.79058D+14  2.265    4.431    3.872    0.445   33.047   11.66   13.78  101.75
  102.07  123.02 0.37153D-09  1  0  0.00000  262.07  264.34 0.78950D+14  2.265    4.417    3.858    0.424   33.028   11.66   13.78  102.07
  102.40  123.41 0.37044D-09  1  0  0.00000  262.03  264.31 0.78842D+14  2.265    4.403    3.844    0.402   33.009   11.67   13.78  102.40
  102.72  123.80 0.36935D-09  1  0  0.00000  261.99  264.28 0.78734D+14  2.266    4.389    3.830    0.381   32.990   11.67   13.79  102.72
  103.04  124.18 0.36828D-09  1  0  0.00000  261.95  264.26 0.78627D+14  2.266    4.375    3.817    0.360   32.972   11.67   13.79  103.04
  103.36  124.57 0.36721D-09  1  0  0.00000  261.91  264.23 0.78519D+14  2.266    4.361    3.803    0.339   32.953   11.67   13.79  103.36
  103.68  124.96 0.36614D-09  1  0  0.00000  261.86  264.20 0.78412D+14  2.267    4.348    3.789    0.317   32.934   11.67   13.80  103.68
  104.01  125.35 0.36509D-09  1  0  0.00000  261.82  264.17 0.78305D+14  2.267    4.334    3.776    0.296   32.916   11.67   13.80  104.01
  104.33  125.74 0.36404D-09  1  0  0.00000  261.78  264.14 0.78199D+14  2.268    4.321    3.762    0.275   32.897   11.67   13.80  104.33
  104.65  126.12 0.36299D-09  1  0  0.00000  261.74  264.11 0.78092D+14  2.268    4.307    3.749    0.254   32.878   11.67   13.80  104.65
  104.97  126.51 0.36196D-09  1  0  0.00000  261.70  264.08 0.77986D+14  2.268    4.294    3.736    0.233   32.860   11.67   13.81  104.97
  105.29  126.90 0.36092D-09  1  0  0.00000  261.65  264.05 0.77880D+14  2.269    4.280    3.722    0.211   32.842   11.67   13.81  105.29
  105.62  127.29 0.35990D-09  1  0  0.00000  261.61  264.02 0.77774D+14  2.269    4.267    3.709    0.190   32.823   11.68   13.81  105.62
  105.94  127.68 0.35888D-09  1  0  0.00000  261.57  263.99 0.77668D+14  2.269    4.254    3.696    0.169   32.805   11.68   13.82  105.94
  106.26  128.06 0.35787D-09  1  0  0.00000  261.53  263.96 0.77562D+14  2.270    4.241    3.683    0.148   32.786   11.68   13.82  106.26
  106.58  128.45 0.35686D-09  1  0  0.00000  261.49  263.93 0.77457D+14  2.270    4.228    3.670    0.127   32.768   11.68   13.82  106.58
  106.90  128.84 0.35586D-09  1  0  0.00000  261.44  263.90 0.77352D+14  2.271    4.215    3.658    0.106   32.750   11.68   13.83  106.90
  107.23  129.23 0.35487D-09  1  0  0.00000  261.40  263.87 0.77247D+14  2.271    4.202    3.645    0.085   32.732   11.68   13.83  107.23
  107.55  129.62 0.35388D-09  1  0  0.00000  261.36  263.84 0.77142D+14  2.271    4.190    3.632    0.064   32.713   11.68   13.83  107.55
  107.87  130.00 0.35290D-09  1  0  0.00000  261.32  263.81 0.77037D+14  2.272    4.177    3.620    0.043   32.695   11.68   13.84  107.87
  108.19  130.39 0.35192D-09  1  0  0.00000  261.27  263.78 0.76933D+14  2.272    4.164    3.607    0.022   32.677   11.68   13.84  108.19
  108.51  130.78 0.35095D-09  1  0  0.00000  261.23  263.75 0.76829D+14  2.273    4.152    3.595    0.001   32.659   11.68   13.84  108.51
  108.84  131.17 0.34999D-09  1  0  0.00000  261.19  264.49 0.70825D+14  2.273    4.139    3.582    0.000   32.658   11.34   13.90  108.84
  109.16  131.56 0.34903D-09  1  0  0.00000  261.15  264.48 0.70614D+14  2.273    4.127    3.570    0.000   32.658   11.33   13.89  109.16
  109.48  131.95 0.34808D-09  1  0  0.00000  261.10  264.46 0.70404D+14  2.274    4.115    3.558    0.000   32.658   11.32   13.89  109.48
  109.80  132.33 0.34713D-09  1  0  0.00000  261.06  264.45 0.70195D+14  2.274    4.102    3.545    0.000   32.658   11.32   13.88  109.80
  110.12  132.72 0.34619D-09  1  0  0.00000  261.02  264.43 0.69986D+14  2.275    4.090    3.533    0.000   32.658   11.31   13.88  110.12
  110.45  133.11 0.34525D-09  1  0  0.00000  260.97  264.42 0.69779D+14  2.275    4.078    3.521    0.000   32.658   11.30   13.88  110.45
  110.77  133.50 0.34432D-09  1  0  0.00000  260.93  264.40 0.69571D+14  2.275    4.066    3.509    0.000   32.658   11.30   13.87  110.77
  111.09  133.89 0.34340D-09  1  0  0.00000  260.89  264.39 0.69365D+14  2.276    4.054    3.498    0.000   32.658   11.29   13.87  111.09
  111.41  134.27 0.34248D-09  1  0  0.00000  260.85  264.37 0.69159D+14  2.276    4.042    3.486    0.000   32.658   11.29   13.86  111.41
  111.73  134.66 0.34156D-09  1  0  0.00000  260.80  264.36 0.68954D+14  2.276    4.030    3.474    0.000   32.658   11.28   13.86  111.73
  112.06  135.05 0.34065D-09  1  0  0.00000  260.76  264.34 0.68750D+14  2.277    4.019    3.462    0.000   32.658   11.27   13.85  112.06
  112.38  135.44 0.33975D-09  1  0  0.00000  260.72  264.33 0.68546D+14  2.277    4.007    3.451    0.000   32.658   11.27   13.85  112.38
  112.70  135.83 0.33885D-09  1  0  0.00000  260.67  264.31 0.68343D+14  2.278    3.995    3.439    0.000   32.658   11.26   13.85  112.70
  113.02  136.21 0.33795D-09  1  0  0.00000  260.63  264.29 0.68141D+14  2.278    3.984    3.428    0.000   32.658   11.25   13.84  113.02
  113.34  136.60 0.33706D-09  1  0  0.00000  260.59  264.28 0.67939D+14  2.278    3.972    3.416    0.000   32.658   11.25   13.84  113.34
  113.67  136.99 0.33618D-09  1  0  0.00000  260.54  264.26 0.67738D+14  2.279    3.961    3.405    0.000   32.658   11.24   13.83  113.67
  113.99  137.38 0.33530D-09  1  0  0.00000  260.50  264.25 0.67538D+14  2.279    3.949    3.394    0.000   32.658   11.24   13.83  113.99
  114.31  137.77 0.33443D-09  1  0  0.00000  260.46  264.23 0.67338D+14  2.280    3.938    3.382    0.000   32.658   11.23   13.83  114.31
  114.63  138.15 0.33356D-09  1  0  0.00000  260.41  264.21 0.67139D+14  2.280    3.927    3.371    0.000   32.658   11.22   13.82  114.63
  114.95  138.54 0.33270D-09  1  0  0.00000  260.37  264.20 0.66941D+14  2.280    3.916    3.360    0.000   32.658   11.22   13.82  114.95
  115.28  138.93 0.33184D-09  1  0  0.00000  260.32  264.18 0.66743D+14  2.281    3.904    3.349    0.000   32.658   11.21   13.81  115.28
  115.60  139.32 0.33098D-09  1  0  0.00000  260.28  264.16 0.66546D+14  2.281    3.893    3.338    0.000   32.658   11.20   13.81  115.60
  115.92  139.71 0.33013D-09  1  0  0.00000  260.24  264.15 0.66349D+14  2.282    3.882    3.327    0.000   32.658   11.20   13.81  115.92
  116.24  140.09 0.32929D-09  1  0  0.00000  260.19  264.13 0.66154D+14  2.282    3.871    3.316    0.000   32.658   11.19   13.80  116.24
  116.56  140.48 0.32845D-09  1  0  0.00000  260.15  264.11 0.65958D+14  2.282    3.860    3.305    0.000   32.658   11.19   13.80  116.56
  116.89  140.87 0.32761D-09  1  0  0.00000  260.10  264.10 0.65764D+14  2.283    3.850    3.295    0.000   32.658   11.18   13.79  116.89
  117.21  141.26 0.32678D-09  1  0  0.00000  260.06  264.08 0.65570D+14  2.283    3.839    3.284    0.000   32.658   11.17   13.79  117.21
  117.53  141.65 0.32595D-09  1  0  0.00000  260.02  264.06 0.65377D+14  2.284    3.828    3.273    0.000   32.658   11.17   13.78  117.53
  117.85  142.04 0.32513D-09  1  0  0.00000  259.97  264.05 0.65184D+14  2.284    3.817    3.263    0.000   32.658   11.16   13.78  117.85
  118.17  142.42 0.32431D-09  1  0  0.00000  259.93  264.03 0.64992D+14  2.284    3.807    3.252    0.000   32.658   11.15   13.78  118.17
  118.50  142.81 0.32350D-09  1  0  0.00000  259.88  264.01 0.64800D+14  2.285    3.796    3.242    0.000   32.658   11.15   13.77  118.50
  118.82  143.20 0.32269D-09  1  0  0.00000  259.84  263.99 0.64609D+14  2.285    3.786    3.231    0.000   32.658   11.14   13.77  118.82
  119.14  143.59 0.32189D-09  1  0  0.00000  259.79  263.98 0.64419D+14  2.286    3.775    3.221    0.000   32.658   11.13   13.77  119.14
  119.46  143.98 0.32109D-09  1  0  0.00000  259.75  263.96 0.64229D+14  2.286    3.765    3.211    0.000   32.658   11.13   13.76  119.46
  119.78  144.36 0.32029D-09  1  0  0.00000  259.71  263.94 0.64040D+14  2.286    3.755    3.201    0.000   32.658   11.12   13.76  119.78
  120.11  144.75 0.31950D-09  1  0  0.00000  259.66  263.92 0.63852D+14  2.287    3.744    3.190    0.000   32.658   11.12   13.75  120.11
  120.43  145.14 0.31872D-09  1  0  0.00000  259.62  263.91 0.63664D+14  2.287    3.734    3.180    0.000   32.658   11.11   13.75  120.43
  120.75  145.53 0.31793D-09  1  0  0.00000  259.57  263.89 0.63477D+14  2.288    3.724    3.170    0.000   32.658   11.10   13.75  120.75
  121.07  145.92 0.31716D-09  1  0  0.00000  259.53  263.87 0.63290D+14  2.288    3.714    3.160    0.000   32.658   11.10   13.74  121.07
  121.39  146.30 0.31638D-09  1  0  0.00000  259.48  263.85 0.63104D+14  2.289    3.704    3.150    0.000   32.658   11.09   13.74  121.39
  121.72  146.69 0.31561D-09  1  0  0.00000  259.44  263.83 0.62918D+14  2.289    3.694    3.140    0.000   32.658   11.08   13.73  121.72
  122.04  147.08 0.31484D-09  1  0  0.00000  259.39  263.82 0.62734D+14  2.289    3.684    3.130    0.000   32.658   11.08   13.73  122.04
  122.36  147.47 0.31408D-09  1  0  0.00000  259.35  263.80 0.62549D+14  2.290    3.674    3.121    0.000   32.658   11.07   13.73  122.36
  122.68  147.86 0.31332D-09  1  0  0.00000  259.30  263.78 0.62365D+14  2.290    3.664    3.111    0.000   32.658   11.06   13.72  122.68
  123.00  148.24 0.31257D-09  1  0  0.00000  259.26  263.76 0.62182D+14  2.291    3.654    3.101    0.000   32.658   11.06   13.72  123.00
  123.33  148.63 0.31182D-09  1  0  0.00000  259.21  263.74 0.61999D+14  2.291    3.644    3.091    0.000   32.658   11.05   13.71  123.33
  123.65  149.02 0.31107D-09  1  0  0.00000  259.17  263.72 0.61817D+14  2.291    3.635    3.082    0.000   32.658   11.04   13.71  123.65
  123.97  149.41 0.31033D-09  1  0  0.00000  259.12  263.71 0.61636D+14  2.292    3.625    3.072    0.000   32.658   11.04   13.71  123.97
  124.29  149.80 0.30959D-09  1  0  0.00000  259.07  263.69 0.61455D+14  2.292    3.615    3.063    0.000   32.658   11.03   13.70  124.29
  124.61  150.18 0.30886D-09  1  0  0.00000  259.03  263.67 0.61274D+14  2.293    3.606    3.053    0.000   32.658   11.03   13.70  124.61
  124.94  150.57 0.30813D-09  1  0  0.00000  258.98  263.65 0.61095D+14  2.293    3.596    3.044    0.000   32.658   11.02   13.70  124.94
  125.26  150.96 0.30740D-09  1  0  0.00000  258.94  263.63 0.60915D+14  2.294    3.587    3.034    0.000   32.658   11.01   13.69  125.26
  125.58  151.35 0.30668D-09  1  0  0.00000  258.89  263.61 0.60736D+14  2.294    3.577    3.025    0.000   32.658   11.01   13.69  125.58
  125.90  151.74 0.30596D-09  1  0  0.00000  258.85  263.59 0.60558D+14  2.294    3.568    3.016    0.000   32.658   11.00   13.68  125.90
  126.22  152.13 0.30524D-09  1  0  0.00000  258.80  263.57 0.60380D+14  2.295    3.559    3.007    0.000   32.658   10.99   13.68  126.22
  126.55  152.51 0.30453D-09  1  0  0.00000  258.75  263.55 0.60203D+14  2.295    3.549    2.997    0.000   32.658   10.99   13.68  126.55
  126.87  152.90 0.30382D-09  1  0  0.00000  258.71  263.53 0.60027D+14  2.296    3.540    2.988    0.000   32.658   10.98   13.67  126.87
  127.19  153.29 0.30312D-09  1  0  0.00000  258.66  263.51 0.59851D+14  2.296    3.531    2.979    0.000   32.658   10.97   13.67  127.19
  127.51  153.68 0.30242D-09  1  0  0.00000  258.62  263.49 0.59675D+14  2.297    3.522    2.970    0.000   32.658   10.97   13.66  127.51
  127.83  154.07 0.30172D-09  1  0  0.00000  258.57  263.47 0.59500D+14  2.297    3.513    2.961    0.000   32.658   10.96   13.66  127.83
  128.16  154.45 0.30102D-09  1  0  0.00000  258.52  263.45 0.59326D+14  2.297    3.504    2.952    0.000   32.658   10.95   13.66  128.16
  128.48  154.84 0.30033D-09  1  0  0.00000  258.48  263.43 0.59152D+14  2.298    3.495    2.943    0.000   32.658   10.95   13.65  128.48
  128.80  155.23 0.29964D-09  1  0  0.00000  258.43  263.41 0.58978D+14  2.298    3.486    2.934    0.000   32.658   10.94   13.65  128.80
  129.12  155.62 0.29896D-09  1  0  0.00000  258.38  263.39 0.58805D+14  2.299    3.477    2.925    0.000   32.658   10.93   13.65  129.12
  129.44  156.01 0.29828D-09  1  0  0.00000  258.34  263.37 0.58633D+14  2.299    3.468    2.917    0.000   32.658   10.93   13.64  129.44
  129.77  156.39 0.29760D-09  1  0  0.00000  258.29  263.35 0.58461D+14  2.300    3.459    2.908    0.000   32.658   10.92   13.64  129.77
  130.09  156.78 0.29693D-09  1  0  0.00000  258.24  263.33 0.58289D+14  2.300    3.450    2.899    0.000   32.658   10.92   13.63  130.09
  130.41  157.17 0.29626D-09  1  0  0.00000  258.20  263.31 0.58118D+14  2.300    3.442    2.891    0.000   32.658   10.91   13.63  130.41
  130.73  157.56 0.29559D-09  1  0  0.00000  258.15  263.29 0.57948D+14  2.301    3.433    2.882    0.000   32.658   10.90   13.63  130.73
  131.05  157.95 0.29493D-09  1  0  0.00000  258.10  263.27 0.57778D+14  2.301    3.424    2.873    0.000   32.658   10.90   13.62  131.05
  131.38  158.33 0.29427D-09  1  0  0.00000  258.06  263.25 0.57609D+14  2.302    3.415    2.865    0.000   32.658   10.89   13.62  131.38
  131.70  158.72 0.29361D-09  1  0  0.00000  258.01  263.23 0.57440D+14  2.302    3.407    2.856    0.000   32.658   10.88   13.62  131.70
  132.02  159.11 0.29296D-09  1  0  0.00000  257.96  263.21 0.57271D+14  2.303    3.398    2.848    0.000   32.658   10.88   13.61  132.02
  132.34  159.50 0.29231D-09  1  0  0.00000  257.92  263.19 0.57104D+14  2.303    3.390    2.839    0.000   32.658   10.87   13.61  132.34
  132.66  159.89 0.29166D-09  1  0  0.00000  257.87  263.17 0.56936D+14  2.303    3.381    2.831    0.000   32.658   10.86   13.60  132.66
  132.99  160.27 0.29101D-09  1  0  0.00000  257.82  263.15 0.56769D+14  2.304    3.373    2.823    0.000   32.658   10.86   13.60  132.99
  133.31  160.66 0.29037D-09  1  0  0.00000  257.77  263.13 0.56603D+14  2.304    3.364    2.814    0.000   32.658   10.85   13.60  133.31
  133.63  161.05 0.28973D-09  1  0  0.00000  257.73  263.11 0.56437D+14  2.305    3.356    2.806    0.000   32.658   10.84   13.59  133.63
  133.95  161.44 0.28910D-09  1  0  0.00000  257.68  263.08 0.56271D+14  2.305    3.348    2.798    0.000   32.658   10.84   13.59  133.95
  134.27  161.83 0.28847D-09  1  0  0.00000  257.63  263.06 0.56106D+14  2.306    3.340    2.790    0.000   32.658   10.83   13.59  134.27
  134.60  162.22 0.28784D-09  1  0  0.00000  257.58  263.04 0.55942D+14  2.306    3.331    2.782    0.000   32.658   10.82   13.58  134.60
  134.92  162.60 0.28721D-09  1  0  0.00000  257.54  263.02 0.55778D+14  2.306    3.323    2.773    0.000   32.658   10.82   13.58  134.92
  135.24  162.99 0.28659D-09  1  0  0.00000  257.49  263.00 0.55614D+14  2.307    3.315    2.765    0.000   32.658   10.81   13.58  135.24
  135.56  163.38 0.28597D-09  1  0  0.00000  257.44  262.98 0.55451D+14  2.307    3.307    2.757    0.000   32.658   10.80   13.57  135.56
  135.88  163.77 0.28535D-09  1  0  0.00000  257.39  262.95 0.55288D+14  2.308    3.299    2.749    0.000   32.658   10.80   13.57  135.88
  136.21  164.16 0.28474D-09  1  0  0.00000  257.34  262.93 0.55126D+14  2.308    3.291    2.741    0.000   32.658   10.79   13.56  136.21
  136.53  164.54 0.28413D-09  1  0  0.00000  257.30  262.91 0.54964D+14  2.309    3.283    2.734    0.000   32.658   10.78   13.56  136.53
  136.85  164.93 0.28352D-09  1  0  0.00000  257.25  262.89 0.54803D+14  2.309    3.275    2.726    0.000   32.658   10.78   13.56  136.85
  137.17  165.32 0.28291D-09  1  0  0.00000  257.20  262.87 0.54642D+14  2.310    3.267    2.718    0.000   32.658   10.77   13.55  137.17
  137.49  165.71 0.28231D-09  1  0  0.00000  257.15  262.84 0.54482D+14  2.310    3.259    2.710    0.000   32.658   10.76   13.55  137.49
  137.82  166.10 0.28171D-09  1  0  0.00000  257.10  262.82 0.54322D+14  2.311    3.251    2.702    0.000   32.658   10.76   13.55  137.82
  138.14  166.48 0.28111D-09  1  0  0.00000  257.05  262.80 0.54163D+14  2.311    3.243    2.694    0.000   32.658   10.75   13.54  138.14
  138.46  166.87 0.28052D-09  1  0  0.00000  257.01  262.78 0.54004D+14  2.311    3.235    2.687    0.000   32.658   10.74   13.54  138.46
  138.78  167.26 0.27993D-09  1  0  0.00000  256.96  262.75 0.53845D+14  2.312    3.227    2.679    0.000   32.658   10.74   13.53  138.78
  139.10  167.65 0.27934D-09  1  0  0.00000  256.91  262.73 0.53687D+14  2.312    3.220    2.671    0.000   32.658   10.73   13.53  139.10
  139.43  168.04 0.27875D-09  1  0  0.00000  256.86  262.71 0.53530D+14  2.313    3.212    2.664    0.000   32.658   10.72   13.53  139.43
  139.75  168.42 0.27817D-09  1  0  0.00000  256.81  262.69 0.53372D+14  2.313    3.204    2.656    0.000   32.658   10.72   13.52  139.75
  140.07  168.81 0.27759D-09  1  0  0.00000  256.76  262.66 0.53216D+14  2.314    3.197    2.649    0.000   32.658   10.71   13.52  140.07
  140.39  169.20 0.27701D-09  1  0  0.00000  256.71  262.64 0.53059D+14  2.314    3.189    2.641    0.000   32.658   10.71   13.52  140.39
  140.71  169.59 0.27644D-09  1  0  0.00000  256.66  262.62 0.52903D+14  2.315    3.182    2.634    0.000   32.658   10.70   13.51  140.71
  141.04  169.98 0.27586D-09  1  0  0.00000  256.62  262.59 0.52748D+14  2.315    3.174    2.626    0.000   32.658   10.69   13.51  141.04
  141.36  170.36 0.27529D-09  1  0  0.00000  256.57  262.57 0.52593D+14  2.316    3.166    2.619    0.000   32.658   10.69   13.51  141.36
  141.68  170.75 0.27473D-09  1  0  0.00000  256.52  262.55 0.52438D+14  2.316    3.159    2.612    0.000   32.658   10.68   13.50  141.68
  142.00  171.14 0.27416D-09  1  0  0.00000  256.47  262.52 0.52284D+14  2.316    3.152    2.604    0.000   32.658   10.67   13.50  142.00
  142.32  171.53 0.27360D-09  1  0  0.00000  256.42  262.50 0.52130D+14  2.317    3.144    2.597    0.000   32.658   10.67   13.49  142.32
  142.65  171.92 0.27304D-09  1  0  0.00000  256.37  262.48 0.51977D+14  2.317    3.137    2.590    0.000   32.658   10.66   13.49  142.65
  142.97  172.31 0.27248D-09  1  0  0.00000  256.32  262.45 0.51824D+14  2.318    3.129    2.582    0.000   32.658   10.65   13.49  142.97
  143.29  172.69 0.27193D-09  1  0  0.00000  256.27  262.43 0.51672D+14  2.318    3.122    2.575    0.000   32.658   10.65   13.48  143.29
  143.61  173.08 0.27138D-09  1  0  0.00000  256.22  262.40 0.51520D+14  2.319    3.115    2.568    0.000   32.658   10.64   13.48  143.61
  143.93  173.47 0.27083D-09  1  0  0.00000  256.17  262.38 0.51368D+14  2.319    3.108    2.561    0.000   32.658   10.63   13.48  143.93
  144.26  173.86 0.27028D-09  1  0  0.00000  256.12  262.36 0.51217D+14  2.320    3.100    2.554    0.000   32.658   10.63   13.47  144.26
  144.58  174.25 0.26974D-09  1  0  0.00000  256.07  262.33 0.51066D+14  2.320    3.093    2.547    0.000   32.658   10.62   13.47  144.58
  144.90  174.63 0.26919D-09  1  0  0.00000  256.02  262.31 0.50916D+14  2.321    3.086    2.540    0.000   32.658   10.61   13.47  144.90
  145.22  175.02 0.26865D-09  1  0  0.00000  255.97  262.28 0.50766D+14  2.321    3.079    2.533    0.000   32.658   10.61   13.46  145.22
  145.54  175.41 0.26812D-09  1  0  0.00000  255.92  262.26 0.50616D+14  2.322    3.072    2.526    0.000   32.658   10.60   13.46  145.54
  145.87  175.80 0.26758D-09  1  0  0.00000  255.87  262.23 0.50467D+14  2.322    3.065    2.519    0.000   32.658   10.59   13.45  145.87
  146.19  176.19 0.26705D-09  1  0  0.00000  255.82  262.21 0.50318D+14  2.323    3.058    2.512    0.000   32.658   10.59   13.45  146.19
  146.51  176.57 0.26652D-09  1  0  0.00000  255.77  262.18 0.50170D+14  2.323    3.051    2.505    0.000   32.658   10.58   13.45  146.51
  146.83  176.96 0.26599D-09  1  0  0.00000  255.72  262.16 0.50022D+14  2.323    3.044    2.498    0.000   32.658   10.57   13.44  146.83
  147.15  177.35 0.26546D-09  1  0  0.00000  255.67  262.13 0.49874D+14  2.324    3.037    2.491    0.000   32.658   10.57   13.44  147.15
  147.48  177.74 0.26494D-09  1  0  0.00000  255.62  262.11 0.49727D+14  2.324    3.030    2.484    0.000   32.658   10.56   13.44  147.48
  147.80  178.13 0.26442D-09  1  0  0.00000  255.57  262.08 0.49580D+14  2.325    3.023    2.478    0.000   32.658   10.55   13.43  147.80
  148.12  178.51 0.26390D-09  1  0  0.00000  255.52  262.06 0.49434D+14  2.325    3.016    2.471    0.000   32.658   10.55   13.43  148.12
  148.44  178.90 0.26339D-09  1  0  0.00000  255.47  262.03 0.49288D+14  2.326    3.009    2.464    0.000   32.658   10.54   13.43  148.44
  148.76  179.29 0.26287D-09  1  0  0.00000  255.41  262.01 0.49142D+14  2.326    3.002    2.457    0.000   32.658   10.53   13.42  148.76
  149.09  179.68 0.26236D-09  1  0  0.00000  255.36  261.98 0.48997D+14  2.327    2.996    2.451    0.000   32.658   10.53   13.42  149.09
  149.41  180.07 0.26185D-09  1  0  0.00000  255.31  261.96 0.48852D+14  2.327    2.989    2.444    0.000   32.658   10.52   13.41  149.41
  149.73  180.45 0.26134D-09  1  0  0.00000  255.26  261.93 0.48708D+14  2.328    2.982    2.437    0.000   32.658   10.51   13.41  149.73
  150.05  180.84 0.26084D-09  1  0  0.00000  255.21  261.90 0.48563D+14  2.328    2.975    2.431    0.000   32.658   10.51   13.41  150.05
  150.37  181.23 0.26033D-09  1  0  0.00000  255.16  261.88 0.48420D+14  2.329    2.969    2.424    0.000   32.658   10.50   13.40  150.37
  150.70  181.62 0.25983D-09  1  0  0.00000  255.11  261.85 0.48276D+14  2.329    2.962    2.418    0.000   32.658   10.49   13.40  150.70
  151.02  182.01 0.25933D-09  1  0  0.00000  255.06  261.83 0.48134D+14  2.330    2.955    2.411    0.000   32.658   10.48   13.40  151.02
  151.34  182.39 0.25884D-09  1  0  0.00000  255.00  261.80 0.47991D+14  2.330    2.949    2.405    0.000   32.658   10.48   13.39  151.34
  151.66  182.78 0.25834D-09  1  0  0.00000  254.95  261.77 0.47849D+14  2.331    2.942    2.398    0.000   32.658   10.47   13.39  151.66
  151.98  183.17 0.25785D-09  1  0  0.00000  254.90  261.75 0.47707D+14  2.331    2.936    2.392    0.000   32.658   10.46   13.39  151.98
  152.31  183.56 0.25736D-09  1  0  0.00000  254.85  261.72 0.47566D+14  2.332    2.929    2.385    0.000   32.658   10.46   13.38  152.31
  152.63  183.95 0.25687D-09  1  0  0.00000  254.80  261.69 0.47424D+14  2.332    2.923    2.379    0.000   32.658   10.45   13.38  152.63
  152.95  184.34 0.25639D-09  1  0  0.00000  254.74  261.67 0.47284D+14  2.333    2.916    2.373    0.000   32.658   10.44   13.37  152.95
  153.27  184.72 0.25590D-09  1  0  0.00000  254.69  261.64 0.47143D+14  2.333    2.910    2.366    0.000   32.658   10.44   13.37  153.27
  153.59  185.11 0.25542D-09  1  0  0.00000  254.64  261.61 0.47003D+14  2.334    2.903    2.360    0.000   32.658   10.43   13.37  153.59
  153.92  185.50 0.25494D-09  1  0  0.00000  254.59  261.59 0.46864D+14  2.334    2.897    2.354    0.000   32.658   10.42   13.36  153.92
  154.24  185.89 0.25446D-09  1  0  0.00000  254.54  261.56 0.46725D+14  2.335    2.891    2.348    0.000   32.658   10.42   13.36  154.24
  154.56  186.28 0.25399D-09  1  0  0.00000  254.48  261.53 0.46586D+14  2.335    2.884    2.341    0.000   32.658   10.41   13.36  154.56
  154.88  186.66 0.25351D-09  1  0  0.00000  254.43  261.51 0.46447D+14  2.336    2.878    2.335    0.000   32.658   10.40   13.35  154.88
  155.20  187.05 0.25304D-09  1  0  0.00000  254.38  261.48 0.46309D+14  2.336    2.872    2.329    0.000   32.658   10.40   13.35  155.20
  155.53  187.44 0.25257D-09  1  0  0.00000  254.32  261.45 0.46171D+14  2.337    2.865    2.323    0.000   32.658   10.39   13.34  155.53
  155.85  187.83 0.25210D-09  1  0  0.00000  254.27  261.42 0.46034D+14  2.337    2.859    2.317    0.000   32.658   10.38   13.34  155.85
  156.17  188.22 0.25163D-09  1  0  0.00000  254.22  261.40 0.45897D+14  2.338    2.853    2.311    0.000   32.658   10.38   13.34  156.17
  156.49  188.60 0.25117D-09  1  0  0.00000  254.17  261.37 0.45760D+14  2.338    2.847    2.305    0.000   32.658   10.37   13.33  156.49
  156.81  188.99 0.25071D-09  1  0  0.00000  254.11  261.34 0.45623D+14  2.339    2.841    2.299    0.000   32.658   10.36   13.33  156.81
  157.14  189.38 0.25025D-09  1  0  0.00000  254.06  261.31 0.45487D+14  2.339    2.834    2.292    0.000   32.658   10.36   13.33  157.14
  157.46  189.77 0.24979D-09  1  0  0.00000  254.01  261.28 0.45352D+14  2.340    2.828    2.286    0.000   32.658   10.35   13.32  157.46
  157.78  190.16 0.24933D-09  1  0  0.00000  253.95  261.26 0.45216D+14  2.340    2.822    2.281    0.000   32.658   10.34   13.32  157.78
  158.10  190.54 0.24888D-09  1  0  0.00000  253.90  261.23 0.45081D+14  2.341    2.816    2.275    0.000   32.658   10.34   13.32  158.10
  158.42  190.93 0.24843D-09  1  0  0.00000  253.85  261.20 0.44946D+14  2.341    2.810    2.269    0.000   32.658   10.33   13.31  158.42
  158.75  191.32 0.24797D-09  1  0  0.00000  253.79  261.17 0.44812D+14  2.342    2.804    2.263    0.000   32.658   10.32   13.31  158.75
  159.07  191.71 0.24753D-09  1  0  0.00000  253.74  261.14 0.44678D+14  2.342    2.798    2.257    0.000   32.658   10.32   13.30  159.07
  159.39  192.10 0.24708D-09  1  0  0.00000  253.69  261.11 0.44544D+14  2.343    2.792    2.251    0.000   32.658   10.31   13.30  159.39
  159.71  192.48 0.24663D-09  1  0  0.00000  253.63  261.08 0.44411D+14  2.343    2.786    2.245    0.000   32.658   10.30   13.30  159.71
  160.03  192.87 0.24619D-09  1  0  0.00000  253.58  261.06 0.44278D+14  2.344    2.780    2.239    0.000   32.658   10.30   13.29  160.03
  160.36  193.26 0.24575D-09  1  0  0.00000  253.52  261.03 0.44145D+14  2.344    2.774    2.234    0.000   32.658   10.29   13.29  160.36
  160.68  193.65 0.24531D-09  1  0  0.00000  253.47  261.00 0.44013D+14  2.345    2.768    2.228    0.000   32.658   10.28   13.29  160.68
  161.00  194.04 0.24487D-09  1  0  0.00000  253.41  260.97 0.43881D+14  2.345    2.762    2.222    0.000   32.658   10.28   13.28  161.00
