R_tot = 1561.0 R_core =  1400.0  Tsurf =   100.00  g =  1.310
     Pint       Hint       etaref      pCLA conv   zbot     %vol    Tbot     Tm      Fbot     Ftop     dlid
 0.44065D-09 0.12000D+13 0.32000D+14   0.0200  1  103.362  0.04478  257.78  261.95    0.000   39.189    9.16
 0.45859D-09 0.12125D+13 0.32000D+14   0.0200  1  100.142  0.04228  258.61  262.46    0.000   39.597    9.09
 0.46895D-09 0.12250D+13 0.32000D+14   0.0200  1   98.854  0.04135  258.93  262.75    0.000   40.006    9.03
 0.47959D-09 0.12375D+13 0.32000D+14   0.0200  1   97.566  0.04046  259.24  263.04    0.000   40.414    8.97
 0.49050D-09 0.12500D+13 0.32000D+14   0.0200  1   96.278  0.03961  259.54  263.32    0.000   40.822    8.92
 0.50330D-09 0.12625D+13 0.32000D+14   0.0200  1   94.668  0.03859  259.91  263.62    0.000   41.230    8.86
 0.51486D-09 0.12750D+13 0.32000D+14   0.0200  1   93.380  0.03781  260.20  263.89    0.000   41.638    8.81
 0.52674D-09 0.12875D+13 0.32000D+14   0.0200  1   92.092  0.03706  260.48  264.15    0.000   42.047    8.76
 0.54075D-09 0.13000D+13 0.32000D+14   0.0200  1   90.482  0.03616  260.82  264.42    0.000   42.455    8.71
 0.55336D-09 0.13125D+13 0.32000D+14   0.0200  1   89.194  0.03547  261.09  264.67    0.000   42.863    8.66
 0.65007D-09 0.13250D+13 0.32000D+14   0.0200  1   75.992  0.02962  263.57  265.32    2.066   45.141    8.77
 0.71396D-09 0.13375D+13 0.32000D+14   0.0200  1   69.552  0.02739  264.63  266.06    2.881   46.309    8.64
 0.76832D-09 0.13500D+13 0.32000D+14   0.0200  1   65.044  0.02601  265.34  266.57    3.364   47.177    8.54
 0.81821D-09 0.13625D+13 0.32000D+14   0.0200  1   61.502  0.02501  265.87  266.97    3.689   47.900    8.46
 0.86493D-09 0.13750D+13 0.32000D+14   0.0200  1   58.604  0.02425  266.29  267.29    3.911   48.527    8.39
 0.91139D-09 0.13875D+13 0.32000D+14   0.0200  1   56.028  0.02361  266.66  267.58    4.085   49.109    8.32
 0.96231D-09 0.14000D+13 0.32000D+14   0.0200  1   53.452  0.02299  267.02  267.85    4.266   49.700    8.25
 0.10122D-08 0.14125D+13 0.32000D+14   0.0200  1   51.198  0.02248  267.33  268.09    4.400   50.245    8.19
 0.10598D-08 0.14250D+13 0.32000D+14   0.0200  1   49.266  0.02206  267.59  268.30    4.483   50.742    8.13
 0.11114D-08 0.14375D+13 0.32000D+14   0.0200  1   47.334  0.02165  267.84  268.51    4.575   51.247    8.08
 0.11593D-08 0.14500D+13 0.32000D+14   0.0200  1   45.724  0.02132  268.05  268.69    4.613   51.700    8.02
 0.12194D-08 0.14625D+13 0.32000D+14   0.0200  1   43.792  0.02094  268.30  268.88    4.722   52.222    7.97
 0.12660D-08 0.14750D+13 0.32000D+14   0.0200  1   42.504  0.02069  268.46  269.03    4.712   52.628    7.92
 0.13256D-08 0.14875D+13 0.32000D+14   0.0200  1   40.894  0.02039  268.67  269.19    4.773   53.105    7.87
 0.13791D-08 0.15000D+13 0.32000D+14   0.0200  1   39.606  0.02016  268.83  269.33    4.776   53.523    7.82
 0.14361D-08 0.15125D+13 0.32000D+14   0.0200  1   38.318  0.01992  268.99  269.47    4.786   53.948    7.77
 0.14971D-08 0.15250D+13 0.32000D+14   0.0200  1   37.030  0.01970  269.15  269.60    4.803   54.381    7.72
 0.15625D-08 0.15375D+13 0.32000D+14   0.0200  1   35.742  0.01948  269.30  269.73    4.828   54.820    7.67
 0.16327D-08 0.15500D+13 0.32000D+14   0.0200  1   34.454  0.01926  269.46  269.85    4.862   55.269    7.63
 0.16923D-08 0.15625D+13 0.32000D+14   0.0200  1   33.488  0.01910  269.57  269.96    4.826   55.649    7.58
 0.17554D-08 0.15750D+13 0.32000D+14   0.0200  1   32.522  0.01894  269.69  270.06    4.797   56.035    7.54
 0.18224D-08 0.15875D+13 0.32000D+14   0.0200  1   31.556  0.01879  269.80  270.16    4.774   56.427    7.50
 0.18935D-08 0.16000D+13 0.32000D+14   0.0200  1   30.590  0.01863  269.92  270.26    4.758   56.825    7.46
 0.19693D-08 0.16125D+13 0.32000D+14   0.0200  1   29.624  0.01848  270.03  270.35    4.748   57.230    7.41
 0.20502D-08 0.16250D+13 0.32000D+14   0.0200  1   28.658  0.01834  270.14  270.45    4.747   57.643    7.37
 0.21367D-08 0.16375D+13 0.32000D+14   0.0200  1   27.692  0.01819  270.25  270.53    4.754   58.063    7.33
 0.22034D-08 0.16500D+13 0.32000D+14   0.0200  1   27.048  0.01809  270.33  270.61    4.674   58.399    7.29
 0.23009D-08 0.16625D+13 0.32000D+14   0.0200  1   26.082  0.01795  270.44  270.69    4.696   58.834    7.24
 0.23759D-08 0.16750D+13 0.32000D+14   0.0200  1   25.438  0.01786  270.51  270.77    4.628   59.180    7.21
 0.24548D-08 0.16875D+13 0.32000D+14   0.0200  1   24.794  0.01776  270.59  270.84    4.565   59.530    7.17
 0.25378D-08 0.17000D+13 0.32000D+14   0.0200  1   24.150  0.01767  270.66  270.91    4.506   59.886    7.14
 0.26614D-08 0.17125D+13 0.32000D+14   0.0200  1   23.184  0.01754  270.77  270.98    4.563   60.354    7.09
 0.27562D-08 0.17250D+13 0.32000D+14   0.0200  1   22.540  0.01745  270.84  271.04    4.519   60.723    7.05
 0.28567D-08 0.17375D+13 0.32000D+14   0.0200  1   21.896  0.01736  270.91  271.10    4.481   61.099    7.01
 0.29196D-08 0.17500D+13 0.32000D+14   0.0200  1   21.574  0.01731  270.95  271.17    4.331   61.363    6.99
 0.30297D-08 0.17625D+13 0.32000D+14   0.0200  1   20.930  0.01723  271.02  271.22    4.304   61.748    6.95
 0.31467D-08 0.17750D+13 0.32000D+14   0.0200  1   20.286  0.01714  271.09  271.28    4.284   62.141    6.91
 0.32714D-08 0.17875D+13 0.32000D+14   0.0200  1   19.642  0.01705  271.16  271.33    4.272   62.541    6.87
 0.33485D-08 0.18000D+13 0.32000D+14   0.0200  1   19.320  0.01701  271.20  271.39    4.136   62.818    6.85
 0.34866D-08 0.18125D+13 0.32000D+14   0.0200  1   18.676  0.01692  271.27  271.43    4.138   63.231    6.81
 0.35715D-08 0.18250D+13 0.32000D+14   0.0200  1   18.354  0.01688  271.30  271.49    4.008   63.515    6.78
 0.37251D-08 0.18375D+13 0.32000D+14   0.0200  1   17.710  0.01680  271.37  271.53    4.025   63.942    6.74
 0.38191D-08 0.18500D+13 0.32000D+14   0.0200  1   17.388  0.01676  271.41  271.58    3.903   64.233    6.71
 0.39912D-08 0.18625D+13 0.32000D+14   0.0200  1   16.744  0.01667  271.48  271.61    3.937   64.677    6.67
 0.40959D-08 0.18750D+13 0.32000D+14   0.0200  1   16.422  0.01663  271.51  271.66    3.824   64.977    6.64
 0.42048D-08 0.18875D+13 0.32000D+14   0.0200  1   16.100  0.01659  271.55  271.71    3.714   65.279    6.61
 0.44072D-08 0.19000D+13 0.32000D+14   0.0200  1   15.456  0.01651  271.62  271.73    3.773   65.748    6.57
 0.45296D-08 0.19125D+13 0.32000D+14   0.0200  1   15.134  0.01647  271.65  271.78    3.674   66.061    6.54
 0.46574D-08 0.19250D+13 0.32000D+14   0.0200  1   14.812  0.01643  271.68  271.82    3.579   66.377    6.52
 0.47908D-08 0.19375D+13 0.32000D+14   0.0200  1   14.490  0.01639  271.72  271.85    3.487   66.697    6.49
 0.49303D-08 0.19500D+13 0.32000D+14   0.0200  1   14.168  0.01635  271.75  271.89    3.400   67.021    6.46
 0.50762D-08 0.19625D+13 0.32000D+14   0.0200  1   13.846  0.01631  271.79  271.93    3.317   67.349    6.43
 0.52291D-08 0.19750D+13 0.32000D+14   0.0200  1   13.524  0.01627  271.82  271.96    3.239   67.682    6.40
 0.53894D-08 0.19875D+13 0.32000D+14   0.0200  1   13.202  0.01623  271.86  271.99    3.166   68.019    6.37
 0.55577D-08 0.20000D+13 0.32000D+14   0.0200  1   12.880  0.01619  271.89  272.02    3.098   68.362    6.34
 0.57347D-08 0.20125D+13 0.32000D+14   0.0200  1   12.558  0.01615  271.92  272.05    3.035   68.710    6.31
 0.57703D-08 0.20250D+13 0.32000D+14   0.0200  1   12.558  0.01615  271.92  272.11    2.766   68.853    6.30
 0.58059D-08 0.20375D+13 0.32000D+14   0.0200  1   12.558  0.01615  271.92  272.16    2.496   68.996    6.29
 0.58416D-08 0.20500D+13 0.32000D+14   0.0200  1   12.558  0.01615  271.92  272.22    2.226   69.138    6.27
 0.58772D-08 0.20625D+13 0.32000D+14   0.0200  1   12.558  0.01615  271.92  272.27    1.956   69.281    6.26
 0.59128D-08 0.20750D+13 0.32000D+14   0.0200  1   12.558  0.01615  271.92  272.33    1.686   69.424    6.25
 0.58009D-08 0.20875D+13 0.32000D+14   0.0200  1   12.880  0.01619  271.89  272.41    1.209   69.362    6.25
 0.58356D-08 0.21000D+13 0.32000D+14   0.0200  1   12.880  0.01619  271.89  272.47    0.939   69.505    6.24
 0.58704D-08 0.21125D+13 0.32000D+14   0.0200  1   12.880  0.01619  271.89  272.52    0.669   69.647    6.23
 0.59051D-08 0.21250D+13 0.32000D+14   0.0200  1   12.880  0.01619  271.89  272.58    0.398   69.789    6.21
 0.59398D-08 0.21375D+13 0.32000D+14   0.0200  1   12.880  0.01619  271.89  272.63    0.128   69.931    6.20
 0.32962D-08 0.21500D+13 0.32000D+14   0.0200  1   23.506  0.01758  270.73  270.96   -4.308   66.035    6.96
 0.33607D-08 0.21625D+13 0.32000D+14   0.0200  1   23.184  0.01754  270.77  270.99   -4.515   66.240    6.95
 0.34270D-08 0.21750D+13 0.32000D+14   0.0200  1   22.862  0.01749  270.80  271.02   -4.722   66.445    6.93
 0.34952D-08 0.21875D+13 0.32000D+14   0.0200  1   22.540  0.01745  270.84  271.04   -4.930   66.650    6.91
 0.35152D-08 0.22000D+13 0.32000D+14   0.0200  1   22.540  0.01745  270.84  271.12   -5.153   66.841    6.89
 0.35857D-08 0.22125D+13 0.32000D+14   0.0200  1   22.218  0.01740  270.87  271.15   -5.362   67.045    6.87
 0.36582D-08 0.22250D+13 0.32000D+14   0.0200  1   21.896  0.01736  270.91  271.17   -5.571   67.247    6.85
 0.37329D-08 0.22375D+13 0.32000D+14   0.0200  1   21.574  0.01731  270.95  271.19   -5.781   67.449    6.84
 0.38098D-08 0.22500D+13 0.32000D+14   0.0200  1   21.252  0.01727  270.98  271.21   -5.991   67.651    6.82
 0.38891D-08 0.22625D+13 0.32000D+14   0.0200  1   20.930  0.01723  271.02  271.22   -6.201   67.852    6.80
 0.39709D-08 0.22750D+13 0.32000D+14   0.0200  1   20.608  0.01718  271.05  271.24   -6.412   68.052    6.78
 0.39927D-08 0.22875D+13 0.32000D+14   0.0200  1   20.608  0.01718  271.05  271.32   -6.638   68.240    6.76
 0.40774D-08 0.23000D+13 0.32000D+14   0.0200  1   20.286  0.01714  271.09  271.33   -6.850   68.439    6.75
 0.41648D-08 0.23125D+13 0.32000D+14   0.0200  1   19.964  0.01710  271.12  271.34   -7.062   68.638    6.73
 0.42551D-08 0.23250D+13 0.32000D+14   0.0200  1   19.642  0.01705  271.16  271.35   -7.275   68.836    6.71
 0.42780D-08 0.23375D+13 0.32000D+14   0.0200  1   19.642  0.01705  271.16  271.43   -7.502   69.022    6.70
 0.43716D-08 0.23500D+13 0.32000D+14   0.0200  1   19.320  0.01701  271.20  271.43   -7.716   69.219    6.68
 0.44684D-08 0.23625D+13 0.32000D+14   0.0200  1   18.998  0.01697  271.23  271.43   -7.930   69.416    6.66
 0.45686D-08 0.23750D+13 0.32000D+14   0.0200  1   18.676  0.01692  271.27  271.44   -8.144   69.612    6.65
 0.45926D-08 0.23875D+13 0.32000D+14   0.0200  1   18.676  0.01692  271.27  271.51   -8.373   69.796    6.63
 0.46967D-08 0.24000D+13 0.32000D+14   0.0200  1   18.354  0.01688  271.30  271.51   -8.588   69.991    6.62
 0.48045D-08 0.24125D+13 0.32000D+14   0.0200  1   18.032  0.01684  271.34  271.51   -8.804   70.185    6.60
 0.48294D-08 0.24250D+13 0.32000D+14   0.0200  1   18.032  0.01684  271.34  271.58   -9.034   70.368    6.58
 0.49415D-08 0.24375D+13 0.32000D+14   0.0200  1   17.710  0.01680  271.37  271.57   -9.251   70.561    6.57
 0.50578D-08 0.24500D+13 0.32000D+14   0.0200  1   17.388  0.01676  271.41  271.56   -9.467   70.754    6.55
 0.50836D-08 0.24625D+13 0.32000D+14   0.0200  1   17.388  0.01676  271.41  271.64   -9.699   70.935    6.54
 0.52047D-08 0.24750D+13 0.32000D+14   0.0200  1   17.066  0.01672  271.44  271.63   -9.916   71.127    6.52
 0.53305D-08 0.24875D+13 0.32000D+14   0.0200  1   16.744  0.01667  271.48  271.61  -10.134   71.318    6.51
 0.53573D-08 0.25000D+13 0.32000D+14   0.0200  1   16.744  0.01667  271.48  271.68  -10.367   71.498    6.49
 0.54885D-08 0.25125D+13 0.32000D+14   0.0200  1   16.422  0.01663  271.51  271.67  -10.585   71.688    6.47
 0.55158D-08 0.25250D+13 0.32000D+14   0.0200  1   16.422  0.01663  271.51  271.74  -10.819   71.868    6.46
 0.56528D-08 0.25375D+13 0.32000D+14   0.0200  1   16.100  0.01659  271.55  271.72  -11.039   72.057    6.44
 0.56806D-08 0.25500D+13 0.32000D+14   0.0200  1   16.100  0.01659  271.55  271.79  -11.273   72.235    6.43
 0.58238D-08 0.25625D+13 0.32000D+14   0.0200  1   15.778  0.01655  271.58  271.77  -11.493   72.423    6.41
 0.59729D-08 0.25750D+13 0.32000D+14   0.0200  1   15.456  0.01651  271.62  271.74  -11.713   72.611    6.40
 0.60019D-08 0.25875D+13 0.32000D+14   0.0200  1   15.456  0.01651  271.62  271.81  -11.949   72.788    6.38
 0.61579D-08 0.26000D+13 0.32000D+14   0.0200  1   15.134  0.01647  271.65  271.78  -12.170   72.975    6.37
 0.61875D-08 0.26125D+13 0.32000D+14   0.0200  1   15.134  0.01647  271.65  271.85  -12.406   73.151    6.36
 0.63510D-08 0.26250D+13 0.32000D+14   0.0200  1   14.812  0.01643  271.68  271.81  -12.628   73.337    6.34
 0.63812D-08 0.26375D+13 0.32000D+14   0.0200  1   14.812  0.01643  271.68  271.88  -12.865   73.512    6.33
 0.64114D-08 0.26500D+13 0.32000D+14   0.0200  1   14.812  0.01643  271.68  271.95  -13.102   73.688    6.31
 0.64417D-08 0.26625D+13 0.32000D+14   0.0200  1   14.812  0.01643  271.68  272.02  -13.339   73.864    6.30
 0.64719D-08 0.26750D+13 0.32000D+14   0.0200  1   14.812  0.01643  271.68  272.09  -13.576   74.039    6.28
 0.65022D-08 0.26875D+13 0.32000D+14   0.0200  1   14.812  0.01643  271.68  272.16  -13.813   74.216    6.27
 0.65324D-08 0.27000D+13 0.32000D+14   0.0200  1   14.812  0.01643  271.68  272.22  -14.049   74.392    6.25
 0.65627D-08 0.27125D+13 0.32000D+14   0.0200  1   14.812  0.01643  271.68  272.29  -14.285   74.569    6.24
 0.65929D-08 0.27250D+13 0.32000D+14   0.0200  1   14.812  0.01643  271.68  272.36  -14.521   74.745    6.22
 0.66231D-08 0.27375D+13 0.32000D+14   0.0200  1   14.812  0.01643  271.68  272.43  -14.757   74.922    6.21
 0.66534D-08 0.27500D+13 0.32000D+14   0.0200  1   14.812  0.01643  271.68  272.50  -14.992   75.099    6.19
 0.66836D-08 0.27625D+13 0.32000D+14   0.0200  1   14.812  0.01643  271.68  272.57  -15.228   75.277    6.18
 0.67139D-08 0.27750D+13 0.32000D+14   0.0200  1   14.812  0.01643  271.68  272.63  -15.463   75.454    6.16
 0.66020D-08 0.27875D+13 0.32000D+14   0.0200  1   15.134  0.01647  271.65  272.81  -15.698   75.638    6.15
 0.66316D-08 0.28000D+13 0.32000D+14   0.0200  1   15.134  0.01647  271.65  272.88  -15.932   75.817    6.13
 0.66612D-08 0.28125D+13 0.32000D+14   0.0200  1   15.134  0.01647  271.65  272.95  -16.166   75.996    6.12
 0.66908D-08 0.28250D+13 0.32000D+14   0.0200  1   15.134  0.01647  271.65  273.02  -16.399   76.175    6.10
 0.67204D-08 0.28375D+13 0.32000D+14   0.0200  1   15.134  0.01647  271.65  273.08  -16.632   76.355    6.09
 0.67500D-08 0.28500D+13 0.32000D+14   0.0200  1   15.134  0.01647  271.65  273.15  -16.865   76.534    6.07
 0.67796D-08 0.28625D+13 0.32000D+14   0.0200  1   15.134  0.01647  271.65  273.22  -17.098   76.714    6.06
 0.68092D-08 0.28750D+13 0.32000D+14   0.0200  1   15.134  0.01647  271.65  273.29  -17.331   76.894    6.05
 0.68388D-08 0.28875D+13 0.32000D+14   0.0200  1   15.134  0.01647  271.65  273.36  -17.563   77.075    6.03
 0.68684D-08 0.29000D+13 0.32000D+14   0.0200  1   15.134  0.01647  271.65  273.42  -17.795   77.255    6.02
 0.68980D-08 0.29125D+13 0.32000D+14   0.0200  1   15.134  0.01647  271.65  273.49  -18.028   77.436    6.00
 0.69277D-08 0.29250D+13 0.32000D+14   0.0200  1   15.134  0.01647  271.65  273.56  -18.260   77.616    5.99
 0.69573D-08 0.29375D+13 0.32000D+14   0.0200  1   15.134  0.01647  271.65  273.63  -18.491   77.797    5.98
 0.69869D-08 0.29500D+13 0.32000D+14   0.0200  1   15.134  0.01647  271.65  273.70  -18.723   77.978    5.96
 0.70165D-08 0.29625D+13 0.32000D+14   0.0200  1   15.134  0.01647  271.65  273.76  -18.954   78.160    5.95
 0.70461D-08 0.29750D+13 0.32000D+14   0.0200  1   15.134  0.01647  271.65  273.83  -19.186   78.341    5.93
 0.70757D-08 0.29875D+13 0.32000D+14   0.0200  1   15.134  0.01647  271.65  273.90  -19.417   78.523    5.92
 0.71053D-08 0.30000D+13 0.32000D+14   0.0200  1   15.134  0.01647  271.65  273.97  -19.648   78.704    5.91
