R_tot = 1561.0 R_core =  1400.0  Tsurf =   100.00  g =  1.310
   zbot    P(MPa) Hint     conv melt pCLA   Tbot     Tm     etam        k   Fcond_bot Fcond_top   Fbot     Ftop    dlid z_topTBL z_botTBL
    0.00   -0.00 0.10583D-05  0  0  0.01105  273.24  261.57 0.32206D+15  2.167    0.000    0.000    0.000    0.000    0.00    0.00    0.00
    0.32    0.39 0.10585D-06  0  0  0.01108  273.21  265.20 0.22035D+15  2.167 1398.882 1398.305 1383.202 1413.983    0.32    0.32    0.32
    0.64    0.77 0.52937D-07  0  0  0.01110  273.18  265.78 0.20688D+15  2.167  699.459  698.882  683.774  714.562    0.64    0.64    0.64
    0.97    1.16 0.35299D-07  0  0  0.01113  273.15  266.16 0.19857D+15  2.168  466.317  465.740  450.629  481.422    0.97    0.97    0.97
    1.29    1.55 0.26480D-07  0  0  0.01115  273.12  266.43 0.19249D+15  2.168  349.747  349.170  334.054  364.854    1.29    1.29    1.29
    1.61    1.94 0.21188D-07  0  0  0.01118  273.08  266.66 0.18768D+15  2.168  279.804  279.227  264.107  294.914    1.61    1.61    1.61
    1.93    2.33 0.17660D-07  0  0  0.01120  273.05  266.84 0.18370D+15  2.168  233.176  232.599  217.474  248.287    1.93    1.93    1.93
    2.25    2.71 0.15141D-07  0  0  0.01123  273.02  266.99 0.18030D+15  2.169  199.870  199.293  184.164  214.984    2.25    2.25    2.25
    2.58    3.10 0.13251D-07  0  0  0.01125  272.99  267.13 0.17732D+15  2.169  174.890  174.313  159.180  190.006    2.58    2.58    2.58
    2.90    3.49 0.11781D-07  0  0  0.01128  272.96  267.25 0.17468D+15  2.169  155.462  154.885  139.747  170.580    2.90    2.90    2.90
    3.22    3.88 0.10605D-07  0  0  0.01131  272.93  267.36 0.17230D+15  2.170  139.919  139.342  124.200  155.039    3.22    3.22    3.22
    3.54    4.27 0.96428D-08  0  0  0.01133  272.89  267.45 0.17013D+15  2.170  127.202  126.625  111.478  142.324    3.54    3.54    3.54
    3.86    4.65 0.88411D-08  0  0  0.01136  272.86  267.54 0.16815D+15  2.170  116.604  116.028  100.877  131.729    3.86    3.86    3.86
    4.19    5.04 0.81627D-08  0  0  0.01138  272.83  267.62 0.16632D+15  2.170  107.637  107.061   91.905  122.764    4.19    4.19    4.19
    4.51    5.43 0.75812D-08  0  0  0.01141  272.80  267.69 0.16462D+15  2.171   99.951   99.374   84.215  115.080    4.51    4.51    4.51
    4.83    5.82 0.70773D-08  0  0  0.01144  272.77  267.76 0.16303D+15  2.171   93.290   92.713   77.549  108.421    4.83    4.83    4.83
    5.15    6.21 0.66363D-08  0  0  0.01146  272.74  267.82 0.16154D+15  2.171   87.461   86.884   71.716  102.595    5.15    5.15    5.15
    5.47    6.59 0.62472D-08  0  0  0.01149  272.70  267.88 0.16013D+15  2.171   82.318   81.742   66.569   97.454    5.47    5.47    5.47
    5.80    6.98 0.59014D-08  0  0  0.01151  272.67  267.93 0.15881D+15  2.172   77.746   77.170   61.993   92.885    5.80    5.80    5.80
    6.12    7.37 0.55919D-08  0  0  0.01154  272.64  267.98 0.15755D+15  2.172   73.656   73.080   57.898   88.796    6.12    6.12    6.12
    6.44    7.76 0.53134D-08  0  0  0.01157  272.61  268.03 0.15636D+15  2.172   69.975   69.398   54.212   85.117    6.44    6.44    6.44
    6.76    8.15 0.50615D-08  0  0  0.01159  272.57  268.07 0.15522D+15  2.173   66.644   66.068   50.877   81.789    6.76    6.76    6.76
    7.08    8.54 0.48324D-08  0  0  0.01162  272.54  268.11 0.15413D+15  2.173   63.616   63.040   47.845   78.763    7.08    7.08    7.08
    7.41    8.92 0.46232D-08  0  0  0.01165  272.51  268.15 0.15309D+15  2.173   60.851   60.275   45.076   76.000    7.41    7.41    7.41
    7.73    9.31 0.44315D-08  0  0  0.01168  272.48  268.19 0.15209D+15  2.173   58.317   57.741   42.537   73.468    7.73    7.73    7.73
    8.05    9.70 0.42551D-08  0  0  0.01170  272.45  268.22 0.15113D+15  2.174   55.985   55.409   40.201   71.139    8.05    8.05    8.05
    8.37   10.09 0.40923D-08  0  0  0.01173  272.41  268.25 0.15021D+15  2.174   53.833   53.257   38.045   68.989    8.37    8.37    8.37
    8.69   10.48 0.39416D-08  0  0  0.01176  272.38  268.28 0.14932D+15  2.174   51.840   51.264   36.047   66.998    8.69    8.69    8.69
    9.02   10.86 0.38016D-08  0  0  0.01179  272.35  268.31 0.14847D+15  2.174   49.990   49.414   34.193   65.150    9.02    9.02    9.02
    9.34   11.25 0.36713D-08  0  0  0.01181  272.31  268.34 0.14764D+15  2.175   48.267   47.691   32.465   63.429    9.34    9.34    9.34
    9.66   11.64 0.35496D-08  0  0  0.01184  272.28  268.36 0.14684D+15  2.175   46.659   46.083   30.853   61.824    9.66    9.66    9.66
    9.98   12.03 0.34358D-08  0  0  0.01187  272.25  268.38 0.14606D+15  2.175   45.154   44.579   29.344   60.321    9.98    9.98    9.98
   10.30   12.42 0.33291D-08  0  0  0.01190  272.22  268.41 0.14531D+15  2.176   43.744   43.168   27.930   58.913   10.30   10.30   10.30
   10.63   12.80 0.32289D-08  0  0  0.01193  272.18  268.43 0.14459D+15  2.176   42.419   41.844   26.600   57.591   10.63   10.63   10.63
   10.95   13.19 0.31346D-08  0  0  0.01195  272.15  268.45 0.14388D+15  2.176   41.172   40.597   25.349   56.346   10.95   10.95   10.95
   11.27   13.58 0.30457D-08  0  0  0.01198  272.12  268.46 0.14319D+15  2.176   39.997   39.421   24.169   55.173   11.27   11.27   11.27
   11.59   13.97 0.29617D-08  0  0  0.01201  272.09  268.48 0.14252D+15  2.177   38.886   38.311   23.054   54.064   11.59   11.59   11.59
   11.91   14.36 0.28822D-08  0  0  0.01204  272.05  268.50 0.14187D+15  2.177   37.836   37.261   22.000   53.016   11.91   11.91   11.91
   12.24   14.74 0.28070D-08  0  0  0.01207  272.02  268.51 0.14124D+15  2.177   36.841   36.266   21.000   52.023   12.24   12.24   12.24
   12.56   15.13 0.27356D-08  0  0  0.01210  271.99  268.52 0.14062D+15  2.178   35.897   35.321   20.052   51.082   12.56   12.56   12.56
   12.88   15.52 0.26677D-08  0  0  0.01213  271.95  268.54 0.14002D+15  2.178   35.000   34.425   19.150   50.187   12.88   12.88   12.88
   13.20   15.91 0.26032D-08  0  0  0.01216  271.92  268.55 0.13943D+15  2.178   34.147   33.572   18.293   49.336   13.20   13.20   13.20
   13.52   16.30 0.25417D-08  0  0  0.01219  271.89  268.56 0.13886D+15  2.178   33.334   32.759   17.476   48.526   13.52   13.52   13.52
   13.85   16.68 0.24831D-08  0  0  0.01222  271.85  268.57 0.13830D+15  2.179   32.559   31.984   16.697   47.753   13.85   13.85   13.85
   14.17   17.07 0.24272D-08  0  0  0.01224  271.82  268.58 0.13775D+15  2.179   31.820   31.245   15.953   47.016   14.17   14.17   14.17
   14.49   17.46 0.23738D-08  0  0  0.01227  271.79  268.59 0.13722D+15  2.179   31.113   30.538   15.242   46.311   14.49   14.49   14.49
   14.81   17.85 0.23226D-08  0  0  0.01230  271.75  268.60 0.13669D+15  2.180   30.437   29.862   14.561   45.638   14.81   14.81   14.81
   15.13   18.24 0.22737D-08  0  0  0.01233  271.72  268.60 0.13618D+15  2.180   29.790   29.215   13.910   44.993   15.13   15.13   15.13
   15.46   18.63 0.22268D-08  0  0  0.01236  271.69  268.61 0.13568D+15  2.180   29.170   28.595   13.285   44.375   15.46   15.46   15.46
   15.78   19.01 0.21818D-08  0  0  0.01239  271.65  268.62 0.13518D+15  2.180   28.575   28.000   12.686   43.782   15.78   15.78   15.78
   16.10   19.40 0.21386D-08  0  0  0.01243  271.62  268.62 0.13470D+15  2.181   28.004   27.429   12.110   43.213   16.10   16.10   16.10
   16.42   19.79 0.20971D-08  0  0  0.01246  271.59  268.63 0.13423D+15  2.181   27.455   26.880   11.557   42.667   16.42   16.42   16.42
   16.74   19.78 0.20572D-08  1  0  0.01249  271.55  268.63 0.13376D+15  2.181   26.927   26.353   11.391   42.499   10.16   14.45   16.08
   17.07   20.17 0.20188D-08  1  0  0.01252  271.52  268.63 0.13331D+15  2.182   26.420   25.845   11.280   42.386   10.18   14.38   16.40
   17.39   20.56 0.19818D-08  1  0  0.01255  271.48  268.64 0.13286D+15  2.182   25.931   25.356   11.171   42.275   10.20   14.32   16.73
   17.71   20.95 0.19462D-08  1  0  0.01258  271.45  268.64 0.13242D+15  2.182   25.459   24.885   11.064   42.166   10.22   14.27   17.05
   18.03   21.34 0.19118D-08  1  0  0.01261  271.42  268.64 0.13199D+15  2.182   25.005   24.431   10.960   42.059   10.25   14.22   17.37
   18.35   21.72 0.18787D-08  1  0  0.01264  271.38  268.64 0.13157D+15  2.183   24.567   23.992   10.857   41.955   10.27   14.17   17.70
   18.68   22.11 0.18467D-08  1  0  0.01267  271.35  268.64 0.13115D+15  2.183   24.143   23.569   10.756   41.852   10.29   14.12   18.02
   19.00   22.50 0.18158D-08  1  0  0.01271  271.31  268.64 0.13074D+15  2.183   23.734   23.160   10.658   41.751   10.31   14.08   18.35
   19.32   22.89 0.17859D-08  1  0  0.01274  271.28  268.64 0.13034D+15  2.184   23.339   22.765   10.561   41.652   10.33   14.04   18.67
   19.64   23.28 0.17569D-08  1  0  0.01277  271.25  268.64 0.12994D+15  2.184   22.957   22.383   10.465   41.555   10.35   14.00   19.00
   19.96   23.67 0.17290D-08  1  0  0.01280  271.21  268.64 0.12955D+15  2.184   22.587   22.013   10.372   41.460   10.37   13.96   19.32
   20.29   24.06 0.17019D-08  1  0  0.01283  271.18  268.64 0.12917D+15  2.184   22.228   21.654   10.280   41.366   10.39   13.93   19.64
   20.61   24.45 0.16756D-08  1  0  0.01287  271.14  268.64 0.12879D+15  2.185   21.881   21.307   10.189   41.273   10.41   13.90   19.97
   20.93   24.84 0.16502D-08  1  0  0.01290  271.11  268.64 0.12842D+15  2.185   21.545   20.971   10.101   41.183   10.43   13.87   20.29
   21.25   25.23 0.16255D-08  1  0  0.01293  271.07  268.64 0.12806D+15  2.185   21.218   20.645   10.013   41.094   10.44   13.84   20.62
   21.57   25.62 0.16016D-08  1  0  0.01296  271.04  268.63 0.12770D+15  2.186   20.902   20.328    9.927   41.006   10.46   13.82   20.94
   21.90   26.01 0.15784D-08  1  0  0.01300  271.01  268.63 0.12734D+15  2.186   20.595   20.021    9.842   40.919   10.48   13.79   21.27
   22.22   26.40 0.15558D-08  1  0  0.01303  270.97  268.63 0.12699D+15  2.186   20.296   19.723    9.759   40.834   10.50   13.77   21.59
   22.54   26.79 0.15339D-08  1  0  0.01306  270.94  268.62 0.12664D+15  2.187   20.006   19.433    9.676   40.750   10.51   13.75   21.92
   22.86   27.18 0.15126D-08  1  0  0.01310  270.90  268.62 0.12630D+15  2.187   19.725   19.151    9.595   40.668   10.53   13.73   22.24
   23.18   27.57 0.14919D-08  1  0  0.01313  270.87  268.61 0.12597D+15  2.187   19.451   18.877    9.516   40.586   10.55   13.71   22.57
   23.51   27.96 0.14718D-08  1  0  0.01317  270.83  268.61 0.12564D+15  2.187   19.185   18.611    9.437   40.506   10.56   13.69   22.89
   23.83   28.35 0.14522D-08  1  0  0.01320  270.80  268.60 0.12531D+15  2.188   18.925   18.352    9.359   40.427   10.58   13.67   23.22
   24.15   28.74 0.14331D-08  1  0  0.01323  270.76  268.60 0.12499D+15  2.188   18.673   18.100    9.283   40.349   10.60   13.65   23.54
   24.47   29.13 0.14146D-08  1  0  0.01327  270.73  268.59 0.12467D+15  2.188   18.428   17.854    9.207   40.272   10.61   13.64   23.87
   24.79   29.52 0.13965D-08  1  0  0.01330  270.69  268.59 0.12436D+15  2.189   18.188   17.615    9.133   40.196   10.63   13.63   24.19
   25.12   29.91 0.13789D-08  1  0  0.01334  270.66  268.58 0.12405D+15  2.189   17.955   17.382    9.059   40.122   10.64   13.61   24.52
   25.44   30.30 0.13617D-08  1  0  0.01337  270.62  268.57 0.12374D+15  2.189   17.728   17.155    8.987   40.048   10.66   13.60   24.84
   25.76   30.69 0.13450D-08  1  0  0.01341  270.59  268.56 0.12344D+15  2.190   17.506   16.933    8.915   39.975   10.67   13.59   25.17
   26.08   31.08 0.13286D-08  1  0  0.01344  270.55  268.56 0.12315D+15  2.190   17.290   16.717    8.845   39.903   10.69   13.58   25.50
   26.40   31.47 0.13127D-08  1  0  0.01348  270.52  268.55 0.12285D+15  2.190   17.080   16.507    8.775   39.832   10.70   13.56   25.82
   26.73   31.86 0.12972D-08  1  0  0.01351  270.48  268.54 0.12256D+15  2.190   16.874   16.301    8.706   39.762   10.72   13.55   26.15
   27.05   32.25 0.12820D-08  1  0  0.01355  270.44  268.53 0.12227D+15  2.191   16.673   16.100    8.638   39.692   10.73   13.55   26.47
   27.37   32.64 0.12672D-08  1  0  0.01358  270.41  268.53 0.12199D+15  2.191   16.477   15.904    8.570   39.624   10.75   13.54   26.80
   27.69   33.03 0.12527D-08  1  0  0.01362  270.37  268.52 0.12171D+15  2.191   16.285   15.713    8.504   39.556   10.76   13.53   27.12
   28.01   33.42 0.12385D-08  1  0  0.01366  270.34  268.51 0.12143D+15  2.192   16.098   15.525    8.438   39.489   10.77   13.52   27.45
   28.34   33.81 0.12247D-08  1  0  0.01369  270.30  268.50 0.12116D+15  2.192   15.915   15.343    8.373   39.423   10.79   13.51   27.78
   28.66   34.20 0.12112D-08  1  0  0.01373  270.27  268.49 0.12089D+15  2.192   15.736   15.164    8.308   39.357   10.80   13.51   28.10
   28.98   34.59 0.11980D-08  1  0  0.01377  270.23  268.48 0.12062D+15  2.193   15.561   14.989    8.245   39.293   10.81   13.50   28.43
   29.30   34.98 0.11851D-08  1  0  0.01380  270.19  268.47 0.12036D+15  2.193   15.390   14.818    8.182   39.229   10.83   13.49   28.75
   29.62   35.37 0.11724D-08  1  0  0.01384  270.16  268.46 0.12010D+15  2.193   15.223   14.651    8.119   39.165   10.84   13.49   29.08
   29.95   35.77 0.11601D-08  1  0  0.01388  270.12  268.45 0.11984D+15  2.194   15.059   14.487    8.058   39.103   10.85   13.48   29.41
   30.27   36.16 0.11480D-08  1  0  0.01391  270.09  268.44 0.11958D+15  2.194   14.899   14.327    7.997   39.041   10.87   13.48   29.73
   30.59   36.55 0.11361D-08  1  0  0.01395  270.05  268.43 0.11933D+15  2.194   14.742   14.170    7.936   38.979   10.88   13.48   30.06
   30.91   36.94 0.11245D-08  1  0  0.01399  270.01  268.42 0.11908D+15  2.194   14.589   14.017    7.876   38.919   10.89   13.47   30.38
   31.23   37.33 0.11132D-08  1  0  0.01403  269.98  268.40 0.11883D+15  2.195   14.438   13.866    7.817   38.859   10.90   13.47   30.71
   31.56   37.72 0.11020D-08  1  0  0.01407  269.94  268.39 0.11859D+15  2.195   14.291   13.719    7.758   38.799   10.91   13.46   31.04
   31.88   38.11 0.10911D-08  1  0  0.01411  269.90  268.38 0.11834D+15  2.195   14.147   13.575    7.700   38.740   10.93   13.46   31.36
   32.20   38.50 0.10804D-08  1  0  0.01414  269.87  268.37 0.11810D+15  2.196   14.005   13.433    7.643   38.682   10.94   13.46   31.69
   32.52   38.89 0.10700D-08  1  0  0.01418  269.83  268.36 0.11787D+15  2.196   13.866   13.294    7.586   38.624   10.95   13.46   32.02
   32.84   39.28 0.10597D-08  1  0  0.01422  269.80  268.34 0.11763D+15  2.196   13.730   13.159    7.529   38.567   10.96   13.45   32.34
   33.17   39.67 0.10496D-08  1  0  0.01426  269.76  268.33 0.11740D+15  2.197   13.597   13.025    7.473   38.510   10.97   13.45   32.67
   33.49   40.06 0.10397D-08  1  0  0.01430  269.72  268.32 0.11717D+15  2.197   13.466   12.894    7.418   38.454   10.98   13.45   33.00
   33.81   40.45 0.10301D-08  1  0  0.01434  269.69  268.31 0.11694D+15  2.197   13.338   12.766    7.362   38.398   11.00   13.45   33.32
   34.13   40.85 0.10206D-08  1  0  0.01438  269.65  268.29 0.11672D+15  2.198   13.212   12.640    7.308   38.343   11.01   13.45   33.65
   34.45   41.24 0.10112D-08  1  0  0.01442  269.61  268.28 0.11649D+15  2.198   13.088   12.517    7.254   38.288   11.02   13.45   33.98
   34.78   41.63 0.10021D-08  1  0  0.01446  269.57  268.27 0.11627D+15  2.198   12.967   12.396    7.200   38.234   11.03   13.45   34.30
   35.10   42.02 0.99309D-09  1  0  0.01450  269.54  268.25 0.11605D+15  2.199   12.848   12.277    7.147   38.180   11.04   13.45   34.63
   35.42   42.41 0.98426D-09  1  0  0.01454  269.50  268.24 0.11584D+15  2.199   12.731   12.160    7.094   38.127   11.05   13.45   34.96
   35.74   42.80 0.97560D-09  1  0  0.01458  269.46  268.22 0.11562D+15  2.199   12.616   12.045    7.042   38.074   11.06   13.45   35.28
   36.06   43.19 0.96709D-09  1  0  0.01462  269.43  268.21 0.11541D+15  2.199   12.503   11.932    6.990   38.022   11.07   13.45   35.61
   36.39   43.58 0.95873D-09  1  0  0.01466  269.39  268.19 0.11520D+15  2.200   12.393   11.822    6.938   37.970   11.08   13.45   35.94
   36.71   43.97 0.95052D-09  1  0  0.01471  269.35  268.18 0.11499D+15  2.200   12.284   11.713    6.887   37.918   11.09   13.45   36.27
   37.03   44.37 0.94245D-09  1  0  0.01475  269.31  268.17 0.11478D+15  2.200   12.177   11.606    6.836   37.867   11.10   13.45   36.59
   37.35   44.76 0.93452D-09  1  0  0.01479  269.28  268.15 0.11458D+15  2.201   12.072   11.501    6.786   37.816   11.11   13.45   36.92
   37.67   45.15 0.92672D-09  1  0  0.01483  269.24  268.14 0.11437D+15  2.201   11.969   11.398    6.736   37.766   11.12   13.45   37.25
   38.00   45.54 0.91906D-09  1  0  0.01487  269.20  268.12 0.11417D+15  2.201   11.867   11.296    6.686   37.716   11.13   13.45   37.58
   38.32   45.93 0.91153D-09  1  0  0.01492  269.16  268.10 0.11397D+15  2.202   11.767   11.197    6.637   37.666   11.14   13.45   37.90
   38.64   46.32 0.90412D-09  1  0  0.01496  269.13  268.09 0.11378D+15  2.202   11.669   11.098    6.588   37.617   11.15   13.46   38.23
   38.96   46.71 0.89683D-09  1  0  0.01500  269.09  268.07 0.11358D+15  2.202   11.572   11.002    6.539   37.568   11.16   13.46   38.56
   39.28   47.11 0.88967D-09  1  0  0.01505  269.05  268.06 0.11339D+15  2.203   11.477   10.907    6.491   37.519   11.17   13.46   38.89
   39.61   47.50 0.88262D-09  1  0  0.01509  269.01  268.04 0.11320D+15  2.203   11.384   10.814    6.443   37.471   11.18   13.46   39.21
   39.93   47.89 0.87568D-09  1  0  0.01513  268.97  268.02 0.11301D+15  2.203   11.292   10.722    6.395   37.423   11.19   13.46   39.54
   40.25   48.28 0.86886D-09  1  0  0.01518  268.94  268.01 0.11282D+15  2.204   11.201   10.631    6.348   37.376   11.20   13.47   39.87
   40.57   48.67 0.86214D-09  1  0  0.01522  268.90  267.99 0.11263D+15  2.204   11.112   10.542    6.300   37.328   11.21   13.47   40.20
   40.89   49.06 0.85553D-09  1  0  0.01527  268.86  267.97 0.11245D+15  2.204   11.025   10.455    6.254   37.282   11.22   13.47   40.53
   41.22   49.46 0.84902D-09  1  0  0.01531  268.82  267.96 0.11226D+15  2.205   10.938   10.368    6.207   37.235   11.23   13.47   40.85
   41.54   49.85 0.84262D-09  1  0  0.01536  268.78  267.94 0.11208D+15  2.205   10.853   10.283    6.161   37.189   11.24   13.48   41.18
   41.86   50.24 0.83631D-09  1  0  0.01540  268.74  267.92 0.11190D+15  2.205   10.770   10.200    6.115   37.143   11.24   13.48   41.51
   42.18   50.63 0.83010D-09  1  0  0.01545  268.70  267.90 0.11172D+15  2.206   10.687   10.118    6.069   37.097   11.25   13.48   41.84
   42.50   51.02 0.82398D-09  1  0  0.01549  268.67  267.89 0.11154D+15  2.206   10.606   10.036    6.024   37.052   11.26   13.48   42.17
   42.83   51.42 0.81796D-09  1  0  0.01554  268.63  267.87 0.11137D+15  2.206   10.526    9.957    5.979   37.006   11.27   13.49   42.50
   43.15   51.81 0.81202D-09  1  0  0.01558  268.59  267.85 0.11119D+15  2.207   10.448    9.878    5.934   36.962   11.28   13.49   42.83
   43.47   52.20 0.80617D-09  1  0  0.01563  268.55  267.83 0.11102D+15  2.207   10.370    9.800    5.889   36.917   11.29   13.49   43.15
   43.79   52.59 0.80041D-09  1  0  0.01568  268.51  267.82 0.11085D+15  2.207   10.294    9.724    5.845   36.873   11.30   13.50   43.48
   44.11   52.98 0.79473D-09  1  0  0.01572  268.47  267.80 0.11068D+15  2.208   10.218    9.649    5.801   36.829   11.31   13.50   43.81
   44.44   53.38 0.78914D-09  1  0  0.01577  268.43  267.78 0.11051D+15  2.208   10.144    9.575    5.757   36.785   11.31   13.50   44.14
   44.76   53.77 0.78363D-09  1  0  0.01582  268.39  267.76 0.11034D+15  2.208   10.071    9.502    5.713   36.741   11.32   13.51   44.47
   45.08   54.16 0.77819D-09  1  0  0.01587  268.35  267.74 0.11018D+15  2.209    9.999    9.429    5.670   36.698   11.33   13.51   44.80
   45.40   54.55 0.77283D-09  1  0  0.01591  268.31  267.72 0.11002D+15  2.209    9.927    9.358    5.626   36.655   11.34   13.51   45.13
   45.72   54.95 0.76755D-09  1  0  0.01596  268.28  267.70 0.10985D+15  2.209    9.857    9.288    5.583   36.612   11.35   13.52   45.46
   46.05   55.34 0.76234D-09  1  0  0.01601  268.24  267.68 0.10969D+15  2.210    9.788    9.219    5.540   36.570   11.36   13.52   45.79
   46.37   55.73 0.75721D-09  1  0  0.01606  268.20  267.66 0.10953D+15  2.210    9.720    9.151    5.498   36.527   11.36   13.53   46.12
   46.69   56.12 0.75214D-09  1  0  0.01611  268.16  267.64 0.10937D+15  2.210    9.653    9.084    5.455   36.485   11.37   13.53   46.45
   47.01   56.52 0.74714D-09  1  0  0.01616  268.12  267.63 0.10922D+15  2.211    9.586    9.018    5.413   36.443   11.38   13.53   46.78
   47.33   56.91 0.74222D-09  1  0  0.01621  268.08  267.61 0.10906D+15  2.211    9.521    8.952    5.371   36.402   11.39   13.54   47.11
   47.66   57.30 0.73735D-09  1  0  0.01626  268.04  267.59 0.10890D+15  2.211    9.456    8.888    5.329   36.360   11.39   13.54   47.44
   47.98   57.70 0.73256D-09  1  0  0.01631  268.00  267.57 0.10875D+15  2.212    9.393    8.824    5.288   36.319   11.40   13.55   47.77
   48.30   58.09 0.72783D-09  1  0  0.01636  267.96  267.55 0.10860D+15  2.212    9.330    8.761    5.246   36.278   11.41   13.55   48.10
   48.62   58.48 0.72316D-09  1  0  0.01641  267.92  267.52 0.10845D+15  2.213    9.268    8.699    5.205   36.237   11.42   13.56   48.43
   48.94   58.87 0.71855D-09  1  0  0.01646  267.88  267.50 0.10830D+15  2.213    9.207    8.638    5.164   36.196   11.43   13.56   48.76
   49.27   59.27 0.71400D-09  1  0  0.01651  267.84  267.48 0.10815D+15  2.213    9.146    8.578    5.123   36.156   11.43   13.56   49.09
   49.59   59.66 0.70951D-09  1  0  0.01656  267.80  267.46 0.10800D+15  2.214    9.086    8.518    5.082   36.116   11.44   13.57   49.42
   49.91   60.05 0.70508D-09  1  0  0.01662  267.75  267.44 0.10786D+15  2.214    9.028    8.460    5.041   36.076   11.45   13.57   49.75
   50.23   60.45 0.70071D-09  1  0  0.01667  267.71  267.42 0.10771D+15  2.214    8.969    8.402    5.001   36.036   11.46   13.58   50.08
   50.55   60.84 0.69639D-09  1  0  0.01672  267.67  267.40 0.10757D+15  2.215    8.912    8.344    4.961   35.996   11.46   13.58   50.41
   50.88   61.23 0.69213D-09  1  0  0.01677  267.63  267.38 0.10743D+15  2.215    8.855    8.288    4.921   35.956   11.47   13.59   50.74
   51.20   61.63 0.68792D-09  1  0  0.01683  267.59  267.36 0.10729D+15  2.215    8.799    8.232    4.881   35.917   11.48   13.59   51.07
   51.52   62.02 0.68376D-09  1  0  0.01688  267.55  267.34 0.10715D+15  2.216    8.744    8.177    4.841   35.878   11.49   13.60   51.40
   51.84   62.42 0.67966D-09  1  0  0.01693  267.51  267.31 0.10701D+15  2.216    8.690    8.122    4.801   35.839   11.49   13.60   51.74
   52.16   62.81 0.67560D-09  1  0  0.01699  267.47  267.29 0.10687D+15  2.216    8.636    8.068    4.761   35.800   11.50   13.61   52.07
   52.49   63.20 0.67160D-09  1  0  0.01704  267.43  267.27 0.10673D+15  2.217    8.582    8.015    4.722   35.761   11.51   13.61   52.40
   52.81   63.60 0.66764D-09  1  0  0.01710  267.39  267.25 0.10660D+15  2.217    8.530    7.962    4.683   35.723   11.51   13.62   52.73
   53.13   63.99 0.66373D-09  1  0  0.01715  267.34  267.23 0.10646D+15  2.217    8.478    7.911    4.644   35.684   11.52   13.62   53.06
   53.45   64.39 0.65987D-09  1  0  0.01721  267.30  267.20 0.10633D+15  2.218    8.426    7.859    4.605   35.646   11.53   13.63   53.40
   53.77   64.78 0.65606D-09  1  0  0.01727  267.26  267.18 0.10620D+15  2.218    8.376    7.809    4.566   35.608   11.54   13.63   53.73
   54.10   65.18 0.65229D-09  1  0  0.01732  267.22  267.16 0.10607D+15  2.219    8.326    7.759    4.527   35.570   11.54   13.64   54.06
   54.42   65.57 0.64856D-09  1  0  0.01738  267.18  267.14 0.10594D+15  2.219    8.276    7.709    4.488   35.532   11.55   13.65   54.39
   54.74   65.96 0.64488D-09  1  0  0.01743  267.14  267.11 0.10581D+15  2.219    8.227    7.660    4.450   35.494   11.56   13.65   54.73
   55.06   66.36 0.64125D-09  1  0  0.01749  267.09  267.09 0.10568D+15  2.220    8.179    7.612    4.411   35.457   11.56   13.66   55.06
   55.38   66.75 0.63765D-09  1  0  0.01755  267.05  267.07 0.10556D+15  2.220    8.131    7.564    4.373   35.419   11.57   13.66   55.38
   55.71   67.14 0.63410D-09  1  0  0.01761  267.01  267.04 0.10543D+15  2.220    8.083    7.517    4.335   35.382   11.58   13.67   55.71
   56.03   67.52 0.63059D-09  1  0  0.01767  266.97  267.02 0.10531D+15  2.221    8.037    7.470    4.296   35.345   11.58   13.67   56.03
   56.35   67.91 0.62711D-09  1  0  0.01772  266.93  267.00 0.10518D+15  2.221    7.990    7.424    4.258   35.308   11.59   13.68   56.35
   56.67   68.30 0.62368D-09  1  0  0.01778  266.88  266.97 0.10506D+15  2.221    7.945    7.378    4.221   35.271   11.60   13.68   56.67
   56.99   68.69 0.62029D-09  1  0  0.01784  266.84  266.95 0.10494D+15  2.222    7.899    7.333    4.183   35.234   11.60   13.69   56.99
   57.32   69.08 0.61693D-09  1  0  0.01790  266.80  266.92 0.10482D+15  2.222    7.855    7.289    4.145   35.197   11.61   13.70   57.32
   57.64   69.47 0.61361D-09  1  0  0.01796  266.75  266.90 0.10470D+15  2.223    7.811    7.244    4.107   35.161   11.62   13.70   57.64
   57.96   69.85 0.61033D-09  1  0  0.01802  266.71  266.88 0.10458D+15  2.223    7.767    7.201    4.070   35.124   11.62   13.71   57.96
   58.28   70.24 0.60708D-09  1  0  0.01808  266.67  266.85 0.10446D+15  2.223    7.724    7.158    4.032   35.088   11.63   13.71   58.28
   58.60   70.63 0.60387D-09  1  0  0.01815  266.63  266.83 0.10435D+15  2.224    7.681    7.115    3.995   35.052   11.64   13.72   58.60
   58.93   71.02 0.60070D-09  1  0  0.01821  266.58  266.80 0.10423D+15  2.224    7.638    7.073    3.958   35.016   11.64   13.72   58.93
   59.25   71.41 0.59756D-09  1  0  0.01827  266.54  266.78 0.10412D+15  2.224    7.597    7.031    3.920   34.980   11.65   13.73   59.25
   59.57   71.79 0.59445D-09  1  0  0.01833  266.50  266.75 0.10401D+15  2.225    7.555    6.990    3.883   34.944   11.66   13.74   59.57
   59.89   72.18 0.59138D-09  1  0  0.01840  266.45  266.73 0.10389D+15  2.225    7.514    6.949    3.846   34.908   11.66   13.74   59.89
   60.21   72.57 0.58834D-09  1  0  0.01846  266.41  266.70 0.10378D+15  2.226    7.474    6.908    3.809   34.872   11.67   13.75   60.21
   60.54   72.96 0.58534D-09  1  0  0.01852  266.36  266.68 0.10367D+15  2.226    7.434    6.868    3.772   34.837   11.67   13.76   60.54
   60.86   73.35 0.58236D-09  1  0  0.01859  266.32  266.65 0.10357D+15  2.226    7.394    6.829    3.735   34.801   11.68   13.76   60.86
   61.18   73.73 0.57942D-09  1  0  0.01865  266.28  266.63 0.10346D+15  2.227    7.355    6.789    3.699   34.766   11.69   13.77   61.18
   61.50   74.12 0.57650D-09  1  0  0.01872  266.23  266.60 0.10335D+15  2.227    7.316    6.751    3.662   34.730   11.69   13.77   61.50
   61.82   74.51 0.57362D-09  1  0  0.01878  266.19  266.58 0.10324D+15  2.228    7.277    6.712    3.625   34.695   11.70   13.78   61.82
   62.15   74.90 0.57077D-09  1  0  0.01885  266.14  266.55 0.10314D+15  2.228    7.239    6.674    3.589   34.660   11.71   13.79   62.15
   62.47   75.29 0.56794D-09  1  0  0.01891  266.10  266.53 0.10304D+15  2.228    7.202    6.637    3.552   34.625   11.71   13.79   62.47
   62.79   75.67 0.56515D-09  1  0  0.01898  266.06  266.50 0.10293D+15  2.229    7.164    6.599    3.516   34.590   11.72   13.80   62.79
   63.11   76.06 0.56238D-09  1  0  0.01905  266.01  266.47 0.10283D+15  2.229    7.127    6.563    3.479   34.555   11.72   13.81   63.11
   63.43   76.45 0.55965D-09  1  0  0.01912  265.97  266.45 0.10273D+15  2.229    7.091    6.526    3.443   34.520   11.73   13.81   63.43
   63.76   76.84 0.55694D-09  1  0  0.01918  265.92  266.42 0.10263D+15  2.230    7.054    6.490    3.406   34.485   11.74   13.82   63.76
   64.08   77.23 0.55425D-09  1  0  0.01925  265.88  266.39 0.10253D+15  2.230    7.019    6.454    3.370   34.450   11.74   13.83   64.08
   64.40   77.61 0.55160D-09  1  0  0.01932  265.83  266.37 0.10243D+15  2.231    6.983    6.419    3.334   34.416   11.75   13.83   64.40
   64.72   78.00 0.54897D-09  1  0  0.01939  265.79  266.34 0.10233D+15  2.231    6.948    6.384    3.298   34.381   11.76   13.84   64.72
   65.04   78.39 0.54636D-09  1  0  0.01946  265.74  266.31 0.10224D+15  2.231    6.913    6.349    3.261   34.347   11.76   13.85   65.04
   65.37   78.78 0.54379D-09  1  0  0.01953  265.70  266.29 0.10214D+15  2.232    6.879    6.315    3.225   34.312   11.77   13.85   65.37
   65.69   79.17 0.54123D-09  1  0  0.01960  265.65  266.26 0.10205D+15  2.232    6.845    6.281    3.189   34.278   11.77   13.86   65.69
   66.01   79.56 0.53871D-09  1  0  0.01967  265.60  266.23 0.10196D+15  2.233    6.811    6.247    3.153   34.243   11.78   13.87   66.01
   66.33   79.94 0.53620D-09  1  0  0.01975  265.56  266.20 0.10186D+15  2.233    6.777    6.214    3.117   34.209   11.79   13.87   66.33
   66.65   80.33 0.53373D-09  1  0  0.01982  265.51  266.18 0.10177D+15  2.233    6.744    6.181    3.081   34.175   11.79   13.88   66.65
   66.98   80.72 0.53127D-09  1  0  0.01989  265.47  266.15 0.10168D+15  2.234    6.711    6.148    3.045   34.141   11.80   13.89   66.98
   67.30   81.11 0.52884D-09  1  0  0.01996  265.42  266.12 0.10159D+15  2.234    6.679    6.115    3.009   34.106   11.80   13.89   67.30
   67.62   81.50 0.52643D-09  1  0  0.02004  265.37  266.09 0.10150D+15  2.235    6.647    6.083    2.973   34.072   11.81   13.90   67.62
   67.94   81.88 0.52405D-09  1  0  0.02011  265.33  266.07 0.10142D+15  2.235    6.615    6.051    2.937   34.038   11.82   13.91   67.94
   68.26   82.27 0.52168D-09  1  0  0.02019  265.28  266.04 0.10133D+15  2.235    6.583    6.020    2.901   34.004   11.82   13.91   68.26
   68.59   82.66 0.51934D-09  1  0  0.02026  265.23  266.01 0.10124D+15  2.236    6.552    5.989    2.865   33.970   11.83   13.92   68.59
   68.91   83.05 0.51702D-09  1  0  0.02034  265.19  265.98 0.10116D+15  2.236    6.521    5.958    2.830   33.937   11.83   13.93   68.91
   69.23   83.44 0.51473D-09  1  0  0.02041  265.14  265.95 0.10108D+15  2.237    6.490    5.927    2.794   33.903   11.84   13.93   69.23
   69.55   83.82 0.51245D-09  1  0  0.02049  265.09  265.92 0.10099D+15  2.237    6.459    5.897    2.758   33.869   11.85   13.94   69.55
   69.87   84.21 0.51020D-09  1  0  0.02057  265.05  265.89 0.10091D+15  2.237    6.429    5.866    2.722   33.835   11.85   13.95   69.87
   70.20   84.60 0.50796D-09  1  0  0.02065  265.00  265.86 0.10083D+15  2.238    6.399    5.837    2.686   33.801   11.86   13.96   70.20
   70.52   84.99 0.50575D-09  1  0  0.02073  264.95  265.84 0.10075D+15  2.238    6.370    5.807    2.650   33.768   11.86   13.96   70.52
   70.84   85.38 0.50356D-09  1  0  0.02081  264.90  265.81 0.10067D+15  2.239    6.340    5.778    2.615   33.734   11.87   13.97   70.84
   71.16   85.76 0.50138D-09  1  0  0.02089  264.86  265.78 0.10059D+15  2.239    6.311    5.749    2.579   33.700   11.87   13.98   71.16
   71.48   86.15 0.49923D-09  1  0  0.02097  264.81  265.75 0.10052D+15  2.240    6.282    5.720    2.543   33.667   11.88   13.99   71.48
   71.81   86.54 0.49709D-09  1  0  0.02105  264.76  265.72 0.10044D+15  2.240    6.253    5.691    2.507   33.633   11.89   13.99   71.81
   72.13   86.93 0.49498D-09  1  0  0.02113  264.71  265.69 0.10037D+15  2.240    6.225    5.663    2.471   33.600   11.89   14.00   72.13
   72.45   87.32 0.49288D-09  1  0  0.02121  264.66  265.66 0.10029D+15  2.241    6.197    5.635    2.436   33.566   11.90   14.01   72.45
   72.77   87.70 0.49080D-09  1  0  0.02129  264.62  265.63 0.10022D+15  2.241    6.169    5.607    2.400   33.533   11.90   14.02   72.77
   73.09   88.09 0.48874D-09  1  0  0.02138  264.57  265.60 0.10015D+15  2.242    6.141    5.580    2.364   33.499   11.91   14.02   73.09
   73.42   88.48 0.48670D-09  1  0  0.02146  264.52  265.57 0.10008D+15  2.242    6.114    5.552    2.328   33.466   11.92   14.03   73.42
   73.74   88.87 0.48468D-09  1  0  0.02155  264.47  265.54 0.10001D+15  2.243    6.087    5.525    2.292   33.432   11.92   14.04   73.74
   74.06   89.26 0.48267D-09  1  0  0.02163  264.42  265.51 0.99937D+14  2.243    6.060    5.498    2.256   33.399   11.93   14.05   74.06
   74.38   89.65 0.48068D-09  1  0  0.02172  264.37  265.48 0.99869D+14  2.243    6.033    5.472    2.220   33.365   11.93   14.05   74.38
   74.70   90.03 0.47871D-09  1  0  0.02180  264.32  265.44 0.99802D+14  2.244    6.007    5.445    2.185   33.332   11.94   14.06   74.70
   75.03   90.42 0.47676D-09  1  0  0.02189  264.27  265.41 0.99736D+14  2.244    5.980    5.419    2.149   33.298   11.94   14.07   75.03
   75.35   90.81 0.47482D-09  1  0  0.02198  264.22  265.38 0.99671D+14  2.245    5.954    5.393    2.113   33.265   11.95   14.08   75.35
   75.67   91.20 0.47290D-09  1  0  0.02207  264.17  265.35 0.99607D+14  2.245    5.928    5.367    2.077   33.231   11.96   14.09   75.67
   75.99   91.59 0.47099D-09  1  0  0.02216  264.12  265.32 0.99544D+14  2.246    5.903    5.342    2.041   33.198   11.96   14.09   75.99
   76.31   91.97 0.46910D-09  1  0  0.02225  264.07  265.29 0.99482D+14  2.246    5.877    5.317    2.005   33.165   11.97   14.10   76.31
   76.64   92.36 0.46723D-09  1  0  0.02234  264.02  265.26 0.99422D+14  2.246    5.852    5.292    1.969   33.131   11.97   14.11   76.64
   76.96   92.75 0.46537D-09  1  0  0.02243  263.97  265.22 0.99362D+14  2.247    5.827    5.267    1.932   33.098   11.98   14.12   76.96
   77.28   93.14 0.46353D-09  1  0  0.02252  263.92  265.19 0.99303D+14  2.247    5.802    5.242    1.896   33.064   11.98   14.13   77.28
   77.60   93.53 0.46170D-09  1  0  0.02261  263.87  265.16 0.99245D+14  2.248    5.778    5.217    1.860   33.031   11.99   14.13   77.60
   77.92   93.91 0.45989D-09  1  0  0.02271  263.82  265.13 0.99188D+14  2.248    5.753    5.193    1.824   32.998   12.00   14.14   77.92
   78.25   94.30 0.45810D-09  1  0  0.02280  263.77  265.09 0.99133D+14  2.249    5.729    5.169    1.788   32.964   12.00   14.15   78.25
   78.57   94.69 0.45631D-09  1  0  0.02290  263.72  265.06 0.99078D+14  2.249    5.705    5.145    1.751   32.931   12.01   14.16   78.57
   78.89   95.08 0.45455D-09  1  0  0.02299  263.67  265.03 0.99024D+14  2.250    5.681    5.121    1.715   32.897   12.01   14.17   78.89
   79.21   95.47 0.45279D-09  1  0  0.02309  263.61  265.00 0.98972D+14  2.250    5.657    5.098    1.679   32.864   12.02   14.18   79.21
   79.53   95.85 0.45106D-09  1  0  0.02319  263.56  264.96 0.98920D+14  2.250    5.634    5.074    1.642   32.830   12.03   14.18   79.53
   79.86   96.24 0.44933D-09  1  0  0.02328  263.51  264.93 0.98870D+14  2.251    5.611    5.051    1.606   32.797   12.03   14.19   79.86
   80.18   96.63 0.44762D-09  1  0  0.02338  263.46  264.90 0.98821D+14  2.251    5.588    5.028    1.569   32.763   12.04   14.20   80.18
   80.50   97.02 0.44592D-09  1  0  0.02348  263.41  264.86 0.98772D+14  2.252    5.565    5.006    1.533   32.730   12.04   14.21   80.50
   80.82   97.41 0.44424D-09  1  0  0.02358  263.35  264.83 0.98725D+14  2.252    5.542    4.983    1.496   32.696   12.05   14.22   80.82
   81.14   97.79 0.44257D-09  1  0  0.02368  263.30  264.80 0.98679D+14  2.253    5.519    4.960    1.459   32.663   12.05   14.23   81.14
   81.47   98.18 0.44091D-09  1  0  0.02379  263.25  264.76 0.98635D+14  2.253    5.497    4.938    1.422   32.629   12.06   14.24   81.47
   81.79   98.57 0.43927D-09  1  0  0.02389  263.19  264.73 0.98591D+14  2.254    5.475    4.916    1.386   32.595   12.07   14.24   81.79
   82.11   98.96 0.43764D-09  1  0  0.02399  263.14  264.69 0.98548D+14  2.254    5.453    4.894    1.349   32.562   12.07   14.25   82.11
   82.43   99.35 0.43602D-09  1  0  0.02410  263.09  264.66 0.98507D+14  2.255    5.431    4.872    1.312   32.528   12.08   14.26   82.43
   82.75   99.74 0.43442D-09  1  0  0.02420  263.03  264.62 0.98467D+14  2.255    5.409    4.851    1.275   32.494   12.08   14.27   82.75
   83.08  100.12 0.43282D-09  1  0  0.02431  262.98  264.59 0.98427D+14  2.256    5.387    4.829    1.238   32.461   12.09   14.28   83.08
   83.40  100.51 0.43124D-09  1  0  0.02442  262.93  264.55 0.98390D+14  2.256    5.366    4.808    1.200   32.427   12.10   14.29   83.40
   83.72  100.90 0.42967D-09  1  0  0.02453  262.87  264.52 0.98353D+14  2.257    5.345    4.787    1.163   32.393   12.10   14.30   83.72
   84.04  101.29 0.42812D-09  1  0  0.02464  262.82  264.48 0.98317D+14  2.257    5.324    4.766    1.126   32.359   12.11   14.31   84.04
   84.36  101.68 0.42657D-09  1  0  0.02475  262.76  264.45 0.98283D+14  2.257    5.303    4.745    1.088   32.325   12.11   14.32   84.36
   84.69  102.06 0.42504D-09  1  0  0.02486  262.71  264.41 0.98250D+14  2.258    5.282    4.724    1.051   32.291   12.12   14.33   84.69
   85.01  102.45 0.42352D-09  1  0  0.02497  262.65  264.38 0.98218D+14  2.258    5.261    4.704    1.013   32.257   12.13   14.34   85.01
   85.33  102.84 0.42201D-09  1  0  0.02508  262.60  264.34 0.98187D+14  2.259    5.241    4.683    0.976   32.223   12.13   14.35   85.33
   85.65  103.23 0.42051D-09  1  0  0.02519  262.54  264.30 0.98157D+14  2.259    5.220    4.663    0.938   32.189   12.14   14.35   85.65
   85.97  103.62 0.41902D-09  1  0  0.02531  262.49  264.27 0.98129D+14  2.260    5.200    4.643    0.900   32.155   12.14   14.36   85.97
   86.30  104.00 0.41755D-09  1  0  0.02543  262.43  264.23 0.98102D+14  2.260    5.180    4.623    0.862   32.121   12.15   14.37   86.30
   86.62  104.39 0.41608D-09  1  0  0.02554  262.37  264.20 0.98077D+14  2.261    5.160    4.603    0.824   32.086   12.16   14.38   86.62
   86.94  104.78 0.41463D-09  1  0  0.02566  262.32  264.16 0.98052D+14  2.261    5.141    4.584    0.786   32.052   12.16   14.39   86.94
   87.26  105.17 0.41319D-09  1  0  0.02578  262.26  264.12 0.98029D+14  2.262    5.121    4.564    0.747   32.017   12.17   14.40   87.26
   87.58  105.56 0.41175D-09  1  0  0.02590  262.20  264.08 0.98007D+14  2.262    5.101    4.545    0.709   31.983   12.17   14.41   87.58
   87.91  105.94 0.41033D-09  1  0  0.02602  262.15  264.05 0.97987D+14  2.263    5.082    4.526    0.671   31.948   12.18   14.42   87.91
   88.23  106.33 0.40892D-09  1  0  0.02614  262.09  264.01 0.97968D+14  2.263    5.063    4.507    0.632   31.914   12.19   14.43   88.23
   88.55  106.72 0.40752D-09  1  0  0.02627  262.03  263.97 0.97950D+14  2.264    5.044    4.488    0.593   31.879   12.19   14.44   88.55
   88.87  107.11 0.40613D-09  1  0  0.02639  261.97  263.93 0.97934D+14  2.264    5.025    4.469    0.554   31.844   12.20   14.45   88.87
   89.19  107.50 0.40475D-09  1  0  0.02652  261.92  263.90 0.97919D+14  2.265    5.006    4.450    0.515   31.810   12.21   14.46   89.19
   89.52  107.88 0.40338D-09  1  0  0.02664  261.86  263.86 0.97905D+14  2.265    4.987    4.432    0.476   31.775   12.21   14.47   89.52
   89.84  108.27 0.40201D-09  1  0  0.02677  261.80  263.82 0.97893D+14  2.266    4.969    4.413    0.437   31.740   12.22   14.48   89.84
   90.16  108.66 0.40066D-09  1  0  0.02690  261.74  263.78 0.97882D+14  2.266    4.950    4.395    0.398   31.705   12.23   14.49   90.16
   90.48  109.05 0.39932D-09  1  0  0.02703  261.68  263.74 0.97873D+14  2.267    4.932    4.377    0.358   31.669   12.23   14.50   90.48
   90.80  109.44 0.39799D-09  1  0  0.02716  261.62  263.70 0.97865D+14  2.268    4.914    4.359    0.319   31.634   12.24   14.52   90.80
   91.13  109.83 0.39667D-09  1  0  0.02729  261.56  263.66 0.97859D+14  2.268    4.895    4.341    0.279   31.599   12.24   14.53   91.13
   91.45  110.21 0.39535D-09  1  0  0.02743  261.50  263.62 0.97854D+14  2.269    4.877    4.323    0.239   31.563   12.25   14.54   91.45
   91.77  110.60 0.39405D-09  1  0  0.02756  261.44  263.58 0.97851D+14  2.269    4.860    4.305    0.199   31.528   12.26   14.55   91.77
   92.09  110.99 0.39275D-09  1  0  0.02770  261.38  263.54 0.97849D+14  2.270    4.842    4.287    0.159   31.492   12.26   14.56   92.09
   92.41  111.38 0.39147D-09  1  0  0.02784  261.32  263.50 0.97849D+14  2.270    4.824    4.270    0.119   31.457   12.27   14.57   92.41
   92.74  111.77 0.39019D-09  1  0  0.02798  261.26  263.46 0.97850D+14  2.271    4.807    4.253    0.079   31.421   12.28   14.58   92.74
   93.06  112.15 0.38892D-09  1  0  0.02812  261.20  263.42 0.97853D+14  2.271    4.789    4.235    0.038   31.385   12.28   14.59   93.06
   93.38  112.54 0.38766D-09  1  0  0.02826  261.14  263.36 0.98086D+14  2.272    4.772    4.218    0.000   31.351   12.30   14.60   93.38
   93.70  112.93 0.38641D-09  1  0  0.02840  261.07  263.34 0.97905D+14  2.272    4.755    4.201    0.000   31.351   12.30   14.59   93.70
   94.02  113.32 0.38517D-09  1  0  0.02855  261.01  263.32 0.97724D+14  2.273    4.738    4.184    0.000   31.351   12.30   14.59   94.02
   94.35  113.71 0.38393D-09  1  0  0.02869  260.95  263.29 0.97546D+14  2.273    4.721    4.167    0.000   31.351   12.30   14.58   94.35
   94.67  114.09 0.38271D-09  1  0  0.02884  260.89  263.27 0.97369D+14  2.274    4.704    4.151    0.000   31.351   12.29   14.57   94.67
   94.99  114.48 0.38149D-09  1  0  0.02899  260.82  263.25 0.97194D+14  2.275    4.687    4.134    0.000   31.351   12.29   14.57   94.99
   95.31  114.87 0.38028D-09  1  0  0.02914  260.76  263.22 0.97021D+14  2.275    4.671    4.118    0.000   31.351   12.29   14.56   95.31
   95.63  115.26 0.37908D-09  1  0  0.02929  260.70  263.20 0.96849D+14  2.276    4.654    4.101    0.000   31.351   12.29   14.55   95.63
   95.96  115.65 0.37789D-09  1  0  0.02944  260.63  263.18 0.96679D+14  2.276    4.638    4.085    0.000   31.351   12.29   14.55   95.96
   96.28  116.03 0.37671D-09  1  0  0.02960  260.57  263.15 0.96511D+14  2.277    4.621    4.069    0.000   31.351   12.28   14.54   96.28
   96.60  116.42 0.37553D-09  1  0  0.02975  260.50  263.13 0.96344D+14  2.277    4.605    4.053    0.000   31.351   12.28   14.54   96.60
   96.92  116.81 0.37436D-09  1  0  0.02991  260.44  263.10 0.96180D+14  2.278    4.589    4.037    0.000   31.351   12.28   14.53   96.92
   97.24  117.20 0.37320D-09  1  0  0.03007  260.37  263.08 0.96017D+14  2.279    4.573    4.021    0.000   31.351   12.28   14.52   97.24
   97.57  117.59 0.37205D-09  1  0  0.03023  260.31  263.05 0.95855D+14  2.279    4.557    4.005    0.000   31.351   12.28   14.52   97.57
   97.89  117.97 0.37090D-09  1  0  0.03040  260.24  263.03 0.95696D+14  2.280    4.541    3.989    0.000   31.351   12.27   14.51   97.89
   98.21  118.36 0.36976D-09  1  0  0.03056  260.18  263.00 0.95538D+14  2.280    4.525    3.974    0.000   31.351   12.27   14.50   98.21
   98.53  118.75 0.36863D-09  1  0  0.03073  260.11  262.98 0.95382D+14  2.281    4.510    3.958    0.000   31.351   12.27   14.50   98.53
   98.85  119.14 0.36751D-09  1  0  0.03090  260.04  262.95 0.95228D+14  2.282    4.494    3.943    0.000   31.351   12.27   14.49   98.85
   99.18  119.53 0.36639D-09  1  0  0.03106  259.97  262.93 0.95076D+14  2.282    4.478    3.927    0.000   31.351   12.27   14.48   99.18
   99.50  119.91 0.36528D-09  1  0  0.03124  259.91  262.90 0.94925D+14  2.283    4.463    3.912    0.000   31.351   12.26   14.48   99.50
   99.82  120.30 0.36418D-09  1  0  0.03141  259.84  262.87 0.94776D+14  2.283    4.448    3.897    0.000   31.351   12.26   14.47   99.82
  100.14  120.69 0.36309D-09  1  0  0.03159  259.77  262.85 0.94629D+14  2.284    4.432    3.882    0.000   31.351   12.26   14.47  100.14
  100.46  121.08 0.36200D-09  1  0  0.03176  259.70  262.82 0.94484D+14  2.285    4.417    3.867    0.000   31.351   12.26   14.46  100.46
  100.79  121.47 0.36092D-09  1  0  0.03194  259.63  262.79 0.94341D+14  2.285    4.402    3.852    0.000   31.351   12.26   14.45  100.79
  101.11  121.86 0.35985D-09  1  0  0.03212  259.56  262.77 0.94200D+14  2.286    4.387    3.837    0.000   31.351   12.26   14.45  101.11
  101.43  122.24 0.35878D-09  1  0  0.03231  259.49  262.74 0.94061D+14  2.286    4.372    3.823    0.000   31.351   12.26   14.44  101.43
  101.75  122.63 0.35772D-09  1  0  0.03249  259.42  262.71 0.93923D+14  2.287    4.358    3.808    0.000   31.351   12.25   14.43  101.75
  102.07  123.02 0.35666D-09  1  0  0.03268  259.35  262.68 0.93788D+14  2.288    4.343    3.794    0.000   31.351   12.25   14.43  102.07
  102.40  123.41 0.35562D-09  1  0  0.03287  259.28  262.66 0.93654D+14  2.288    4.328    3.779    0.000   31.351   12.25   14.42  102.40
  102.72  123.80 0.35458D-09  1  0  0.03306  259.21  262.63 0.93523D+14  2.289    4.314    3.765    0.000   31.351   12.25   14.42  102.72
  103.04  124.18 0.35354D-09  1  0  0.03325  259.13  262.60 0.93393D+14  2.290    4.299    3.750    0.000   31.351   12.25   14.41  103.04
  103.36  124.57 0.35252D-09  1  0  0.03345  259.06  262.57 0.93266D+14  2.290    4.285    3.736    0.000   31.351   12.25   14.40  103.36
  103.68  124.96 0.35150D-09  1  0  0.03365  258.99  262.54 0.93140D+14  2.291    4.270    3.722    0.000   31.351   12.25   14.40  103.68
  104.01  125.35 0.35048D-09  1  0  0.03385  258.92  262.51 0.93017D+14  2.292    4.256    3.708    0.000   31.351   12.25   14.39  104.01
  104.33  125.74 0.34947D-09  1  0  0.03405  258.84  262.48 0.92896D+14  2.292    4.242    3.694    0.000   31.351   12.24   14.39  104.33
  104.65  126.12 0.34847D-09  1  0  0.03425  258.77  262.45 0.92776D+14  2.293    4.228    3.680    0.000   31.351   12.24   14.38  104.65
  104.97  126.51 0.34748D-09  1  0  0.03446  258.69  262.42 0.92659D+14  2.294    4.214    3.666    0.000   31.351   12.24   14.37  104.97
  105.29  126.90 0.34649D-09  1  0  0.03467  258.62  262.39 0.92544D+14  2.294    4.200    3.652    0.000   31.351   12.24   14.37  105.29
  105.62  127.29 0.34550D-09  1  0  0.03488  258.54  262.36 0.92431D+14  2.295    4.186    3.639    0.000   31.351   12.24   14.36  105.62
  105.94  127.68 0.34453D-09  1  0  0.03510  258.46  262.33 0.92321D+14  2.296    4.172    3.625    0.000   31.351   12.24   14.35  105.94
  106.26  128.06 0.34355D-09  1  0  0.03531  258.39  262.30 0.92212D+14  2.296    4.159    3.612    0.000   31.351   12.24   14.35  106.26
  106.58  128.45 0.34259D-09  1  0  0.03553  258.31  262.27 0.92106D+14  2.297    4.145    3.598    0.000   31.351   12.24   14.34  106.58
  106.90  128.84 0.34163D-09  1  0  0.03576  258.23  262.24 0.92002D+14  2.298    4.131    3.585    0.000   31.351   12.24   14.34  106.90
  107.23  129.23 0.34068D-09  1  0  0.03598  258.15  262.20 0.91900D+14  2.298    4.118    3.571    0.000   31.351   12.24   14.33  107.23
  107.55  129.62 0.33973D-09  1  0  0.03621  258.07  262.17 0.91801D+14  2.299    4.104    3.558    0.000   31.351   12.24   14.32  107.55
  107.87  130.00 0.33878D-09  1  0  0.03644  257.99  262.14 0.91704D+14  2.300    4.091    3.545    0.000   31.351   12.23   14.32  107.87
  108.19  130.39 0.33785D-09  1  0  0.03667  257.91  262.11 0.91610D+14  2.301    4.077    3.532    0.000   31.351   12.23   14.31  108.19
  108.51  130.78 0.33692D-09  1  0  0.03691  257.83  262.07 0.91518D+14  2.301    4.064    3.519    0.000   31.351   12.23   14.31  108.51
  108.84  131.17 0.33599D-09  1  0  0.03715  257.75  262.04 0.91428D+14  2.302    4.051    3.506    0.000   31.351   12.23   14.30  108.84
  109.16  131.56 0.33507D-09  1  0  0.03739  257.67  262.01 0.91341D+14  2.303    4.038    3.493    0.000   31.351   12.23   14.29  109.16
  109.48  131.95 0.33415D-09  1  0  0.03764  257.58  261.97 0.91256D+14  2.303    4.025    3.480    0.000   31.351   12.23   14.29  109.48
  109.80  132.33 0.33325D-09  1  0  0.03789  257.50  261.94 0.91174D+14  2.304    4.012    3.467    0.000   31.351   12.23   14.28  109.80
  110.12  132.72 0.33234D-09  1  0  0.03814  257.42  261.90 0.91095D+14  2.305    3.999    3.454    0.000   31.351   12.23   14.27  110.12
  110.45  133.11 0.33144D-09  1  0  0.03839  257.33  261.87 0.91018D+14  2.306    3.986    3.442    0.000   31.351   12.23   14.27  110.45
  110.77  133.50 0.33055D-09  1  0  0.03865  257.25  261.83 0.90944D+14  2.306    3.973    3.429    0.000   31.351   12.23   14.26  110.77
  111.09  133.89 0.32966D-09  1  0  0.03891  257.16  261.80 0.90872D+14  2.307    3.960    3.416    0.000   31.351   12.23   14.26  111.09
  111.41  134.27 0.32878D-09  1  0  0.03918  257.07  261.76 0.90803D+14  2.308    3.947    3.404    0.000   31.351   12.23   14.25  111.41
  111.73  134.66 0.32790D-09  1  0  0.03945  256.99  261.72 0.90738D+14  2.309    3.935    3.391    0.000   31.351   12.23   14.24  111.73
  112.06  135.05 0.32703D-09  1  0  0.03972  256.90  261.69 0.90675D+14  2.310    3.922    3.379    0.000   31.351   12.23   14.24  112.06
  112.38  135.44 0.32616D-09  1  0  0.04000  256.81  261.65 0.90614D+14  2.310    3.909    3.367    0.000   31.351   12.23   14.23  112.38
  112.70  135.83 0.32529D-09  1  0  0.04028  256.72  261.61 0.90557D+14  2.311    3.897    3.354    0.000   31.351   12.23   14.22  112.70
  113.02  136.21 0.32444D-09  1  0  0.04056  256.63  261.57 0.90503D+14  2.312    3.884    3.342    0.000   31.351   12.23   14.22  113.02
  113.34  136.60 0.32358D-09  1  0  0.04085  256.54  261.53 0.90452D+14  2.313    3.872    3.330    0.000   31.351   12.24   14.21  113.34
  113.67  136.99 0.32273D-09  1  0  0.04114  256.44  261.50 0.90404D+14  2.314    3.860    3.318    0.000   31.351   12.24   14.21  113.67
  113.99  137.38 0.32189D-09  1  0  0.04143  256.35  261.46 0.90359D+14  2.315    3.847    3.306    0.000   31.351   12.24   14.20  113.99
  114.31  137.77 0.32105D-09  1  0  0.04173  256.26  261.42 0.90318D+14  2.315    3.835    3.294    0.000   31.351   12.24   14.19  114.31
  114.63  138.15 0.32022D-09  1  0  0.04204  256.16  261.38 0.90280D+14  2.316    3.823    3.282    0.000   31.351   12.24   14.19  114.63
  114.95  138.54 0.31939D-09  1  0  0.04235  256.07  261.34 0.90245D+14  2.317    3.810    3.270    0.000   31.351   12.24   14.18  114.95
  115.28  138.93 0.31856D-09  1  0  0.04266  255.97  261.30 0.90213D+14  2.318    3.798    3.258    0.000   31.351   12.24   14.17  115.28
  115.60  139.32 0.31774D-09  1  0  0.04298  255.87  261.25 0.90185D+14  2.319    3.786    3.246    0.000   31.351   12.24   14.17  115.60
  115.92  139.71 0.31693D-09  1  0  0.04330  255.77  261.21 0.90161D+14  2.320    3.774    3.234    0.000   31.351   12.24   14.16  115.92
  116.24  140.09 0.31612D-09  1  0  0.04362  255.68  261.17 0.90140D+14  2.321    3.762    3.223    0.000   31.351   12.25   14.15  116.24
  116.56  140.48 0.31531D-09  1  0  0.04396  255.58  261.13 0.90123D+14  2.321    3.750    3.211    0.000   31.351   12.25   14.15  116.56
  116.89  140.87 0.31451D-09  1  0  0.04429  255.47  261.09 0.90110D+14  2.322    3.738    3.199    0.000   31.351   12.25   14.14  116.89
  117.21  141.26 0.31371D-09  1  0  0.04463  255.37  261.04 0.90101D+14  2.323    3.726    3.188    0.000   31.351   12.25   14.14  117.21
  117.53  141.65 0.31292D-09  1  0  0.04498  255.27  261.00 0.90095D+14  2.324    3.715    3.176    0.000   31.351   12.25   14.13  117.53
  117.85  142.04 0.31213D-09  1  0  0.04533  255.16  260.95 0.90094D+14  2.325    3.703    3.165    0.000   31.351   12.25   14.12  117.85
  118.17  142.42 0.31134D-09  1  0  0.04569  255.06  260.91 0.90097D+14  2.326    3.691    3.153    0.000   31.351   12.26   14.12  118.17
  118.50  142.81 0.31056D-09  1  0  0.04605  254.95  260.86 0.90104D+14  2.327    3.679    3.142    0.000   31.351   12.26   14.11  118.50
  118.82  143.20 0.30979D-09  1  0  0.04642  254.84  260.82 0.90115D+14  2.328    3.667    3.130    0.000   31.351   12.26   14.10  118.82
  119.14  143.59 0.30901D-09  1  0  0.04679  254.74  260.77 0.90131D+14  2.329    3.656    3.119    0.000   31.351   12.26   14.10  119.14
  119.46  143.98 0.30825D-09  1  0  0.04717  254.63  260.72 0.90151D+14  2.330    3.644    3.108    0.000   31.351   12.27   14.09  119.46
  119.78 -126.94 0.30748D-09  1  0  0.04756  254.51  260.68 0.90164D+14  2.331    3.633    3.096   -0.047   31.311   12.46   14.11 -330.43
  120.11   33.64 0.30672D-09  1  0  0.04795  254.40  260.63 0.90193D+14  2.332    3.621    3.085   -0.099   31.267   12.47   14.12  -64.29
  120.43   75.12 0.30597D-09  1  0  0.04835  254.29  260.58 0.90228D+14  2.333    3.609    3.074   -0.152   31.222   12.47   14.14    4.24
  120.75   94.34 0.30522D-09  1  0  0.04875  254.17  260.53 0.90267D+14  2.334    3.598    3.063   -0.206   31.176   12.48   14.15   35.80
  121.07  105.53 0.30447D-09  1  0  0.04917  254.06  260.48 0.90311D+14  2.335    3.586    3.052   -0.261   31.129   12.49   14.17   54.05
  121.39  112.92 0.30373D-09  1  0  0.04958  253.94  260.43 0.90361D+14  2.336    3.575    3.041   -0.316   31.082   12.49   14.19   66.00
  121.72  118.22 0.30299D-09  1  0  0.05001  253.82  260.38 0.90416D+14  2.337    3.564    3.030   -0.373   31.034   12.50   14.20   74.47
  122.04  122.25 0.30225D-09  1  0  0.05044  253.70  260.33 0.90477D+14  2.339    3.552    3.019   -0.430   30.986   12.51   14.22   80.83
  122.36  125.43 0.30152D-09  1  0  0.05088  253.58  260.28 0.90544D+14  2.340    3.541    3.007   -0.489   30.936   12.51   14.24   85.80
  122.68  128.05 0.30079D-09  1  0  0.05133  253.45  260.22 0.90616D+14  2.341    3.529    2.997   -0.548   30.886   12.52   14.26   89.81
  123.00  130.24 0.30007D-09  1  0  0.05179  253.33  260.17 0.90694D+14  2.342    3.518    2.986   -0.608   30.835   12.53   14.28   93.13
  123.33  132.13 0.29935D-09  1  0  0.05225  253.20  260.11 0.90779D+14  2.343    3.507    2.975   -0.669   30.784   12.54   14.30   95.94
  123.65  133.78 0.29863D-09  1  0  0.05272  253.07  260.06 0.90870D+14  2.344    3.496    2.964   -0.731   30.731   12.54   14.32   98.36
  123.97  135.25 0.29792D-09  1  0  0.05320  252.94  260.00 0.90967D+14  2.345    3.484    2.953   -0.794   30.678   12.55   14.34  100.47
  124.29  136.57 0.29721D-09  1  0  0.05369  252.81  259.95 0.91071D+14  2.347    3.473    2.942   -0.859   30.624   12.56   14.36  102.34
  124.61  137.77 0.29650D-09  1  0  0.05418  252.67  259.89 0.91182D+14  2.348    3.462    2.931   -0.924   30.569   12.57   14.38  104.01
  124.94  138.87 0.29580D-09  1  0  0.05469  252.54  259.83 0.91300D+14  2.349    3.451    2.920   -0.990   30.513   12.58   14.40  105.52
  125.26  139.90 0.29510D-09  1  0  0.05521  252.40  259.77 0.91426D+14  2.350    3.439    2.910   -1.058   30.457   12.59   14.42  106.90
  125.58  140.85 0.29441D-09  1  0  0.05573  252.26  259.71 0.91559D+14  2.352    3.428    2.899   -1.126   30.399   12.60   14.45  108.17
  125.90  141.75 0.29372D-09  1  0  0.05627  252.12  259.65 0.91700D+14  2.353    3.417    2.888   -1.196   30.340   12.61   14.47  109.34
  126.22  142.60 0.29303D-09  1  0  0.05681  251.97  259.59 0.91849D+14  2.354    3.406    2.877   -1.267   30.281   12.62   14.49  110.42
  126.55  143.41 0.29235D-09  1  0  0.05737  251.83  259.53 0.92007D+14  2.356    3.395    2.867   -1.340   30.220   12.63   14.52  111.44
  126.87  144.18 0.29167D-09  1  0  0.05793  251.68  259.47 0.92173D+14  2.357    3.383    2.856   -1.413   30.158   12.64   14.54  112.40
  127.19  144.92 0.29099D-09  1  0  0.05851  251.53  259.40 0.92348D+14  2.358    3.372    2.845   -1.488   30.096   12.65   14.57  113.30
  127.51  145.63 0.29032D-09  1  0  0.05910  251.38  259.34 0.92533D+14  2.360    3.361    2.834   -1.565   30.032   12.66   14.59  114.16
  127.83  146.32 0.28965D-09  1  0  0.05970  251.22  259.27 0.92726D+14  2.361    3.350    2.824   -1.642   29.967   12.67   14.62  114.97
  128.16  146.98 0.28898D-09  1  0  0.06031  251.06  259.20 0.92930D+14  2.363    3.339    2.813   -1.722   29.901   12.68   14.65  115.75
  128.48  147.62 0.28832D-09  1  0  0.06093  250.90  259.14 0.93144D+14  2.364    3.328    2.802   -1.802   29.833   12.70   14.68  116.50
  128.80  148.25 0.28766D-09  1  0  0.06157  250.74  259.07 0.93369D+14  2.366    3.316    2.792   -1.885   29.765   12.71   14.70  117.21
  129.12  148.86 0.28700D-09  1  0  0.06222  250.57  259.00 0.93604D+14  2.367    3.305    2.781   -1.968   29.695   12.72   14.73  117.90
  129.44  149.45 0.28635D-09  1  0  0.06289  250.40  258.93 0.93851D+14  2.369    3.294    2.770   -2.054   29.624   12.73   14.76  118.57
  129.77  150.04 0.28570D-09  1  0  0.06356  250.23  258.85 0.94110D+14  2.370    3.283    2.760   -2.141   29.552   12.75   14.80  119.21
  130.09  150.61 0.28505D-09  1  0  0.06426  250.05  258.78 0.94381D+14  2.372    3.272    2.749   -2.229   29.478   12.76   14.83  119.84
  130.41  151.17 0.28441D-09  1  0  0.06496  249.88  258.71 0.94665D+14  2.374    3.260    2.738   -2.320   29.403   12.78   14.86  120.45
  130.73  151.72 0.28377D-09  1  0  0.06569  249.69  258.63 0.94962D+14  2.375    3.249    2.728   -2.412   29.326   12.79   14.89  121.04
  131.05  152.26 0.28313D-09  1  0  0.06643  249.51  258.55 0.95273D+14  2.377    3.238    2.717   -2.506   29.248   12.81   14.93  121.61
  131.38  152.79 0.28250D-09  1  0  0.06718  249.32  258.47 0.95598D+14  2.379    3.227    2.706   -2.602   29.169   12.82   14.96  122.17
  131.70  153.31 0.28187D-09  1  0  0.06795  249.13  258.39 0.95938D+14  2.381    3.215    2.696   -2.700   29.087   12.84   15.00  122.72
  132.02  153.83 0.28124D-09  1  0  0.06874  248.93  258.31 0.96293D+14  2.382    3.204    2.685   -2.800   29.005   12.86   15.04  123.26
  132.34  154.34 0.28061D-09  1  0  0.06955  248.73  258.23 0.96665D+14  2.384    3.193    2.674   -2.902   28.920   12.87   15.08  123.78
  132.66  154.85 0.27999D-09  1  0  0.07038  248.53  258.14 0.97054D+14  2.386    3.181    2.664   -3.007   28.834   12.89   15.12  124.30
  132.99  155.35 0.27937D-09  1  0  0.07123  248.32  258.06 0.97460D+14  2.388    3.170    2.653   -3.113   28.746   12.91   15.16  124.81
  133.31  155.84 0.27876D-09  1  0  0.07209  248.11  257.97 0.97884D+14  2.390    3.158    2.642   -3.222   28.656   12.93   15.20  125.30
  133.63  156.33 0.27815D-09  1  0  0.07298  247.89  257.88 0.98328D+14  2.392    3.147    2.631   -3.333   28.564   12.95   15.24  125.79
  133.95  156.81 0.27754D-09  1  0  0.07389  247.67  257.79 0.98792D+14  2.394    3.135    2.620   -3.447   28.471   12.97   15.29  126.27
  134.27  157.29 0.27693D-09  1  0  0.07482  247.44  257.70 0.99277D+14  2.396    3.124    2.609   -3.563   28.375   12.99   15.34  126.75
  134.60  157.77 0.27632D-09  1  0  0.07578  247.21  257.60 0.99783D+14  2.399    3.112    2.598   -3.682   28.277   13.01   15.38  127.21
  134.92  158.24 0.27572D-09  1  0  0.07676  246.97  257.51 0.10031D+15  2.401    3.100    2.587   -3.803   28.177   13.03   15.43  127.68
  135.24  158.71 0.27513D-09  1  0  0.07776  246.72  257.41 0.10087D+15  2.403    3.088    2.576   -3.927   28.075   13.05   15.48  128.13
  135.56  159.17 0.27453D-09  1  0  0.07879  246.47  257.31 0.10145D+15  2.406    3.076    2.565   -4.054   27.971   13.08   15.54  128.58
  135.88  159.63 0.27394D-09  1  0  0.07985  246.22  257.21 0.10205D+15  2.408    3.064    2.554   -4.184   27.864   13.10   15.59  129.02
  136.21  160.09 0.27335D-09  1  0  0.08094  245.96  257.10 0.10269D+15  2.410    3.052    2.543   -4.317   27.754   13.13   15.65  129.46
  136.53  160.55 0.27276D-09  1  0  0.08205  245.69  256.99 0.10335D+15  2.413    3.040    2.532   -4.454   27.643   13.15   15.70  129.90
  136.85  161.00 0.27218D-09  1  0  0.08320  245.41  256.89 0.10404D+15  2.416    3.028    2.520   -4.593   27.528   13.18   15.76  130.33
  137.17  161.45 0.27160D-09  1  0  0.08438  245.13  256.77 0.10477D+15  2.418    3.016    2.509   -4.736   27.411   13.21   15.83  130.75
  137.49  161.90 0.27102D-09  1  0  0.08559  244.84  256.66 0.10553D+15  2.421    3.003    2.498   -4.883   27.291   13.24   15.89  131.17
  137.82  162.34 0.27044D-09  1  0  0.08684  244.54  256.54 0.10633D+15  2.424    2.991    2.486   -5.033   27.168   13.27   15.96  131.59
  138.14  162.78 0.26987D-09  1  0  0.08812  244.23  256.42 0.10716D+15  2.427    2.978    2.474   -5.186   27.042   13.30   16.03  132.00
  138.46  163.22 0.26930D-09  1  0  0.08944  243.91  256.30 0.10803D+15  2.430    2.965    2.463   -5.344   26.913   13.33   16.10  132.41
  138.78  163.66 0.26873D-09  1  0  0.09080  243.59  256.18 0.10895D+15  2.433    2.953    2.451   -5.506   26.781   13.36   16.17  132.81
  139.10  164.10 0.26817D-09  1  0  0.09220  243.25  256.05 0.10991D+15  2.436    2.939    2.439   -5.672   26.645   13.39   16.25  133.21
  139.43  164.53 0.26760D-09  1  0  0.09365  242.91  255.92 0.11092D+15  2.440    2.926    2.427   -5.842   26.506   13.43   16.33  133.61
  139.75  164.96 0.26704D-09  1  0  0.09514  242.55  255.78 0.11199D+15  2.443    2.913    2.415   -6.017   26.364   13.46   16.41  134.01
  140.07  165.39 0.26649D-09  1  0  0.09667  242.18  255.64 0.11310D+15  2.447    2.899    2.402   -6.196   26.217   13.50   16.50  134.40
  140.39  165.82 0.26593D-09  1  0  0.09826  241.80  255.50 0.11427D+15  2.451    2.886    2.390   -6.381   26.067   13.54   16.59  134.79
  140.71  166.25 0.26538D-09  1  0  0.09990  241.41  255.35 0.11550D+15  2.454    2.872    2.377   -6.570   25.912   13.58   16.68  135.17
  141.04  166.67 0.26483D-09  1  0  0.10160  241.00  255.21 0.11680D+15  2.458    2.858    2.364   -6.764   25.754   13.62   16.78  135.56
  141.36  167.10 0.26428D-09  1  0  0.10335  240.58  255.05 0.11817D+15  2.463    2.843    2.352   -6.964   25.591   13.66   16.88  135.93
  141.68  167.52 0.26374D-09  1  0  0.10516  240.14  254.89 0.11961D+15  2.467    2.829    2.338   -7.170   25.424   13.71   16.99  136.31
  142.00  167.94 0.26320D-09  1  0  0.10704  239.69  254.73 0.12112D+15  2.471    2.814    2.325   -7.381   25.252   13.75   17.10  136.68
  142.32  168.35 0.26266D-09  1  0  0.10898  239.22  254.57 0.12273D+15  2.476    2.799    2.311   -7.599   25.075   13.80   17.22  137.05
  142.65  168.77 0.26212D-09  1  0  0.11100  238.74  254.39 0.12442D+15  2.481    2.783    2.298   -7.822   24.893   13.85   17.34  137.42
  142.97  169.18 0.26158D-09  1  0  0.11309  238.23  254.22 0.12620D+15  2.486    2.767    2.284   -8.053   24.706   13.90   17.47  137.79
  143.29  169.60 0.26105D-09  1  0  0.11526  237.70  254.03 0.12810D+15  2.491    2.751    2.269   -8.290   24.514   13.95   17.60  138.15
  143.61  170.01 0.26052D-09  1  0  0.11751  237.15  253.85 0.13010D+15  2.497    2.735    2.255   -8.534   24.315   14.01   17.74  138.51
  143.93  170.41 0.25999D-09  1  0  0.11985  236.58  253.65 0.13222D+15  2.503    2.718    2.240   -8.785   24.111   14.06   17.89  138.86
  144.26  170.82 0.25947D-09  1  0  0.12229  235.99  253.45 0.13447D+15  2.509    2.701    2.224   -9.044   23.901   14.12   18.04  139.22
  144.58  171.23 0.25895D-09  1  0  0.12483  235.36  253.25 0.13686D+15  2.515    2.683    2.209   -9.311   23.685   14.18   18.21  139.57
  144.90  171.63 0.25843D-09  1  0  0.12747  234.71  253.04 0.13940D+15  2.522    2.665    2.193   -9.586   23.462   14.25   18.38  139.91
  145.22  172.03 0.25791D-09  1  0  0.13022  234.03  252.82 0.14210D+15  2.529    2.646    2.176   -9.870   23.232   14.31   18.56  140.26
  145.54  172.43 0.25739D-09  1  0  0.13310  233.31  252.59 0.14498D+15  2.537    2.626    2.159  -10.163   22.995   14.38   18.75  140.59
  145.87  172.82 0.25688D-09  1  0  0.13610  232.56  252.36 0.14804D+15  2.544    2.606    2.142  -10.464   22.751   14.45   18.95  140.93
  146.19  173.22 0.25637D-09  1  0  0.13925  231.77  252.12 0.15132D+15  2.553    2.586    2.124  -10.776   22.499   14.52   19.17  141.26
  146.51  173.61 0.25586D-09  1  0  0.14253  230.94  251.87 0.15481D+15  2.562    2.564    2.106  -11.097   22.240   14.59   19.40  141.59
  146.83  174.00 0.25535D-09  1  0  0.14598  230.07  251.61 0.15855D+15  2.571    2.542    2.086  -11.428   21.972   14.67   19.64  141.91
  147.15  174.38 0.25485D-09  1  0  0.14960  229.14  251.34 0.16255D+15  2.581    2.519    2.067  -11.770   21.696   14.74   19.89  142.23
  147.48  174.77 0.25434D-09  1  0  0.15339  228.16  251.06 0.16684D+15  2.592    2.495    2.046  -12.122   21.411   14.82   20.16  142.55
  147.80  175.15 0.25384D-09  1  0  0.15738  227.13  250.78 0.17144D+15  2.603    2.470    2.025  -12.486   21.118   14.90   20.45  142.86
  148.12  175.52 0.25335D-09  1  0  0.16159  226.03  250.48 0.17637D+15  2.615    2.444    2.002  -12.861   20.815   14.99   20.76  143.16
  148.44  175.90 0.25285D-09  1  0  0.16602  224.86  250.17 0.18168D+15  2.628    2.417    1.979  -13.248   20.503   15.07   21.10  143.46
  148.76  176.27 0.25236D-09  1  0  0.17070  223.61  249.86 0.18738D+15  2.643    2.388    1.954  -13.646   20.182   15.15   21.45  143.75
  149.09  176.63 0.25187D-09  1  0  0.17565  222.28  249.53 0.19352D+15  2.658    2.358    1.929  -14.057   19.851   15.24   21.83  144.03
  149.41  176.99 0.25138D-09  1  0  0.18090  220.85  249.19 0.20012D+15  2.674    2.326    1.902  -14.480   19.511   15.32   22.23  144.30
  149.73  177.34 0.25089D-09  1  0  0.18646  219.33  248.84 0.20722D+15  2.692    2.292    1.873  -14.915   19.160   15.40   22.67  144.57
  150.05  177.69 0.25040D-09  1  0  0.19237  217.68  248.48 0.21485D+15  2.712    2.256    1.843  -15.362   18.801   15.47   23.14  144.82
  150.37  181.23 0.24992D-09  0  0  0.19867  215.91  248.12 0.22304D+15  2.733    2.218    1.811  -15.684   18.543  150.37  150.37  150.37
  150.70  181.62 0.24944D-09  0  0  0.20539  214.00  247.74 0.23181D+15  2.757    2.177    1.777  -15.730   18.512  150.70  150.70  150.70
  151.02  182.00 0.24896D-09  0  0  0.21258  211.92  247.35 0.24117D+15  2.783    2.133    1.740  -15.779   18.478  151.02  151.02  151.02
  151.34  182.39 0.24848D-09  0  0  0.22029  209.66  246.96 0.25108D+15  2.812    2.086    1.701  -15.831   18.441  151.34  151.34  151.34
  151.66  182.78 0.24801D-09  0  0  0.22857  207.19  246.57 0.26151D+15  2.844    2.035    1.659  -15.888   18.401  151.66  151.66  151.66
  151.98  183.17 0.24754D-09  0  0  0.23749  204.48  246.18 0.27234D+15  2.880    1.980    1.613  -15.948   18.358  151.98  151.98  151.98
  152.31  183.56 0.24707D-09  0  0  0.24714  201.50  245.80 0.28336D+15  2.921    1.920    1.564  -16.013   18.310  152.31  152.31  152.31
  152.63  183.94 0.24660D-09  0  0  0.25760  198.21  245.44 0.29426D+15  2.968    1.854    1.509  -16.084   18.258  152.63  152.63  152.63
  152.95  184.33 0.24613D-09  0  0  0.26897  194.55  245.10 0.30451D+15  3.022    1.782    1.450  -16.162   18.201  152.95  152.95  152.95
  153.27  184.72 0.24567D-09  0  0  0.28139  190.46  244.82 0.31331D+15  3.085    1.702    1.384  -16.248   18.138  153.27  153.27  153.27
  153.59  185.11 0.24520D-09  0  0  0.29501  185.87  244.61 0.31946D+15  3.158    1.612    1.311  -16.342   18.067  153.59  153.59  153.59
  153.92  185.50 0.24474D-09  0  0  0.31000  180.68  244.52 0.32119D+15  3.246    1.512    1.229  -16.448   17.987  153.92  153.92  153.92
  154.24  185.89 0.24428D-09  0  0  0.32100  176.79  244.55 0.31807D+15  3.315    1.436    1.167  -16.529   17.927  154.24  154.24  154.24
  154.56  186.27 0.24383D-09  0  0  0.32100  176.79  244.55 0.31630D+15  3.315    1.434    1.164  -16.537   17.927  154.56  154.56  154.56
  154.88  186.66 0.24337D-09  0  0  0.32100  176.80  244.54 0.31454D+15  3.315    1.431    1.161  -16.545   17.927  154.88  154.88  154.88
  155.20  187.05 0.24292D-09  0  0  0.32100  176.81  244.54 0.31280D+15  3.315    1.429    1.159  -16.552   17.927  155.20  155.20  155.20
  155.53  187.44 0.24247D-09  0  0  0.32100  176.81  244.54 0.31106D+15  3.315    1.426    1.156  -16.560   17.927  155.53  155.53  155.53
  155.85  187.83 0.24202D-09  0  0  0.32100  176.82  244.54 0.30934D+15  3.315    1.424    1.154  -16.568   17.926  155.85  155.85  155.85
  156.17  188.21 0.24157D-09  0  0  0.32100  176.82  244.53 0.30762D+15  3.315    1.421    1.151  -16.576   17.926  156.17  156.17  156.17
  156.49  188.60 0.24112D-09  0  0  0.32100  176.83  244.53 0.30592D+15  3.315    1.419    1.148  -16.584   17.926  156.49  156.49  156.49
  156.81  188.99 0.24068D-09  0  0  0.32100  176.83  244.53 0.30423D+15  3.315    1.416    1.146  -16.591   17.926  156.81  156.81  156.81
  157.14  189.38 0.24024D-09  0  0  0.32100  176.84  244.52 0.30255D+15  3.315    1.414    1.143  -16.599   17.926  157.14  157.14  157.14
  157.46  189.77 0.23980D-09  0  0  0.32100  176.85  244.52 0.30087D+15  3.315    1.411    1.141  -16.607   17.926  157.46  157.46  157.46
  157.78  190.15 0.23936D-09  0  0  0.32100  176.85  244.52 0.29921D+15  3.315    1.409    1.138  -16.615   17.926  157.78  157.78  157.78
  158.10  190.54 0.23892D-09  0  0  0.32100  176.86  244.51 0.29756D+15  3.315    1.406    1.136  -16.622   17.925  158.10  158.10  158.10
  158.42  190.93 0.23849D-09  0  0  0.32100  176.86  244.51 0.29592D+15  3.314    1.404    1.133  -16.630   17.925  158.42  158.42  158.42
  158.75  191.32 0.23806D-09  0  0  0.32100  176.87  244.50 0.29428D+15  3.314    1.402    1.131  -16.638   17.925  158.75  158.75  158.75
  159.07  191.71 0.23762D-09  0  0  0.32100  176.88  244.50 0.29266D+15  3.314    1.399    1.129  -16.646   17.925  159.07  159.07  159.07
  159.39  192.09 0.23719D-09  0  0  0.32100  176.88  244.50 0.29105D+15  3.314    1.397    1.126  -16.653   17.925  159.39  159.39  159.39
  159.71  192.48 0.23677D-09  0  0  0.32100  176.89  244.49 0.28945D+15  3.314    1.394    1.124  -16.661   17.925  159.71  159.71  159.71
  160.03  192.87 0.23634D-09  0  0  0.32100  176.89  244.49 0.28785D+15  3.314    1.392    1.121  -16.669   17.925  160.03  160.03  160.03
  160.36  193.26 0.23592D-09  0  0  0.32100  176.90  244.48 0.28627D+15  3.314    1.390    1.119  -16.677   17.925  160.36  160.36  160.36
  160.68  193.65 0.23549D-09  0  0  0.32100  176.90  244.48 0.28470D+15  3.314    1.387    1.116  -16.684   17.925  160.68  160.68  160.68
  161.00  194.03 0.23507D-09  0  0  0.32100  176.91  244.47 0.28313D+15  3.314    1.385    1.114  -16.692   17.925  161.00  161.00  161.00
