R_tot = 1561.0 R_core =  1400.0  Tsurf =   100.00  g =  1.310
   zbot    P(MPa) Hint     conv melt pCLA   Tbot     Tm     etam        k   Fcond_bot Fcond_top   Fbot     Ftop    dlid z_topTBL z_botTBL
    0.00   -0.00 0.11024D-05  0  0  0.01105  273.24  261.57 0.32206D+14  2.167    0.000    0.000    0.000    0.000    0.00    0.00    0.00
    0.32    0.39 0.11026D-06  0  0  0.01108  273.21  263.77 0.25528D+14  2.167 1398.882 1398.305 1382.549 1414.636    0.32    0.32    0.32
    0.64    0.77 0.55143D-07  0  0  0.01110  273.18  264.13 0.24518D+14  2.167  699.459  698.882  683.121  715.215    0.64    0.64    0.64
    0.97    1.16 0.36770D-07  0  0  0.01113  273.15  264.36 0.23878D+14  2.168  466.317  465.740  449.975  482.076    0.97    0.97    0.97
    1.29    1.55 0.27583D-07  0  0  0.01115  273.12  264.53 0.23402D+14  2.168  349.747  349.170  333.400  365.507    1.29    1.29    1.29
    1.61    1.94 0.22071D-07  0  0  0.01118  273.08  264.66 0.23020D+14  2.168  279.804  279.227  263.453  295.567    1.61    1.61    1.61
    1.93    2.33 0.18396D-07  0  0  0.01120  273.05  264.76 0.22700D+14  2.168  233.176  232.599  216.820  248.941    1.93    1.93    1.93
    2.25    2.71 0.15771D-07  0  0  0.01123  273.02  264.86 0.22424D+14  2.169  199.870  199.293  183.509  215.637    2.25    2.25    2.25
    2.58    3.10 0.13803D-07  0  0  0.01125  272.99  264.93 0.22181D+14  2.169  174.890  174.313  158.525  190.660    2.58    2.58    2.58
    2.90    3.49 0.12272D-07  0  0  0.01128  272.96  265.00 0.21963D+14  2.169  155.462  154.885  139.092  171.234    2.90    2.90    2.90
    3.22    3.88 0.11047D-07  0  0  0.01131  272.93  265.06 0.21767D+14  2.170  139.919  139.342  123.545  155.693    3.22    3.22    3.22
    3.54    4.27 0.10045D-07  0  0  0.01133  272.89  265.11 0.21587D+14  2.170  127.202  126.625  110.823  142.979    3.54    3.54    3.54
    3.86    4.65 0.92095D-08  0  0  0.01136  272.86  265.16 0.21421D+14  2.170  116.604  116.028  100.221  132.383    3.86    3.86    3.86
    4.19    5.04 0.85028D-08  0  0  0.01138  272.83  265.20 0.21267D+14  2.170  107.637  107.061   91.250  123.419    4.19    4.19    4.19
    4.51    5.43 0.78971D-08  0  0  0.01141  272.80  265.24 0.21124D+14  2.171   99.951   99.374   83.559  115.735    4.51    4.51    4.51
    4.83    5.82 0.73721D-08  0  0  0.01144  272.77  265.27 0.20989D+14  2.171   93.290   92.713   76.893  109.076    4.83    4.83    4.83
    5.15    6.21 0.69128D-08  0  0  0.01146  272.74  265.30 0.20863D+14  2.171   87.461   86.884   71.060  103.249    5.15    5.15    5.15
    5.47    6.59 0.65075D-08  0  0  0.01149  272.70  265.33 0.20743D+14  2.171   82.318   81.742   65.912   98.109    5.47    5.47    5.47
    5.80    6.98 0.61473D-08  0  0  0.01151  272.67  265.36 0.20630D+14  2.172   77.746   77.170   61.336   93.539    5.80    5.80    5.80
    6.12    7.37 0.58249D-08  0  0  0.01154  272.64  265.38 0.20522D+14  2.172   73.656   73.080   57.241   89.451    6.12    6.12    6.12
    6.44    7.76 0.55348D-08  0  0  0.01157  272.61  265.40 0.20420D+14  2.172   69.975   69.398   53.556   85.772    6.44    6.44    6.44
    6.76    8.15 0.52723D-08  0  0  0.01159  272.57  265.42 0.20322D+14  2.173   66.644   66.068   50.220   82.444    6.76    6.76    6.76
    7.08    8.31 0.50337D-08  1  0  0.01162  272.54  265.43 0.20228D+14  2.173   63.616   63.040   48.246   80.467    5.43    6.51    6.70
    7.41    8.69 0.48159D-08  1  0  0.01165  272.51  265.45 0.20138D+14  2.173   60.851   60.275   47.692   79.898    5.47    6.50    7.02
    7.73    9.08 0.46162D-08  1  0  0.01168  272.48  265.46 0.20051D+14  2.173   58.317   57.741   47.166   79.358    5.50    6.50    7.34
    8.05    9.47 0.44324D-08  1  0  0.01170  272.45  265.47 0.19968D+14  2.174   55.985   55.409   46.665   78.843    5.53    6.50    7.66
    8.37    9.85 0.42628D-08  1  0  0.01173  272.41  265.48 0.19888D+14  2.174   53.833   53.257   46.187   78.350    5.57    6.50    7.98
    8.69   10.24 0.41058D-08  1  0  0.01176  272.38  265.49 0.19811D+14  2.174   51.840   51.264   45.730   77.880    5.60    6.51    8.30
    9.02   10.63 0.39600D-08  1  0  0.01179  272.35  265.50 0.19736D+14  2.174   49.990   49.414   45.292   77.428    5.63    6.51    8.62
    9.34   11.02 0.38242D-08  1  0  0.01181  272.31  265.51 0.19663D+14  2.175   48.267   47.691   44.873   76.995    5.66    6.52    8.94
    9.66   11.40 0.36975D-08  1  0  0.01184  272.28  265.51 0.19593D+14  2.175   46.659   46.083   44.470   76.578    5.69    6.52    9.26
    9.98   11.79 0.35790D-08  1  0  0.01187  272.25  265.52 0.19525D+14  2.175   45.154   44.579   44.082   76.177    5.71    6.53    9.58
   10.30   12.18 0.34679D-08  1  0  0.01190  272.22  265.52 0.19460D+14  2.176   43.744   43.168   43.708   75.791    5.74    6.54    9.91
   10.63   12.57 0.33635D-08  1  0  0.01193  272.18  265.52 0.19396D+14  2.176   42.419   41.844   43.348   75.418    5.77    6.55   10.23
   10.95   12.95 0.32652D-08  1  0  0.01195  272.15  265.53 0.19333D+14  2.176   41.172   40.597   43.001   75.057    5.79    6.56   10.55
   11.27   13.34 0.31726D-08  1  0  0.01198  272.12  265.53 0.19273D+14  2.176   39.997   39.421   42.665   74.709    5.82    6.57   10.87
   11.59   13.73 0.30851D-08  1  0  0.01201  272.09  265.53 0.19214D+14  2.177   38.886   38.311   42.340   74.371    5.84    6.58   11.19
   11.91   14.12 0.30023D-08  1  0  0.01204  272.05  265.53 0.19156D+14  2.177   37.836   37.261   42.025   74.044    5.86    6.59   11.51
   12.24   14.50 0.29239D-08  1  0  0.01207  272.02  265.53 0.19100D+14  2.177   36.841   36.266   41.720   73.726    5.89    6.60   11.83
   12.56   14.89 0.28495D-08  1  0  0.01210  271.99  265.53 0.19046D+14  2.178   35.897   35.321   41.424   73.418    5.91    6.61   12.15
   12.88   15.28 0.27789D-08  1  0  0.01213  271.95  265.52 0.18993D+14  2.178   35.000   34.425   41.137   73.118    5.93    6.62   12.47
   13.20   15.67 0.27117D-08  1  0  0.01216  271.92  265.52 0.18941D+14  2.178   34.147   33.572   40.858   72.827    5.95    6.63   12.79
   13.52   16.05 0.26476D-08  1  0  0.01219  271.89  265.52 0.18890D+14  2.178   33.334   32.759   40.586   72.544    5.97    6.64   13.12
   13.85   16.44 0.25866D-08  1  0  0.01222  271.85  265.51 0.18840D+14  2.179   32.559   31.984   40.322   72.268    5.99    6.65   13.44
   14.17   16.83 0.25283D-08  1  0  0.01224  271.82  265.51 0.18791D+14  2.179   31.820   31.245   40.065   71.999    6.01    6.66   13.76
   14.49   17.22 0.24727D-08  1  0  0.01227  271.79  265.50 0.18744D+14  2.179   31.113   30.538   39.814   71.736    6.03    6.67   14.08
   14.81   17.60 0.24194D-08  1  0  0.01230  271.75  265.50 0.18697D+14  2.180   30.437   29.862   39.570   71.480    6.05    6.68   14.40
   15.13   17.99 0.23684D-08  1  0  0.01233  271.72  265.49 0.18651D+14  2.180   29.790   29.215   39.332   71.230    6.07    6.69   14.72
   15.46   18.38 0.23196D-08  1  0  0.01236  271.69  265.49 0.18607D+14  2.180   29.170   28.595   39.099   70.986    6.09    6.70   15.04
   15.78   18.77 0.22727D-08  1  0  0.01239  271.65  265.48 0.18563D+14  2.180   28.575   28.000   38.872   70.748    6.11    6.72   15.37
   16.10   19.15 0.22277D-08  1  0  0.01243  271.62  265.47 0.18520D+14  2.181   28.004   27.429   38.650   70.514    6.13    6.73   15.69
   16.42   19.54 0.21845D-08  1  0  0.01246  271.59  265.47 0.18478D+14  2.181   27.455   26.880   38.433   70.286    6.14    6.74   16.01
   16.74   19.93 0.21429D-08  1  0  0.01249  271.55  265.46 0.18436D+14  2.181   26.927   26.353   38.221   70.063    6.16    6.75   16.33
   17.07   20.32 0.21029D-08  1  0  0.01252  271.52  265.45 0.18396D+14  2.182   26.420   25.845   38.013   69.844    6.18    6.76   16.65
   17.39   20.71 0.20644D-08  1  0  0.01255  271.48  265.44 0.18356D+14  2.182   25.931   25.356   37.810   69.629    6.19    6.77   16.97
   17.71   21.09 0.20273D-08  1  0  0.01258  271.45  265.43 0.18317D+14  2.182   25.459   24.885   37.610   69.419    6.21    6.78   17.29
   18.03   21.48 0.19915D-08  1  0  0.01261  271.42  265.42 0.18278D+14  2.182   25.005   24.431   37.415   69.213    6.23    6.79   17.62
   18.35   21.87 0.19570D-08  1  0  0.01264  271.38  265.41 0.18240D+14  2.183   24.567   23.992   37.224   69.011    6.24    6.80   17.94
   18.68   22.26 0.19236D-08  1  0  0.01267  271.35  265.40 0.18203D+14  2.183   24.143   23.569   37.036   68.813    6.26    6.81   18.26
   19.00   22.64 0.18914D-08  1  0  0.01271  271.31  265.39 0.18167D+14  2.183   23.734   23.160   36.852   68.618    6.27    6.83   18.58
   19.32   23.03 0.18603D-08  1  0  0.01274  271.28  265.38 0.18131D+14  2.184   23.339   22.765   36.672   68.427    6.29    6.84   18.90
   19.64   23.42 0.18302D-08  1  0  0.01277  271.25  265.37 0.18095D+14  2.184   22.957   22.383   36.494   68.239    6.30    6.85   19.22
   19.96   23.81 0.18010D-08  1  0  0.01280  271.21  265.36 0.18060D+14  2.184   22.587   22.013   36.320   68.055    6.32    6.86   19.54
   20.29   24.20 0.17728D-08  1  0  0.01283  271.18  265.35 0.18026D+14  2.184   22.228   21.654   36.149   67.873    6.33    6.87   19.87
   20.61   24.58 0.17454D-08  1  0  0.01287  271.14  265.34 0.17992D+14  2.185   21.881   21.307   35.981   67.695    6.35    6.88   20.19
   20.93   24.97 0.17190D-08  1  0  0.01290  271.11  265.32 0.17959D+14  2.185   21.545   20.971   35.816   67.520    6.36    6.89   20.51
   21.25   25.36 0.16933D-08  1  0  0.01293  271.07  265.31 0.17927D+14  2.185   21.218   20.645   35.654   67.347    6.37    6.90   20.83
   21.57   25.75 0.16683D-08  1  0  0.01296  271.04  265.30 0.17894D+14  2.186   20.902   20.328   35.494   67.177    6.39    6.91   21.15
   21.90   26.14 0.16441D-08  1  0  0.01300  271.01  265.29 0.17863D+14  2.186   20.595   20.021   35.337   67.010    6.40    6.92   21.48
   22.22   26.52 0.16206D-08  1  0  0.01303  270.97  265.27 0.17831D+14  2.186   20.296   19.723   35.182   66.845    6.41    6.93   21.80
   22.54   26.91 0.15978D-08  1  0  0.01306  270.94  265.26 0.17800D+14  2.187   20.006   19.433   35.030   66.683    6.43    6.94   22.12
   22.86   27.30 0.15756D-08  1  0  0.01310  270.90  265.25 0.17770D+14  2.187   19.725   19.151   34.880   66.523    6.44    6.95   22.44
   23.18   27.69 0.15541D-08  1  0  0.01313  270.87  265.23 0.17740D+14  2.187   19.451   18.877   34.732   66.366    6.45    6.96   22.76
   23.51   28.08 0.15331D-08  1  0  0.01317  270.83  265.22 0.17711D+14  2.187   19.185   18.611   34.586   66.210    6.46    6.97   23.08
   23.83   28.46 0.15127D-08  1  0  0.01320  270.80  265.20 0.17681D+14  2.188   18.925   18.352   34.443   66.057    6.48    6.98   23.41
   24.15   28.85 0.14928D-08  1  0  0.01323  270.76  265.19 0.17653D+14  2.188   18.673   18.100   34.302   65.906    6.49    6.99   23.73
   24.47   29.24 0.14735D-08  1  0  0.01327  270.73  265.17 0.17624D+14  2.188   18.428   17.854   34.163   65.757    6.50    7.00   24.05
   24.79   29.63 0.14547D-08  1  0  0.01330  270.69  265.16 0.17596D+14  2.189   18.188   17.615   34.025   65.611    6.51    7.01   24.37
   25.12   30.01 0.14363D-08  1  0  0.01334  270.66  265.14 0.17569D+14  2.189   17.955   17.382   33.890   65.466    6.52    7.02   24.69
   25.44   30.40 0.14184D-08  1  0  0.01337  270.62  265.13 0.17542D+14  2.189   17.728   17.155   33.756   65.322    6.53    7.03   25.01
   25.76   30.79 0.14010D-08  1  0  0.01341  270.59  265.11 0.17515D+14  2.190   17.506   16.933   33.624   65.181    6.55    7.04   25.34
   26.08   31.18 0.13840D-08  1  0  0.01344  270.55  265.09 0.17488D+14  2.190   17.290   16.717   33.494   65.042    6.56    7.05   25.66
   26.40   31.57 0.13674D-08  1  0  0.01348  270.52  265.08 0.17462D+14  2.190   17.080   16.507   33.366   64.904    6.57    7.06   25.98
   26.73   31.95 0.13512D-08  1  0  0.01351  270.48  265.06 0.17436D+14  2.190   16.874   16.301   33.239   64.768    6.58    7.07   26.30
   27.05   32.34 0.13354D-08  1  0  0.01355  270.44  265.05 0.17411D+14  2.191   16.673   16.100   33.114   64.634    6.59    7.08   26.62
   27.37   32.73 0.13200D-08  1  0  0.01358  270.41  265.03 0.17385D+14  2.191   16.477   15.904   32.990   64.501    6.60    7.09   26.95
   27.69   33.12 0.13049D-08  1  0  0.01362  270.37  265.01 0.17360D+14  2.191   16.285   15.713   32.868   64.369    6.61    7.10   27.27
   28.01   33.51 0.12901D-08  1  0  0.01366  270.34  264.99 0.17336D+14  2.192   16.098   15.525   32.747   64.240    6.62    7.11   27.59
   28.34   33.89 0.12757D-08  1  0  0.01369  270.30  264.98 0.17312D+14  2.192   15.915   15.343   32.628   64.111    6.63    7.12   27.91
   28.66   34.28 0.12617D-08  1  0  0.01373  270.27  264.96 0.17288D+14  2.192   15.736   15.164   32.510   63.985    6.64    7.13   28.23
   28.98   34.67 0.12479D-08  1  0  0.01377  270.23  264.94 0.17264D+14  2.193   15.561   14.989   32.393   63.859    6.65    7.14   28.56
   29.30   35.06 0.12345D-08  1  0  0.01380  270.19  264.92 0.17240D+14  2.193   15.390   14.818   32.278   63.735    6.66    7.15   28.88
   29.62   35.45 0.12213D-08  1  0  0.01384  270.16  264.91 0.17217D+14  2.193   15.223   14.651   32.164   63.612    6.67    7.16   29.20
   29.95   35.83 0.12084D-08  1  0  0.01388  270.12  264.89 0.17194D+14  2.194   15.059   14.487   32.051   63.491    6.68    7.17   29.52
   30.27   36.22 0.11958D-08  1  0  0.01391  270.09  264.87 0.17172D+14  2.194   14.899   14.327   31.940   63.371    6.69    7.18   29.84
   30.59   36.61 0.11835D-08  1  0  0.01395  270.05  264.85 0.17149D+14  2.194   14.742   14.170   31.829   63.252    6.70    7.19   30.17
   30.91   37.00 0.11714D-08  1  0  0.01399  270.01  264.83 0.17127D+14  2.194   14.589   14.017   31.720   63.134    6.71    7.20   30.49
   31.23   37.39 0.11595D-08  1  0  0.01403  269.98  264.81 0.17105D+14  2.195   14.438   13.866   31.612   63.017    6.72    7.21   30.81
   31.56   37.78 0.11480D-08  1  0  0.01407  269.94  264.79 0.17084D+14  2.195   14.291   13.719   31.505   62.902    6.73    7.21   31.13
   31.88   38.16 0.11366D-08  1  0  0.01411  269.90  264.78 0.17063D+14  2.195   14.147   13.575   31.399   62.788    6.74    7.22   31.45
   32.20   38.55 0.11255D-08  1  0  0.01414  269.87  264.76 0.17041D+14  2.196   14.005   13.433   31.295   62.674    6.75    7.23   31.78
   32.52   38.94 0.11145D-08  1  0  0.01418  269.83  264.74 0.17021D+14  2.196   13.866   13.294   31.191   62.562    6.76    7.24   32.10
   32.84   39.33 0.11039D-08  1  0  0.01422  269.80  264.72 0.17000D+14  2.196   13.730   13.159   31.088   62.451    6.77    7.25   32.42
   33.17   39.72 0.10934D-08  1  0  0.01426  269.76  264.70 0.16980D+14  2.197   13.597   13.025   30.986   62.341    6.78    7.26   32.74
   33.49   40.10 0.10831D-08  1  0  0.01430  269.72  264.68 0.16959D+14  2.197   13.466   12.894   30.885   62.232    6.79    7.27   33.06
   33.81   40.49 0.10730D-08  1  0  0.01434  269.69  264.66 0.16939D+14  2.197   13.338   12.766   30.785   62.124    6.80    7.28   33.39
   34.13   40.88 0.10631D-08  1  0  0.01438  269.65  264.64 0.16920D+14  2.198   13.212   12.640   30.686   62.017    6.81    7.29   33.71
   34.45   41.27 0.10534D-08  1  0  0.01442  269.61  264.62 0.16900D+14  2.198   13.088   12.517   30.588   61.911    6.81    7.29   34.03
   34.78   41.66 0.10438D-08  1  0  0.01446  269.57  264.60 0.16881D+14  2.198   12.967   12.396   30.491   61.805    6.82    7.30   34.35
   35.10   42.04 0.10345D-08  1  0  0.01450  269.54  264.58 0.16862D+14  2.199   12.848   12.277   30.395   61.701    6.83    7.31   34.67
   35.42   42.43 0.10253D-08  1  0  0.01454  269.50  264.55 0.16843D+14  2.199   12.731   12.160   30.299   61.597    6.84    7.32   35.00
   35.74   42.82 0.10162D-08  1  0  0.01458  269.46  264.53 0.16824D+14  2.199   12.616   12.045   30.205   61.495    6.85    7.33   35.32
   36.06   43.21 0.10074D-08  1  0  0.01462  269.43  264.51 0.16806D+14  2.199   12.503   11.932   30.111   61.393    6.86    7.34   35.64
   36.39   43.60 0.99868D-09  1  0  0.01466  269.39  264.49 0.16787D+14  2.200   12.393   11.822   30.017   61.292    6.86    7.35   35.96
   36.71   43.98 0.99012D-09  1  0  0.01471  269.35  264.47 0.16769D+14  2.200   12.284   11.713   29.925   61.192    6.87    7.36   36.28
   37.03   44.37 0.98172D-09  1  0  0.01475  269.31  264.45 0.16751D+14  2.200   12.177   11.606   29.833   61.092    6.88    7.36   36.61
   37.35   44.76 0.97346D-09  1  0  0.01479  269.28  264.43 0.16734D+14  2.201   12.072   11.501   29.743   60.994    6.89    7.37   36.93
   37.67   45.15 0.96534D-09  1  0  0.01483  269.24  264.40 0.16716D+14  2.201   11.969   11.398   29.652   60.896    6.90    7.38   37.25
   38.00   45.54 0.95735D-09  1  0  0.01487  269.20  264.38 0.16699D+14  2.201   11.867   11.296   29.563   60.799    6.91    7.39   37.57
   38.32   45.93 0.94951D-09  1  0  0.01492  269.16  264.36 0.16682D+14  2.202   11.767   11.197   29.474   60.702    6.91    7.40   37.89
   38.64   46.31 0.94179D-09  1  0  0.01496  269.13  264.34 0.16665D+14  2.202   11.669   11.098   29.386   60.607    6.92    7.41   38.22
   38.96   46.70 0.93420D-09  1  0  0.01500  269.09  264.32 0.16648D+14  2.202   11.572   11.002   29.298   60.512    6.93    7.41   38.54
   39.28   47.09 0.92674D-09  1  0  0.01505  269.05  264.29 0.16632D+14  2.203   11.477   10.907   29.212   60.417    6.94    7.42   38.86
   39.61   47.48 0.91939D-09  1  0  0.01509  269.01  264.27 0.16615D+14  2.203   11.384   10.814   29.125   60.324    6.94    7.43   39.18
   39.93   47.87 0.91217D-09  1  0  0.01513  268.97  264.25 0.16599D+14  2.203   11.292   10.722   29.040   60.231    6.95    7.44   39.50
   40.25   48.25 0.90506D-09  1  0  0.01518  268.94  264.23 0.16583D+14  2.204   11.201   10.631   28.955   60.138    6.96    7.45   39.83
   40.57   48.64 0.89806D-09  1  0  0.01522  268.90  264.20 0.16567D+14  2.204   11.112   10.542   28.870   60.047    6.97    7.46   40.15
   40.89   49.03 0.89118D-09  1  0  0.01527  268.86  264.18 0.16551D+14  2.204   11.025   10.455   28.787   59.956    6.98    7.46   40.47
   41.22   49.42 0.88440D-09  1  0  0.01531  268.82  264.16 0.16536D+14  2.205   10.938   10.368   28.703   59.865    6.98    7.47   40.79
   41.54   49.81 0.87773D-09  1  0  0.01536  268.78  264.13 0.16520D+14  2.205   10.853   10.283   28.621   59.775    6.99    7.48   41.12
   41.86   50.20 0.87115D-09  1  0  0.01540  268.74  264.11 0.16505D+14  2.205   10.770   10.200   28.538   59.686    7.00    7.49   41.44
   42.18   50.58 0.86468D-09  1  0  0.01545  268.70  264.09 0.16490D+14  2.206   10.687   10.118   28.457   59.597    7.00    7.50   41.76
   42.50   50.97 0.85831D-09  1  0  0.01549  268.67  264.06 0.16475D+14  2.206   10.606   10.036   28.376   59.509    7.01    7.51   42.08
   42.83   51.36 0.85204D-09  1  0  0.01554  268.63  264.04 0.16460D+14  2.206   10.526    9.957   28.295   59.422    7.02    7.51   42.40
   43.15   51.75 0.84585D-09  1  0  0.01558  268.59  264.01 0.16446D+14  2.207   10.448    9.878   28.215   59.334    7.03    7.52   42.73
   43.47   52.14 0.83976D-09  1  0  0.01563  268.55  263.99 0.16431D+14  2.207   10.370    9.800   28.136   59.248    7.03    7.53   43.05
   43.79   52.52 0.83376D-09  1  0  0.01568  268.51  263.97 0.16417D+14  2.207   10.294    9.724   28.056   59.162    7.04    7.54   43.37
   44.11   52.91 0.82785D-09  1  0  0.01572  268.47  263.94 0.16403D+14  2.208   10.218    9.649   27.978   59.076    7.05    7.55   43.69
   44.44   53.30 0.82202D-09  1  0  0.01577  268.43  263.92 0.16389D+14  2.208   10.144    9.575   27.900   58.991    7.05    7.55   44.02
   44.76   53.69 0.81628D-09  1  0  0.01582  268.39  263.89 0.16375D+14  2.208   10.071    9.502   27.822   58.907    7.06    7.56   44.34
   45.08   54.08 0.81062D-09  1  0  0.01587  268.35  263.87 0.16361D+14  2.209    9.999    9.429   27.745   58.823    7.07    7.57   44.66
   45.40   54.47 0.80503D-09  1  0  0.01591  268.31  263.84 0.16348D+14  2.209    9.927    9.358   27.668   58.739    7.08    7.58   44.98
   45.72   54.85 0.79953D-09  1  0  0.01596  268.28  263.82 0.16334D+14  2.209    9.857    9.288   27.591   58.656    7.08    7.58   45.30
   46.05   55.24 0.79411D-09  1  0  0.01601  268.24  263.79 0.16321D+14  2.210    9.788    9.219   27.515   58.574    7.09    7.59   45.63
   46.37   55.63 0.78876D-09  1  0  0.01606  268.20  263.77 0.16308D+14  2.210    9.720    9.151   27.440   58.491    7.10    7.60   45.95
   46.69   56.02 0.78348D-09  1  0  0.01611  268.16  263.74 0.16295D+14  2.210    9.653    9.084   27.365   58.410    7.10    7.61   46.27
   47.01   56.41 0.77827D-09  1  0  0.01616  268.12  263.72 0.16282D+14  2.211    9.586    9.018   27.290   58.328    7.11    7.62   46.59
   47.33   56.79 0.77314D-09  1  0  0.01621  268.08  263.69 0.16270D+14  2.211    9.521    8.952   27.215   58.247    7.12    7.62   46.91
   47.66   57.18 0.76808D-09  1  0  0.01626  268.04  263.67 0.16257D+14  2.211    9.456    8.888   27.141   58.167    7.12    7.63   47.24
   47.98   57.57 0.76308D-09  1  0  0.01631  268.00  263.64 0.16245D+14  2.212    9.393    8.824   27.068   58.087    7.13    7.64   47.56
   48.30   57.96 0.75815D-09  1  0  0.01636  267.96  263.61 0.16233D+14  2.212    9.330    8.761   26.994   58.007    7.14    7.65   47.88
   48.62   58.35 0.75329D-09  1  0  0.01641  267.92  263.59 0.16221D+14  2.213    9.268    8.699   26.921   57.928    7.14    7.65   48.20
   48.94   58.74 0.74849D-09  1  0  0.01646  267.88  263.56 0.16209D+14  2.213    9.207    8.638   26.849   57.849    7.15    7.66   48.53
   49.27   59.12 0.74375D-09  1  0  0.01651  267.84  263.54 0.16197D+14  2.213    9.146    8.578   26.777   57.771    7.16    7.67   48.85
   49.59   59.51 0.73908D-09  1  0  0.01656  267.80  263.51 0.16185D+14  2.214    9.086    8.518   26.705   57.693    7.16    7.68   49.17
   49.91   59.90 0.73446D-09  1  0  0.01662  267.75  263.48 0.16174D+14  2.214    9.028    8.460   26.633   57.615    7.17    7.69   49.49
   50.23   60.29 0.72990D-09  1  0  0.01667  267.71  263.46 0.16162D+14  2.214    8.969    8.402   26.562   57.537    7.17    7.69   49.82
   50.55   60.68 0.72541D-09  1  0  0.01672  267.67  263.43 0.16151D+14  2.215    8.912    8.344   26.491   57.460    7.18    7.70   50.14
   50.88   61.06 0.72097D-09  1  0  0.01677  267.63  263.40 0.16140D+14  2.215    8.855    8.288   26.420   57.384    7.19    7.71   50.46
   51.20   61.45 0.71658D-09  1  0  0.01683  267.59  263.38 0.16129D+14  2.215    8.799    8.232   26.350   57.307    7.19    7.72   50.78
   51.52   61.84 0.71225D-09  1  0  0.01688  267.55  263.35 0.16118D+14  2.216    8.744    8.177   26.280   57.231    7.20    7.72   51.10
   51.84   62.23 0.70797D-09  1  0  0.01693  267.51  263.32 0.16107D+14  2.216    8.690    8.122   26.210   57.156    7.21    7.73   51.43
   52.16   62.62 0.70375D-09  1  0  0.01699  267.47  263.29 0.16097D+14  2.216    8.636    8.068   26.140   57.080    7.21    7.74   51.75
   52.49   63.01 0.69958D-09  1  0  0.01704  267.43  263.27 0.16086D+14  2.217    8.582    8.015   26.071   57.005    7.22    7.75   52.07
   52.81   63.39 0.69546D-09  1  0  0.01710  267.39  263.24 0.16076D+14  2.217    8.530    7.962   26.002   56.930    7.22    7.75   52.39
   53.13   63.78 0.69139D-09  1  0  0.01715  267.34  263.21 0.16066D+14  2.217    8.478    7.911   25.934   56.856    7.23    7.76   52.72
   53.45   64.17 0.68737D-09  1  0  0.01721  267.30  263.18 0.16056D+14  2.218    8.426    7.859   25.865   56.782    7.24    7.77   53.04
   53.77   64.56 0.68339D-09  1  0  0.01727  267.26  263.16 0.16046D+14  2.218    8.376    7.809   25.797   56.708    7.24    7.78   53.36
   54.10   64.95 0.67947D-09  1  0  0.01732  267.22  263.13 0.16036D+14  2.219    8.326    7.759   25.729   56.634    7.25    7.78   53.68
   54.42   65.34 0.67559D-09  1  0  0.01738  267.18  263.10 0.16026D+14  2.219    8.276    7.709   25.661   56.561    7.26    7.79   54.00
   54.74   65.72 0.67175D-09  1  0  0.01743  267.14  263.07 0.16017D+14  2.219    8.227    7.660   25.594   56.488    7.26    7.80   54.33
   55.06   66.11 0.66796D-09  1  0  0.01749  267.09  263.04 0.16007D+14  2.220    8.179    7.612   25.527   56.415    7.27    7.81   54.65
   55.38   66.50 0.66422D-09  1  0  0.01755  267.05  263.02 0.15998D+14  2.220    8.131    7.564   25.460   56.343    7.27    7.81   54.97
   55.71   66.89 0.66052D-09  1  0  0.01761  267.01  262.99 0.15989D+14  2.220    8.083    7.517   25.393   56.271    7.28    7.82   55.29
   56.03   67.28 0.65686D-09  1  0  0.01767  266.97  262.96 0.15980D+14  2.221    8.037    7.470   25.327   56.199    7.29    7.83   55.62
   56.35   67.67 0.65324D-09  1  0  0.01772  266.93  262.93 0.15971D+14  2.221    7.990    7.424   25.260   56.127    7.29    7.84   55.94
   56.67   68.05 0.64967D-09  1  0  0.01778  266.88  262.90 0.15962D+14  2.221    7.945    7.378   25.194   56.056    7.30    7.84   56.26
   56.99   68.44 0.64613D-09  1  0  0.01784  266.84  262.87 0.15953D+14  2.222    7.899    7.333   25.128   55.984    7.30    7.85   56.58
   57.32   68.83 0.64264D-09  1  0  0.01790  266.80  262.84 0.15945D+14  2.222    7.855    7.289   25.062   55.913    7.31    7.86   56.91
   57.64   69.22 0.63918D-09  1  0  0.01796  266.75  262.81 0.15936D+14  2.223    7.811    7.244   24.997   55.843    7.31    7.87   57.23
   57.96   69.61 0.63576D-09  1  0  0.01802  266.71  262.79 0.15928D+14  2.223    7.767    7.201   24.932   55.772    7.32    7.87   57.55
   58.28   69.99 0.63238D-09  1  0  0.01808  266.67  262.76 0.15920D+14  2.223    7.724    7.158   24.866   55.702    7.33    7.88   57.87
   58.60   70.38 0.62904D-09  1  0  0.01815  266.63  262.73 0.15912D+14  2.224    7.681    7.115   24.801   55.632    7.33    7.89   58.20
   58.93   70.77 0.62573D-09  1  0  0.01821  266.58  262.70 0.15904D+14  2.224    7.638    7.073   24.737   55.562    7.34    7.90   58.52
   59.25   71.16 0.62246D-09  1  0  0.01827  266.54  262.67 0.15896D+14  2.224    7.597    7.031   24.672   55.492    7.34    7.90   58.84
   59.57   71.55 0.61922D-09  1  0  0.01833  266.50  262.64 0.15889D+14  2.225    7.555    6.990   24.608   55.423    7.35    7.91   59.16
   59.89   71.94 0.61602D-09  1  0  0.01840  266.45  262.61 0.15881D+14  2.225    7.514    6.949   24.543   55.354    7.35    7.92   59.48
   60.21   72.32 0.61286D-09  1  0  0.01846  266.41  262.58 0.15874D+14  2.226    7.474    6.908   24.479   55.285    7.36    7.93   59.81
   60.54   72.71 0.60972D-09  1  0  0.01852  266.36  262.55 0.15867D+14  2.226    7.434    6.868   24.415   55.216    7.37    7.93   60.13
   60.86   73.10 0.60663D-09  1  0  0.01859  266.32  262.52 0.15860D+14  2.226    7.394    6.829   24.351   55.147    7.37    7.94   60.45
   61.18   73.49 0.60356D-09  1  0  0.01865  266.28  262.49 0.15853D+14  2.227    7.355    6.789   24.288   55.079    7.38    7.95   60.77
   61.50   73.88 0.60052D-09  1  0  0.01872  266.23  262.46 0.15846D+14  2.227    7.316    6.751   24.224   55.010    7.38    7.95   61.10
   61.82   74.27 0.59752D-09  1  0  0.01878  266.19  262.43 0.15839D+14  2.228    7.277    6.712   24.161   54.942    7.39    7.96   61.42
   62.15   74.65 0.59455D-09  1  0  0.01885  266.14  262.39 0.15832D+14  2.228    7.239    6.674   24.097   54.874    7.39    7.97   61.74
   62.47   75.04 0.59161D-09  1  0  0.01891  266.10  262.36 0.15826D+14  2.228    7.202    6.637   24.034   54.807    7.40    7.98   62.06
   62.79   75.43 0.58870D-09  1  0  0.01898  266.06  262.33 0.15820D+14  2.229    7.164    6.599   23.971   54.739    7.41    7.98   62.39
   63.11   75.82 0.58582D-09  1  0  0.01905  266.01  262.30 0.15813D+14  2.229    7.127    6.563   23.908   54.672    7.41    7.99   62.71
   63.43   76.21 0.58296D-09  1  0  0.01912  265.97  262.27 0.15807D+14  2.229    7.091    6.526   23.845   54.604    7.42    8.00   63.03
   63.76   76.60 0.58014D-09  1  0  0.01918  265.92  262.24 0.15801D+14  2.230    7.054    6.490   23.783   54.537    7.42    8.01   63.35
   64.08   76.98 0.57735D-09  1  0  0.01925  265.88  262.21 0.15796D+14  2.230    7.019    6.454   23.720   54.470    7.43    8.01   63.68
   64.40   77.37 0.57458D-09  1  0  0.01932  265.83  262.18 0.15790D+14  2.231    6.983    6.419   23.657   54.403    7.43    8.02   64.00
   64.72   77.76 0.57184D-09  1  0  0.01939  265.79  262.14 0.15784D+14  2.231    6.948    6.384   23.595   54.337    7.44    8.03   64.32
   65.04   78.15 0.56913D-09  1  0  0.01946  265.74  262.11 0.15779D+14  2.231    6.913    6.349   23.533   54.270    7.44    8.04   64.64
   65.37   78.54 0.56644D-09  1  0  0.01953  265.70  262.08 0.15774D+14  2.232    6.879    6.315   23.471   54.204    7.45    8.04   64.97
   65.69   78.93 0.56379D-09  1  0  0.01960  265.65  262.05 0.15768D+14  2.232    6.845    6.281   23.408   54.137    7.45    8.05   65.29
   66.01   79.31 0.56115D-09  1  0  0.01967  265.60  262.02 0.15763D+14  2.233    6.811    6.247   23.346   54.071    7.46    8.06   65.61
   66.33   79.70 0.55855D-09  1  0  0.01975  265.56  261.98 0.15759D+14  2.233    6.777    6.214   23.284   54.005    7.47    8.07   65.93
   66.65   80.09 0.55596D-09  1  0  0.01982  265.51  261.95 0.15754D+14  2.233    6.744    6.181   23.222   53.939    7.47    8.07   66.26
   66.98   80.48 0.55341D-09  1  0  0.01989  265.47  261.92 0.15749D+14  2.234    6.711    6.148   23.161   53.873    7.48    8.08   66.58
   67.30   80.87 0.55087D-09  1  0  0.01996  265.42  261.89 0.15745D+14  2.234    6.679    6.115   23.099   53.808    7.48    8.09   66.90
   67.62   81.26 0.54837D-09  1  0  0.02004  265.37  261.85 0.15740D+14  2.235    6.647    6.083   23.037   53.742    7.49    8.10   67.22
   67.94   81.64 0.54588D-09  1  0  0.02011  265.33  261.82 0.15736D+14  2.235    6.615    6.051   22.976   53.677    7.49    8.10   67.55
   68.26   82.03 0.54342D-09  1  0  0.02019  265.28  261.79 0.15732D+14  2.235    6.583    6.020   22.914   53.611    7.50    8.11   67.87
   68.59   82.42 0.54098D-09  1  0  0.02026  265.23  261.76 0.15728D+14  2.236    6.552    5.989   22.853   53.546    7.50    8.12   68.19
   68.91   82.81 0.53857D-09  1  0  0.02034  265.19  261.72 0.15724D+14  2.236    6.521    5.958   22.791   53.481    7.51    8.12   68.51
   69.23   83.20 0.53617D-09  1  0  0.02041  265.14  261.69 0.15721D+14  2.237    6.490    5.927   22.730   53.416    7.51    8.13   68.83
   69.55   83.59 0.53380D-09  1  0  0.02049  265.09  261.66 0.15717D+14  2.237    6.459    5.897   22.668   53.351    7.52    8.14   69.16
   69.87   83.97 0.53145D-09  1  0  0.02057  265.05  261.62 0.15714D+14  2.237    6.429    5.866   22.607   53.286    7.52    8.15   69.48
   70.20   84.36 0.52913D-09  1  0  0.02065  265.00  261.59 0.15711D+14  2.238    6.399    5.837   22.546   53.221    7.53    8.15   69.80
   70.52   84.75 0.52682D-09  1  0  0.02073  264.95  261.55 0.15707D+14  2.238    6.370    5.807   22.485   53.157    7.54    8.16   70.12
   70.84   85.14 0.52454D-09  1  0  0.02081  264.90  261.52 0.15704D+14  2.239    6.340    5.778   22.423   53.092    7.54    8.17   70.45
   71.16   85.53 0.52227D-09  1  0  0.02089  264.86  261.49 0.15702D+14  2.239    6.311    5.749   22.362   53.027    7.55    8.18   70.77
   71.48   85.92 0.52003D-09  1  0  0.02097  264.81  261.45 0.15699D+14  2.240    6.282    5.720   22.301   52.963    7.55    8.18   71.09
   71.81   86.30 0.51781D-09  1  0  0.02105  264.76  261.42 0.15696D+14  2.240    6.253    5.691   22.240   52.898    7.56    8.19   71.42
   72.13   86.69 0.51560D-09  1  0  0.02113  264.71  261.38 0.15694D+14  2.240    6.225    5.663   22.179   52.834    7.56    8.20   71.74
   72.45   87.08 0.51342D-09  1  0  0.02121  264.66  261.35 0.15692D+14  2.241    6.197    5.635   22.118   52.770    7.57    8.21   72.06
   72.77   87.47 0.51125D-09  1  0  0.02129  264.62  261.31 0.15690D+14  2.241    6.169    5.607   22.056   52.705    7.57    8.21   72.38
   73.09   87.86 0.50911D-09  1  0  0.02138  264.57  261.28 0.15688D+14  2.242    6.141    5.580   21.995   52.641    7.58    8.22   72.71
   73.42   88.25 0.50698D-09  1  0  0.02146  264.52  261.24 0.15686D+14  2.242    6.114    5.552   21.934   52.577    7.58    8.23   73.03
   73.74   88.64 0.50487D-09  1  0  0.02155  264.47  261.21 0.15684D+14  2.243    6.087    5.525   21.873   52.513    7.59    8.24   73.35
   74.06   89.02 0.50278D-09  1  0  0.02163  264.42  261.17 0.15683D+14  2.243    6.060    5.498   21.812   52.449    7.59    8.24   73.67
   74.38   89.41 0.50071D-09  1  0  0.02172  264.37  261.14 0.15682D+14  2.243    6.033    5.472   21.751   52.385    7.60    8.25   74.00
   74.70   89.80 0.49866D-09  1  0  0.02180  264.32  261.10 0.15680D+14  2.244    6.007    5.445   21.690   52.321    7.61    8.26   74.32
   75.03   90.19 0.49662D-09  1  0  0.02189  264.27  261.07 0.15679D+14  2.244    5.980    5.419   21.629   52.257    7.61    8.27   74.64
   75.35   90.58 0.49460D-09  1  0  0.02198  264.22  261.03 0.15679D+14  2.245    5.954    5.393   21.567   52.193    7.62    8.28   74.96
   75.67   90.97 0.49260D-09  1  0  0.02207  264.17  260.99 0.15678D+14  2.245    5.928    5.367   21.506   52.129    7.62    8.28   75.29
   75.99   91.35 0.49062D-09  1  0  0.02216  264.12  260.96 0.15677D+14  2.246    5.903    5.342   21.445   52.066    7.63    8.29   75.61
   76.31   91.74 0.48865D-09  1  0  0.02225  264.07  260.92 0.15677D+14  2.246    5.877    5.317   21.384   52.002    7.63    8.30   75.93
   76.64   92.13 0.48670D-09  1  0  0.02234  264.02  260.89 0.15677D+14  2.246    5.852    5.292   21.323   51.938    7.64    8.31   76.25
   76.96   92.52 0.48476D-09  1  0  0.02243  263.97  260.85 0.15677D+14  2.247    5.827    5.267   21.261   51.874    7.64    8.31   76.58
   77.28   92.91 0.48284D-09  1  0  0.02252  263.92  260.81 0.15677D+14  2.247    5.802    5.242   21.200   51.810    7.65    8.32   76.90
   77.60   93.30 0.48094D-09  1  0  0.02261  263.87  260.78 0.15677D+14  2.248    5.778    5.217   21.138   51.747    7.65    8.33   77.22
   77.92   93.68 0.47905D-09  1  0  0.02271  263.82  260.74 0.15678D+14  2.248    5.753    5.193   21.077   51.683    7.66    8.34   77.54
   78.25   94.07 0.47718D-09  1  0  0.02280  263.77  260.70 0.15678D+14  2.249    5.729    5.169   21.015   51.619    7.66    8.34   77.87
   78.57   94.46 0.47533D-09  1  0  0.02290  263.72  260.66 0.15679D+14  2.249    5.705    5.145   20.954   51.555    7.67    8.35   78.19
   78.89   94.85 0.47349D-09  1  0  0.02299  263.67  260.63 0.15680D+14  2.250    5.681    5.121   20.892   51.492    7.68    8.36   78.51
   79.21   95.24 0.47166D-09  1  0  0.02309  263.61  260.59 0.15681D+14  2.250    5.657    5.098   20.831   51.428    7.68    8.37   78.83
   79.53   95.63 0.46985D-09  1  0  0.02319  263.56  260.55 0.15682D+14  2.250    5.634    5.074   20.769   51.364    7.69    8.38   79.16
   79.86   96.02 0.46805D-09  1  0  0.02328  263.51  260.51 0.15684D+14  2.251    5.611    5.051   20.707   51.300    7.69    8.38   79.48
   80.18   96.40 0.46627D-09  1  0  0.02338  263.46  260.48 0.15686D+14  2.251    5.588    5.028   20.645   51.236    7.70    8.39   79.80
   80.50   96.79 0.46450D-09  1  0  0.02348  263.41  260.44 0.15687D+14  2.252    5.565    5.006   20.583   51.173    7.70    8.40   80.13
   80.82   97.18 0.46275D-09  1  0  0.02358  263.35  260.40 0.15689D+14  2.252    5.542    4.983   20.521   51.109    7.71    8.41   80.45
   81.14   97.57 0.46101D-09  1  0  0.02368  263.30  260.36 0.15692D+14  2.253    5.519    4.960   20.459   51.045    7.71    8.42   80.77
   81.47   97.96 0.45929D-09  1  0  0.02379  263.25  260.32 0.15694D+14  2.253    5.497    4.938   20.397   50.981    7.72    8.42   81.09
   81.79   98.35 0.45757D-09  1  0  0.02389  263.19  260.28 0.15697D+14  2.254    5.475    4.916   20.335   50.917    7.72    8.43   81.42
   82.11   98.74 0.45587D-09  1  0  0.02399  263.14  260.24 0.15700D+14  2.254    5.453    4.894   20.272   50.853    7.73    8.44   81.74
   82.43   99.12 0.45419D-09  1  0  0.02410  263.09  260.21 0.15703D+14  2.255    5.431    4.872   20.210   50.789    7.74    8.45   82.06
   82.75   99.51 0.45252D-09  1  0  0.02420  263.03  260.17 0.15706D+14  2.255    5.409    4.851   20.147   50.725    7.74    8.46   82.38
   83.08   99.90 0.45086D-09  1  0  0.02431  262.98  260.13 0.15709D+14  2.256    5.387    4.829   20.084   50.661    7.75    8.46   82.71
   83.40  100.29 0.44921D-09  1  0  0.02442  262.93  260.09 0.15713D+14  2.256    5.366    4.808   20.022   50.597    7.75    8.47   83.03
   83.72  100.68 0.44758D-09  1  0  0.02453  262.87  260.05 0.15716D+14  2.257    5.345    4.787   19.959   50.533    7.76    8.48   83.35
   84.04  101.07 0.44596D-09  1  0  0.02464  262.82  260.01 0.15720D+14  2.257    5.324    4.766   19.896   50.469    7.76    8.49   83.67
   84.36  101.45 0.44435D-09  1  0  0.02475  262.76  259.97 0.15725D+14  2.257    5.303    4.745   19.832   50.404    7.77    8.50   84.00
   84.69  101.84 0.44275D-09  1  0  0.02486  262.71  259.93 0.15729D+14  2.258    5.282    4.724   19.769   50.340    7.77    8.51   84.32
   85.01  102.23 0.44117D-09  1  0  0.02497  262.65  259.89 0.15734D+14  2.258    5.261    4.704   19.706   50.275    7.78    8.51   84.64
   85.33  102.62 0.43959D-09  1  0  0.02508  262.60  259.85 0.15739D+14  2.259    5.241    4.683   19.642   50.211    7.79    8.52   84.97
   85.65  103.01 0.43803D-09  1  0  0.02519  262.54  259.81 0.15744D+14  2.259    5.220    4.663   19.578   50.146    7.79    8.53   85.29
   85.97  103.40 0.43648D-09  1  0  0.02531  262.49  259.77 0.15749D+14  2.260    5.200    4.643   19.514   50.082    7.80    8.54   85.61
   86.30  103.79 0.43495D-09  1  0  0.02543  262.43  259.72 0.15754D+14  2.260    5.180    4.623   19.450   50.017    7.80    8.55   85.93
   86.62  104.17 0.43342D-09  1  0  0.02554  262.37  259.68 0.15760D+14  2.261    5.160    4.603   19.386   49.952    7.81    8.56   86.26
   86.94  104.56 0.43191D-09  1  0  0.02566  262.32  259.64 0.15766D+14  2.261    5.141    4.584   19.322   49.887    7.81    8.56   86.58
   87.26  104.95 0.43040D-09  1  0  0.02578  262.26  259.60 0.15772D+14  2.262    5.121    4.564   19.258   49.822    7.82    8.57   86.90
   87.58  105.34 0.42891D-09  1  0  0.02590  262.20  259.56 0.15779D+14  2.262    5.101    4.545   19.193   49.757    7.83    8.58   87.23
   87.91  105.73 0.42743D-09  1  0  0.02602  262.15  259.52 0.15785D+14  2.263    5.082    4.526   19.128   49.692    7.83    8.59   87.55
   88.23  106.12 0.42596D-09  1  0  0.02614  262.09  259.47 0.15792D+14  2.263    5.063    4.507   19.063   49.627    7.84    8.60   87.87
   88.55  106.51 0.42450D-09  1  0  0.02627  262.03  259.43 0.15799D+14  2.264    5.044    4.488   18.998   49.561    7.84    8.61   88.19
   88.87  106.89 0.42305D-09  1  0  0.02639  261.97  259.39 0.15807D+14  2.264    5.025    4.469   18.933   49.496    7.85    8.62   88.52
   89.19  107.28 0.42161D-09  1  0  0.02652  261.92  259.35 0.15814D+14  2.265    5.006    4.450   18.867   49.430    7.85    8.62   88.84
   89.52  107.67 0.42018D-09  1  0  0.02664  261.86  259.30 0.15822D+14  2.265    4.987    4.432   18.801   49.364    7.86    8.63   89.16
   89.84  108.06 0.41876D-09  1  0  0.02677  261.80  259.26 0.15830D+14  2.266    4.969    4.413   18.735   49.299    7.87    8.64   89.49
   90.16  108.45 0.41736D-09  1  0  0.02690  261.74  259.22 0.15839D+14  2.266    4.950    4.395   18.669   49.233    7.87    8.65   89.81
   90.48  108.84 0.41596D-09  1  0  0.02703  261.68  259.17 0.15848D+14  2.267    4.932    4.377   18.603   49.166    7.88    8.66   90.13
   90.80  109.23 0.41457D-09  1  0  0.02716  261.62  259.13 0.15857D+14  2.268    4.914    4.359   18.536   49.100    7.88    8.67   90.45
   91.13  109.61 0.41319D-09  1  0  0.02729  261.56  259.09 0.15866D+14  2.268    4.895    4.341   18.470   49.034    7.89    8.68   90.78
   91.45  110.00 0.41183D-09  1  0  0.02743  261.50  259.04 0.15875D+14  2.269    4.877    4.323   18.403   48.967    7.90    8.69   91.10
   91.77  110.39 0.41047D-09  1  0  0.02756  261.44  259.00 0.15885D+14  2.269    4.860    4.305   18.335   48.901    7.90    8.70   91.42
   92.09  110.78 0.40912D-09  1  0  0.02770  261.38  258.95 0.15895D+14  2.270    4.842    4.287   18.268   48.834    7.91    8.70   91.75
   92.41  111.17 0.40778D-09  1  0  0.02784  261.32  258.91 0.15906D+14  2.270    4.824    4.270   18.200   48.767    7.92    8.71   92.07
   92.74  111.56 0.40645D-09  1  0  0.02798  261.26  258.86 0.15916D+14  2.271    4.807    4.253   18.132   48.700    7.92    8.72   92.39
   93.06  111.95 0.40513D-09  1  0  0.02812  261.20  258.82 0.15927D+14  2.271    4.789    4.235   18.064   48.632    7.93    8.73   92.72
   93.38  112.34 0.40381D-09  1  0  0.02826  261.14  258.77 0.15938D+14  2.272    4.772    4.218   17.996   48.565    7.93    8.74   93.04
   93.70  112.72 0.40251D-09  1  0  0.02840  261.07  258.73 0.15950D+14  2.272    4.755    4.201   17.927   48.497    7.94    8.75   93.36
   94.02  113.11 0.40122D-09  1  0  0.02855  261.01  258.68 0.15962D+14  2.273    4.738    4.184   17.858   48.429    7.95    8.76   93.68
   94.35  113.50 0.39993D-09  1  0  0.02869  260.95  258.64 0.15974D+14  2.273    4.721    4.167   17.789   48.361    7.95    8.77   94.01
   94.67  113.89 0.39866D-09  1  0  0.02884  260.89  258.59 0.15987D+14  2.274    4.704    4.151   17.719   48.293    7.96    8.78   94.33
   94.99  114.28 0.39739D-09  1  0  0.02899  260.82  258.54 0.16000D+14  2.275    4.687    4.134   17.649   48.224    7.97    8.79   94.65
   95.31  114.67 0.39613D-09  1  0  0.02914  260.76  258.50 0.16013D+14  2.275    4.671    4.118   17.579   48.156    7.97    8.80   94.98
   95.63  115.06 0.39488D-09  1  0  0.02929  260.70  258.45 0.16026D+14  2.276    4.654    4.101   17.509   48.087    7.98    8.81   95.30
   95.96  115.45 0.39364D-09  1  0  0.02944  260.63  258.40 0.16040D+14  2.276    4.638    4.085   17.438   48.018    7.99    8.82   95.62
   96.28  115.83 0.39240D-09  1  0  0.02960  260.57  258.35 0.16054D+14  2.277    4.621    4.069   17.367   47.949    7.99    8.83   95.95
   96.60  116.22 0.39118D-09  1  0  0.02975  260.50  258.31 0.16069D+14  2.277    4.605    4.053   17.296   47.879    8.00    8.84   96.27
   96.92  116.61 0.38996D-09  1  0  0.02991  260.44  258.26 0.16084D+14  2.278    4.589    4.037   17.224   47.809    8.00    8.85   96.59
   97.24  117.00 0.38875D-09  1  0  0.03007  260.37  258.21 0.16099D+14  2.279    4.573    4.021   17.152   47.740    8.01    8.86   96.92
   97.57  117.39 0.38755D-09  1  0  0.03023  260.31  258.16 0.16115D+14  2.279    4.557    4.005   17.080   47.669    8.02    8.87   97.24
   97.89  117.78 0.38635D-09  1  0  0.03040  260.24  258.11 0.16131D+14  2.280    4.541    3.989   17.008   47.599    8.03    8.88   97.56
   98.21  118.17 0.38517D-09  1  0  0.03056  260.18  258.06 0.16148D+14  2.280    4.525    3.974   16.935   47.528    8.03    8.89   97.89
   98.53  118.56 0.38399D-09  1  0  0.03073  260.11  258.02 0.16164D+14  2.281    4.510    3.958   16.861   47.457    8.04    8.90   98.21
   98.85  118.95 0.38282D-09  1  0  0.03090  260.04  257.97 0.16182D+14  2.282    4.494    3.943   16.788   47.386    8.05    8.91   98.53
   99.18  119.33 0.38166D-09  1  0  0.03106  259.97  257.92 0.16199D+14  2.282    4.478    3.927   16.713   47.315    8.05    8.92   98.86
   99.50  119.72 0.38050D-09  1  0  0.03124  259.91  257.87 0.16218D+14  2.283    4.463    3.912   16.639   47.243    8.06    8.93   99.18
   99.82  120.11 0.37936D-09  1  0  0.03141  259.84  257.82 0.16236D+14  2.283    4.448    3.897   16.564   47.171    8.07    8.94   99.50
  100.14  120.50 0.37822D-09  1  0  0.03159  259.77  257.77 0.16255D+14  2.284    4.432    3.882   16.489   47.099    8.07    8.95   99.83
  100.46  120.89 0.37708D-09  1  0  0.03176  259.70  257.71 0.16275D+14  2.285    4.417    3.867   16.413   47.026    8.08    8.96  100.15
  100.79  121.28 0.37596D-09  1  0  0.03194  259.63  257.66 0.16294D+14  2.285    4.402    3.852   16.337   46.953    8.09    8.97  100.47
  101.11  121.67 0.37484D-09  1  0  0.03212  259.56  257.61 0.16315D+14  2.286    4.387    3.837   16.261   46.880    8.10    8.98  100.80
  101.43  122.06 0.37373D-09  1  0  0.03231  259.49  257.56 0.16336D+14  2.286    4.372    3.823   16.184   46.807    8.10    9.00  101.12
  101.75  122.45 0.37262D-09  1  0  0.03249  259.42  257.51 0.16357D+14  2.287    4.358    3.808   16.107   46.733    8.11    9.01  101.44
  102.07  122.83 0.37153D-09  1  0  0.03268  259.35  257.46 0.16379D+14  2.288    4.343    3.794   16.029   46.659    8.12    9.02  101.77
  102.40  123.22 0.37044D-09  1  0  0.03287  259.28  257.40 0.16401D+14  2.288    4.328    3.779   15.951   46.584    8.13    9.03  102.09
  102.72  123.61 0.36935D-09  1  0  0.03306  259.21  257.35 0.16424D+14  2.289    4.314    3.765   15.872   46.510    8.13    9.04  102.41
  103.04  124.00 0.36828D-09  1  0  0.03325  259.13  257.30 0.16447D+14  2.290    4.299    3.750   15.793   46.434    8.14    9.05  102.74
  103.36  124.39 0.36721D-09  1  0  0.03345  259.06  257.24 0.16471D+14  2.290    4.285    3.736   15.713   46.359    8.15    9.06  103.06
  103.68  124.78 0.36614D-09  1  0  0.03365  258.99  257.19 0.16495D+14  2.291    4.270    3.722   15.633   46.283    8.16    9.08  103.38
  104.01  125.17 0.36509D-09  1  0  0.03385  258.92  257.14 0.16520D+14  2.292    4.256    3.708   15.553   46.207    8.16    9.09  103.71
  104.33  125.56 0.36404D-09  1  0  0.03405  258.84  257.08 0.16546D+14  2.292    4.242    3.694   15.472   46.130    8.17    9.10  104.03
  104.65  125.95 0.36299D-09  1  0  0.03425  258.77  257.03 0.16572D+14  2.293    4.228    3.680   15.390   46.053    8.18    9.11  104.36
  104.97  126.34 0.36196D-09  1  0  0.03446  258.69  256.97 0.16598D+14  2.294    4.214    3.666   15.308   45.976    8.19    9.12  104.68
  105.29  126.73 0.36092D-09  1  0  0.03467  258.62  256.92 0.16626D+14  2.294    4.200    3.652   15.225   45.898    8.20    9.13  105.00
  105.62  127.11 0.35990D-09  1  0  0.03488  258.54  256.86 0.16654D+14  2.295    4.186    3.639   15.142   45.820    8.20    9.15  105.33
  105.94  127.50 0.35888D-09  1  0  0.03510  258.46  256.80 0.16682D+14  2.296    4.172    3.625   15.058   45.741    8.21    9.16  105.65
  106.26  127.89 0.35787D-09  1  0  0.03531  258.39  256.75 0.16711D+14  2.296    4.159    3.612   14.974   45.662    8.22    9.17  105.98
  106.58  128.28 0.35686D-09  1  0  0.03553  258.31  256.69 0.16741D+14  2.297    4.145    3.598   14.889   45.583    8.23    9.18  106.30
  106.90  128.67 0.35586D-09  1  0  0.03576  258.23  256.63 0.16771D+14  2.298    4.131    3.585   14.803   45.503    8.24    9.20  106.62
  107.23  129.06 0.35487D-09  1  0  0.03598  258.15  256.58 0.16803D+14  2.298    4.118    3.571   14.717   45.422    8.25    9.21  106.95
  107.55  129.45 0.35388D-09  1  0  0.03621  258.07  256.52 0.16834D+14  2.299    4.104    3.558   14.630   45.342    8.26    9.22  107.27
  107.87  129.84 0.35290D-09  1  0  0.03644  257.99  256.46 0.16867D+14  2.300    4.091    3.545   14.543   45.260    8.26    9.24  107.60
  108.19  130.23 0.35192D-09  1  0  0.03667  257.91  256.40 0.16900D+14  2.301    4.077    3.532   14.455   45.178    8.27    9.25  107.92
  108.51  130.62 0.35095D-09  1  0  0.03691  257.83  256.34 0.16934D+14  2.301    4.064    3.519   14.366   45.096    8.28    9.26  108.24
  108.84  131.01 0.34999D-09  1  0  0.03715  257.75  256.28 0.16969D+14  2.302    4.051    3.506   14.277   45.013    8.29    9.28  108.57
  109.16  131.40 0.34903D-09  1  0  0.03739  257.67  256.22 0.17005D+14  2.303    4.038    3.493   14.187   44.930    8.30    9.29  108.89
  109.48  131.79 0.34808D-09  1  0  0.03764  257.58  256.16 0.17041D+14  2.303    4.025    3.480   14.096   44.846    8.31    9.30  109.22
  109.80  132.18 0.34713D-09  1  0  0.03789  257.50  256.10 0.17078D+14  2.304    4.012    3.467   14.005   44.762    8.32    9.32  109.54
  110.12  132.57 0.34619D-09  1  0  0.03814  257.42  256.04 0.17116D+14  2.305    3.999    3.454   13.913   44.677    8.33    9.33  109.87
  110.45  132.96 0.34525D-09  1  0  0.03839  257.33  255.98 0.17155D+14  2.306    3.986    3.442   13.820   44.591    8.34    9.35  110.19
  110.77  133.35 0.34432D-09  1  0  0.03865  257.25  255.91 0.17195D+14  2.306    3.973    3.429   13.726   44.505    8.35    9.36  110.52
  111.09  133.74 0.34340D-09  1  0  0.03891  257.16  255.85 0.17236D+14  2.307    3.960    3.416   13.632   44.418    8.36    9.38  110.84
  111.41  134.12 0.34248D-09  1  0  0.03918  257.07  255.79 0.17278D+14  2.308    3.947    3.404   13.537   44.331    8.37    9.39  111.16
  111.73  134.51 0.34156D-09  1  0  0.03945  256.99  255.72 0.17320D+14  2.309    3.935    3.391   13.441   44.243    8.38    9.41  111.49
  112.06  134.90 0.34065D-09  1  0  0.03972  256.90  255.66 0.17364D+14  2.310    3.922    3.379   13.344   44.154    8.39    9.42  111.81
  112.38  135.29 0.33975D-09  1  0  0.04000  256.81  255.59 0.17408D+14  2.310    3.909    3.367   13.246   44.065    8.40    9.44  112.14
  112.70  135.68 0.33885D-09  1  0  0.04028  256.72  255.53 0.17454D+14  2.311    3.897    3.354   13.148   43.975    8.41    9.45  112.46
  113.02  136.07 0.33795D-09  1  0  0.04056  256.63  255.46 0.17501D+14  2.312    3.884    3.342   13.048   43.885    8.42    9.47  112.79
  113.34  136.46 0.33706D-09  1  0  0.04085  256.54  255.40 0.17548D+14  2.313    3.872    3.330   12.948   43.794    8.43    9.48  113.12
  113.67  136.85 0.33618D-09  1  0  0.04114  256.44  255.33 0.17597D+14  2.314    3.860    3.318   12.847   43.702    8.44    9.50  113.44
  113.99  137.24 0.33530D-09  1  0  0.04143  256.35  255.26 0.17647D+14  2.315    3.847    3.306   12.745   43.609    8.45    9.52  113.77
  114.31  137.63 0.33443D-09  1  0  0.04173  256.26  255.19 0.17699D+14  2.315    3.835    3.294   12.642   43.516    8.46    9.53  114.09
  114.63  138.02 0.33356D-09  1  0  0.04204  256.16  255.13 0.17751D+14  2.316    3.823    3.282   12.538   43.421    8.48    9.55  114.42
  114.95  138.42 0.33270D-09  1  0  0.04235  256.07  255.06 0.17805D+14  2.317    3.810    3.270   12.433   43.327    8.49    9.57  114.74
  115.28  138.81 0.33184D-09  1  0  0.04266  255.97  254.99 0.17860D+14  2.318    3.798    3.258   12.327   43.231    8.50    9.58  115.07
  115.60  139.20 0.33098D-09  1  0  0.04298  255.87  254.92 0.17916D+14  2.319    3.786    3.246   12.220   43.134    8.51    9.60  115.39
  115.92  139.59 0.33013D-09  1  0  0.04330  255.77  254.84 0.17973D+14  2.320    3.774    3.234   12.112   43.037    8.52    9.62  115.72
  116.24  139.98 0.32929D-09  1  0  0.04362  255.68  254.77 0.18033D+14  2.321    3.762    3.223   12.002   42.939    8.53    9.64  116.05
  116.56  140.37 0.32845D-09  1  0  0.04396  255.58  254.70 0.18093D+14  2.321    3.750    3.211   11.892   42.840    8.55    9.65  116.37
  116.89  140.76 0.32761D-09  1  0  0.04429  255.47  254.63 0.18155D+14  2.322    3.738    3.199   11.781   42.740    8.56    9.67  116.70
  117.21  141.15 0.32678D-09  1  0  0.04463  255.37  254.55 0.18218D+14  2.323    3.726    3.188   11.668   42.639    8.57    9.69  117.03
  117.53  141.54 0.32595D-09  1  0  0.04498  255.27  254.48 0.18283D+14  2.324    3.715    3.176   11.555   42.538    8.58    9.71  117.35
  117.85  141.93 0.32513D-09  1  0  0.04533  255.16  254.40 0.18350D+14  2.325    3.703    3.165   11.440   42.435    8.60    9.73  117.68
  118.17  142.32 0.32431D-09  1  0  0.04569  255.06  254.33 0.18418D+14  2.326    3.691    3.153   11.324   42.332    8.61    9.75  118.01
  118.50  142.71 0.32350D-09  1  0  0.04605  254.95  254.25 0.18488D+14  2.327    3.679    3.142   11.206   42.227    8.62    9.77  118.33
  118.82  143.10 0.32269D-09  1  0  0.04642  254.84  254.18 0.18560D+14  2.328    3.667    3.130   11.087   42.121    8.64    9.79  118.66
  119.14  143.50 0.32189D-09  1  0  0.04679  254.74  254.10 0.18634D+14  2.329    3.656    3.119   10.967   42.015    8.65    9.81  118.99
  119.46  143.89 0.32109D-09  1  0  0.04717  254.63  254.02 0.18709D+14  2.330    3.644    3.108   10.846   41.907    8.67    9.83  119.32
  119.78  144.28 0.32029D-09  1  0  0.04756  254.51  253.94 0.18787D+14  2.331    3.633    3.096   10.723   41.798    8.68    9.85  119.64
  120.11  144.67 0.31950D-09  1  0  0.04795  254.40  253.86 0.18866D+14  2.332    3.621    3.085   10.599   41.689    8.69    9.87  119.97
  120.43  145.06 0.31872D-09  1  0  0.04835  254.29  253.78 0.18948D+14  2.333    3.609    3.074   10.474   41.578    8.71    9.89  120.30
  120.75  145.46 0.31793D-09  1  0  0.04875  254.17  253.70 0.19031D+14  2.334    3.598    3.063   10.347   41.466    8.72    9.92  120.63
  121.07  145.85 0.31716D-09  1  0  0.04917  254.06  253.61 0.19117D+14  2.335    3.586    3.052   10.218   41.352    8.74    9.94  120.96
  121.39  146.24 0.31638D-09  1  0  0.04958  253.94  253.53 0.19205D+14  2.336    3.575    3.041   10.088   41.238    8.76    9.96  121.29
  121.72  146.63 0.31561D-09  1  0  0.05001  253.82  253.44 0.19296D+14  2.337    3.564    3.030    9.957   41.122    8.77    9.99  121.62
  122.04  147.03 0.31484D-09  1  0  0.05044  253.70  253.36 0.19389D+14  2.339    3.552    3.019    9.823   41.005    8.79   10.01  121.95
  122.36  147.42 0.31408D-09  1  0  0.05088  253.58  253.27 0.19485D+14  2.340    3.541    3.007    9.688   40.887    8.80   10.03  122.28
  122.68  147.81 0.31332D-09  1  0  0.05133  253.45  253.18 0.19583D+14  2.341    3.529    2.997    9.552   40.767    8.82   10.06  122.61
  123.00  148.21 0.31257D-09  1  0  0.05179  253.33  253.09 0.19684D+14  2.342    3.518    2.986    9.413   40.646    8.84   10.08  122.94
  123.33  148.60 0.31182D-09  1  0  0.05225  253.20  253.00 0.19788D+14  2.343    3.507    2.975    9.273   40.523    8.86   10.11  123.27
  123.65  148.99 0.31107D-09  1  0  0.05272  253.07  252.91 0.19894D+14  2.344    3.496    2.964    9.131   40.400    8.87   10.13  123.60
  123.97  149.39 0.31033D-09  1  0  0.05320  252.94  252.82 0.20004D+14  2.345    3.484    2.953    8.987   40.274    8.89   10.16  123.94
  124.29  149.78 0.30959D-09  1  0  0.05369  252.81  252.73 0.20117D+14  2.347    3.473    2.942    8.842   40.147    8.91   10.19  124.27
  124.61  150.18 0.30886D-09  1  0  0.05418  252.67  252.63 0.20233D+14  2.348    3.462    2.931    8.694   40.019    8.93   10.22  124.60
  124.94  150.57 0.30813D-09  1  0  0.05469  252.54  252.54 0.20353D+14  2.349    3.451    2.920    8.544   39.889    8.95   10.24  124.94
  125.26  150.96 0.30740D-09  1  0  0.05521  252.40  252.44 0.20476D+14  2.350    3.439    2.910    8.392   39.757    8.97   10.27  125.26
  125.58  151.35 0.30668D-09  1  0  0.05573  252.26  252.34 0.20603D+14  2.352    3.428    2.899    8.238   39.624    8.99   10.30  125.58
  125.90  151.74 0.30596D-09  1  0  0.05627  252.12  252.24 0.20733D+14  2.353    3.417    2.888    8.082   39.489    9.01   10.33  125.90
  126.22  152.13 0.30524D-09  1  0  0.05681  251.97  252.14 0.20868D+14  2.354    3.406    2.877    7.924   39.352    9.03   10.36  126.22
  126.55  152.51 0.30453D-09  1  0  0.05737  251.83  252.04 0.21007D+14  2.356    3.395    2.867    7.763   39.213    9.05   10.39  126.55
  126.87  152.90 0.30382D-09  1  0  0.05793  251.68  251.94 0.21150D+14  2.357    3.383    2.856    7.600   39.072    9.07   10.42  126.87
  127.19  153.29 0.30312D-09  1  0  0.05851  251.53  251.83 0.21298D+14  2.358    3.372    2.845    7.435   38.930    9.09   10.46  127.19
  127.51  153.68 0.30242D-09  1  0  0.05910  251.38  251.73 0.21450D+14  2.360    3.361    2.834    7.267   38.786    9.12   10.49  127.51
  127.83  154.07 0.30172D-09  1  0  0.05970  251.22  251.62 0.21608D+14  2.361    3.350    2.824    7.096   38.639    9.14   10.52  127.83
  128.16  154.45 0.30102D-09  1  0  0.06031  251.06  251.51 0.21770D+14  2.363    3.339    2.813    6.923   38.491    9.16   10.56  128.16
  128.48  154.84 0.30033D-09  1  0  0.06093  250.90  251.40 0.21938D+14  2.364    3.328    2.802    6.747   38.340    9.19   10.59  128.48
  128.80  155.23 0.29964D-09  1  0  0.06157  250.74  251.29 0.22111D+14  2.366    3.316    2.792    6.569   38.187    9.21   10.63  128.80
  129.12  155.62 0.29896D-09  1  0  0.06222  250.57  251.17 0.22291D+14  2.367    3.305    2.781    6.387   38.032    9.24   10.67  129.12
  129.44  156.01 0.29828D-09  1  0  0.06289  250.40  251.05 0.22476D+14  2.369    3.294    2.770    6.203   37.874    9.26   10.71  129.44
  129.77  156.39 0.29760D-09  1  0  0.06356  250.23  250.94 0.22668D+14  2.370    3.283    2.760    6.015   37.714    9.29   10.74  129.77
  130.09  156.78 0.29693D-09  1  0  0.06426  250.05  250.82 0.22866D+14  2.372    3.272    2.749    5.825   37.552    9.32   10.78  130.09
  130.41  157.17 0.29626D-09  1  0  0.06496  249.88  250.69 0.23072D+14  2.374    3.260    2.738    5.631   37.387    9.34   10.83  130.41
  130.73  157.56 0.29559D-09  1  0  0.06569  249.69  250.57 0.23285D+14  2.375    3.249    2.728    5.434   37.220    9.37   10.87  130.73
  131.05  157.95 0.29493D-09  1  0  0.06643  249.51  250.44 0.23506D+14  2.377    3.238    2.717    5.234   37.050    9.40   10.91  131.05
  131.38  158.33 0.29427D-09  1  0  0.06718  249.32  250.31 0.23735D+14  2.379    3.227    2.706    5.030   36.877    9.43   10.95  131.38
  131.70  158.72 0.29361D-09  1  0  0.06795  249.13  250.18 0.23973D+14  2.381    3.215    2.696    4.823   36.701    9.46   11.00  131.70
  132.02  159.11 0.29296D-09  1  0  0.06874  248.93  250.05 0.24219D+14  2.382    3.204    2.685    4.612   36.522    9.49   11.05  132.02
  132.34  159.50 0.29231D-09  1  0  0.06955  248.73  249.92 0.24475D+14  2.384    3.193    2.674    4.397   36.340    9.53   11.09  132.34
  132.66  159.89 0.29166D-09  1  0  0.07038  248.53  249.78 0.24742D+14  2.386    3.181    2.664    4.178   36.156    9.56   11.14  132.66
  132.99  160.27 0.29101D-09  1  0  0.07123  248.32  249.64 0.25019D+14  2.388    3.170    2.653    3.955   35.967    9.59   11.20  132.99
  133.31  160.66 0.29037D-09  1  0  0.07209  248.11  249.49 0.25307D+14  2.390    3.158    2.642    3.728   35.776    9.63   11.25  133.31
  133.63  161.05 0.28973D-09  1  0  0.07298  247.89  249.35 0.25606D+14  2.392    3.147    2.631    3.497   35.581    9.67   11.30  133.63
  133.95  161.44 0.28910D-09  1  0  0.07389  247.67  249.20 0.25919D+14  2.394    3.135    2.620    3.261   35.383    9.70   11.36  133.95
  134.27  161.83 0.28847D-09  1  0  0.07482  247.44  249.05 0.26244D+14  2.396    3.124    2.609    3.021   35.181    9.74   11.41  134.27
  134.60  162.22 0.28784D-09  1  0  0.07578  247.21  248.89 0.26584D+14  2.399    3.112    2.598    2.776   34.975    9.78   11.47  134.60
  134.92  162.60 0.28721D-09  1  0  0.07676  246.97  248.73 0.26939D+14  2.401    3.100    2.587    2.526   34.766    9.82   11.53  134.92
  135.24  162.99 0.28659D-09  1  0  0.07776  246.72  248.57 0.27309D+14  2.403    3.088    2.576    2.271   34.552    9.86   11.60  135.24
  135.56  163.38 0.28597D-09  1  0  0.07879  246.47  248.41 0.27696D+14  2.406    3.076    2.565    2.011   34.334    9.91   11.66  135.56
  135.88  163.77 0.28535D-09  1  0  0.07985  246.22  248.24 0.28101D+14  2.408    3.064    2.554    1.745   34.112    9.95   11.73  135.88
  136.21  164.16 0.28474D-09  1  0  0.08094  245.96  248.07 0.28525D+14  2.410    3.052    2.543    1.474   33.886   10.00   11.80  136.21
  136.53  164.54 0.28413D-09  1  0  0.08205  245.69  247.89 0.28970D+14  2.413    3.040    2.532    1.198   33.655   10.05   11.87  136.53
  136.85  164.93 0.28352D-09  1  0  0.08320  245.41  247.71 0.29436D+14  2.416    3.028    2.520    0.915   33.419   10.10   11.95  136.85
  137.17  165.32 0.28291D-09  1  0  0.08438  245.13  247.52 0.29925D+14  2.418    3.016    2.509    0.626   33.179   10.15   12.02  137.17
  137.49  165.71 0.28231D-09  1  0  0.08559  244.84  247.33 0.30440D+14  2.421    3.003    2.498    0.331   32.933   10.20   12.10  137.49
  137.82  166.10 0.28171D-09  1  0  0.08684  244.54  247.14 0.30981D+14  2.424    2.991    2.486    0.029   32.682   10.25   12.19  137.82
  138.14  166.48 0.28111D-09  1  0  0.08812  244.23  248.95 0.24930D+14  2.427    2.978    2.474    0.000   32.658    9.45   12.33  138.14
  138.46  166.87 0.28052D-09  1  0  0.08944  243.91  248.80 0.25246D+14  2.430    2.965    2.463    0.000   32.658    9.48   12.32  138.46
  138.78  167.26 0.27993D-09  1  0  0.09080  243.59  248.64 0.25577D+14  2.433    2.953    2.451    0.000   32.658    9.51   12.31  138.78
  139.10  167.65 0.27934D-09  1  0  0.09220  243.25  248.48 0.25924D+14  2.436    2.939    2.439    0.000   32.658    9.55   12.29  139.10
  139.43  168.04 0.27875D-09  1  0  0.09365  242.91  248.31 0.26289D+14  2.440    2.926    2.427    0.000   32.658    9.58   12.28  139.43
  139.75  168.42 0.27817D-09  1  0  0.09514  242.55  248.14 0.26673D+14  2.443    2.913    2.415    0.000   32.658    9.62   12.26  139.75
  140.07  168.81 0.27759D-09  1  0  0.09667  242.18  247.97 0.27076D+14  2.447    2.899    2.402    0.000   32.658    9.66   12.25  140.07
  140.39  169.20 0.27701D-09  1  0  0.09826  241.80  247.79 0.27501D+14  2.451    2.886    2.390    0.000   32.658    9.69   12.23  140.39
  140.71  169.59 0.27644D-09  1  0  0.09990  241.41  247.61 0.27949D+14  2.454    2.872    2.377    0.000   32.658    9.73   12.22  140.71
  141.04  169.98 0.27586D-09  1  0  0.10160  241.00  247.42 0.28421D+14  2.458    2.858    2.364    0.000   32.658    9.78   12.20  141.04
  141.36  170.36 0.27529D-09  1  0  0.10335  240.58  247.23 0.28919D+14  2.463    2.843    2.352    0.000   32.658    9.82   12.18  141.36
  141.68  170.75 0.27473D-09  1  0  0.10516  240.14  247.03 0.29446D+14  2.467    2.829    2.338    0.000   32.658    9.86   12.17  141.68
  142.00  171.14 0.27416D-09  1  0  0.10704  239.69  246.82 0.30003D+14  2.471    2.814    2.325    0.000   32.658    9.91   12.15  142.00
  142.32  171.53 0.27360D-09  1  0  0.10898  239.22  246.61 0.30593D+14  2.476    2.799    2.311    0.000   32.658    9.96   12.13  142.32
  142.65  171.92 0.27304D-09  1  0  0.11100  238.74  246.40 0.31218D+14  2.481    2.783    2.298    0.000   32.658   10.01   12.11  142.65
  142.97  172.31 0.27248D-09  1  0  0.11309  238.23  246.17 0.31882D+14  2.486    2.767    2.284    0.000   32.658   10.06   12.09  142.97
  143.29  172.69 0.27193D-09  1  0  0.11526  237.70  245.95 0.32588D+14  2.491    2.751    2.269    0.000   32.658   10.11   12.07  143.29
  143.61  108.12 0.27138D-09  1  0  0.11751  237.15  245.72 0.33292D+14  2.497    2.735    2.255   -0.222   32.474   10.49   12.13   35.82
  143.93  151.64 0.27083D-09  1  0  0.11985  236.58  245.48 0.34091D+14  2.503    2.718    2.240   -0.654   32.118   10.56   12.25  107.70
  144.26  160.48 0.27028D-09  1  0  0.12229  235.99  245.22 0.34942D+14  2.509    2.701    2.224   -1.099   31.753   10.63   12.38  122.05
  144.58  164.46 0.26974D-09  1  0  0.12483  235.36  244.96 0.35852D+14  2.515    2.683    2.209   -1.555   31.377   10.71   12.52  128.35
  144.90  166.84 0.26919D-09  1  0  0.12747  234.71  244.70 0.36826D+14  2.522    2.665    2.193   -2.025   30.991   10.78   12.67  131.96
  145.22  168.48 0.26865D-09  1  0  0.13022  234.03  244.42 0.37869D+14  2.529    2.646    2.176   -2.508   30.595   10.87   12.82  134.37
  145.54  169.73 0.26812D-09  1  0  0.13310  233.31  244.13 0.38989D+14  2.537    2.626    2.159   -3.005   30.187   10.95   12.98  136.12
  145.87  170.74 0.26758D-09  1  0  0.13610  232.56  243.84 0.40192D+14  2.544    2.606    2.142   -3.516   29.768   11.04   13.15  137.48
  146.19  171.60 0.26705D-09  1  0  0.13925  231.77  243.53 0.41488D+14  2.553    2.586    2.124   -4.041   29.338   11.13   13.33  138.58
  146.51  172.36 0.26652D-09  1  0  0.14253  230.94  243.21 0.42885D+14  2.562    2.564    2.106   -4.582   28.896   11.23   13.53  139.51
  146.83  173.04 0.26599D-09  1  0  0.14598  230.07  242.88 0.44395D+14  2.571    2.542    2.086   -5.138   28.441   11.33   13.73  140.32
  147.15  173.66 0.26546D-09  1  0  0.14960  229.14  242.54 0.46028D+14  2.581    2.519    2.067   -5.710   27.974   11.44   13.95  141.03
  147.48  174.23 0.26494D-09  1  0  0.15339  228.16  242.19 0.47799D+14  2.592    2.495    2.046   -6.298   27.494   11.54   14.18  141.66
  147.80  174.78 0.26442D-09  1  0  0.15738  227.13  241.82 0.49722D+14  2.603    2.470    2.025   -6.902   27.001   11.66   14.43  142.24
  148.12  175.29 0.26390D-09  1  0  0.16159  226.03  241.44 0.51815D+14  2.615    2.444    2.002   -7.524   26.494   11.77   14.70  142.77
  148.44  175.78 0.26339D-09  1  0  0.16602  224.86  241.05 0.54095D+14  2.628    2.417    1.979   -8.162   25.974   11.90   14.98  143.26
  148.76  176.25 0.26287D-09  1  0  0.17070  223.61  240.64 0.56585D+14  2.643    2.388    1.954   -8.818   25.441   12.02   15.29  143.72
  149.09  176.71 0.26236D-09  1  0  0.17565  222.28  240.22 0.59306D+14  2.658    2.358    1.929   -9.490   24.893   12.15   15.62  144.15
  149.41  177.14 0.26185D-09  1  0  0.18090  220.85  239.78 0.62287D+14  2.674    2.326    1.902  -10.180   24.333   12.28   15.98  144.56
  149.73  177.57 0.26134D-09  1  0  0.18646  219.33  239.33 0.65553D+14  2.692    2.292    1.873  -10.887   23.759   12.42   16.36  144.94
  150.05  177.97 0.26084D-09  1  0  0.19237  217.68  238.87 0.69137D+14  2.712    2.256    1.843  -11.610   23.172   12.55   16.77  145.29
  150.37  178.37 0.26033D-09  1  0  0.19867  215.91  238.38 0.73071D+14  2.733    2.218    1.811  -12.349   22.573   12.69   17.22  145.63
  150.70  178.75 0.25983D-09  1  0  0.20539  214.00  237.89 0.77387D+14  2.757    2.177    1.777  -13.102   21.963   12.82   17.71  145.94
  151.02  179.12 0.25933D-09  1  0  0.21258  211.92  237.38 0.82118D+14  2.783    2.133    1.740  -13.868   21.343   12.95   18.24  146.23
  151.34  179.48 0.25884D-09  1  0  0.22029  209.66  236.86 0.87289D+14  2.812    2.086    1.701  -14.645   20.714   13.07   18.81  146.49
  151.66  179.81 0.25834D-09  1  0  0.22857  207.19  236.33 0.92920D+14  2.844    2.035    1.659  -15.431   20.079   13.18   19.43  146.74
  151.98  180.14 0.25785D-09  1  0  0.23749  204.48  235.79 0.99007D+14  2.880    1.980    1.613  -16.221   19.441   13.27   20.10  146.95
  152.31  183.56 0.25736D-09  0  0  0.24714  201.50  235.26 0.10552D+15  2.921    1.920    1.564  -16.761   19.008  152.31  152.31  152.31
  152.63  183.94 0.25687D-09  0  0  0.25760  198.21  234.73 0.11236D+15  2.968    1.854    1.509  -16.832   18.956  152.63  152.63  152.63
  152.95  184.33 0.25639D-09  0  0  0.26897  194.55  234.23 0.11937D+15  3.022    1.782    1.450  -16.910   18.899  152.95  152.95  152.95
  153.27  184.72 0.25590D-09  0  0  0.28139  190.46  233.76 0.12622D+15  3.085    1.702    1.384  -16.996   18.836  153.27  153.27  153.27
  153.59  185.11 0.25542D-09  0  0  0.29501  185.87  233.35 0.13241D+15  3.158    1.612    1.311  -17.090   18.765  153.59  153.59  153.59
  153.92  185.50 0.25494D-09  0  0  0.31000  180.68  233.05 0.13710D+15  3.246    1.512    1.229  -17.196   18.685  153.92  153.92  153.92
  154.24  185.89 0.25446D-09  0  0  0.32100  176.79  232.92 0.13856D+15  3.315    1.436    1.167  -17.277   18.626  154.24  154.24  154.24
  154.56  186.27 0.25399D-09  0  0  0.32100  176.79  232.92 0.13778D+15  3.315    1.434    1.164  -17.285   18.626  154.56  154.56  154.56
  154.88  186.66 0.25351D-09  0  0  0.32100  176.80  232.92 0.13702D+15  3.315    1.431    1.161  -17.294   18.626  154.88  154.88  154.88
  155.20  187.05 0.25304D-09  0  0  0.32100  176.81  232.92 0.13625D+15  3.315    1.429    1.159  -17.302   18.625  155.20  155.20  155.20
  155.53  187.44 0.25257D-09  0  0  0.32100  176.81  232.92 0.13549D+15  3.315    1.426    1.156  -17.310   18.625  155.53  155.53  155.53
  155.85  187.83 0.25210D-09  0  0  0.32100  176.82  232.91 0.13474D+15  3.315    1.424    1.154  -17.318   18.625  155.85  155.85  155.85
  156.17  188.21 0.25163D-09  0  0  0.32100  176.82  232.91 0.13399D+15  3.315    1.421    1.151  -17.326   18.625  156.17  156.17  156.17
  156.49  188.60 0.25117D-09  0  0  0.32100  176.83  232.91 0.13324D+15  3.315    1.419    1.148  -17.334   18.625  156.49  156.49  156.49
  156.81  188.99 0.25071D-09  0  0  0.32100  176.83  232.91 0.13250D+15  3.315    1.416    1.146  -17.342   18.625  156.81  156.81  156.81
  157.14  189.38 0.25025D-09  0  0  0.32100  176.84  232.90 0.13177D+15  3.315    1.414    1.143  -17.350   18.625  157.14  157.14  157.14
  157.46  189.77 0.24979D-09  0  0  0.32100  176.85  232.90 0.13103D+15  3.315    1.411    1.141  -17.358   18.625  157.46  157.46  157.46
  157.78  190.15 0.24933D-09  0  0  0.32100  176.85  232.90 0.13031D+15  3.315    1.409    1.138  -17.366   18.625  157.78  157.78  157.78
  158.10  190.54 0.24888D-09  0  0  0.32100  176.86  232.89 0.12958D+15  3.315    1.406    1.136  -17.374   18.625  158.10  158.10  158.10
  158.42  190.93 0.24843D-09  0  0  0.32100  176.86  232.89 0.12886D+15  3.314    1.404    1.133  -17.382   18.625  158.42  158.42  158.42
  158.75  191.32 0.24797D-09  0  0  0.32100  176.87  232.89 0.12815D+15  3.314    1.402    1.131  -17.390   18.625  158.75  158.75  158.75
  159.07  191.71 0.24753D-09  0  0  0.32100  176.88  232.88 0.12744D+15  3.314    1.399    1.129  -17.398   18.625  159.07  159.07  159.07
  159.39  192.09 0.24708D-09  0  0  0.32100  176.88  232.88 0.12673D+15  3.314    1.397    1.126  -17.406   18.625  159.39  159.39  159.39
  159.71  192.48 0.24663D-09  0  0  0.32100  176.89  232.88 0.12603D+15  3.314    1.394    1.124  -17.414   18.625  159.71  159.71  159.71
  160.03  192.87 0.24619D-09  0  0  0.32100  176.89  232.87 0.12533D+15  3.314    1.392    1.121  -17.421   18.625  160.03  160.03  160.03
  160.36  193.26 0.24575D-09  0  0  0.32100  176.90  232.87 0.12464D+15  3.314    1.390    1.119  -17.429   18.625  160.36  160.36  160.36
  160.68  193.65 0.24531D-09  0  0  0.32100  176.90  232.87 0.12395D+15  3.314    1.387    1.116  -17.437   18.625  160.68  160.68  160.68
  161.00  194.03 0.24487D-09  0  0  0.32100  176.91  232.86 0.12327D+15  3.314    1.385    1.114  -17.445   18.625  161.00  161.00  161.00
