R_tot = 1561.0 R_core =  1400.0  Tsurf =   100.00  g =  1.310
     Pint       etaref      pCLA conv P(MPa)   zbot     %vol    Tbot     Tm      TH2O      Fbot     Ftop     dlid   T_core
 0.00000D+00 0.32000D+14   0.0000  1  193.29  161.000  0.00000  253.41  241.68  253.41   24.606   19.792   16.89  1502.13
 0.12500D+11 0.32000D+14   0.0000  1  193.32  161.000  0.00000  253.41  241.93  253.41   25.082   20.583   17.00  1502.13
 0.25000D+11 0.32000D+14   0.0000  1  193.33  161.000  0.00000  253.41  242.18  253.41   24.860   20.813   16.81  1502.13
 0.37500D+11 0.32000D+14   0.0000  1  193.34  161.000  0.00000  253.41  242.42  253.41   24.637   21.042   16.63  1502.13
 0.50000D+11 0.32000D+14   0.0000  1  193.35  161.000  0.00000  253.41  242.66  253.41   24.412   21.269   16.45  1502.13
 0.62500D+11 0.32000D+14   0.0000  1  193.35  161.000  0.00000  253.41  242.89  253.41   24.185   21.495   16.28  1502.13
 0.75000D+11 0.32000D+14   0.0000  1  193.36  161.000  0.00000  253.41  243.12  253.41   23.956   21.719   16.11  1502.13
 0.87500D+11 0.32000D+14   0.0000  1  193.37  161.000  0.00000  253.41  243.35  253.41   23.726   21.942   15.95  1502.13
 0.10000D+12 0.32000D+14   0.0000  1  193.38  161.000  0.00000  253.41  243.57  253.41   23.495   22.164   15.79  1502.13
 0.11250D+12 0.32000D+14   0.0000  1  193.39  161.000  0.00000  253.41  243.79  253.41   23.261   22.384   15.63  1502.13
 0.12500D+12 0.32000D+14   0.0000  1  193.40  161.000  0.00000  253.41  244.01  253.41   23.027   22.604   15.48  1502.13
 0.13750D+12 0.32000D+14   0.0000  1  193.40  161.000  0.00000  253.41  244.22  253.41   22.790   22.822   15.33  1502.13
 0.15000D+12 0.32000D+14   0.0000  1  193.41  161.000  0.00000  253.41  244.43  253.41   22.553   23.039   15.19  1502.13
 0.16250D+12 0.32000D+14   0.0000  1  193.42  161.000  0.00000  253.41  244.64  253.41   22.314   23.255   15.05  1502.13
 0.17500D+12 0.32000D+14   0.0000  1  193.43  161.000  0.00000  253.41  244.85  253.41   22.074   23.470   14.91  1502.13
 0.18750D+12 0.32000D+14   0.0000  1  193.44  161.000  0.00000  253.41  245.05  253.41   21.832   23.684   14.78  1502.13
 0.20000D+12 0.32000D+14   0.0000  1  193.44  161.000  0.00000  253.41  245.25  253.41   21.589   23.897   14.64  1502.13
 0.21250D+12 0.32000D+14   0.0000  1  193.45  161.000  0.00000  253.41  245.45  253.41   21.345   24.109   14.51  1502.14
 0.22500D+12 0.32000D+14   0.0000  1  193.46  161.000  0.00000  253.41  245.65  253.41   21.100   24.320   14.39  1502.14
 0.23750D+12 0.32000D+14   0.0000  1  193.47  161.000  0.00000  253.41  245.84  253.41   20.854   24.530   14.27  1502.14
 0.25000D+12 0.32000D+14   0.0000  1  193.48  161.000  0.00000  253.41  246.04  253.41   20.607   24.740   14.14  1502.14
 0.26250D+12 0.32000D+14   0.0000  1  193.48  161.000  0.00000  253.41  246.23  253.41   20.358   24.948   14.03  1502.14
 0.27500D+12 0.32000D+14   0.0000  1  193.49  161.000  0.00000  253.41  246.41  253.41   20.109   25.155   13.91  1502.14
 0.28750D+12 0.32000D+14   0.0000  1  193.50  161.000  0.00000  253.41  246.60  253.41   19.858   25.362   13.80  1502.14
 0.30000D+12 0.32000D+14   0.0000  1  193.51  161.000  0.00000  253.41  246.78  253.41   19.606   25.568   13.69  1502.14
 0.31250D+12 0.32000D+14   0.0000  1  193.51  161.000  0.00000  253.41  246.96  253.41   19.354   25.773   13.58  1502.14
 0.32500D+12 0.32000D+14   0.0000  1  193.52  161.000  0.00000  253.41  247.14  253.41   19.100   25.977   13.47  1502.14
 0.33750D+12 0.32000D+14   0.0000  1  193.53  161.000  0.00000  253.41  247.32  253.41   18.846   26.181   13.37  1502.14
 0.35000D+12 0.32000D+14   0.0000  1  193.54  161.000  0.00000  253.41  247.50  253.41   18.590   26.383   13.26  1502.14
 0.36250D+12 0.32000D+14   0.0000  1  193.55  161.000  0.00000  253.41  247.67  253.41   18.334   26.585   13.16  1502.14
 0.37500D+12 0.32000D+14   0.0000  1  193.55  161.000  0.00000  253.41  247.85  253.41   18.077   26.787   13.06  1502.14
 0.38750D+12 0.32000D+14   0.0000  1  193.56  161.000  0.00000  253.41  248.02  253.41   17.819   26.987   12.97  1502.14
 0.40000D+12 0.32000D+14   0.0000  1  193.57  161.000  0.00000  253.41  248.19  253.41   17.560   27.187   12.87  1502.14
 0.41250D+12 0.32000D+14   0.0000  1  193.58  161.000  0.00000  253.41  248.35  253.41   17.300   27.387   12.78  1502.14
 0.42500D+12 0.32000D+14   0.0000  1  193.59  161.000  0.00000  253.41  248.52  253.41   17.040   27.585   12.69  1502.14
 0.43750D+12 0.32000D+14   0.0000  1  193.60  161.000  0.00000  253.41  248.69  253.41   16.778   27.783   12.60  1502.14
 0.45000D+12 0.32000D+14   0.0000  1  193.60  161.000  0.00000  253.41  248.85  253.41   16.516   27.981   12.51  1502.14
 0.46250D+12 0.32000D+14   0.0000  1  193.61  161.000  0.00000  253.41  249.01  253.41   16.253   28.178   12.42  1502.15
 0.47500D+12 0.32000D+14   0.0000  1  193.62  161.000  0.00000  253.41  249.17  253.41   15.990   28.374   12.33  1502.15
 0.48750D+12 0.32000D+14   0.0000  1  193.63  161.000  0.00000  253.41  249.33  253.41   15.725   28.569   12.25  1502.16
 0.50000D+12 0.32000D+14   0.0000  1  193.56  160.932  0.00000  253.43  249.50  253.43   15.465   28.769   12.17  1502.17
 0.51250D+12 0.32000D+14   0.0000  1  189.85  157.849  0.00000  253.94  250.10  253.94   15.396   29.177   12.06  1502.18
 0.52500D+12 0.32000D+14   0.0000  1  186.14  154.769  0.00000  254.45  250.68  254.45   15.328   29.585   11.96  1502.20
 0.53750D+12 0.32000D+14   0.0000  1  182.44  151.695  0.00000  254.95  251.26  254.95   15.261   29.993   11.86  1502.22
 0.55000D+12 0.32000D+14   0.0000  1  178.75  148.627  0.00000  255.44  251.83  255.44   15.194   30.400   11.77  1502.25
 0.56250D+12 0.32000D+14   0.0000  1  175.07  145.568  0.00000  255.92  252.38  255.92   15.128   30.808   11.67  1502.27
 0.57500D+12 0.32000D+14   0.0000  1  171.40  142.519  0.00000  256.39  252.93  256.39   15.063   31.216   11.58  1502.30
 0.58750D+12 0.32000D+14   0.0000  1  167.75  139.484  0.00000  256.85  253.46  256.85   14.998   31.624   11.49  1502.33
 0.60000D+12 0.32000D+14   0.0000  1  164.12  136.462  0.00000  257.31  253.98  257.31   14.934   32.032   11.40  1502.36
 0.61250D+12 0.32000D+14   0.0000  1  160.50  133.457  0.00000  257.75  254.49  257.75   14.870   32.439   11.31  1502.39
 0.62500D+12 0.32000D+14   0.0000  1  156.90  130.471  0.00000  258.19  254.99  258.19   14.808   32.847   11.22  1502.43
 0.63750D+12 0.32000D+14   0.0000  1  153.33  127.504  0.00000  258.62  255.48  258.62   14.746   33.255   11.14  1502.46
 0.65000D+12 0.32000D+14   0.0000  1  149.79  124.559  0.00000  259.04  255.96  259.04   14.685   33.662   11.06  1502.50
 0.66250D+12 0.32000D+14   0.0000  1  146.27  121.638  0.00000  259.45  256.43  259.45   14.625   34.070   10.98  1502.53
 0.67500D+12 0.32000D+14   0.0000  1  142.79  118.742  0.00000  259.85  256.88  259.85   14.566   34.478   10.89  1502.57
 0.68750D+12 0.32000D+14   0.0000  1  139.33  115.873  0.00000  260.24  257.33  260.24   14.507   34.885   10.82  1502.61
 0.70000D+12 0.32000D+14   0.0000  1  135.92  113.033  0.00000  260.63  257.76  260.63   14.450   35.293   10.74  1502.65
 0.71250D+12 0.32000D+14   0.0000  1  132.53  110.223  0.00000  261.00  258.19  261.00   14.393   35.701   10.66  1502.69
 0.72500D+12 0.32000D+14   0.0000  1  129.19  107.445  0.00000  261.37  258.61  261.37   14.337   36.108   10.58  1502.73
 0.73750D+12 0.32000D+14   0.0000  1  125.89  104.701  0.00000  261.73  259.01  261.73   14.283   36.516   10.51  1502.77
 0.75000D+12 0.32000D+14   0.0000  1  122.63  101.991  0.00000  262.08  259.41  262.08   14.229   36.924   10.43  1502.81
 0.76250D+12 0.32000D+14   0.0000  1  119.41   99.318  0.00000  262.43  259.79  262.43   14.176   37.331   10.36  1502.86
 0.77500D+12 0.32000D+14   0.0000  1  116.23   96.683  0.00000  262.76  260.17  262.76   14.125   37.739   10.29  1502.90
 0.78750D+12 0.32000D+14   0.0000  1  113.11   94.086  0.00000  263.09  260.53  263.09   14.074   38.147   10.22  1502.94
 0.80000D+12 0.32000D+14   0.0000  1  110.03   91.530  0.00000  263.40  260.89  263.40   14.025   38.554   10.15  1502.99
 0.81250D+12 0.32000D+14   0.0000  1  107.00   89.015  0.00000  263.71  261.23  263.71   13.976   38.962   10.08  1503.03
 0.82500D+12 0.32000D+14   0.0000  1  104.02   86.541  0.00000  264.02  261.57  264.02   13.928   39.369   10.01  1503.07
 0.83750D+12 0.32000D+14   0.0000  1  101.10   84.111  0.00000  264.31  261.89  264.31   13.882   39.777    9.94  1503.12
 0.85000D+12 0.32000D+14   0.0000  1   98.22   81.725  0.00000  264.60  262.21  264.60   13.836   40.185    9.87  1503.17
 0.86250D+12 0.32000D+14   0.0000  1   95.41   79.383  0.00000  264.88  262.52  264.88   13.792   40.592    9.80  1503.21
 0.87500D+12 0.32000D+14   0.0000  1   92.64   77.087  0.00000  265.15  262.82  265.15   13.749   41.000    9.74  1503.26
 0.88750D+12 0.32000D+14   0.0000  1   89.93   74.837  0.00000  265.41  263.11  265.41   13.706   41.407    9.67  1503.31
 0.90000D+12 0.32000D+14   0.0000  1   87.28   72.633  0.00000  265.67  263.39  265.67   13.665   41.815    9.61  1503.35
 0.91250D+12 0.32000D+14   0.0000  1   84.68   70.475  0.00000  265.91  263.67  265.91   13.625   42.223    9.54  1503.40
 0.92500D+12 0.32000D+14   0.0000  1   82.14   68.365  0.00000  266.16  263.93  266.16   13.586   42.630    9.48  1503.44
 0.93750D+12 0.32000D+14   0.0000  1   79.65   66.302  0.00000  266.39  264.19  266.39   13.548   43.038    9.42  1503.48
 0.95000D+12 0.32000D+14   0.0000  1   77.23   64.287  0.00000  266.62  264.44  266.62   13.511   43.445    9.35  1503.52
 0.96250D+12 0.32000D+14   0.0000  1   74.86   62.319  0.00000  266.84  264.68  266.84   13.474   43.853    9.29  1503.56
 0.97500D+12 0.32000D+14   0.0000  1   72.54   60.398  0.00000  267.05  264.91  267.05   13.439   44.261    9.23  1503.60
 0.98750D+12 0.32000D+14   0.0000  1   70.29   58.525  0.00000  267.26  265.13  267.26   13.405   44.668    9.17  1503.64
 0.10000D+13 0.32000D+14   0.0000  1   68.09   56.699  0.00000  267.46  265.35  267.46   13.372   45.076    9.11  1503.67
 0.10125D+13 0.32000D+14   0.0000  1   65.94   54.920  0.00000  267.65  265.56  267.65   13.340   45.484    9.04  1503.71
 0.10250D+13 0.32000D+14   0.0000  1   63.86   53.187  0.00000  267.84  265.77  267.84   13.309   45.891    8.98  1503.75
 0.10375D+13 0.32000D+14   0.0000  1   61.83   51.501  0.00000  268.02  265.96  268.02   13.278   46.299    8.93  1503.78
 0.10500D+13 0.32000D+14   0.0000  1   59.85   49.861  0.00000  268.20  266.15  268.20   13.249   46.707    8.87  1503.81
 0.10625D+13 0.32000D+14   0.0000  1   57.93   48.265  0.00000  268.37  266.34  268.37   13.220   47.114    8.81  1503.84
 0.10750D+13 0.32000D+14   0.0000  1   56.06   46.715  0.00000  268.53  266.51  268.53   13.193   47.522    8.75  1503.88
 0.10875D+13 0.32000D+14   0.0000  1   54.25   45.209  0.00000  268.69  266.68  268.69   13.166   47.930    8.69  1503.91
 0.11000D+13 0.32000D+14   0.0000  1   52.48   43.746  0.00000  268.85  266.85  268.85   13.140   48.337    8.64  1503.94
 0.11125D+13 0.32000D+14   0.0000  1   50.77   42.326  0.00000  269.00  267.01  269.00   13.115   48.745    8.58  1503.96
 0.11250D+13 0.32000D+14   0.0000  1   49.11   40.948  0.00000  269.14  267.16  269.14   13.091   49.153    8.52  1503.99
 0.11375D+13 0.32000D+14   0.0000  1   47.50   39.611  0.00000  269.28  267.31  269.28   13.067   49.561    8.47  1504.02
 0.11500D+13 0.32000D+14   0.0000  1   45.94   38.315  0.00000  269.41  267.45  269.41   13.045   49.968    8.41  1504.04
 0.11625D+13 0.32000D+14   0.0000  1   44.43   37.059  0.00000  269.54  267.58  269.54   13.023   50.376    8.36  1504.07
 0.11750D+13 0.32000D+14   0.0000  1   42.96   35.841  0.00000  269.67  267.71  269.67   13.001   50.784    8.30  1504.09
 0.11875D+13 0.32000D+14   0.0000  1   41.54   34.662  0.00000  269.79  267.84  269.79   12.981   51.192    8.25  1504.12
 0.12000D+13 0.32000D+14   0.0000  1   40.16   33.520  0.00000  269.91  267.96  269.91   12.961   51.599    8.19  1504.14
 0.12125D+13 0.32000D+14   0.0000  1   38.83   32.414  0.00000  270.02  268.08  270.02   12.942   52.007    8.14  1504.16
 0.12250D+13 0.32000D+14   0.0000  1   37.54   31.344  0.00000  270.13  268.19  270.13   12.923   52.415    8.09  1504.18
 0.12375D+13 0.32000D+14   0.0000  1   36.29   30.309  0.00000  270.23  268.30  270.23   12.905   52.823    8.04  1504.21
 0.12500D+13 0.32000D+14   0.0000  1   35.09   29.307  0.00000  270.33  268.40  270.33   12.888   53.231    7.99  1504.23
 0.12625D+13 0.32000D+14   0.0000  1   33.92   28.338  0.00000  270.43  268.50  270.43   12.872   53.639    7.93  1504.25
 0.12750D+13 0.32000D+14   0.0000  1   32.79   27.401  0.00000  270.52  268.60  270.52   12.855   54.047    7.88  1504.26
 0.12875D+13 0.32000D+14   0.0000  1   31.70   26.495  0.00000  270.61  268.69  270.61   12.840   54.454    7.83  1504.28
 0.13000D+13 0.32000D+14   0.0000  1   30.64   25.619  0.00000  270.70  268.78  270.70   12.825   54.862    7.78  1504.30
 0.13125D+13 0.32000D+14   0.0000  1   29.62   24.772  0.00000  270.79  268.87  270.79   12.811   55.270    7.73  1504.32
 0.13250D+13 0.32000D+14   0.0000  1   28.63   23.954  0.00000  270.87  268.95  270.87   12.797   55.678    7.69  1504.33
 0.13375D+13 0.32000D+14   0.0000  1   27.68   23.164  0.00000  270.95  269.03  270.95   12.783   56.086    7.64  1504.35
 0.13500D+13 0.32000D+14   0.0000  1   26.76   22.400  0.00000  271.02  269.10  271.02   12.770   56.494    7.59  1504.37
 0.13625D+13 0.32000D+14   0.0000  1   25.87   21.663  0.00000  271.09  269.17  271.09   12.758   56.902    7.54  1504.38
 0.13750D+13 0.32000D+14   0.0000  1   25.01   20.950  0.00000  271.16  269.24  271.16   12.746   57.310    7.49  1504.39
 0.13875D+13 0.32000D+14   0.0000  1   24.18   20.262  0.00000  271.23  269.31  271.23   12.734   57.718    7.45  1504.41
 0.14000D+13 0.32000D+14   0.0000  1   23.38   19.598  0.00000  271.30  269.37  271.30   12.723   58.126    7.40  1504.42
 0.14125D+13 0.32000D+14   0.0000  1   22.61   18.956  0.00000  271.36  269.43  271.36   12.712   58.534    7.36  1504.43
 0.14250D+13 0.32000D+14   0.0000  1   21.86   18.337  0.00000  271.42  269.49  271.42   12.701   58.942    7.31  1504.45
 0.14375D+13 0.32000D+14   0.0000  1   21.14   17.738  0.00000  271.48  269.55  271.48   12.691   59.350    7.26  1504.46
 0.14500D+13 0.32000D+14   0.0000  1   20.44   17.161  0.00000  271.53  269.60  271.53   12.682   59.758    7.22  1504.47
 0.14625D+13 0.32000D+14   0.0000  1   19.77   16.604  0.00000  271.59  269.65  271.59   12.672   60.166    7.18  1504.48
 0.14750D+13 0.32000D+14   0.0000  1   19.12   16.065  0.00000  271.64  269.70  271.64   12.663   60.574    7.13  1504.49
 0.14875D+13 0.32000D+14   0.0000  1   18.50   15.546  0.00000  271.69  269.75  271.69   12.655   60.982    7.09  1504.50
 0.15000D+13 0.32000D+14   0.0000  1   17.89   15.044  0.00000  271.74  269.79  271.74   12.646   61.390    7.05  1504.51
 0.15125D+13 0.32000D+14   0.0000  1   17.31   14.560  0.00000  271.78  269.84  271.78   12.638   61.798    7.00  1504.52
 0.15250D+13 0.32000D+14   0.0000  1   16.74   14.093  0.00000  271.83  269.88  271.83   12.630   62.206    6.96  1504.53
 0.15375D+13 0.32000D+14   0.0000  1   16.20   13.641  0.00000  271.87  269.92  271.87   12.623   62.614    6.92  1504.54
 0.15500D+13 0.32000D+14   0.0000  1   15.67   13.206  0.00000  271.92  269.96  271.92   12.616   63.022    6.88  1504.55
 0.15625D+13 0.32000D+14   0.0000  1   15.16   12.785  0.00000  271.96  269.99  271.96   12.609   63.430    6.84  1504.56
 0.15750D+13 0.32000D+14   0.0000  1   14.68   12.380  0.00000  271.99  270.03  271.99   12.602   63.839    6.80  1504.57
 0.15875D+13 0.32000D+14   0.0000  1   14.20   11.988  0.00000  272.03  270.06  272.03   12.595   64.247    6.76  1504.57
 0.16000D+13 0.32000D+14   0.0000  1   13.75   11.609  0.00000  272.07  270.09  272.07   12.589   64.655    6.72  1504.58
 0.16125D+13 0.32000D+14   0.0000  0   13.86   11.506  0.00000  272.08  270.14  272.08   12.582   65.058   11.51  1504.59
 0.16250D+13 0.32000D+14   0.0000  0   13.79   11.446  0.00000  272.08  270.20  272.08   12.581   65.466   11.45  1504.59
 0.16375D+13 0.32000D+14   0.0000  0   13.72   11.387  0.00000  272.09  270.25  272.09   12.580   65.874   11.39  1504.60
 0.16500D+13 0.32000D+14   0.0000  0   13.65   11.329  0.00000  272.09  270.31  272.09   12.579   66.282   11.33  1504.60
 0.16625D+13 0.32000D+14   0.0000  0   13.58   11.271  0.00000  272.10  270.36  272.10   12.578   66.691   11.27  1504.61
 0.16750D+13 0.32000D+14   0.0000  0   13.51   11.214  0.00000  272.11  270.41  272.11   12.577   67.099   11.21  1504.61
 0.16875D+13 0.32000D+14   0.0000  0   13.44   11.157  0.00000  272.11  270.47  272.11   12.576   67.507   11.16  1504.62
 0.17000D+13 0.32000D+14   0.0000  0   13.38   11.101  0.00000  272.12  270.52  272.12   12.575   67.915   11.10  1504.62
 0.17125D+13 0.32000D+14   0.0000  0   13.31   11.046  0.00000  272.12  270.57  272.12   12.575   68.323   11.05  1504.62
 0.17250D+13 0.32000D+14   0.0000  0   13.24   10.991  0.00000  272.13  270.63  272.13   12.574   68.732   10.99  1504.63
 0.17375D+13 0.32000D+14   0.0000  0   13.18   10.936  0.00000  272.13  270.68  272.13   12.573   69.140   10.94  1504.63
 0.17500D+13 0.32000D+14   0.0000  0   13.11   10.883  0.00000  272.14  270.73  272.14   12.572   69.548   10.88  1504.63
 0.17625D+13 0.32000D+14   0.0000  0   13.05   10.829  0.00000  272.14  270.78  272.14   12.571   69.956   10.83  1504.64
 0.17750D+13 0.32000D+14   0.0000  0   12.99   10.776  0.00000  272.15  270.84  272.15   12.570   70.364   10.78  1504.64
 0.17875D+13 0.32000D+14   0.0000  0   12.92   10.724  0.00000  272.15  270.89  272.15   12.569   70.773   10.72  1504.64
 0.18000D+13 0.32000D+14   0.0000  0   12.86   10.672  0.00000  272.16  270.94  272.16   12.568   71.181   10.67  1504.64
 0.18125D+13 0.32000D+14   0.0000  0   12.80   10.621  0.00000  272.16  270.99  272.16   12.568   71.589   10.62  1504.64
 0.18250D+13 0.32000D+14   0.0000  0   12.74   10.570  0.00000  272.17  271.04  272.17   12.567   71.997   10.57  1504.65
 0.18375D+13 0.32000D+14   0.0000  0   12.68   10.520  0.00000  272.17  271.09  272.17   12.566   72.405   10.52  1504.65
 0.18500D+13 0.32000D+14   0.0000  0   12.62   10.470  0.00000  272.18  271.14  272.18   12.565   72.814   10.47  1504.65
 0.18625D+13 0.32000D+14   0.0000  0   12.56   10.421  0.00000  272.18  271.19  272.18   12.564   73.222   10.42  1504.65
 0.18750D+13 0.32000D+14   0.0000  0   12.50   10.372  0.00000  272.19  271.24  272.19   12.564   73.630   10.37  1504.65
 0.18875D+13 0.32000D+14   0.0000  0   12.44   10.323  0.00000  272.19  271.29  272.19   12.563   74.038   10.32  1504.65
 0.19000D+13 0.32000D+14   0.0000  0   12.38   10.275  0.00000  272.20  271.34  272.20   12.562   74.447   10.28  1504.66
 0.19125D+13 0.32000D+14   0.0000  0   12.32   10.228  0.00000  272.20  271.39  272.20   12.561   74.855   10.23  1504.66
 0.19250D+13 0.32000D+14   0.0000  0   12.27   10.180  0.00000  272.20  271.44  272.20   12.560   75.263   10.18  1504.66
 0.19375D+13 0.32000D+14   0.0000  0   12.21   10.134  0.00000  272.21  271.49  272.21   12.560   75.671   10.13  1504.66
 0.19500D+13 0.32000D+14   0.0000  0   12.15   10.087  0.00000  272.21  271.54  272.21   12.559   76.079   10.09  1504.66
 0.19625D+13 0.32000D+14   0.0000  0   12.10   10.042  0.00000  272.22  271.59  272.22   12.558   76.488   10.04  1504.66
 0.19750D+13 0.32000D+14   0.0000  0   12.04    9.996  0.00000  272.22  271.64  272.22   12.557   76.896   10.00  1504.66
 0.19875D+13 0.32000D+14   0.0000  0   11.99    9.951  0.00000  272.23  271.69  272.23   12.557   77.304    9.95  1504.66
 0.20000D+13 0.32000D+14   0.0000  0   11.94    9.906  0.00000  272.23  271.73  272.23   12.556   77.712    9.91  1504.66
 0.20125D+13 0.32000D+14   0.0000  0   11.88    9.862  0.00000  272.23  271.78  272.23   12.555   78.121    9.86  1504.66
 0.20250D+13 0.32000D+14   0.0000  0   11.83    9.818  0.00000  272.24  271.83  272.24   12.555   78.529    9.82  1504.67
 0.20375D+13 0.32000D+14   0.0000  0   11.78    9.775  0.00000  272.24  271.88  272.24   12.554   78.937    9.77  1504.67
 0.20500D+13 0.32000D+14   0.0000  0   11.73    9.732  0.00000  272.25  271.93  272.25   12.553   79.345    9.73  1504.67
 0.20625D+13 0.32000D+14   0.0000  0   11.67    9.689  0.00000  272.25  271.97  272.25   12.552   79.753    9.69  1504.67
 0.20750D+13 0.32000D+14   0.0000  0   11.62    9.647  0.00000  272.26  272.02  272.26   12.552   80.162    9.65  1504.67
 0.20875D+13 0.32000D+14   0.0000  0   11.57    9.605  0.00000  272.26  272.07  272.26   12.551   80.570    9.60  1504.67
 0.21000D+13 0.32000D+14   0.0000  0   11.52    9.563  0.00000  272.26  272.11  272.26   12.550   80.978    9.56  1504.67
 0.21125D+13 0.32000D+14   0.0000  0   11.47    9.522  0.00000  272.27  272.16  272.27   12.550   81.386    9.52  1504.67
 0.21250D+13 0.32000D+14   0.0000  0   11.42    9.481  0.00000  272.27  272.21  272.27   12.549   81.794    9.48  1504.67
 0.21375D+13 0.32000D+14   0.0000  0   11.38    9.441  0.00000  272.27  272.25  272.27   12.548   82.203    9.44  1504.67
 0.21500D+13 0.32000D+14   0.0000  0   11.33    9.400  0.00000  272.28  272.30  272.28   12.548   82.611    9.40  1504.67
 0.21625D+13 0.32000D+14   0.0000  0   11.28    9.361  0.00000  272.28  272.34  272.28   12.547   83.019    9.36  1504.67
 0.21750D+13 0.32000D+14   0.0000  0   11.23    9.321  0.00000  272.29  272.39  272.29   12.546   83.427    9.32  1504.67
 0.21875D+13 0.32000D+14   0.0000  0   11.18    9.282  0.00000  272.29  272.44  272.29   12.546   83.836    9.28  1504.67
 0.22000D+13 0.32000D+14   0.0000  0   11.14    9.243  0.00000  272.29  272.48  272.29   12.545   84.244    9.24  1504.67
 0.22125D+13 0.32000D+14   0.0000  0   11.09    9.204  0.00000  272.30  272.53  272.30   12.544   84.652    9.20  1504.67
 0.22250D+13 0.32000D+14   0.0000  0   11.04    9.166  0.00000  272.30  272.57  272.30   12.544   85.060    9.17  1504.67
 0.22375D+13 0.32000D+14   0.0000  0   11.00    9.128  0.00000  272.30  272.62  272.30   12.543   85.468    9.13  1504.68
 0.22500D+13 0.32000D+14   0.0000  0   10.95    9.091  0.00000  272.31  272.66  272.31   12.543   85.877    9.09  1504.68
 0.22625D+13 0.32000D+14   0.0000  0   10.91    9.054  0.00000  272.31  272.70  272.31   12.542   86.285    9.05  1504.68
 0.22750D+13 0.32000D+14   0.0000  0   10.86    9.017  0.00000  272.32  272.75  272.32   12.541   86.693    9.02  1504.68
 0.22875D+13 0.32000D+14   0.0000  0   10.82    8.980  0.00000  272.32  268.10  272.32   12.541   87.101    8.98  1504.68
 0.23000D+13 0.32000D+14   0.0000  0   10.78    8.944  0.00000  272.32  268.15  272.32   12.540   87.509    8.94  1504.68
 0.23125D+13 0.32000D+14   0.0000  0   10.73    8.907  0.00000  272.33  268.19  272.33   12.540   87.918    8.91  1504.68
 0.23250D+13 0.32000D+14   0.0000  0   10.69    8.872  0.00000  272.33  268.23  272.33   12.539   88.326    8.87  1504.68
 0.23375D+13 0.32000D+14   0.0000  0   10.65    8.836  0.00000  272.33  268.27  272.33   12.538   88.734    8.84  1504.68
 0.23500D+13 0.32000D+14   0.0000  0   10.60    8.801  0.00000  272.34  268.31  272.34   12.538   89.142    8.80  1504.68
 0.23625D+13 0.32000D+14   0.0000  0   10.56    8.766  0.00000  272.34  268.35  272.34   12.537   89.551    8.77  1504.68
 0.23750D+13 0.32000D+14   0.0000  0   10.52    8.731  0.00000  272.34  268.39  272.34   12.537   89.959    8.73  1504.68
 0.23875D+13 0.32000D+14   0.0000  0   10.48    8.697  0.00000  272.35  268.43  272.35   12.536   90.367    8.70  1504.68
 0.24000D+13 0.32000D+14   0.0000  0   10.44    8.663  0.00000  272.35  268.47  272.35   12.536   90.775    8.66  1504.68
 0.24125D+13 0.32000D+14   0.0000  0   10.40    8.629  0.00000  272.35  268.51  272.35   12.535   91.183    8.63  1504.68
 0.24250D+13 0.32000D+14   0.0000  0   10.36    8.595  0.00000  272.36  268.55  272.36   12.535   91.592    8.60  1504.68
 0.24375D+13 0.32000D+14   0.0000  0   10.32    8.562  0.00000  272.36  268.59  272.36   12.534   92.000    8.56  1504.68
 0.24500D+13 0.32000D+14   0.0000  0   10.28    8.529  0.00000  272.36  268.63  272.36   12.533   92.408    8.53  1504.68
 0.24625D+13 0.32000D+14   0.0000  0   10.24    8.496  0.00000  272.36  268.67  272.36   12.533   92.816    8.50  1504.68
 0.24750D+13 0.32000D+14   0.0000  0   10.20    8.464  0.00000  272.37  268.71  272.37   12.532   93.224    8.46  1504.68
 0.24875D+13 0.32000D+14   0.0000  0   10.16    8.431  0.00000  272.37  268.75  272.37   12.532   93.633    8.43  1504.69
 0.25000D+13 0.32000D+14   0.0000  0   10.12    8.399  0.00000  272.37  268.79  272.37   12.531   94.041    8.40  1504.69
 0.25125D+13 0.32000D+14   0.0000  0   10.08    8.367  0.00000  272.38  268.83  272.38   12.531   94.449    8.37  1504.69
 0.25250D+13 0.32000D+14   0.0000  0   10.04    8.336  0.00000  272.38  268.87  272.38   12.530   94.857    8.34  1504.69
 0.25375D+13 0.32000D+14   0.0000  0   10.01    8.304  0.00000  272.38  268.91  272.38   12.530   95.266    8.30  1504.69
 0.25500D+13 0.32000D+14   0.0000  0    9.97    8.273  0.00000  272.39  268.95  272.39   12.529   95.674    8.27  1504.69
 0.25625D+13 0.32000D+14   0.0000  0    9.93    8.242  0.00000  272.39  268.98  272.39   12.529   96.082    8.24  1504.69
 0.25750D+13 0.32000D+14   0.0000  0    9.89    8.212  0.00000  272.39  269.02  272.39   12.528   96.490    8.21  1504.69
 0.25875D+13 0.32000D+14   0.0000  0    9.86    8.181  0.00000  272.39  269.06  272.39   12.528   96.898    8.18  1504.69
 0.26000D+13 0.32000D+14   0.0000  0    9.82    8.151  0.00000  272.40  269.10  272.40   12.527   97.307    8.15  1504.69
 0.26125D+13 0.32000D+14   0.0000  0    9.79    8.121  0.00000  272.40  269.14  272.40   12.527   97.715    8.12  1504.69
 0.26250D+13 0.32000D+14   0.0000  0    9.75    8.091  0.00000  272.40  269.18  272.40   12.526   98.123    8.09  1504.69
 0.26375D+13 0.32000D+14   0.0000  0    9.71    8.062  0.00000  272.41  269.22  272.41   12.526   98.531    8.06  1504.69
 0.26500D+13 0.32000D+14   0.0000  0    9.68    8.032  0.00000  272.41  269.25  272.41   12.525   98.939    8.03  1504.69
 0.26625D+13 0.32000D+14   0.0000  0    9.64    8.003  0.00000  272.41  269.29  272.41   12.525   99.348    8.00  1504.69
 0.26750D+13 0.32000D+14   0.0000  0    9.61    7.974  0.00000  272.41  269.33  272.41   12.524   99.756    7.97  1504.69
 0.26875D+13 0.32000D+14   0.0000  0    9.57    7.946  0.00000  272.42  269.37  272.42   12.524  100.164    7.95  1504.69
 0.27000D+13 0.32000D+14   0.0000  0    9.54    7.917  0.00000  272.42  269.41  272.42   12.523  100.572    7.92  1504.69
 0.27125D+13 0.32000D+14   0.0000  0    9.51    7.889  0.00000  272.42  269.44  272.42   12.523  100.981    7.89  1504.69
 0.27250D+13 0.32000D+14   0.0000  0    9.47    7.861  0.00000  272.42  269.48  272.42   12.523  101.389    7.86  1504.69
 0.27375D+13 0.32000D+14   0.0000  0    9.44    7.833  0.00000  272.43  269.52  272.43   12.522  101.797    7.83  1504.69
 0.27500D+13 0.32000D+14   0.0000  0    9.40    7.805  0.00000  272.43  269.56  272.43   12.522  102.205    7.81  1504.69
 0.27625D+13 0.32000D+14   0.0000  0    9.37    7.778  0.00000  272.43  269.60  272.43   12.521  102.613    7.78  1504.69
 0.27750D+13 0.32000D+14   0.0000  0    9.34    7.750  0.00000  272.43  269.63  272.43   12.521  103.022    7.75  1504.69
 0.27875D+13 0.32000D+14   0.0000  0    9.31    7.723  0.00000  272.44  269.67  272.44   12.520  103.430    7.72  1504.70
 0.28000D+13 0.32000D+14   0.0000  0    9.27    7.696  0.00000  272.44  269.71  272.44   12.520  103.838    7.70  1504.70
 0.28125D+13 0.32000D+14   0.0000  0    9.24    7.670  0.00000  272.44  269.74  272.44   12.519  104.246    7.67  1504.70
 0.28250D+13 0.32000D+14   0.0000  0    9.21    7.643  0.00000  272.45  269.78  272.45   12.519  104.654    7.64  1504.70
 0.28375D+13 0.32000D+14   0.0000  0    9.18    7.617  0.00000  272.45  269.82  272.45   12.519  105.063    7.62  1504.70
 0.28500D+13 0.32000D+14   0.0000  0    9.15    7.591  0.00000  272.45  269.86  272.45   12.518  105.471    7.59  1504.70
 0.28625D+13 0.32000D+14   0.0000  0    9.11    7.565  0.00000  272.45  269.89  272.45   12.518  105.879    7.56  1504.70
 0.28750D+13 0.32000D+14   0.0000  0    9.08    7.539  0.00000  272.45  269.93  272.45   12.517  106.287    7.54  1504.70
 0.28875D+13 0.32000D+14   0.0000  0    9.05    7.513  0.00000  272.46  269.97  272.46   12.517  106.696    7.51  1504.70
 0.29000D+13 0.32000D+14   0.0000  0    9.02    7.488  0.00000  272.46  270.00  272.46   12.517  107.104    7.49  1504.70
 0.29125D+13 0.32000D+14   0.0000  0    8.99    7.462  0.00000  272.46  270.04  272.46   12.516  107.512    7.46  1504.70
 0.29250D+13 0.32000D+14   0.0000  0    8.96    7.437  0.00000  272.46  270.08  272.46   12.516  107.920    7.44  1504.70
 0.29375D+13 0.32000D+14   0.0000  0    8.93    7.412  0.00000  272.47  270.11  272.47   12.515  108.328    7.41  1504.70
 0.29500D+13 0.32000D+14   0.0000  0    8.90    7.387  0.00000  272.47  270.15  272.47   12.515  108.737    7.39  1504.70
 0.29625D+13 0.32000D+14   0.0000  0    8.87    7.363  0.00000  272.47  270.18  272.47   12.515  109.145    7.36  1504.70
 0.29750D+13 0.32000D+14   0.0000  0    8.84    7.338  0.00000  272.47  270.22  272.47   12.514  109.553    7.34  1504.70
 0.29875D+13 0.32000D+14   0.0000  0    8.81    7.314  0.00000  272.48  270.26  272.48   12.514  109.961    7.31  1504.70
 0.30000D+13 0.32000D+14   0.0000  0    8.78    7.290  0.00000  272.48  270.29  272.48   12.513  110.370    7.29  1504.70
