R_tot = 1561.0 R_core =  1400.0  Tsurf =   100.00  g =  1.310
     Pint       Hint       etaref      pCLA conv   zbot     %vol    Tbot     Tm      Fbot     Ftop     dlid
 0.16236D-09 0.65000D+12 0.10000D+15   0.0000  1  157.458  0.00000  254.01  254.07    5.092   25.344   13.90
 0.17115D-09 0.66250D+12 0.10000D+15   0.0000  1  151.662  0.00000  254.95  255.01    5.121   25.810   13.79
 0.18026D-09 0.67500D+12 0.10000D+15   0.0000  1  146.188  0.00000  255.82  255.87    5.134   26.261   13.68
 0.18966D-09 0.68750D+12 0.10000D+15   0.0000  1  141.036  0.00000  256.62  256.67    5.132   26.698   13.57
 0.20018D-09 0.70000D+12 0.10000D+15   0.0000  1  135.562  0.00000  257.44  257.49    5.150   27.155   13.47
 0.21061D-09 0.71250D+12 0.10000D+15   0.0000  1  130.732  0.00000  258.15  258.21    5.137   27.581   13.36
 0.22234D-09 0.72500D+12 0.10000D+15   0.0000  1  125.580  0.00000  258.89  258.94    5.146   28.028   13.26
 0.23448D-09 0.73750D+12 0.10000D+15   0.0000  1  120.750  0.00000  259.57  259.62    5.142   28.462   13.16
 0.24697D-09 0.75000D+12 0.10000D+15   0.0000  1  116.242  0.00000  260.19  260.24    5.124   28.882   13.06
 0.26044D-09 0.76250D+12 0.10000D+15   0.0000  1  111.734  0.00000  260.80  260.85    5.111   29.307   12.96
 0.27426D-09 0.77500D+12 0.10000D+15   0.0000  1  107.548  0.00000  261.36  261.41    5.085   29.718   12.86
 0.28917D-09 0.78750D+12 0.10000D+15   0.0000  1  103.362  0.00000  261.91  261.96    5.064   30.134   12.76
 0.30533D-09 0.80000D+12 0.10000D+15   0.0000  1   99.176  0.00000  262.44  262.49    5.050   30.555   12.66
 0.32185D-09 0.81250D+12 0.10000D+15   0.0000  1   95.312  0.00000  262.93  262.98    5.023   30.962   12.57
 0.33863D-09 0.82500D+12 0.10000D+15   0.0000  1   91.770  0.00000  263.37  263.43    4.981   31.355   12.47
 0.35797D-09 0.83750D+12 0.10000D+15   0.0000  1   87.906  0.00000  263.85  263.89    4.967   31.774   12.38
 0.37634D-09 0.85000D+12 0.10000D+15   0.0000  1   84.686  0.00000  264.24  264.29    4.916   32.156   12.29
 0.39762D-09 0.86250D+12 0.10000D+15   0.0000  1   81.144  0.00000  264.67  264.71    4.895   32.567   12.19
 0.41917D-09 0.87500D+12 0.10000D+15   0.0000  1   77.924  0.00000  265.05  265.09    4.859   32.961   12.10
 0.44075D-09 0.88750D+12 0.10000D+15   0.0000  1   75.026  0.00000  265.39  265.43    4.806   33.338   12.01
 0.46404D-09 0.90000D+12 0.10000D+15   0.0000  1   72.128  0.00000  265.72  265.77    4.759   33.721   11.92
 0.48926D-09 0.91250D+12 0.10000D+15   0.0000  1   69.230  0.00000  266.06  266.10    4.721   34.111   11.83
 0.51665D-09 0.92500D+12 0.10000D+15   0.0000  1   66.332  0.00000  266.39  266.42    4.690   34.509   11.74
 0.54388D-09 0.93750D+12 0.10000D+15   0.0000  1   63.756  0.00000  266.68  266.71    4.641   34.886   11.65
 0.57050D-09 0.95000D+12 0.10000D+15   0.0000  1   61.502  0.00000  266.93  266.98    4.571   35.243   11.57
 0.60226D-09 0.96250D+12 0.10000D+15   0.0000  1   58.926  0.00000  267.21  267.25    4.537   35.634   11.48
 0.63342D-09 0.97500D+12 0.10000D+15   0.0000  1   56.672  0.00000  267.46  267.50    4.482   36.004   11.40
 0.66714D-09 0.98750D+12 0.10000D+15   0.0000  1   54.418  0.00000  267.71  267.75    4.435   36.380   11.32
 0.69958D-09 0.10000D+13 0.10000D+15   0.0000  1   52.486  0.00000  267.92  267.97    4.362   36.732   11.24
 0.73903D-09 0.10125D+13 0.10000D+15   0.0000  1   50.232  0.00000  268.16  268.20    4.332   37.123   11.15
 0.77711D-09 0.10250D+13 0.10000D+15   0.0000  1   48.300  0.00000  268.37  268.40    4.275   37.489   11.07
 0.81286D-09 0.10375D+13 0.10000D+15   0.0000  1   46.690  0.00000  268.54  268.59    4.190   37.825   10.99
 0.85709D-09 0.10500D+13 0.10000D+15   0.0000  1   44.758  0.00000  268.74  268.78    4.149   38.205   10.91
 0.89872D-09 0.10625D+13 0.10000D+15   0.0000  1   43.148  0.00000  268.91  268.96    4.078   38.554   10.83
 0.94355D-09 0.10750D+13 0.10000D+15   0.0000  1   41.538  0.00000  269.08  269.13    4.014   38.910   10.76
 0.99198D-09 0.10875D+13 0.10000D+15   0.0000  1   39.928  0.00000  269.25  269.29    3.958   39.273   10.68
 0.10445D-08 0.11000D+13 0.10000D+15   0.0000  1   38.318  0.00000  269.41  269.45    3.910   39.644   10.60
 0.10922D-08 0.11125D+13 0.10000D+15   0.0000  1   37.030  0.00000  269.55  269.59    3.826   39.978   10.53
 0.11433D-08 0.11250D+13 0.10000D+15   0.0000  1   35.742  0.00000  269.68  269.73    3.748   40.318   10.46
 0.11982D-08 0.11375D+13 0.10000D+15   0.0000  1   34.454  0.00000  269.81  269.87    3.676   40.664   10.39
 0.12574D-08 0.11500D+13 0.10000D+15   0.0000  1   33.166  0.00000  269.94  270.00    3.613   41.017   10.31
 0.13213D-08 0.11625D+13 0.10000D+15   0.0000  1   31.878  0.00000  270.07  270.12    3.558   41.379   10.24
 0.13906D-08 0.11750D+13 0.10000D+15   0.0000  1   30.590  0.00000  270.20  270.24    3.512   41.748   10.17
 0.14503D-08 0.11875D+13 0.10000D+15   0.0000  1   29.624  0.00000  270.30  270.35    3.417   42.069   10.10
 0.15140D-08 0.12000D+13 0.10000D+15   0.0000  1   28.658  0.00000  270.40  270.45    3.327   42.395   10.03
 0.15822D-08 0.12125D+13 0.10000D+15   0.0000  1   27.692  0.00000  270.50  270.56    3.244   42.728    9.97
 0.16552D-08 0.12250D+13 0.10000D+15   0.0000  1   26.726  0.00000  270.59  270.65    3.168   43.066    9.90
 0.17337D-08 0.12375D+13 0.10000D+15   0.0000  1   25.760  0.00000  270.69  270.75    3.100   43.412    9.83
 0.18183D-08 0.12500D+13 0.10000D+15   0.0000  1   24.794  0.00000  270.78  270.84    3.039   43.766    9.77
 0.19098D-08 0.12625D+13 0.10000D+15   0.0000  1   23.828  0.00000  270.88  270.92    2.988   44.127    9.70
 0.19815D-08 0.12750D+13 0.10000D+15   0.0000  1   23.184  0.00000  270.94  271.01    2.869   44.422    9.64
 0.20866D-08 0.12875D+13 0.10000D+15   0.0000  1   22.218  0.00000  271.04  271.08    2.833   44.800    9.57
 0.21688D-08 0.13000D+13 0.10000D+15   0.0000  1   21.574  0.00000  271.10  271.16    2.726   45.106    9.51
 0.22561D-08 0.13125D+13 0.10000D+15   0.0000  1   20.930  0.00000  271.17  271.23    2.624   45.417    9.46
 0.23863D-08 0.13250D+13 0.10000D+15   0.0000  1   19.964  0.00000  271.26  271.30    2.617   45.821    9.38
 0.24881D-08 0.13375D+13 0.10000D+15   0.0000  1   19.320  0.00000  271.32  271.36    2.529   46.147    9.33
 0.25969D-08 0.13500D+13 0.10000D+15   0.0000  1   18.676  0.00000  271.39  271.43    2.449   46.478    9.27
 0.26664D-08 0.13625D+13 0.10000D+15   0.0000  1   18.354  0.00000  271.42  271.50    2.276   46.718    9.22
 0.26908D-08 0.13750D+13 0.10000D+15   0.0000  1   18.354  0.00000  271.42  271.58    2.005   46.862    9.19
 0.27153D-08 0.13875D+13 0.10000D+15   0.0000  1   18.354  0.00000  271.42  271.66    1.734   47.006    9.17
 0.27397D-08 0.14000D+13 0.10000D+15   0.0000  1   18.354  0.00000  271.42  271.75    1.463   47.149    9.14
 0.27642D-08 0.14125D+13 0.10000D+15   0.0000  1   18.354  0.00000  271.42  271.83    1.191   47.292    9.11
 0.27412D-08 0.14250D+13 0.10000D+15   0.0000  1   18.676  0.00000  271.39  271.92    0.822   47.339    9.10
 0.27652D-08 0.14375D+13 0.10000D+15   0.0000  1   18.676  0.00000  271.39  272.00    0.550   47.482    9.07
 0.27892D-08 0.14500D+13 0.10000D+15   0.0000  1   18.676  0.00000  271.39  272.08    0.278   47.625    9.04
 0.28133D-08 0.14625D+13 0.10000D+15   0.0000  1   18.676  0.00000  271.39  272.16    0.006   47.768    9.02
 0.16282D-08 0.14750D+13 0.10000D+15   0.0000  1   32.844  0.00000  269.98  270.06   -3.112   45.188   10.07
 0.16741D-08 0.14875D+13 0.10000D+15   0.0000  1   32.200  0.00000  270.04  270.11   -3.323   45.391   10.03
 0.17219D-08 0.15000D+13 0.10000D+15   0.0000  1   31.556  0.00000  270.11  270.17   -3.534   45.594   10.00
 0.17717D-08 0.15125D+13 0.10000D+15   0.0000  1   30.912  0.00000  270.17  270.22   -3.746   45.796    9.96
 0.18048D-08 0.15250D+13 0.10000D+15   0.0000  1   30.590  0.00000  270.20  270.30   -3.966   45.991    9.92
 0.18579D-08 0.15375D+13 0.10000D+15   0.0000  1   29.946  0.00000  270.27  270.34   -4.179   46.191    9.89
 0.19134D-08 0.15500D+13 0.10000D+15   0.0000  1   29.302  0.00000  270.33  270.38   -4.392   46.391    9.85
 0.19499D-08 0.15625D+13 0.10000D+15   0.0000  1   28.980  0.00000  270.37  270.46   -4.614   46.584    9.82
 0.20093D-08 0.15750D+13 0.10000D+15   0.0000  1   28.336  0.00000  270.43  270.49   -4.828   46.782    9.78
 0.20481D-08 0.15875D+13 0.10000D+15   0.0000  1   28.014  0.00000  270.46  270.56   -5.050   46.973    9.75
 0.21119D-08 0.16000D+13 0.10000D+15   0.0000  1   27.370  0.00000  270.53  270.59   -5.266   47.169    9.71
 0.21533D-08 0.16125D+13 0.10000D+15   0.0000  1   27.048  0.00000  270.56  270.65   -5.489   47.360    9.68
 0.22220D-08 0.16250D+13 0.10000D+15   0.0000  1   26.404  0.00000  270.62  270.67   -5.706   47.554    9.65
 0.22663D-08 0.16375D+13 0.10000D+15   0.0000  1   26.082  0.00000  270.66  270.74   -5.930   47.743    9.61
 0.23116D-08 0.16500D+13 0.10000D+15   0.0000  1   25.760  0.00000  270.69  270.80   -6.155   47.931    9.58
 0.23879D-08 0.16625D+13 0.10000D+15   0.0000  1   25.116  0.00000  270.75  270.81   -6.373   48.124    9.55
 0.24366D-08 0.16750D+13 0.10000D+15   0.0000  1   24.794  0.00000  270.78  270.86   -6.599   48.310    9.51
 0.24865D-08 0.16875D+13 0.10000D+15   0.0000  1   24.472  0.00000  270.82  270.92   -6.826   48.496    9.48
 0.25716D-08 0.17000D+13 0.10000D+15   0.0000  1   23.828  0.00000  270.88  270.92   -7.045   48.687    9.45
 0.26255D-08 0.17125D+13 0.10000D+15   0.0000  1   23.506  0.00000  270.91  270.97   -7.272   48.871    9.42
 0.26808D-08 0.17250D+13 0.10000D+15   0.0000  1   23.184  0.00000  270.94  271.02   -7.500   49.055    9.39
 0.27377D-08 0.17375D+13 0.10000D+15   0.0000  1   22.862  0.00000  270.98  271.06   -7.729   49.239    9.36
 0.27962D-08 0.17500D+13 0.10000D+15   0.0000  1   22.540  0.00000  271.01  271.11   -7.958   49.421    9.33
 0.28564D-08 0.17625D+13 0.10000D+15   0.0000  1   22.218  0.00000  271.04  271.15   -8.187   49.603    9.30
 0.29183D-08 0.17750D+13 0.10000D+15   0.0000  1   21.896  0.00000  271.07  271.19   -8.417   49.785    9.27
 0.29821D-08 0.17875D+13 0.10000D+15   0.0000  1   21.574  0.00000  271.10  271.23   -8.647   49.965    9.24
 0.30030D-08 0.18000D+13 0.10000D+15   0.0000  1   21.574  0.00000  271.10  271.33   -8.886   50.142    9.20
 0.30238D-08 0.18125D+13 0.10000D+15   0.0000  1   21.574  0.00000  271.10  271.43   -9.124   50.318    9.17
 0.30447D-08 0.18250D+13 0.10000D+15   0.0000  1   21.574  0.00000  271.10  271.53   -9.362   50.495    9.14
 0.30656D-08 0.18375D+13 0.10000D+15   0.0000  1   21.574  0.00000  271.10  271.63   -9.600   50.672    9.11
 0.30864D-08 0.18500D+13 0.10000D+15   0.0000  1   21.574  0.00000  271.10  271.73   -9.837   50.849    9.08
 0.30622D-08 0.18625D+13 0.10000D+15   0.0000  1   21.896  0.00000  271.07  271.89  -10.078   51.028    9.04
 0.30828D-08 0.18750D+13 0.10000D+15   0.0000  1   21.896  0.00000  271.07  271.99  -10.314   51.206    9.01
 0.31033D-08 0.18875D+13 0.10000D+15   0.0000  1   21.896  0.00000  271.07  272.09  -10.550   51.385    8.98
 0.31239D-08 0.19000D+13 0.10000D+15   0.0000  1   21.896  0.00000  271.07  272.19  -10.786   51.564    8.95
 0.31444D-08 0.19125D+13 0.10000D+15   0.0000  1   21.896  0.00000  271.07  272.29  -11.021   51.744    8.92
 0.31650D-08 0.19250D+13 0.10000D+15   0.0000  1   21.896  0.00000  271.07  272.39  -11.256   51.924    8.88
 0.31855D-08 0.19375D+13 0.10000D+15   0.0000  1   21.896  0.00000  271.07  272.49  -11.491   52.104    8.85
 0.32061D-08 0.19500D+13 0.10000D+15   0.0000  1   21.896  0.00000  271.07  272.59  -11.725   52.284    8.82
 0.32266D-08 0.19625D+13 0.10000D+15   0.0000  1   21.896  0.00000  271.07  272.69  -11.959   52.464    8.79
 0.32472D-08 0.19750D+13 0.10000D+15   0.0000  1   21.896  0.00000  271.07  272.79  -12.193   52.645    8.76
 0.32677D-08 0.19875D+13 0.10000D+15   0.0000  1   21.896  0.00000  271.07  272.89  -12.427   52.826    8.73
 0.32883D-08 0.20000D+13 0.10000D+15   0.0000  1   21.896  0.00000  271.07  272.99  -12.661   53.007    8.70
 0.32615D-08 0.20125D+13 0.10000D+15   0.0000  1   22.218  0.00000  271.04  273.16  -12.888   53.200    8.67
 0.32818D-08 0.20250D+13 0.10000D+15   0.0000  1   22.218  0.00000  271.04  273.26  -13.120   53.383    8.64
 0.33021D-08 0.20375D+13 0.10000D+15   0.0000  1   22.218  0.00000  271.04  273.36  -13.352   53.566    8.61
 0.33223D-08 0.20500D+13 0.10000D+15   0.0000  1   22.218  0.00000  271.04  273.46  -13.583   53.749    8.58
 0.33426D-08 0.20625D+13 0.10000D+15   0.0000  1   22.218  0.00000  271.04  273.56  -13.815   53.932    8.55
 0.33628D-08 0.20750D+13 0.10000D+15   0.0000  1   22.218  0.00000  271.04  273.66  -14.046   54.115    8.52
 0.33831D-08 0.20875D+13 0.10000D+15   0.0000  1   22.218  0.00000  271.04  273.76  -14.277   54.299    8.49
 0.34034D-08 0.21000D+13 0.10000D+15   0.0000  1   22.218  0.00000  271.04  273.86  -14.508   54.483    8.46
 0.34236D-08 0.21125D+13 0.10000D+15   0.0000  1   22.218  0.00000  271.04  273.96  -14.738   54.667    8.44
 0.34439D-08 0.21250D+13 0.10000D+15   0.0000  1   22.218  0.00000  271.04  274.06  -14.969   54.852    8.41
 0.34641D-08 0.21375D+13 0.10000D+15   0.0000  1   22.218  0.00000  271.04  274.16  -15.199   55.037    8.38
 0.34844D-08 0.21500D+13 0.10000D+15   0.0000  1   22.218  0.00000  271.04  274.26  -15.428   55.222    8.35
 0.35046D-08 0.21625D+13 0.10000D+15   0.0000  1   22.218  0.00000  271.04  274.35  -15.658   55.407    8.32
 0.35249D-08 0.21750D+13 0.10000D+15   0.0000  1   22.218  0.00000  271.04  274.45  -15.887   55.592    8.29
 0.34952D-08 0.21875D+13 0.10000D+15   0.0000  1   22.540  0.00000  271.01  274.63  -16.099   55.801    8.26
 0.35152D-08 0.22000D+13 0.10000D+15   0.0000  1   22.540  0.00000  271.01  274.73  -16.327   55.988    8.23
 0.35352D-08 0.22125D+13 0.10000D+15   0.0000  1   22.540  0.00000  271.01  274.83  -16.555   56.174    8.21
 0.35552D-08 0.22250D+13 0.10000D+15   0.0000  1   22.540  0.00000  271.01  274.93  -16.783   56.361    8.18
 0.35751D-08 0.22375D+13 0.10000D+15   0.0000  1   22.540  0.00000  271.01  275.02  -17.010   56.549    8.15
 0.35951D-08 0.22500D+13 0.10000D+15   0.0000  1   22.540  0.00000  271.01  275.12  -17.238   56.736    8.12
 0.36151D-08 0.22625D+13 0.10000D+15   0.0000  1   22.540  0.00000  271.01  275.22  -17.465   56.924    8.10
 0.36350D-08 0.22750D+13 0.10000D+15   0.0000  1   22.540  0.00000  271.01  275.32  -17.691   57.112    8.07
 0.36550D-08 0.22875D+13 0.10000D+15   0.0000  1   22.540  0.00000  271.01  275.42  -17.918   57.300    8.04
 0.36750D-08 0.23000D+13 0.10000D+15   0.0000  1   22.540  0.00000  271.01  275.51  -18.144   57.488    8.02
 0.36950D-08 0.23125D+13 0.10000D+15   0.0000  1   22.540  0.00000  271.01  275.61  -18.371   57.677    7.99
 0.37149D-08 0.23250D+13 0.10000D+15   0.0000  1   22.540  0.00000  271.01  275.71  -18.596   57.866    7.97
 0.37349D-08 0.23375D+13 0.10000D+15   0.0000  1   22.540  0.00000  271.01  275.80  -18.822   58.055    7.94
 0.37549D-08 0.23500D+13 0.10000D+15   0.0000  1   22.540  0.00000  271.01  275.90  -19.048   58.244    7.91
 0.37749D-08 0.23625D+13 0.10000D+15   0.0000  1   22.540  0.00000  271.01  276.00  -19.273   58.433    7.89
 0.37948D-08 0.23750D+13 0.10000D+15   0.0000  1   22.540  0.00000  271.01  276.10  -19.498   58.623    7.86
 0.38148D-08 0.23875D+13 0.10000D+15   0.0000  1   22.540  0.00000  271.01  276.19  -19.723   58.812    7.84
 0.37815D-08 0.24000D+13 0.10000D+15   0.0000  1   22.862  0.00000  270.98  276.37  -19.918   59.040    7.80
 0.38012D-08 0.24125D+13 0.10000D+15   0.0000  1   22.862  0.00000  270.98  276.47  -20.142   59.231    7.78
 0.38209D-08 0.24250D+13 0.10000D+15   0.0000  1   22.862  0.00000  270.98  276.57  -20.365   59.422    7.75
 0.38406D-08 0.24375D+13 0.10000D+15   0.0000  1   22.862  0.00000  270.98  276.66  -20.588   59.613    7.73
 0.38603D-08 0.24500D+13 0.10000D+15   0.0000  1   22.862  0.00000  270.98  276.76  -20.812   59.805    7.70
 0.38800D-08 0.24625D+13 0.10000D+15   0.0000  1   22.862  0.00000  270.98  276.86  -21.035   59.996    7.68
 0.38997D-08 0.24750D+13 0.10000D+15   0.0000  1   22.862  0.00000  270.98  276.95  -21.257   60.188    7.66
 0.39194D-08 0.24875D+13 0.10000D+15   0.0000  1   22.862  0.00000  270.98  277.05  -21.480   60.380    7.63
 0.39391D-08 0.25000D+13 0.10000D+15   0.0000  1   22.862  0.00000  270.98  277.15  -21.702   60.573    7.61
 0.39588D-08 0.25125D+13 0.10000D+15   0.0000  1   22.862  0.00000  270.98  277.24  -21.925   60.765    7.58
 0.39785D-08 0.25250D+13 0.10000D+15   0.0000  1   22.862  0.00000  270.98  277.34  -22.147   60.958    7.56
 0.39982D-08 0.25375D+13 0.10000D+15   0.0000  1   22.862  0.00000  270.98  277.43  -22.368   61.151    7.53
 0.40179D-08 0.25500D+13 0.10000D+15   0.0000  1   22.862  0.00000  270.98  277.53  -22.590   61.344    7.51
 0.40376D-08 0.25625D+13 0.10000D+15   0.0000  1   22.862  0.00000  270.98  277.62  -22.811   61.537    7.49
 0.40573D-08 0.25750D+13 0.10000D+15   0.0000  1   22.862  0.00000  270.98  277.72  -23.033   61.730    7.46
 0.40770D-08 0.25875D+13 0.10000D+15   0.0000  1   22.862  0.00000  270.98  277.81  -23.254   61.924    7.44
 0.40967D-08 0.26000D+13 0.10000D+15   0.0000  1   22.862  0.00000  270.98  277.91  -23.475   62.118    7.42
 0.41164D-08 0.26125D+13 0.10000D+15   0.0000  1   22.862  0.00000  270.98  278.00  -23.695   62.312    7.39
 0.41361D-08 0.26250D+13 0.10000D+15   0.0000  1   22.862  0.00000  270.98  278.10  -23.916   62.506    7.37
 0.41558D-08 0.26375D+13 0.10000D+15   0.0000  1   22.862  0.00000  270.98  278.19  -24.136   62.700    7.35
 0.41755D-08 0.26500D+13 0.10000D+15   0.0000  1   22.862  0.00000  270.98  278.29  -24.356   62.894    7.33
 0.41952D-08 0.26625D+13 0.10000D+15   0.0000  1   22.862  0.00000  270.98  278.38  -24.576   63.089    7.30
 0.42149D-08 0.26750D+13 0.10000D+15   0.0000  1   22.862  0.00000  270.98  278.47  -24.796   63.284    7.28
 0.42345D-08 0.26875D+13 0.10000D+15   0.0000  1   22.862  0.00000  270.98  278.57  -25.016   63.479    7.26
 0.41960D-08 0.27000D+13 0.10000D+15   0.0000  1   23.184  0.00000  270.94  278.76  -25.187   63.731    7.23
 0.42155D-08 0.27125D+13 0.10000D+15   0.0000  1   23.184  0.00000  270.94  278.85  -25.406   63.927    7.20
 0.42349D-08 0.27250D+13 0.10000D+15   0.0000  1   23.184  0.00000  270.94  278.94  -25.624   64.123    7.18
 0.42543D-08 0.27375D+13 0.10000D+15   0.0000  1   23.184  0.00000  270.94  279.04  -25.842   64.320    7.16
 0.42737D-08 0.27500D+13 0.10000D+15   0.0000  1   23.184  0.00000  270.94  279.13  -26.060   64.516    7.14
 0.42932D-08 0.27625D+13 0.10000D+15   0.0000  1   23.184  0.00000  270.94  279.22  -26.278   64.713    7.12
 0.43126D-08 0.27750D+13 0.10000D+15   0.0000  1   23.184  0.00000  270.94  279.32  -26.496   64.910    7.10
 0.43320D-08 0.27875D+13 0.10000D+15   0.0000  1   23.184  0.00000  270.94  279.41  -26.714   65.107    7.07
 0.43514D-08 0.28000D+13 0.10000D+15   0.0000  1   23.184  0.00000  270.94  279.50  -26.931   65.304    7.05
 0.43709D-08 0.28125D+13 0.10000D+15   0.0000  1   23.184  0.00000  270.94  279.60  -27.148   65.502    7.03
 0.43903D-08 0.28250D+13 0.10000D+15   0.0000  1   23.184  0.00000  270.94  279.69  -27.365   65.700    7.01
 0.44097D-08 0.28375D+13 0.10000D+15   0.0000  1   23.184  0.00000  270.94  279.78  -27.582   65.897    6.99
 0.44291D-08 0.28500D+13 0.10000D+15   0.0000  1   23.184  0.00000  270.94  279.87  -27.799   66.095    6.97
 0.44486D-08 0.28625D+13 0.10000D+15   0.0000  1   23.184  0.00000  270.94  279.97  -28.015   66.293    6.95
 0.44680D-08 0.28750D+13 0.10000D+15   0.0000  1   23.184  0.00000  270.94  280.06  -28.231   66.492    6.93
 0.44874D-08 0.28875D+13 0.10000D+15   0.0000  1   23.184  0.00000  270.94  280.15  -28.448   66.690    6.91
 0.45068D-08 0.29000D+13 0.10000D+15   0.0000  1   23.184  0.00000  270.94  280.24  -28.664   66.889    6.89
 0.45263D-08 0.29125D+13 0.10000D+15   0.0000  1   23.184  0.00000  270.94  280.33  -28.879   67.087    6.87
 0.45457D-08 0.29250D+13 0.10000D+15   0.0000  1   23.184  0.00000  270.94  280.43  -29.095   67.286    6.85
 0.45651D-08 0.29375D+13 0.10000D+15   0.0000  1   23.184  0.00000  270.94  280.52  -29.311   67.485    6.82
 0.45845D-08 0.29500D+13 0.10000D+15   0.0000  1   23.184  0.00000  270.94  280.61  -29.526   67.684    6.80
 0.46040D-08 0.29625D+13 0.10000D+15   0.0000  1   23.184  0.00000  270.94  280.70  -29.741   67.884    6.78
 0.46234D-08 0.29750D+13 0.10000D+15   0.0000  1   23.184  0.00000  270.94  280.79  -29.956   68.083    6.76
 0.46428D-08 0.29875D+13 0.10000D+15   0.0000  1   23.184  0.00000  270.94  280.88  -30.171   68.283    6.75
 0.46622D-08 0.30000D+13 0.10000D+15   0.0000  1   23.184  0.00000  270.94  280.97  -30.386   68.483    6.73
