R_tot = 1561.0 R_core =  1400.0  Tsurf =   100.00  g =  1.310
     Pint       etaref      pCLA conv P(MPa)   zbot     %vol    Tbot     Tm      TH2O      Fbot     Ftop     dlid   T_core
 0.00000D+00 0.32000D+14   0.0100  1  180.77  151.592  0.14712  228.72  219.17  254.96    7.793    6.353   43.61  1499.70
 0.12500D+11 0.32000D+14   0.0100  1  180.71  151.446  0.14474  229.31  220.29  254.99    7.786    6.757   43.95  1499.73
 0.25000D+11 0.32000D+14   0.0100  1  180.61  151.288  0.14224  229.92  221.39  255.01    7.781    7.162   41.66  1499.80
 0.37500D+11 0.32000D+14   0.0100  1  180.50  151.125  0.13975  230.53  222.44  255.04    7.776    7.568   39.62  1499.86
 0.50000D+11 0.32000D+14   0.0100  1  180.38  150.958  0.13729  231.13  223.44  255.07    7.771    7.973   37.78  1499.93
 0.62500D+11 0.32000D+14   0.0100  1  180.25  150.786  0.13486  231.72  224.40  255.09    7.765    8.379   36.12  1499.99
 0.75000D+11 0.32000D+14   0.0100  1  180.11  150.611  0.13246  232.29  225.32  255.12    7.760    8.784   34.61  1500.05
 0.87500D+11 0.32000D+14   0.0100  1  179.95  150.432  0.13009  232.86  226.21  255.15    7.755    9.190   33.23  1500.11
 0.10000D+12 0.32000D+14   0.0100  1  179.79  150.248  0.12775  233.42  227.06  255.18    7.750    9.596   31.96  1500.17
 0.11250D+12 0.32000D+14   0.0100  1  179.62  150.060  0.12544  233.97  227.89  255.21    7.745   10.002   30.79  1500.23
 0.12500D+12 0.32000D+14   0.0100  1  179.44  149.868  0.12316  234.51  228.69  255.24    7.741   10.408   29.71  1500.29
 0.13750D+12 0.32000D+14   0.0100  1  179.25  149.672  0.12091  235.04  229.46  255.27    7.736   10.814   28.71  1500.35
 0.15000D+12 0.32000D+14   0.0100  1  179.06  149.471  0.11869  235.56  230.21  255.30    7.731   11.220   27.79  1500.41
 0.16250D+12 0.32000D+14   0.0100  1  178.85  149.265  0.11650  236.07  230.94  255.34    7.726   11.626   26.92  1500.46
 0.17500D+12 0.32000D+14   0.0100  1  178.64  149.054  0.11434  236.57  231.65  255.37    7.721   12.032   26.11  1500.52
 0.18750D+12 0.32000D+14   0.0100  1  178.42  148.838  0.11221  237.06  232.34  255.40    7.717   12.439   25.35  1500.58
 0.20000D+12 0.32000D+14   0.0100  1  178.19  148.617  0.11011  237.55  233.01  255.44    7.712   12.845   24.64  1500.63
 0.21250D+12 0.32000D+14   0.0100  1  177.95  148.390  0.10804  238.03  233.67  255.47    7.707   13.251   23.97  1500.69
 0.22500D+12 0.32000D+14   0.0100  1  177.71  148.158  0.10599  238.50  234.31  255.51    7.703   13.658   23.34  1500.74
 0.23750D+12 0.32000D+14   0.0100  1  177.45  147.919  0.10396  238.96  234.93  255.55    7.698   14.065   22.75  1500.79
 0.25000D+12 0.32000D+14   0.0100  1  177.19  147.675  0.10197  239.42  235.54  255.59    7.694   14.471   22.18  1500.85
 0.26250D+12 0.32000D+14   0.0100  1  176.91  147.424  0.10000  239.86  236.14  255.63    7.689   14.878   21.65  1500.90
 0.27500D+12 0.32000D+14   0.0100  1  176.63  147.166  0.09805  240.31  236.72  255.67    7.684   15.284   21.15  1500.95
 0.28750D+12 0.32000D+14   0.0100  1  176.34  146.901  0.09612  240.74  237.29  255.71    7.680   15.691   20.67  1501.00
 0.30000D+12 0.32000D+14   0.0100  1  176.04  146.629  0.09422  241.17  237.85  255.75    7.675   16.098   20.21  1501.05
 0.31250D+12 0.32000D+14   0.0100  1  175.73  146.350  0.09235  241.60  238.40  255.79    7.670   16.505   19.77  1501.10
 0.32500D+12 0.32000D+14   0.0100  1  175.41  146.062  0.09049  242.02  238.94  255.84    7.665   16.912   19.36  1501.15
 0.33750D+12 0.32000D+14   0.0100  1  175.07  145.766  0.08866  242.43  239.47  255.89    7.661   17.319   18.96  1501.20
 0.35000D+12 0.32000D+14   0.0100  1  174.73  145.461  0.08684  242.84  239.99  255.93    7.656   17.726   18.58  1501.25
 0.36250D+12 0.32000D+14   0.0100  1  174.37  145.147  0.08505  243.24  240.51  255.98    7.651   18.133   18.22  1501.30
 0.37500D+12 0.32000D+14   0.0100  1  174.00  144.824  0.08328  243.64  241.01  256.03    7.646   18.540   17.88  1501.35
 0.38750D+12 0.32000D+14   0.0100  1  173.62  144.491  0.08153  244.03  241.51  256.08    7.641   18.947   17.54  1501.39
 0.40000D+12 0.32000D+14   0.0100  1  173.23  144.147  0.07980  244.42  241.99  256.14    7.636   19.354   17.23  1501.44
 0.41250D+12 0.32000D+14   0.0100  1  172.82  143.793  0.07809  244.81  242.47  256.19    7.631   19.761   16.92  1501.49
 0.42500D+12 0.32000D+14   0.0100  1  172.40  143.427  0.07640  245.19  242.95  256.25    7.626   20.168   16.63  1501.54
 0.43750D+12 0.32000D+14   0.0100  1  171.96  143.049  0.07472  245.57  243.41  256.31    7.621   20.576   16.34  1501.58
 0.45000D+12 0.32000D+14   0.0100  1  171.51  142.658  0.07307  245.94  243.88  256.37    7.615   20.983   16.07  1501.63
 0.46250D+12 0.32000D+14   0.0100  1  171.04  142.255  0.07144  246.31  244.33  256.43    7.610   21.390   15.81  1501.67
 0.47500D+12 0.32000D+14   0.0100  1  170.55  141.838  0.06982  246.68  244.78  256.49    7.605   21.798   15.56  1501.72
 0.48750D+12 0.32000D+14   0.0100  1  170.05  141.406  0.06822  247.04  245.22  256.56    7.599   22.205   15.32  1501.76
 0.50000D+12 0.32000D+14   0.0100  1  169.52  140.959  0.06664  247.41  245.66  256.63    7.593   22.613   15.08  1501.81
 0.51250D+12 0.32000D+14   0.0100  1  168.98  140.497  0.06508  247.76  246.09  256.70    7.588   23.020   14.86  1501.85
 0.52500D+12 0.32000D+14   0.0100  1  168.42  140.018  0.06354  248.12  246.52  256.77    7.582   23.428   14.64  1501.90
 0.53750D+12 0.32000D+14   0.0100  1  167.84  139.522  0.06202  248.47  246.95  256.85    7.576   23.835   14.43  1501.94
 0.55000D+12 0.32000D+14   0.0100  1  167.23  139.007  0.06051  248.82  247.37  256.92    7.569   24.243   14.22  1501.99
 0.56250D+12 0.32000D+14   0.0100  1  166.60  138.474  0.05903  249.17  247.78  257.00    7.563   24.651   14.03  1502.03
 0.57500D+12 0.32000D+14   0.0100  1  165.95  137.921  0.05756  249.52  248.19  257.09    7.557   25.058   13.83  1502.08
 0.58750D+12 0.32000D+14   0.0100  1  165.27  137.346  0.05611  249.86  248.60  257.17    7.550   25.466   13.65  1502.12
 0.60000D+12 0.32000D+14   0.0100  1  164.56  136.750  0.05468  250.21  249.01  257.26    7.543   25.874   13.47  1502.16
 0.61250D+12 0.32000D+14   0.0100  1  163.83  136.131  0.05327  250.55  249.41  257.36    7.536   26.282   13.30  1502.21
 0.62500D+12 0.32000D+14   0.0100  1  163.07  135.489  0.05188  250.89  249.81  257.45    7.529   26.690   13.13  1502.25
 0.63750D+12 0.32000D+14   0.0100  1  162.27  134.821  0.05050  251.23  250.20  257.55    7.521   27.097   12.97  1502.29
 0.65000D+12 0.32000D+14   0.0100  1  161.45  134.127  0.04915  251.56  250.60  257.65    7.514   27.505   12.81  1502.34
 0.66250D+12 0.32000D+14   0.0100  1  160.59  133.406  0.04782  251.90  250.99  257.76    7.506   27.913   12.66  1502.38
 0.67500D+12 0.32000D+14   0.0100  1  159.70  132.656  0.04651  252.23  251.37  257.87    7.498   28.321   12.51  1502.42
 0.68750D+12 0.32000D+14   0.0100  1  158.77  131.877  0.04522  252.57  251.76  257.98    7.489   28.730   12.37  1502.47
 0.70000D+12 0.32000D+14   0.0100  1  157.80  131.067  0.04395  252.90  252.14  258.10    7.481   29.138   12.23  1502.51
 0.71250D+12 0.32000D+14   0.0100  1  156.80  130.224  0.04270  253.23  252.52  258.22    7.472   29.546   12.09  1502.55
 0.72500D+12 0.32000D+14   0.0100  1  155.75  129.349  0.04148  253.57  252.90  258.35    7.463   29.954   11.96  1502.60
 0.73750D+12 0.32000D+14   0.0100  1  154.67  128.439  0.04028  253.90  253.28  258.48    7.453   30.362   11.83  1502.64
 0.75000D+12 0.32000D+14   0.0100  1  153.53  127.493  0.03910  254.23  253.66  258.62    7.443   30.770   11.71  1502.68
 0.76250D+12 0.32000D+14   0.0100  1  152.36  126.511  0.03794  254.56  254.03  258.76    7.433   31.179   11.59  1502.72
 0.77500D+12 0.32000D+14   0.0100  1  151.14  125.491  0.03681  254.89  254.40  258.90    7.423   31.587   11.47  1502.77
 0.78750D+12 0.32000D+14   0.0100  1  149.87  124.432  0.03570  255.22  254.78  259.05    7.412   31.995   11.36  1502.81
 0.80000D+12 0.32000D+14   0.0100  1  148.55  123.332  0.03462  255.55  255.14  259.21    7.401   32.404   11.24  1502.85
 0.81250D+12 0.32000D+14   0.0100  1  147.19  122.192  0.03356  255.88  255.51  259.37    7.389   32.812   11.14  1502.89
 0.82500D+12 0.32000D+14   0.0100  1  145.77  121.011  0.03253  256.21  255.88  259.53    7.377   33.220   11.03  1502.93
 0.83750D+12 0.32000D+14   0.0100  1  144.30  119.787  0.03153  256.54  256.25  259.70    7.365   33.629   10.93  1502.98
 0.85000D+12 0.32000D+14   0.0100  1  142.79  118.521  0.03055  256.87  256.61  259.88    7.352   34.037   10.83  1503.02
 0.86250D+12 0.32000D+14   0.0100  1  141.21  117.212  0.02960  257.20  256.97  260.06    7.339   34.445   10.74  1503.06
 0.87500D+12 0.32000D+14   0.0100  1  139.59  115.860  0.02868  257.53  257.33  260.24    7.325   34.854   10.64  1503.10
 0.88750D+12 0.32000D+14   0.0100  1  137.92  114.465  0.02778  257.86  257.69  260.43    7.311   35.262   10.55  1503.14
 0.90000D+12 0.32000D+14   0.0100  1  136.19  113.027  0.02691  258.19  258.05  260.63    7.297   35.670   10.46  1503.18
 0.91250D+12 0.32000D+14   0.0100  1  134.41  111.547  0.02607  258.52  258.40  260.83    7.282   36.079   10.38  1503.22
 0.92500D+12 0.32000D+14   0.0100  1  132.58  110.026  0.02526  258.84  258.76  261.03    7.267   36.487   10.29  1503.26
 0.93750D+12 0.32000D+14   0.0100  1  130.71  108.464  0.02447  259.17  259.11  261.24    7.251   36.895   10.21  1503.30
 0.95000D+12 0.32000D+14   0.0100  1  128.78  106.864  0.02372  259.50  259.46  261.45    7.235   37.303   10.13  1503.34
 0.96250D+12 0.32000D+14   0.0100  1  126.81  105.225  0.02299  259.82  259.80  261.66    7.219   37.711   10.05  1503.38
 0.97500D+12 0.32000D+14   0.0100  1  124.80  103.551  0.02229  260.14  260.15  261.88    7.202   38.119    9.98  1503.42
 0.98750D+12 0.32000D+14   0.0100  1  122.74  101.843  0.02161  260.46  260.48  262.10    7.185   38.527    9.90  1503.46
 0.10000D+13 0.32000D+14   0.0100  1  120.64  100.103  0.02096  260.78  260.82  262.33    7.167   38.935    9.83  1503.49
 0.10125D+13 0.32000D+14   0.0100  1  118.51   98.333  0.02034  261.10  261.15  262.55    7.149   39.343    9.76  1503.53
 0.10250D+13 0.32000D+14   0.0100  1  116.35   96.536  0.01974  261.41  261.48  262.78    7.131   39.751    9.69  1503.57
 0.10375D+13 0.32000D+14   0.0100  1  114.15   94.715  0.01917  261.72  261.81  263.01    7.113   40.158    9.62  1503.60
 0.10500D+13 0.32000D+14   0.0100  1  111.93   92.873  0.01863  262.03  262.13  263.24    7.094   40.566    9.55  1503.64
 0.10625D+13 0.32000D+14   0.0100  1  109.69   91.011  0.01810  262.33  262.45  263.47    7.075   40.973    9.49  1503.67
 0.10750D+13 0.32000D+14   0.0100  1  107.42   89.134  0.01761  262.63  262.76  263.70    7.056   41.381    9.42  1503.70
 0.10875D+13 0.32000D+14   0.0100  1  105.15   87.245  0.01713  262.93  263.06  263.93    7.037   41.788    9.36  1503.74
 0.11000D+13 0.32000D+14   0.0100  1  102.86   85.346  0.01667  263.22  263.36  264.16    7.018   42.195    9.30  1503.77
 0.11125D+13 0.32000D+14   0.0100  1  100.56   83.440  0.01624  263.51  263.66  264.39    6.999   42.602    9.24  1503.80
 0.11250D+13 0.32000D+14   0.0100  1   98.26   81.531  0.01583  263.79  263.95  264.62    6.979   43.009    9.18  1503.83
 0.11375D+13 0.32000D+14   0.0100  1   95.96   79.622  0.01543  264.07  264.23  264.85    6.960   43.416    9.12  1503.87
 0.11500D+13 0.32000D+14   0.0100  1   93.66   77.715  0.01506  264.35  264.51  265.07    6.941   43.823    9.06  1503.90
 0.11625D+13 0.32000D+14   0.0100  1   91.37   75.814  0.01470  264.62  264.78  265.30    6.922   44.230    9.01  1503.92
 0.11750D+13 0.32000D+14   0.0100  1   89.09   73.922  0.01436  264.88  265.05  265.52    6.902   44.637    8.95  1503.95
 0.11875D+13 0.32000D+14   0.0100  1   86.82   72.040  0.01404  265.14  265.31  265.73    6.883   45.044    8.89  1503.98
 0.12000D+13 0.32000D+14   0.0100  1   84.57   70.172  0.01373  265.39  265.56  265.95    6.865   45.450    8.84  1504.01
 0.12125D+13 0.32000D+14   0.0100  1   82.34   68.320  0.01343  265.64  265.81  266.16    6.846   45.857    8.78  1504.04
 0.12250D+13 0.32000D+14   0.0100  1   80.13   66.487  0.01316  265.89  266.05  266.37    6.827   46.264    8.73  1504.06
 0.12375D+13 0.32000D+14   0.0100  1   77.95   64.674  0.01289  266.12  266.28  266.57    6.809   46.670    8.68  1504.09
 0.12500D+13 0.32000D+14   0.0100  1   75.79   62.884  0.01264  266.35  266.51  266.77    6.791   47.077    8.63  1504.11
 0.12625D+13 0.32000D+14   0.0100  1   73.66   61.119  0.01240  266.58  266.73  266.97    6.773   47.483    8.57  1504.14
 0.12750D+13 0.32000D+14   0.0100  1   71.56   59.380  0.01217  266.80  266.95  267.16    6.756   47.890    8.52  1504.16
 0.12875D+13 0.32000D+14   0.0100  1   69.50   57.668  0.01195  267.01  267.15  267.35    6.739   48.296    8.47  1504.18
 0.13000D+13 0.32000D+14   0.0100  1   67.47   55.986  0.01175  267.22  267.35  267.54    6.722   48.703    8.42  1504.20
 0.13125D+13 0.32000D+14   0.0100  1   65.48   54.335  0.01155  267.42  267.55  267.72    6.705   49.110    8.37  1504.23
 0.13250D+13 0.32000D+14   0.0100  1   63.53   52.714  0.01136  267.62  267.74  267.89    6.689   49.516    8.32  1504.25
 0.13375D+13 0.32000D+14   0.0100  1   61.62   51.127  0.01119  267.81  267.92  268.06    6.673   49.923    8.27  1504.27
 0.13500D+13 0.32000D+14   0.0100  1   59.74   49.572  0.01102  268.00  268.09  268.23    6.658   50.329    8.22  1504.29
 0.13625D+13 0.32000D+14   0.0100  1   57.91   48.052  0.01086  268.17  268.26  268.39    6.642   50.736    8.17  1504.30
 0.13750D+13 0.32000D+14   0.0100  1   56.12   46.566  0.01071  268.35  268.43  268.55    6.628   51.142    8.12  1504.32
 0.13875D+13 0.32000D+14   0.0100  1   54.37   45.115  0.01056  268.52  268.58  268.70    6.613   51.549    8.07  1504.34
 0.14000D+13 0.32000D+14   0.0100  1   52.67   43.700  0.01042  268.68  268.74  268.85    6.599   51.955    8.03  1504.36
 0.14125D+13 0.32000D+14   0.0100  1   51.00   42.320  0.01029  268.84  268.88  269.00    6.585   52.362    7.98  1504.37
 0.14250D+13 0.32000D+14   0.0100  1   49.38   40.975  0.01017  268.99  269.02  269.14    6.572   52.769    7.93  1504.39
 0.14375D+13 0.32000D+14   0.0100  1   47.80   39.665  0.01005  269.14  269.16  269.27    6.559   53.175    7.88  1504.41
 0.14500D+13 0.32000D+14   0.0100  1   46.27   38.391  0.00993  269.28  269.29  269.41    6.547   53.582    7.84  1504.42
 0.14625D+13 0.32000D+14   0.0100  1   44.77   37.153  0.00982  269.42  269.41  269.53    6.535   53.989    7.79  1504.44
 0.14750D+13 0.32000D+14   0.0100  1   43.32   35.949  0.00972  269.56  269.53  269.66    6.523   54.396    7.75  1504.45
 0.14875D+13 0.32000D+14   0.0100  1   41.91   34.779  0.00962  269.69  269.65  269.78    6.511   54.803    7.70  1504.46
 0.15000D+13 0.32000D+14   0.0100  1   40.53   33.644  0.00953  269.81  269.76  269.89    6.500   55.209    7.65  1504.48
 0.15125D+13 0.32000D+14   0.0100  1   39.20   32.542  0.00944  269.93  269.86  270.01    6.489   55.616    7.61  1504.49
 0.15250D+13 0.32000D+14   0.0100  1   37.91   31.474  0.00936  270.05  269.96  270.11    6.479   56.023    7.56  1504.50
 0.15375D+13 0.32000D+14   0.0100  1   36.66   30.438  0.00927  270.16  270.06  270.22    6.469   56.430    7.52  1504.51
 0.15500D+13 0.32000D+14   0.0100  1   35.45   29.434  0.00920  270.27  270.15  270.32    6.459   56.837    7.48  1504.53
 0.15625D+13 0.32000D+14   0.0100  1   34.27   28.462  0.00912  270.37  270.24  270.42    6.450   57.244    7.43  1504.54
 0.15750D+13 0.32000D+14   0.0100  1   33.13   27.520  0.00905  270.47  270.32  270.51    6.441   57.651    7.39  1504.55
 0.15875D+13 0.32000D+14   0.0100  1   32.03   26.609  0.00899  270.57  270.40  270.60    6.432   58.058    7.34  1504.56
 0.16000D+13 0.32000D+14   0.0100  1   30.96   25.727  0.00892  270.66  270.48  270.69    6.423   58.465    7.30  1504.57
 0.16125D+13 0.32000D+14   0.0100  1   29.93   24.874  0.00886  270.75  270.55  270.78    6.415   58.873    7.26  1504.58
 0.16250D+13 0.32000D+14   0.0100  1   28.93   24.049  0.00880  270.84  270.62  270.86    6.407   59.280    7.22  1504.59
 0.16375D+13 0.32000D+14   0.0100  1   27.96   23.251  0.00875  270.92  270.69  270.94    6.399   59.687    7.17  1504.59
 0.16500D+13 0.32000D+14   0.0100  1   27.03   22.479  0.00869  271.00  270.75  271.01    6.392   60.094    7.13  1504.60
 0.16625D+13 0.32000D+14   0.0100  1   26.13   21.734  0.00864  271.08  270.81  271.09    6.385   60.502    7.09  1504.61
 0.16750D+13 0.32000D+14   0.0100  1   25.26   21.013  0.00859  271.15  270.87  271.16    6.378   60.909    7.05  1504.62
 0.16875D+13 0.32000D+14   0.0100  1   24.41   20.317  0.00854  271.23  270.93  271.23    6.371   61.316    7.01  1504.63
 0.17000D+13 0.32000D+14   0.0100  1   23.60   19.645  0.00850  271.30  270.98  271.29    6.365   61.724    6.97  1504.63
 0.17125D+13 0.32000D+14   0.0100  1   22.81   18.996  0.00846  271.36  271.03  271.35    6.359   62.131    6.93  1504.64
 0.17250D+13 0.32000D+14   0.0100  1   22.05   18.369  0.00842  271.43  271.07  271.42    6.353   62.539    6.89  1504.65
 0.17375D+13 0.32000D+14   0.0100  1   21.32   17.763  0.00838  271.49  271.12  271.47    6.347   62.946    6.85  1504.66
 0.17500D+13 0.32000D+14   0.0100  1   20.61   17.179  0.00834  271.55  271.16  271.53    6.342   63.354    6.81  1504.66
 0.17625D+13 0.32000D+14   0.0100  1   19.92   16.614  0.00830  271.61  271.20  271.59    6.336   63.761    6.77  1504.67
 0.17750D+13 0.32000D+14   0.0100  1   19.26   16.070  0.00827  271.66  271.24  271.64    6.331   64.169    6.73  1504.67
 0.17875D+13 0.32000D+14   0.0100  1   18.62   15.544  0.00824  271.72  271.27  271.69    6.326   64.576    6.70  1504.67
 0.18000D+13 0.32000D+14   0.0100  1   18.01   15.036  0.00820  271.77  271.31  271.74    6.321   64.984    6.66  1504.68
 0.18125D+13 0.32000D+14   0.0100  1   17.41   14.547  0.00817  271.82  271.34  271.79    6.317   65.391    6.62  1504.68
 0.18250D+13 0.32000D+14   0.0100  1   16.84   14.074  0.00815  271.86  271.37  271.83    6.312   65.799    6.58  1504.68
 0.18375D+13 0.32000D+14   0.0100  1   16.29   13.618  0.00812  271.91  271.40  271.88    6.308   66.207    6.55  1504.69
 0.18500D+13 0.32000D+14   0.0100  1   15.75   13.178  0.00809  271.95  271.42  271.92    6.304   66.614    6.51  1504.69
 0.18625D+13 0.32000D+14   0.0100  1   15.23   12.753  0.00807  272.00  271.45  271.96    6.299   67.022    6.47  1504.69
 0.18750D+13 0.32000D+14   0.0100  1   14.74   12.344  0.00804  272.04  271.47  272.00    6.295   67.429    6.44  1504.69
 0.18875D+13 0.32000D+14   0.0100  0   14.52   12.048  0.00802  272.07  271.50  272.03    6.280   67.824   12.05  1504.69
 0.19000D+13 0.32000D+14   0.0100  0   14.44   11.983  0.00802  272.07  271.55  272.03    6.279   68.233   11.98  1504.69
 0.19125D+13 0.32000D+14   0.0100  0   14.36   11.918  0.00802  272.08  271.61  272.04    6.279   68.641   11.92  1504.70
 0.19250D+13 0.32000D+14   0.0100  0   14.28   11.855  0.00801  272.09  271.66  272.04    6.278   69.049   11.85  1504.70
 0.19375D+13 0.32000D+14   0.0100  0   14.21   11.791  0.00801  272.09  271.71  272.05    6.277   69.457   11.79  1504.70
 0.19500D+13 0.32000D+14   0.0100  0   14.13   11.729  0.00800  272.10  271.76  272.06    6.277   69.865   11.73  1504.70
 0.19625D+13 0.32000D+14   0.0100  0   14.06   11.667  0.00800  272.10  271.81  272.06    6.276   70.273   11.67  1504.70
 0.19750D+13 0.32000D+14   0.0100  0   13.98   11.605  0.00800  272.11  271.86  272.07    6.276   70.682   11.61  1504.70
 0.19875D+13 0.32000D+14   0.0100  0   13.91   11.545  0.00799  272.12  271.90  272.07    6.275   71.090   11.54  1504.70
 0.20000D+13 0.32000D+14   0.0100  0   13.84   11.485  0.00799  272.12  271.95  272.08    6.275   71.498   11.48  1504.70
 0.20125D+13 0.32000D+14   0.0100  0   13.77   11.425  0.00799  272.13  272.00  272.09    6.274   71.906   11.43  1504.71
 0.20250D+13 0.32000D+14   0.0100  0   13.70   11.367  0.00798  272.13  272.05  272.09    6.274   72.314   11.37  1504.71
 0.20375D+13 0.32000D+14   0.0100  0   13.63   11.308  0.00798  272.14  272.10  272.10    6.273   72.723   11.31  1504.71
 0.20500D+13 0.32000D+14   0.0100  0   13.56   11.251  0.00798  272.15  272.15  272.10    6.273   73.131   11.25  1504.71
 0.20625D+13 0.32000D+14   0.0100  0   13.49   11.194  0.00797  272.15  272.20  272.11    6.272   73.539   11.19  1504.71
 0.20750D+13 0.32000D+14   0.0100  0   13.42   11.137  0.00797  272.16  272.24  272.11    6.272   73.947   11.14  1504.71
 0.20875D+13 0.32000D+14   0.0100  0   13.35   11.081  0.00797  272.16  272.29  272.12    6.271   74.355   11.08  1504.71
 0.21000D+13 0.32000D+14   0.0100  0   13.29   11.026  0.00796  272.17  272.34  272.12    6.271   74.764   11.03  1504.71
 0.21125D+13 0.32000D+14   0.0100  0   13.22   10.971  0.00796  272.17  272.39  272.13    6.270   75.172   10.97  1504.71
 0.21250D+13 0.32000D+14   0.0100  0   13.15   10.917  0.00796  272.18  272.43  272.13    6.270   75.580   10.92  1504.71
 0.21375D+13 0.32000D+14   0.0100  0   13.09   10.863  0.00795  272.18  272.48  272.14    6.269   75.988   10.86  1504.71
 0.21500D+13 0.32000D+14   0.0100  0   13.03   10.810  0.00795  272.19  272.53  272.14    6.269   76.396   10.81  1504.71
 0.21625D+13 0.32000D+14   0.0100  0   12.96   10.758  0.00795  272.20  272.57  272.15    6.268   76.804   10.76  1504.71
 0.21750D+13 0.32000D+14   0.0100  0   12.90   10.706  0.00794  272.20  272.62  272.15    6.268   77.213   10.71  1504.71
 0.21875D+13 0.32000D+14   0.0100  0   12.84   10.654  0.00794  272.21  272.67  272.16    6.268   77.621   10.65  1504.72
 0.22000D+13 0.32000D+14   0.0100  0   12.78   10.603  0.00794  272.21  272.71  272.16    6.267   78.029   10.60  1504.72
 0.22125D+13 0.32000D+14   0.0100  0   12.71   10.552  0.00793  272.22  272.76  272.17    6.267   78.437   10.55  1504.72
 0.22250D+13 0.32000D+14   0.0100  0   12.65   10.502  0.00793  272.22  272.80  272.17    6.266   78.845   10.50  1504.72
 0.22375D+13 0.32000D+14   0.0100  0   12.59   10.452  0.00793  272.23  268.44  272.18    6.266   79.254   10.45  1504.72
 0.22500D+13 0.32000D+14   0.0100  0   12.54   10.403  0.00793  272.23  268.49  272.18    6.265   79.662   10.40  1504.72
 0.22625D+13 0.32000D+14   0.0100  0   12.48   10.354  0.00792  272.24  268.53  272.19    6.265   80.070   10.35  1504.72
 0.22750D+13 0.32000D+14   0.0100  0   12.42   10.306  0.00792  272.24  268.57  272.19    6.265   80.478   10.31  1504.72
 0.22875D+13 0.32000D+14   0.0100  0   12.36   10.258  0.00792  272.24  268.61  272.20    6.264   80.886   10.26  1504.72
 0.23000D+13 0.32000D+14   0.0100  0   12.30   10.211  0.00791  272.25  268.65  272.20    6.264   81.295   10.21  1504.72
 0.23125D+13 0.32000D+14   0.0100  0   12.25   10.164  0.00791  272.25  268.70  272.21    6.263   81.703   10.16  1504.72
 0.23250D+13 0.32000D+14   0.0100  0   12.19   10.117  0.00791  272.26  268.74  272.21    6.263   82.111   10.12  1504.72
 0.23375D+13 0.32000D+14   0.0100  0   12.14   10.071  0.00791  272.26  268.78  272.21    6.263   82.519   10.07  1504.72
 0.23500D+13 0.32000D+14   0.0100  0   12.08   10.025  0.00790  272.27  268.82  272.22    6.262   82.927   10.03  1504.72
 0.23625D+13 0.32000D+14   0.0100  0   12.03    9.980  0.00790  272.27  268.86  272.22    6.262   83.335    9.98  1504.72
 0.23750D+13 0.32000D+14   0.0100  0   11.97    9.935  0.00790  272.28  268.90  272.23    6.261   83.744    9.94  1504.72
 0.23875D+13 0.32000D+14   0.0100  0   11.92    9.891  0.00790  272.28  268.94  272.23    6.261   84.152    9.89  1504.73
 0.24000D+13 0.32000D+14   0.0100  0   11.86    9.846  0.00789  272.29  268.98  272.24    6.261   84.560    9.85  1504.73
 0.24125D+13 0.32000D+14   0.0100  0   11.81    9.803  0.00789  272.29  269.02  272.24    6.260   84.968    9.80  1504.73
 0.24250D+13 0.32000D+14   0.0100  0   11.76    9.759  0.00789  272.29  269.07  272.24    6.260   85.376    9.76  1504.73
 0.24375D+13 0.32000D+14   0.0100  0   11.71    9.717  0.00789  272.30  269.11  272.25    6.259   85.785    9.72  1504.73
 0.24500D+13 0.32000D+14   0.0100  0   11.66    9.674  0.00788  272.30  269.15  272.25    6.259   86.193    9.67  1504.73
 0.24625D+13 0.32000D+14   0.0100  0   11.61    9.632  0.00788  272.31  269.19  272.26    6.259   86.601    9.63  1504.73
 0.24750D+13 0.32000D+14   0.0100  0   11.56    9.590  0.00788  272.31  269.23  272.26    6.258   87.009    9.59  1504.73
 0.24875D+13 0.32000D+14   0.0100  0   11.51    9.548  0.00788  272.31  269.27  272.26    6.258   87.417    9.55  1504.73
 0.25000D+13 0.32000D+14   0.0100  0   11.46    9.507  0.00787  272.32  269.31  272.27    6.258   87.826    9.51  1504.73
 0.25125D+13 0.32000D+14   0.0100  0   11.41    9.467  0.00787  272.32  269.35  272.27    6.257   88.234    9.47  1504.73
 0.25250D+13 0.32000D+14   0.0100  0   11.36    9.426  0.00787  272.33  269.39  272.28    6.257   88.642    9.43  1504.73
 0.25375D+13 0.32000D+14   0.0100  0   11.31    9.386  0.00787  272.33  269.43  272.28    6.256   89.050    9.39  1504.73
 0.25500D+13 0.32000D+14   0.0100  0   11.26    9.346  0.00786  272.33  269.47  272.28    6.256   89.458    9.35  1504.73
 0.25625D+13 0.32000D+14   0.0100  0   11.21    9.307  0.00786  272.34  269.50  272.29    6.256   89.866    9.31  1504.73
 0.25750D+13 0.32000D+14   0.0100  0   11.17    9.268  0.00786  272.34  269.54  272.29    6.255   90.275    9.27  1504.73
 0.25875D+13 0.32000D+14   0.0100  0   11.12    9.229  0.00786  272.35  269.58  272.29    6.255   90.683    9.23  1504.73
 0.26000D+13 0.32000D+14   0.0100  0   11.07    9.191  0.00786  272.35  269.62  272.30    6.255   91.091    9.19  1504.73
 0.26125D+13 0.32000D+14   0.0100  0   11.03    9.153  0.00785  272.35  269.66  272.30    6.254   91.499    9.15  1504.73
 0.26250D+13 0.32000D+14   0.0100  0   10.98    9.115  0.00785  272.36  269.70  272.31    6.254   91.907    9.11  1504.73
 0.26375D+13 0.32000D+14   0.0100  0   10.94    9.078  0.00785  272.36  269.74  272.31    6.254   92.316    9.08  1504.74
 0.26500D+13 0.32000D+14   0.0100  0   10.89    9.040  0.00785  272.37  269.78  272.31    6.253   92.724    9.04  1504.74
 0.26625D+13 0.32000D+14   0.0100  0   10.85    9.004  0.00785  272.37  269.82  272.32    6.253   93.132    9.00  1504.74
 0.26750D+13 0.32000D+14   0.0100  0   10.80    8.967  0.00784  272.37  269.85  272.32    6.253   93.540    8.97  1504.74
 0.26875D+13 0.32000D+14   0.0100  0   10.76    8.931  0.00784  272.38  269.89  272.32    6.252   93.948    8.93  1504.74
 0.27000D+13 0.32000D+14   0.0100  0   10.72    8.895  0.00784  272.38  269.93  272.33    6.252   94.357    8.89  1504.74
 0.27125D+13 0.32000D+14   0.0100  0   10.67    8.859  0.00784  272.38  269.97  272.33    6.252   94.765    8.86  1504.74
 0.27250D+13 0.32000D+14   0.0100  0   10.63    8.824  0.00784  272.39  270.01  272.33    6.251   95.173    8.82  1504.74
 0.27375D+13 0.32000D+14   0.0100  0   10.59    8.789  0.00783  272.39  270.05  272.34    6.251   95.581    8.79  1504.74
 0.27500D+13 0.32000D+14   0.0100  0   10.55    8.754  0.00783  272.39  270.08  272.34    6.251   95.989    8.75  1504.74
 0.27625D+13 0.32000D+14   0.0100  0   10.51    8.719  0.00783  272.40  270.12  272.34    6.250   96.397    8.72  1504.74
 0.27750D+13 0.32000D+14   0.0100  0   10.46    8.685  0.00783  272.40  270.16  272.35    6.250   96.806    8.68  1504.74
 0.27875D+13 0.32000D+14   0.0100  0   10.42    8.651  0.00783  272.40  270.20  272.35    6.250   97.214    8.65  1504.74
 0.28000D+13 0.32000D+14   0.0100  0   10.38    8.617  0.00782  272.41  270.23  272.35    6.250   97.622    8.62  1504.74
 0.28125D+13 0.32000D+14   0.0100  0   10.34    8.584  0.00782  272.41  270.27  272.36    6.249   98.030    8.58  1504.74
 0.28250D+13 0.32000D+14   0.0100  0   10.30    8.550  0.00782  272.41  270.31  272.36    6.249   98.438    8.55  1504.74
 0.28375D+13 0.32000D+14   0.0100  0   10.26    8.517  0.00782  272.42  270.35  272.36    6.249   98.847    8.52  1504.74
 0.28500D+13 0.32000D+14   0.0100  0   10.22    8.485  0.00782  272.42  270.38  272.37    6.248   99.255    8.48  1504.74
 0.28625D+13 0.32000D+14   0.0100  0   10.18    8.452  0.00781  272.42  270.42  272.37    6.248   99.663    8.45  1504.74
 0.28750D+13 0.32000D+14   0.0100  0   10.15    8.420  0.00781  272.43  270.46  272.37    6.248  100.071    8.42  1504.74
 0.28875D+13 0.32000D+14   0.0100  0   10.11    8.388  0.00781  272.43  270.49  272.37    6.247  100.479    8.39  1504.74
 0.29000D+13 0.32000D+14   0.0100  0   10.07    8.356  0.00781  272.43  270.53  272.38    6.247  100.888    8.36  1504.74
 0.29125D+13 0.32000D+14   0.0100  0   10.03    8.325  0.00781  272.44  270.57  272.38    6.247  101.296    8.32  1504.74
 0.29250D+13 0.32000D+14   0.0100  0    9.99    8.293  0.00780  272.44  270.60  272.38    6.247  101.704    8.29  1504.75
 0.29375D+13 0.32000D+14   0.0100  0    9.96    8.262  0.00780  272.44  270.64  272.39    6.246  102.112    8.26  1504.75
 0.29500D+13 0.32000D+14   0.0100  0    9.92    8.232  0.00780  272.44  270.68  272.39    6.246  102.520    8.23  1504.75
 0.29625D+13 0.32000D+14   0.0100  0    9.88    8.201  0.00780  272.45  270.71  272.39    6.246  102.929    8.20  1504.75
 0.29750D+13 0.32000D+14   0.0100  0    9.84    8.171  0.00780  272.45  270.75  272.40    6.246  103.337    8.17  1504.75
 0.29875D+13 0.32000D+14   0.0100  0    9.81    8.141  0.00780  272.45  270.78  272.40    6.245  103.745    8.14  1504.75
 0.30000D+13 0.32000D+14   0.0100  0    9.77    8.111  0.00779  272.46  270.82  272.40    6.245  104.153    8.11  1504.75
