R_tot = 1561.0 R_core =  1400.0  Tsurf =   100.00  g =  1.310
   zbot    P(MPa) Hint     conv melt pCLA   Tbot     Tm     etam        k   Fcond_bot Fcond_top   Fbot     Ftop    dlid z_topTBL z_botTBL
    0.00   -0.00 0.92604D-06  0  0  0.01105  273.24  261.57 0.32206D+15  2.167    0.000    0.000    0.000    0.000    0.00    0.00    0.00
    0.32    0.39 0.92621D-07  0  0  0.01108  273.21  264.78 0.23005D+15  2.167 1398.882 1398.305 1385.162 1412.023    0.32    0.32    0.32
    0.64    0.77 0.46320D-07  0  0  0.01110  273.18  265.30 0.21738D+15  2.167  699.459  698.882  685.735  712.602    0.64    0.64    0.64
    0.97    1.16 0.30886D-07  0  0  0.01113  273.15  265.63 0.20950D+15  2.168  466.317  465.740  452.590  479.462    0.97    0.97    0.97
    1.29    1.55 0.23170D-07  0  0  0.01115  273.12  265.88 0.20371D+15  2.168  349.747  349.170  336.015  362.893    1.29    1.29    1.29
    1.61    1.94 0.18539D-07  0  0  0.01118  273.08  266.07 0.19911D+15  2.168  279.804  279.227  266.069  292.953    1.61    1.61    1.61
    1.93    2.33 0.15453D-07  0  0  0.01120  273.05  266.24 0.19529D+15  2.168  233.176  232.599  219.437  246.326    1.93    1.93    1.93
    2.25    2.71 0.13248D-07  0  0  0.01123  273.02  266.37 0.19202D+15  2.169  199.870  199.293  186.127  213.022    2.25    2.25    2.25
    2.58    3.10 0.11594D-07  0  0  0.01125  272.99  266.49 0.18915D+15  2.169  174.890  174.313  161.144  188.045    2.58    2.58    2.58
    2.90    3.49 0.10308D-07  0  0  0.01128  272.96  266.60 0.18659D+15  2.169  155.462  154.885  141.711  168.618    2.90    2.90    2.90
    3.22    3.88 0.92793D-08  0  0  0.01131  272.93  266.69 0.18429D+15  2.170  139.919  139.342  126.165  153.077    3.22    3.22    3.22
    3.54    4.27 0.84375D-08  0  0  0.01133  272.89  266.78 0.18220D+15  2.170  127.202  126.625  113.444  140.362    3.54    3.54    3.54
    3.86    4.65 0.77360D-08  0  0  0.01136  272.86  266.85 0.18027D+15  2.170  116.604  116.028  102.843  129.766    3.86    3.86    3.86
    4.19    5.04 0.71424D-08  0  0  0.01138  272.83  266.92 0.17849D+15  2.170  107.637  107.061   93.872  120.801    4.19    4.19    4.19
    4.51    5.43 0.66336D-08  0  0  0.01141  272.80  266.98 0.17683D+15  2.171   99.951   99.374   86.182  113.117    4.51    4.51    4.51
    4.83    5.82 0.61926D-08  0  0  0.01144  272.77  267.04 0.17529D+15  2.171   93.290   92.713   79.517  106.458    4.83    4.83    4.83
    5.15    6.21 0.58068D-08  0  0  0.01146  272.74  267.10 0.17383D+15  2.171   87.461   86.884   73.684  100.631    5.15    5.15    5.15
    5.47    6.59 0.54663D-08  0  0  0.01149  272.70  267.14 0.17246D+15  2.171   82.318   81.742   68.537   95.490    5.47    5.47    5.47
    5.80    6.98 0.51637D-08  0  0  0.01151  272.67  267.19 0.17117D+15  2.172   77.746   77.170   63.962   90.920    5.80    5.80    5.80
    6.12    7.37 0.48929D-08  0  0  0.01154  272.64  267.23 0.16994D+15  2.172   73.656   73.080   59.868   86.832    6.12    6.12    6.12
    6.44    7.76 0.46492D-08  0  0  0.01157  272.61  267.27 0.16877D+15  2.172   69.975   69.398   56.183   83.152    6.44    6.44    6.44
    6.76    8.15 0.44288D-08  0  0  0.01159  272.57  267.31 0.16765D+15  2.173   66.644   66.068   52.848   79.824    6.76    6.76    6.76
    7.08    8.54 0.42283D-08  0  0  0.01162  272.54  267.34 0.16659D+15  2.173   63.616   63.040   49.816   76.798    7.08    7.08    7.08
    7.41    8.92 0.40453D-08  0  0  0.01165  272.51  267.37 0.16557D+15  2.173   60.851   60.275   47.048   74.035    7.41    7.41    7.41
    7.73    9.31 0.38776D-08  0  0  0.01168  272.48  267.40 0.16459D+15  2.173   58.317   57.741   44.510   71.502    7.73    7.73    7.73
    8.05    9.70 0.37232D-08  0  0  0.01170  272.45  267.43 0.16365D+15  2.174   55.985   55.409   42.174   69.173    8.05    8.05    8.05
    8.37   10.09 0.35808D-08  0  0  0.01173  272.41  267.46 0.16274D+15  2.174   53.833   53.257   40.018   67.022    8.37    8.37    8.37
    8.69   10.48 0.34489D-08  0  0  0.01176  272.38  267.48 0.16187D+15  2.174   51.840   51.264   38.022   65.032    8.69    8.69    8.69
    9.02   10.86 0.33264D-08  0  0  0.01179  272.35  267.50 0.16102D+15  2.174   49.990   49.414   36.167   63.183    9.02    9.02    9.02
    9.34   11.25 0.32123D-08  0  0  0.01181  272.31  267.52 0.16021D+15  2.175   48.267   47.691   34.441   61.462    9.34    9.34    9.34
    9.66   11.64 0.31059D-08  0  0  0.01184  272.28  267.54 0.15942D+15  2.175   46.659   46.083   32.829   59.856    9.66    9.66    9.66
    9.98   12.03 0.30063D-08  0  0  0.01187  272.25  267.56 0.15866D+15  2.175   45.154   44.579   31.321   58.354    9.98    9.98    9.98
   10.30   12.42 0.29130D-08  0  0  0.01190  272.22  267.58 0.15792D+15  2.176   43.744   43.168   29.906   56.945   10.30   10.30   10.30
   10.63   12.80 0.28253D-08  0  0  0.01193  272.18  267.59 0.15720D+15  2.176   42.419   41.844   28.578   55.622   10.63   10.63   10.63
   10.95   13.19 0.27428D-08  0  0  0.01195  272.15  267.61 0.15650D+15  2.176   41.172   40.597   27.327   54.377   10.95   10.95   10.95
   11.27   13.58 0.26650D-08  0  0  0.01198  272.12  267.62 0.15583D+15  2.176   39.997   39.421   26.147   53.204   11.27   11.27   11.27
   11.59   13.97 0.25915D-08  0  0  0.01201  272.09  267.63 0.15517D+15  2.177   38.886   38.311   25.033   52.095   11.59   11.59   11.59
   11.91   14.36 0.25220D-08  0  0  0.01204  272.05  267.65 0.15452D+15  2.177   37.836   37.261   23.979   51.047   11.91   11.91   11.91
   12.24   14.74 0.24561D-08  0  0  0.01207  272.02  267.66 0.15390D+15  2.177   36.841   36.266   22.980   50.054   12.24   12.24   12.24
   12.56   15.13 0.23936D-08  0  0  0.01210  271.99  267.67 0.15329D+15  2.178   35.897   35.321   22.032   49.112   12.56   12.56   12.56
   12.88   15.52 0.23343D-08  0  0  0.01213  271.95  267.67 0.15269D+15  2.178   35.000   34.425   21.132   48.217   12.88   12.88   12.88
   13.20   15.91 0.22778D-08  0  0  0.01216  271.92  267.68 0.15211D+15  2.178   34.147   33.572   20.275   47.365   13.20   13.20   13.20
   13.52   16.30 0.22240D-08  0  0  0.01219  271.89  267.69 0.15154D+15  2.178   33.334   32.759   19.458   46.555   13.52   13.52   13.52
   13.85   16.68 0.21727D-08  0  0  0.01222  271.85  267.70 0.15099D+15  2.179   32.559   31.984   18.680   45.782   13.85   13.85   13.85
   14.17   17.07 0.21238D-08  0  0  0.01224  271.82  267.70 0.15045D+15  2.179   31.820   31.245   17.936   45.044   14.17   14.17   14.17
   14.49   17.46 0.20770D-08  0  0  0.01227  271.79  267.71 0.14992D+15  2.179   31.113   30.538   17.226   44.340   14.49   14.49   14.49
   14.81   17.85 0.20323D-08  0  0  0.01230  271.75  267.71 0.14940D+15  2.180   30.437   29.862   16.546   43.666   14.81   14.81   14.81
   15.13   18.24 0.19895D-08  0  0  0.01233  271.72  267.71 0.14889D+15  2.180   29.790   29.215   15.895   43.021   15.13   15.13   15.13
   15.46   18.63 0.19484D-08  0  0  0.01236  271.69  267.72 0.14839D+15  2.180   29.170   28.595   15.271   42.402   15.46   15.46   15.46
   15.78   19.01 0.19091D-08  0  0  0.01239  271.65  267.72 0.14790D+15  2.180   28.575   28.000   14.672   41.809   15.78   15.78   15.78
   16.10   18.97 0.18713D-08  1  0  0.01243  271.62  267.72 0.14743D+15  2.181   28.004   27.429   14.150   41.292   10.46   14.49   15.38
   16.42   19.36 0.18350D-08  1  0  0.01246  271.59  267.72 0.14696D+15  2.181   27.455   26.880   14.034   41.172   10.49   14.44   15.71
   16.74   19.75 0.18000D-08  1  0  0.01249  271.55  267.72 0.14650D+15  2.181   26.927   26.353   13.920   41.056   10.51   14.38   16.03
   17.07   20.14 0.17664D-08  1  0  0.01252  271.52  267.72 0.14604D+15  2.182   26.420   25.845   13.809   40.941   10.54   14.34   16.35
   17.39   20.53 0.17341D-08  1  0  0.01255  271.48  267.72 0.14560D+15  2.182   25.931   25.356   13.700   40.829   10.56   14.29   16.67
   17.71   20.91 0.17029D-08  1  0  0.01258  271.45  267.72 0.14517D+15  2.182   25.459   24.885   13.593   40.719   10.59   14.25   17.00
   18.03   21.30 0.16729D-08  1  0  0.01261  271.42  267.72 0.14474D+15  2.182   25.005   24.431   13.489   40.611   10.61   14.21   17.32
   18.35   21.69 0.16438D-08  1  0  0.01264  271.38  267.72 0.14432D+15  2.183   24.567   23.992   13.386   40.505   10.63   14.18   17.64
   18.68   22.08 0.16158D-08  1  0  0.01267  271.35  267.72 0.14390D+15  2.183   24.143   23.569   13.285   40.402   10.66   14.14   17.97
   19.00   22.47 0.15888D-08  1  0  0.01271  271.31  267.72 0.14350D+15  2.183   23.734   23.160   13.186   40.300   10.68   14.11   18.29
   19.32   22.86 0.15626D-08  1  0  0.01274  271.28  267.71 0.14310D+15  2.184   23.339   22.765   13.089   40.200   10.70   14.08   18.61
   19.64   23.25 0.15373D-08  1  0  0.01277  271.25  267.71 0.14270D+15  2.184   22.957   22.383   12.994   40.102   10.72   14.05   18.93
   19.96   23.63 0.15128D-08  1  0  0.01280  271.21  267.71 0.14232D+15  2.184   22.587   22.013   12.901   40.005   10.75   14.03   19.26
   20.29   24.02 0.14891D-08  1  0  0.01283  271.18  267.70 0.14194D+15  2.184   22.228   21.654   12.809   39.910   10.77   14.00   19.58
   20.61   24.41 0.14662D-08  1  0  0.01287  271.14  267.70 0.14156D+15  2.185   21.881   21.307   12.718   39.817   10.79   13.98   19.90
   20.93   24.80 0.14439D-08  1  0  0.01290  271.11  267.69 0.14119D+15  2.185   21.545   20.971   12.629   39.725   10.81   13.96   20.23
   21.25   25.19 0.14223D-08  1  0  0.01293  271.07  267.69 0.14083D+15  2.185   21.218   20.645   12.542   39.635   10.83   13.94   20.55
   21.57   25.58 0.14014D-08  1  0  0.01296  271.04  267.68 0.14047D+15  2.186   20.902   20.328   12.456   39.546   10.85   13.92   20.87
   21.90   25.97 0.13811D-08  1  0  0.01300  271.01  267.68 0.14012D+15  2.186   20.595   20.021   12.371   39.459   10.87   13.91   21.20
   22.22   26.36 0.13613D-08  1  0  0.01303  270.97  267.67 0.13977D+15  2.186   20.296   19.723   12.288   39.373   10.89   13.89   21.52
   22.54   26.75 0.13422D-08  1  0  0.01306  270.94  267.66 0.13943D+15  2.187   20.006   19.433   12.206   39.288   10.91   13.88   21.84
   22.86   27.13 0.13235D-08  1  0  0.01310  270.90  267.66 0.13909D+15  2.187   19.725   19.151   12.125   39.205   10.92   13.86   22.17
   23.18   27.52 0.13054D-08  1  0  0.01313  270.87  267.65 0.13875D+15  2.187   19.451   18.877   12.045   39.122   10.94   13.85   22.49
   23.51   27.91 0.12878D-08  1  0  0.01317  270.83  267.64 0.13842D+15  2.187   19.185   18.611   11.967   39.041   10.96   13.84   22.81
   23.83   28.30 0.12707D-08  1  0  0.01320  270.80  267.63 0.13810D+15  2.188   18.925   18.352   11.889   38.961   10.98   13.83   23.14
   24.15   28.69 0.12540D-08  1  0  0.01323  270.76  267.63 0.13778D+15  2.188   18.673   18.100   11.813   38.882   11.00   13.82   23.46
   24.47   29.08 0.12377D-08  1  0  0.01327  270.73  267.62 0.13746D+15  2.188   18.428   17.854   11.737   38.805   11.01   13.81   23.78
   24.79   29.47 0.12219D-08  1  0  0.01330  270.69  267.61 0.13715D+15  2.189   18.188   17.615   11.663   38.728   11.03   13.80   24.11
   25.12   29.86 0.12065D-08  1  0  0.01334  270.66  267.60 0.13684D+15  2.189   17.955   17.382   11.590   38.652   11.05   13.79   24.43
   25.44   30.25 0.11915D-08  1  0  0.01337  270.62  267.59 0.13654D+15  2.189   17.728   17.155   11.518   38.578   11.07   13.78   24.75
   25.76   30.63 0.11768D-08  1  0  0.01341  270.59  267.58 0.13624D+15  2.190   17.506   16.933   11.446   38.504   11.08   13.77   25.08
   26.08   31.02 0.11625D-08  1  0  0.01344  270.55  267.57 0.13594D+15  2.190   17.290   16.717   11.376   38.431   11.10   13.77   25.40
   26.40   31.41 0.11486D-08  1  0  0.01348  270.52  267.56 0.13565D+15  2.190   17.080   16.507   11.306   38.359   11.11   13.76   25.72
   26.73   31.80 0.11350D-08  1  0  0.01351  270.48  267.55 0.13536D+15  2.190   16.874   16.301   11.237   38.288   11.13   13.76   26.05
   27.05   32.19 0.11217D-08  1  0  0.01355  270.44  267.54 0.13508D+15  2.191   16.673   16.100   11.169   38.218   11.15   13.75   26.37
   27.37   32.58 0.11088D-08  1  0  0.01358  270.41  267.53 0.13480D+15  2.191   16.477   15.904   11.102   38.149   11.16   13.75   26.70
   27.69   32.97 0.10961D-08  1  0  0.01362  270.37  267.52 0.13452D+15  2.191   16.285   15.713   11.036   38.080   11.18   13.74   27.02
   28.01   33.36 0.10837D-08  1  0  0.01366  270.34  267.51 0.13424D+15  2.192   16.098   15.525   10.970   38.013   11.19   13.74   27.34
   28.34   33.75 0.10716D-08  1  0  0.01369  270.30  267.50 0.13397D+15  2.192   15.915   15.343   10.906   37.946   11.21   13.74   27.67
   28.66   34.14 0.10598D-08  1  0  0.01373  270.27  267.49 0.13370D+15  2.192   15.736   15.164   10.842   37.879   11.22   13.74   27.99
   28.98   34.53 0.10483D-08  1  0  0.01377  270.23  267.47 0.13343D+15  2.193   15.561   14.989   10.778   37.814   11.24   13.73   28.31
   29.30   34.92 0.10369D-08  1  0  0.01380  270.19  267.46 0.13317D+15  2.193   15.390   14.818   10.715   37.749   11.25   13.73   28.64
   29.62   35.30 0.10259D-08  1  0  0.01384  270.16  267.45 0.13291D+15  2.193   15.223   14.651   10.653   37.685   11.27   13.73   28.96
   29.95   35.69 0.10151D-08  1  0  0.01388  270.12  267.44 0.13265D+15  2.194   15.059   14.487   10.592   37.622   11.28   13.73   29.29
   30.27   36.08 0.10045D-08  1  0  0.01391  270.09  267.42 0.13240D+15  2.194   14.899   14.327   10.531   37.559   11.29   13.73   29.61
   30.59   36.47 0.99411D-09  1  0  0.01395  270.05  267.41 0.13215D+15  2.194   14.742   14.170   10.471   37.497   11.31   13.73   29.93
   30.91   36.86 0.98396D-09  1  0  0.01399  270.01  267.40 0.13190D+15  2.194   14.589   14.017   10.412   37.436   11.32   13.73   30.26
   31.23   37.25 0.97402D-09  1  0  0.01403  269.98  267.38 0.13165D+15  2.195   14.438   13.866   10.353   37.375   11.34   13.73   30.58
   31.56   37.64 0.96428D-09  1  0  0.01407  269.94  267.37 0.13141D+15  2.195   14.291   13.719   10.294   37.315   11.35   13.73   30.91
   31.88   38.03 0.95474D-09  1  0  0.01411  269.90  267.36 0.13117D+15  2.195   14.147   13.575   10.237   37.255   11.36   13.73   31.23
   32.20   38.42 0.94539D-09  1  0  0.01414  269.87  267.34 0.13093D+15  2.196   14.005   13.433   10.179   37.196   11.38   13.73   31.55
   32.52   38.81 0.93622D-09  1  0  0.01418  269.83  267.33 0.13069D+15  2.196   13.866   13.294   10.123   37.138   11.39   13.73   31.88
   32.84   39.20 0.92723D-09  1  0  0.01422  269.80  267.31 0.13046D+15  2.196   13.730   13.159   10.067   37.080   11.40   13.73   32.20
   33.17   39.59 0.91842D-09  1  0  0.01426  269.76  267.30 0.13023D+15  2.197   13.597   13.025   10.011   37.022   11.41   13.73   32.53
   33.49   39.98 0.90978D-09  1  0  0.01430  269.72  267.29 0.13000D+15  2.197   13.466   12.894    9.956   36.965   11.43   13.73   32.85
   33.81   40.37 0.90130D-09  1  0  0.01434  269.69  267.27 0.12977D+15  2.197   13.338   12.766    9.901   36.909   11.44   13.73   33.18
   34.13   40.75 0.89299D-09  1  0  0.01438  269.65  267.26 0.12955D+15  2.198   13.212   12.640    9.847   36.853   11.45   13.73   33.50
   34.45   41.14 0.88482D-09  1  0  0.01442  269.61  267.24 0.12933D+15  2.198   13.088   12.517    9.793   36.798   11.46   13.74   33.82
   34.78   41.53 0.87681D-09  1  0  0.01446  269.57  267.22 0.12911D+15  2.198   12.967   12.396    9.740   36.743   11.48   13.74   34.15
   35.10   41.92 0.86895D-09  1  0  0.01450  269.54  267.21 0.12889D+15  2.199   12.848   12.277    9.687   36.689   11.49   13.74   34.47
   35.42   42.31 0.86123D-09  1  0  0.01454  269.50  267.19 0.12867D+15  2.199   12.731   12.160    9.635   36.635   11.50   13.74   34.80
   35.74   42.70 0.85365D-09  1  0  0.01458  269.46  267.18 0.12846D+15  2.199   12.616   12.045    9.583   36.581   11.51   13.75   35.12
   36.06   43.09 0.84620D-09  1  0  0.01462  269.43  267.16 0.12825D+15  2.199   12.503   11.932    9.531   36.528   11.52   13.75   35.45
   36.39   43.48 0.83889D-09  1  0  0.01466  269.39  267.14 0.12804D+15  2.200   12.393   11.822    9.480   36.475   11.54   13.75   35.77
   36.71   43.87 0.83170D-09  1  0  0.01471  269.35  267.13 0.12783D+15  2.200   12.284   11.713    9.429   36.423   11.55   13.76   36.09
   37.03   44.26 0.82464D-09  1  0  0.01475  269.31  267.11 0.12763D+15  2.200   12.177   11.606    9.379   36.371   11.56   13.76   36.42
   37.35   44.65 0.81770D-09  1  0  0.01479  269.28  267.09 0.12742D+15  2.201   12.072   11.501    9.329   36.320   11.57   13.76   36.74
   37.67   45.04 0.81088D-09  1  0  0.01483  269.24  267.08 0.12722D+15  2.201   11.969   11.398    9.279   36.269   11.58   13.77   37.07
   38.00   45.43 0.80418D-09  1  0  0.01487  269.20  267.06 0.12702D+15  2.201   11.867   11.296    9.230   36.218   11.59   13.77   37.39
   38.32   45.82 0.79759D-09  1  0  0.01492  269.16  267.04 0.12683D+15  2.202   11.767   11.197    9.181   36.168   11.60   13.77   37.72
   38.64   46.21 0.79110D-09  1  0  0.01496  269.13  267.03 0.12663D+15  2.202   11.669   11.098    9.132   36.118   11.61   13.78   38.04
   38.96   46.60 0.78473D-09  1  0  0.01500  269.09  267.01 0.12644D+15  2.202   11.572   11.002    9.084   36.069   11.63   13.78   38.37
   39.28   46.99 0.77846D-09  1  0  0.01505  269.05  266.99 0.12624D+15  2.203   11.477   10.907    9.036   36.020   11.64   13.79   38.69
   39.61   47.38 0.77229D-09  1  0  0.01509  269.01  266.97 0.12605D+15  2.203   11.384   10.814    8.989   35.971   11.65   13.79   39.02
   39.93   47.77 0.76622D-09  1  0  0.01513  268.97  266.95 0.12587D+15  2.203   11.292   10.722    8.942   35.922   11.66   13.79   39.34
   40.25   48.16 0.76025D-09  1  0  0.01518  268.94  266.94 0.12568D+15  2.204   11.201   10.631    8.895   35.874   11.67   13.80   39.67
   40.57   48.55 0.75437D-09  1  0  0.01522  268.90  266.92 0.12549D+15  2.204   11.112   10.542    8.848   35.827   11.68   13.80   39.99
   40.89   48.94 0.74859D-09  1  0  0.01527  268.86  266.90 0.12531D+15  2.204   11.025   10.455    8.802   35.779   11.69   13.81   40.32
   41.22   49.33 0.74289D-09  1  0  0.01531  268.82  266.88 0.12513D+15  2.205   10.938   10.368    8.756   35.732   11.70   13.81   40.64
   41.54   49.72 0.73729D-09  1  0  0.01536  268.78  266.86 0.12495D+15  2.205   10.853   10.283    8.710   35.685   11.71   13.82   40.96
   41.86   50.11 0.73177D-09  1  0  0.01540  268.74  266.84 0.12477D+15  2.205   10.770   10.200    8.665   35.639   11.72   13.82   41.29
   42.18   50.50 0.72634D-09  1  0  0.01545  268.70  266.82 0.12459D+15  2.206   10.687   10.118    8.619   35.592   11.73   13.83   41.61
   42.50   50.89 0.72098D-09  1  0  0.01549  268.67  266.80 0.12442D+15  2.206   10.606   10.036    8.575   35.546   11.74   13.83   41.94
   42.83   51.28 0.71571D-09  1  0  0.01554  268.63  266.79 0.12424D+15  2.206   10.526    9.957    8.530   35.501   11.75   13.84   42.26
   43.15   51.67 0.71052D-09  1  0  0.01558  268.59  266.77 0.12407D+15  2.207   10.448    9.878    8.486   35.455   11.76   13.84   42.59
   43.47   52.06 0.70540D-09  1  0  0.01563  268.55  266.75 0.12390D+15  2.207   10.370    9.800    8.441   35.410   11.77   13.85   42.91
   43.79   52.45 0.70036D-09  1  0  0.01568  268.51  266.73 0.12373D+15  2.207   10.294    9.724    8.398   35.365   11.78   13.85   43.24
   44.11   52.84 0.69539D-09  1  0  0.01572  268.47  266.71 0.12356D+15  2.208   10.218    9.649    8.354   35.321   11.79   13.86   43.56
   44.44   53.22 0.69050D-09  1  0  0.01577  268.43  266.69 0.12340D+15  2.208   10.144    9.575    8.311   35.276   11.80   13.86   43.89
   44.76   53.61 0.68567D-09  1  0  0.01582  268.39  266.67 0.12323D+15  2.208   10.071    9.502    8.267   35.232   11.81   13.87   44.21
   45.08   54.00 0.68092D-09  1  0  0.01587  268.35  266.65 0.12307D+15  2.209    9.999    9.429    8.224   35.189   11.82   13.87   44.54
   45.40   54.39 0.67623D-09  1  0  0.01591  268.31  266.63 0.12291D+15  2.209    9.927    9.358    8.182   35.145   11.83   13.88   44.86
   45.72   54.78 0.67161D-09  1  0  0.01596  268.28  266.60 0.12275D+15  2.209    9.857    9.288    8.139   35.102   11.84   13.89   45.19
   46.05   55.17 0.66705D-09  1  0  0.01601  268.24  266.58 0.12259D+15  2.210    9.788    9.219    8.097   35.059   11.84   13.89   45.52
   46.37   55.56 0.66255D-09  1  0  0.01606  268.20  266.56 0.12243D+15  2.210    9.720    9.151    8.055   35.016   11.85   13.90   45.84
   46.69   55.96 0.65812D-09  1  0  0.01611  268.16  266.54 0.12227D+15  2.210    9.653    9.084    8.013   34.973   11.86   13.90   46.17
   47.01   56.35 0.65375D-09  1  0  0.01616  268.12  266.52 0.12212D+15  2.211    9.586    9.018    7.971   34.931   11.87   13.91   46.49
   47.33   56.74 0.64944D-09  1  0  0.01621  268.08  266.50 0.12196D+15  2.211    9.521    8.952    7.930   34.889   11.88   13.92   46.82
   47.66   57.13 0.64519D-09  1  0  0.01626  268.04  266.48 0.12181D+15  2.211    9.456    8.888    7.889   34.847   11.89   13.92   47.14
   47.98   57.52 0.64099D-09  1  0  0.01631  268.00  266.46 0.12166D+15  2.212    9.393    8.824    7.848   34.805   11.90   13.93   47.47
   48.30   57.91 0.63685D-09  1  0  0.01636  267.96  266.43 0.12151D+15  2.212    9.330    8.761    7.807   34.763   11.91   13.93   47.79
   48.62   58.30 0.63276D-09  1  0  0.01641  267.92  266.41 0.12136D+15  2.213    9.268    8.699    7.766   34.722   11.92   13.94   48.12
   48.94   58.69 0.62873D-09  1  0  0.01646  267.88  266.39 0.12122D+15  2.213    9.207    8.638    7.725   34.681   11.93   13.95   48.44
   49.27   59.08 0.62475D-09  1  0  0.01651  267.84  266.37 0.12107D+15  2.213    9.146    8.578    7.685   34.640   11.93   13.95   48.77
   49.59   59.47 0.62082D-09  1  0  0.01656  267.80  266.35 0.12092D+15  2.214    9.086    8.518    7.645   34.599   11.94   13.96   49.10
   49.91   59.86 0.61695D-09  1  0  0.01662  267.75  266.32 0.12078D+15  2.214    9.028    8.460    7.605   34.559   11.95   13.97   49.42
   50.23   60.25 0.61312D-09  1  0  0.01667  267.71  266.30 0.12064D+15  2.214    8.969    8.402    7.565   34.518   11.96   13.97   49.75
   50.55   60.64 0.60934D-09  1  0  0.01672  267.67  266.28 0.12050D+15  2.215    8.912    8.344    7.525   34.478   11.97   13.98   50.07
   50.88   61.03 0.60561D-09  1  0  0.01677  267.63  266.26 0.12036D+15  2.215    8.855    8.288    7.486   34.438   11.98   13.98   50.40
   51.20   61.42 0.60193D-09  1  0  0.01683  267.59  266.23 0.12022D+15  2.215    8.799    8.232    7.446   34.398   11.98   13.99   50.72
   51.52   61.81 0.59829D-09  1  0  0.01688  267.55  266.21 0.12008D+15  2.216    8.744    8.177    7.407   34.359   11.99   14.00   51.05
   51.84   62.20 0.59470D-09  1  0  0.01693  267.51  266.19 0.11995D+15  2.216    8.690    8.122    7.368   34.319   12.00   14.00   51.38
   52.16   62.59 0.59115D-09  1  0  0.01699  267.47  266.16 0.11981D+15  2.216    8.636    8.068    7.329   34.280   12.01   14.01   51.70
   52.49   62.98 0.58765D-09  1  0  0.01704  267.43  266.14 0.11968D+15  2.217    8.582    8.015    7.290   34.241   12.02   14.02   52.03
   52.81   63.37 0.58419D-09  1  0  0.01710  267.39  266.12 0.11955D+15  2.217    8.530    7.962    7.252   34.202   12.03   14.02   52.35
   53.13   63.76 0.58077D-09  1  0  0.01715  267.34  266.09 0.11942D+15  2.217    8.478    7.911    7.213   34.163   12.03   14.03   52.68
   53.45   64.15 0.57739D-09  1  0  0.01721  267.30  266.07 0.11929D+15  2.218    8.426    7.859    7.175   34.124   12.04   14.04   53.00
   53.77   64.54 0.57405D-09  1  0  0.01727  267.26  266.05 0.11916D+15  2.218    8.376    7.809    7.136   34.086   12.05   14.04   53.33
   54.10   64.93 0.57075D-09  1  0  0.01732  267.22  266.02 0.11903D+15  2.219    8.326    7.759    7.098   34.047   12.06   14.05   53.66
   54.42   65.32 0.56749D-09  1  0  0.01738  267.18  266.00 0.11890D+15  2.219    8.276    7.709    7.060   34.009   12.07   14.06   53.98
   54.74   65.71 0.56427D-09  1  0  0.01743  267.14  265.97 0.11878D+15  2.219    8.227    7.660    7.022   33.971   12.07   14.07   54.31
   55.06   66.10 0.56109D-09  1  0  0.01749  267.09  265.95 0.11866D+15  2.220    8.179    7.612    6.985   33.933   12.08   14.07   54.64
   55.38   66.49 0.55794D-09  1  0  0.01755  267.05  265.92 0.11853D+15  2.220    8.131    7.564    6.947   33.895   12.09   14.08   54.96
   55.71   66.89 0.55484D-09  1  0  0.01761  267.01  265.90 0.11841D+15  2.220    8.083    7.517    6.909   33.857   12.10   14.09   55.29
   56.03   67.28 0.55176D-09  1  0  0.01767  266.97  265.88 0.11829D+15  2.221    8.037    7.470    6.872   33.820   12.11   14.09   55.61
   56.35   67.67 0.54872D-09  1  0  0.01772  266.93  265.85 0.11817D+15  2.221    7.990    7.424    6.834   33.782   12.11   14.10   55.94
   56.67   68.06 0.54572D-09  1  0  0.01778  266.88  265.83 0.11805D+15  2.221    7.945    7.378    6.797   33.745   12.12   14.11   56.27
   56.99   68.45 0.54275D-09  1  0  0.01784  266.84  265.80 0.11793D+15  2.222    7.899    7.333    6.760   33.708   12.13   14.12   56.59
   57.32   68.84 0.53981D-09  1  0  0.01790  266.80  265.77 0.11782D+15  2.222    7.855    7.289    6.723   33.671   12.14   14.12   56.92
   57.64   69.23 0.53691D-09  1  0  0.01796  266.75  265.75 0.11770D+15  2.223    7.811    7.244    6.686   33.634   12.14   14.13   57.25
   57.96   69.62 0.53404D-09  1  0  0.01802  266.71  265.72 0.11759D+15  2.223    7.767    7.201    6.649   33.597   12.15   14.14   57.57
   58.28   70.01 0.53120D-09  1  0  0.01808  266.67  265.70 0.11748D+15  2.223    7.724    7.158    6.612   33.560   12.16   14.14   57.90
   58.60   70.40 0.52839D-09  1  0  0.01815  266.63  265.67 0.11736D+15  2.224    7.681    7.115    6.576   33.524   12.17   14.15   58.23
   58.93   70.79 0.52561D-09  1  0  0.01821  266.58  265.65 0.11725D+15  2.224    7.638    7.073    6.539   33.487   12.17   14.16   58.55
   59.25   71.18 0.52287D-09  1  0  0.01827  266.54  265.62 0.11714D+15  2.224    7.597    7.031    6.503   33.451   12.18   14.17   58.88
   59.57   71.58 0.52015D-09  1  0  0.01833  266.50  265.59 0.11703D+15  2.225    7.555    6.990    6.466   33.414   12.19   14.17   59.21
   59.89   71.97 0.51746D-09  1  0  0.01840  266.45  265.57 0.11693D+15  2.225    7.514    6.949    6.430   33.378   12.20   14.18   59.53
   60.21   72.36 0.51480D-09  1  0  0.01846  266.41  265.54 0.11682D+15  2.226    7.474    6.908    6.393   33.342   12.20   14.19   59.86
   60.54   72.75 0.51217D-09  1  0  0.01852  266.36  265.52 0.11671D+15  2.226    7.434    6.868    6.357   33.306   12.21   14.20   60.19
   60.86   73.14 0.50957D-09  1  0  0.01859  266.32  265.49 0.11661D+15  2.226    7.394    6.829    6.321   33.270   12.22   14.20   60.52
   61.18   73.53 0.50699D-09  1  0  0.01865  266.28  265.46 0.11651D+15  2.227    7.355    6.789    6.285   33.234   12.23   14.21   60.84
   61.50   73.92 0.50444D-09  1  0  0.01872  266.23  265.44 0.11640D+15  2.227    7.316    6.751    6.249   33.199   12.23   14.22   61.17
   61.82   74.31 0.50192D-09  1  0  0.01878  266.19  265.41 0.11630D+15  2.228    7.277    6.712    6.213   33.163   12.24   14.23   61.50
   62.15   74.70 0.49942D-09  1  0  0.01885  266.14  265.38 0.11620D+15  2.228    7.239    6.674    6.177   33.127   12.25   14.24   61.82
   62.47   75.10 0.49695D-09  1  0  0.01891  266.10  265.35 0.11610D+15  2.228    7.202    6.637    6.141   33.092   12.25   14.24   62.15
   62.79   75.49 0.49451D-09  1  0  0.01898  266.06  265.33 0.11601D+15  2.229    7.164    6.599    6.106   33.057   12.26   14.25   62.48
   63.11   75.88 0.49209D-09  1  0  0.01905  266.01  265.30 0.11591D+15  2.229    7.127    6.563    6.070   33.021   12.27   14.26   62.81
   63.43   76.27 0.48969D-09  1  0  0.01912  265.97  265.27 0.11581D+15  2.229    7.091    6.526    6.034   32.986   12.28   14.27   63.13
   63.76   76.66 0.48732D-09  1  0  0.01918  265.92  265.24 0.11572D+15  2.230    7.054    6.490    5.999   32.951   12.28   14.27   63.46
   64.08   77.05 0.48497D-09  1  0  0.01925  265.88  265.22 0.11562D+15  2.230    7.019    6.454    5.963   32.916   12.29   14.28   63.79
   64.40   77.44 0.48265D-09  1  0  0.01932  265.83  265.19 0.11553D+15  2.231    6.983    6.419    5.927   32.881   12.30   14.29   64.12
   64.72   77.84 0.48035D-09  1  0  0.01939  265.79  265.16 0.11544D+15  2.231    6.948    6.384    5.892   32.846   12.30   14.30   64.45
   65.04   78.23 0.47807D-09  1  0  0.01946  265.74  265.13 0.11535D+15  2.231    6.913    6.349    5.857   32.811   12.31   14.31   64.77
   65.37   78.62 0.47581D-09  1  0  0.01953  265.70  265.10 0.11526D+15  2.232    6.879    6.315    5.821   32.776   12.32   14.31   65.10
   65.69   79.01 0.47358D-09  1  0  0.01960  265.65  265.08 0.11517D+15  2.232    6.845    6.281    5.786   32.742   12.33   14.32   65.43
   66.01   79.40 0.47137D-09  1  0  0.01967  265.60  265.05 0.11508D+15  2.233    6.811    6.247    5.751   32.707   12.33   14.33   65.76
   66.33   79.80 0.46918D-09  1  0  0.01975  265.56  265.02 0.11500D+15  2.233    6.777    6.214    5.715   32.672   12.34   14.34   66.09
   66.65   80.19 0.46701D-09  1  0  0.01982  265.51  264.99 0.11491D+15  2.233    6.744    6.181    5.680   32.638   12.35   14.35   66.41
   66.98   80.58 0.46486D-09  1  0  0.01989  265.47  264.96 0.11483D+15  2.234    6.711    6.148    5.645   32.603   12.35   14.36   66.74
   67.30   80.97 0.46273D-09  1  0  0.01996  265.42  264.93 0.11474D+15  2.234    6.679    6.115    5.610   32.569   12.36   14.36   67.07
   67.62   81.36 0.46063D-09  1  0  0.02004  265.37  264.90 0.11466D+15  2.235    6.647    6.083    5.574   32.534   12.37   14.37   67.40
   67.94   81.75 0.45854D-09  1  0  0.02011  265.33  264.87 0.11458D+15  2.235    6.615    6.051    5.539   32.500   12.37   14.38   67.73
   68.26   82.15 0.45647D-09  1  0  0.02019  265.28  264.84 0.11450D+15  2.235    6.583    6.020    5.504   32.466   12.38   14.39   68.06
   68.59   82.54 0.45442D-09  1  0  0.02026  265.23  264.81 0.11442D+15  2.236    6.552    5.989    5.469   32.432   12.39   14.40   68.39
   68.91   82.93 0.45240D-09  1  0  0.02034  265.19  264.78 0.11434D+15  2.236    6.521    5.958    5.434   32.397   12.40   14.41   68.71
   69.23   83.32 0.45039D-09  1  0  0.02041  265.14  264.75 0.11426D+15  2.237    6.490    5.927    5.399   32.363   12.40   14.41   69.04
   69.55   83.72 0.44839D-09  1  0  0.02049  265.09  264.72 0.11419D+15  2.237    6.459    5.897    5.364   32.329   12.41   14.42   69.37
   69.87   84.11 0.44642D-09  1  0  0.02057  265.05  264.69 0.11411D+15  2.237    6.429    5.866    5.329   32.295   12.42   14.43   69.70
   70.20   84.50 0.44447D-09  1  0  0.02065  265.00  264.66 0.11404D+15  2.238    6.399    5.837    5.294   32.261   12.42   14.44   70.03
   70.52   84.89 0.44253D-09  1  0  0.02073  264.95  264.63 0.11397D+15  2.238    6.370    5.807    5.259   32.227   12.43   14.45   70.36
   70.84   85.29 0.44061D-09  1  0  0.02081  264.90  264.60 0.11390D+15  2.239    6.340    5.778    5.224   32.193   12.44   14.46   70.69
   71.16   85.68 0.43871D-09  1  0  0.02089  264.86  264.57 0.11382D+15  2.239    6.311    5.749    5.189   32.159   12.44   14.47   71.02
   71.48   86.07 0.43682D-09  1  0  0.02097  264.81  264.54 0.11376D+15  2.240    6.282    5.720    5.154   32.125   12.45   14.47   71.35
   71.81   86.46 0.43496D-09  1  0  0.02105  264.76  264.51 0.11369D+15  2.240    6.253    5.691    5.119   32.091   12.46   14.48   71.68
   72.13   86.86 0.43311D-09  1  0  0.02113  264.71  264.48 0.11362D+15  2.240    6.225    5.663    5.084   32.057   12.46   14.49   72.01
   72.45   87.25 0.43127D-09  1  0  0.02121  264.66  264.45 0.11355D+15  2.241    6.197    5.635    5.049   32.024   12.47   14.50   72.34
   72.77   87.64 0.42945D-09  1  0  0.02129  264.62  264.42 0.11349D+15  2.241    6.169    5.607    5.014   31.990   12.48   14.51   72.67
   73.09   88.04 0.42765D-09  1  0  0.02138  264.57  264.39 0.11342D+15  2.242    6.141    5.580    4.979   31.956   12.48   14.52   73.00
   73.42   88.43 0.42586D-09  1  0  0.02146  264.52  264.35 0.11336D+15  2.242    6.114    5.552    4.944   31.922   12.49   14.53   73.33
   73.74   88.82 0.42409D-09  1  0  0.02155  264.47  264.32 0.11330D+15  2.243    6.087    5.525    4.909   31.889   12.50   14.54   73.66
   74.06   89.22 0.42234D-09  1  0  0.02163  264.42  264.29 0.11324D+15  2.243    6.060    5.498    4.874   31.855   12.50   14.55   73.99
   74.38   89.61 0.42060D-09  1  0  0.02172  264.37  264.26 0.11318D+15  2.243    6.033    5.472    4.839   31.821   12.51   14.55   74.32
   74.70   90.00 0.41887D-09  1  0  0.02180  264.32  264.23 0.11312D+15  2.244    6.007    5.445    4.804   31.788   12.52   14.56   74.65
   75.03   90.40 0.41716D-09  1  0  0.02189  264.27  264.19 0.11306D+15  2.244    5.980    5.419    4.769   31.754   12.52   14.57   74.98
   75.35   90.79 0.41547D-09  1  0  0.02198  264.22  264.16 0.11301D+15  2.245    5.954    5.393    4.734   31.720   12.53   14.58   75.31
   75.67   91.18 0.41378D-09  1  0  0.02207  264.17  264.13 0.11295D+15  2.245    5.928    5.367    4.699   31.687   12.54   14.59   75.65
   75.99   91.58 0.41212D-09  1  0  0.02216  264.12  264.10 0.11290D+15  2.246    5.903    5.342    4.664   31.653   12.55   14.60   75.98
   76.31   91.97 0.41047D-09  1  0  0.02225  264.07  264.06 0.11284D+15  2.246    5.877    5.317    4.628   31.619   12.55   14.61   76.31
   76.64   92.36 0.40883D-09  1  0  0.02234  264.02  264.03 0.11279D+15  2.246    5.852    5.292    4.593   31.586   12.56   14.62   76.64
   76.96   92.75 0.40720D-09  1  0  0.02243  263.97  264.00 0.11274D+15  2.247    5.827    5.267    4.558   31.552   12.57   14.63   76.96
   77.28   93.14 0.40559D-09  1  0  0.02252  263.92  263.96 0.11269D+15  2.247    5.802    5.242    4.523   31.518   12.57   14.64   77.28
   77.60   93.53 0.40399D-09  1  0  0.02261  263.87  263.93 0.11264D+15  2.248    5.778    5.217    4.487   31.485   12.58   14.65   77.60
   77.92   93.91 0.40241D-09  1  0  0.02271  263.82  263.90 0.11260D+15  2.248    5.753    5.193    4.452   31.451   12.59   14.66   77.92
   78.25   94.30 0.40083D-09  1  0  0.02280  263.77  263.86 0.11255D+15  2.249    5.729    5.169    4.417   31.417   12.59   14.67   78.25
   78.57   94.69 0.39928D-09  1  0  0.02290  263.72  263.83 0.11251D+15  2.249    5.705    5.145    4.381   31.384   12.60   14.68   78.57
   78.89   95.08 0.39773D-09  1  0  0.02299  263.67  263.80 0.11246D+15  2.250    5.681    5.121    4.346   31.350   12.61   14.69   78.89
   79.21   95.47 0.39620D-09  1  0  0.02309  263.61  263.76 0.11242D+15  2.250    5.657    5.098    4.310   31.317   12.61   14.70   79.21
   79.53   95.85 0.39467D-09  1  0  0.02319  263.56  263.73 0.11238D+15  2.250    5.634    5.074    4.275   31.283   12.62   14.71   79.53
   79.86   96.24 0.39316D-09  1  0  0.02328  263.51  263.69 0.11234D+15  2.251    5.611    5.051    4.239   31.249   12.63   14.72   79.86
   80.18   96.63 0.39167D-09  1  0  0.02338  263.46  263.66 0.11230D+15  2.251    5.588    5.028    4.204   31.215   12.63   14.73   80.18
   80.50   97.02 0.39018D-09  1  0  0.02348  263.41  263.62 0.11226D+15  2.252    5.565    5.006    4.168   31.182   12.64   14.74   80.50
   80.82   97.41 0.38871D-09  1  0  0.02358  263.35  263.59 0.11223D+15  2.252    5.542    4.983    4.132   31.148   12.65   14.75   80.82
   81.14   97.79 0.38725D-09  1  0  0.02368  263.30  263.55 0.11219D+15  2.253    5.519    4.960    4.097   31.114   12.65   14.76   81.14
   81.47   98.18 0.38580D-09  1  0  0.02379  263.25  263.52 0.11216D+15  2.253    5.497    4.938    4.061   31.080   12.66   14.77   81.47
   81.79   98.57 0.38436D-09  1  0  0.02389  263.19  263.48 0.11213D+15  2.254    5.475    4.916    4.025   31.047   12.67   14.78   81.79
   82.11   98.96 0.38293D-09  1  0  0.02399  263.14  263.45 0.11210D+15  2.254    5.453    4.894    3.989   31.013   12.68   14.79   82.11
   82.43   99.35 0.38152D-09  1  0  0.02410  263.09  263.41 0.11207D+15  2.255    5.431    4.872    3.953   30.979   12.68   14.80   82.43
   82.75   99.74 0.38011D-09  1  0  0.02420  263.03  263.38 0.11204D+15  2.255    5.409    4.851    3.917   30.945   12.69   14.81   82.75
   83.08  100.12 0.37872D-09  1  0  0.02431  262.98  263.34 0.11201D+15  2.256    5.387    4.829    3.881   30.911   12.70   14.82   83.08
   83.40  100.51 0.37734D-09  1  0  0.02442  262.93  263.30 0.11199D+15  2.256    5.366    4.808    3.844   30.877   12.70   14.83   83.40
   83.72  100.90 0.37596D-09  1  0  0.02453  262.87  263.27 0.11196D+15  2.257    5.345    4.787    3.808   30.843   12.71   14.84   83.72
   84.04  101.29 0.37460D-09  1  0  0.02464  262.82  263.23 0.11194D+15  2.257    5.324    4.766    3.772   30.809   12.72   14.85   84.04
   84.36  101.68 0.37325D-09  1  0  0.02475  262.76  263.19 0.11192D+15  2.257    5.303    4.745    3.735   30.775   12.72   14.86   84.36
   84.69  102.06 0.37191D-09  1  0  0.02486  262.71  263.16 0.11190D+15  2.258    5.282    4.724    3.699   30.741   12.73   14.87   84.69
   85.01  102.45 0.37058D-09  1  0  0.02497  262.65  263.12 0.11188D+15  2.258    5.261    4.704    3.662   30.707   12.74   14.88   85.01
   85.33  102.84 0.36926D-09  1  0  0.02508  262.60  263.08 0.11186D+15  2.259    5.241    4.683    3.626   30.672   12.75   14.89   85.33
   85.65  103.23 0.36795D-09  1  0  0.02519  262.54  263.05 0.11185D+15  2.259    5.220    4.663    3.589   30.638   12.75   14.90   85.65
   85.97  103.62 0.36665D-09  1  0  0.02531  262.49  263.01 0.11183D+15  2.260    5.200    4.643    3.552   30.604   12.76   14.91   85.97
   86.30  104.00 0.36536D-09  1  0  0.02543  262.43  262.97 0.11182D+15  2.260    5.180    4.623    3.515   30.569   12.77   14.92   86.30
   86.62  104.39 0.36407D-09  1  0  0.02554  262.37  262.93 0.11181D+15  2.261    5.160    4.603    3.478   30.535   12.77   14.93   86.62
   86.94  104.78 0.36280D-09  1  0  0.02566  262.32  262.89 0.11180D+15  2.261    5.141    4.584    3.441   30.500   12.78   14.95   86.94
   87.26  105.17 0.36154D-09  1  0  0.02578  262.26  262.86 0.11179D+15  2.262    5.121    4.564    3.403   30.466   12.79   14.96   87.26
   87.58  105.56 0.36028D-09  1  0  0.02590  262.20  262.82 0.11178D+15  2.262    5.101    4.545    3.366   30.431   12.80   14.97   87.58
   87.91  105.94 0.35904D-09  1  0  0.02602  262.15  262.78 0.11178D+15  2.263    5.082    4.526    3.329   30.397   12.80   14.98   87.91
   88.23  106.33 0.35781D-09  1  0  0.02614  262.09  262.74 0.11177D+15  2.263    5.063    4.507    3.291   30.362   12.81   14.99   88.23
   88.55  106.72 0.35658D-09  1  0  0.02627  262.03  262.70 0.11177D+15  2.264    5.044    4.488    3.253   30.327   12.82   15.00   88.55
   88.87  107.11 0.35536D-09  1  0  0.02639  261.97  262.66 0.11177D+15  2.264    5.025    4.469    3.216   30.292   12.82   15.01   88.87
   89.19  107.50 0.35415D-09  1  0  0.02652  261.92  262.62 0.11177D+15  2.265    5.006    4.450    3.178   30.257   12.83   15.03   89.19
   89.52  107.88 0.35295D-09  1  0  0.02664  261.86  262.58 0.11178D+15  2.265    4.987    4.432    3.140   30.222   12.84   15.04   89.52
   89.84  108.27 0.35176D-09  1  0  0.02677  261.80  262.54 0.11178D+15  2.266    4.969    4.413    3.102   30.187   12.85   15.05   89.84
   90.16  108.66 0.35058D-09  1  0  0.02690  261.74  262.50 0.11179D+15  2.266    4.950    4.395    3.063   30.152   12.85   15.06   90.16
   90.48  109.05 0.34941D-09  1  0  0.02703  261.68  262.46 0.11179D+15  2.267    4.932    4.377    3.025   30.117   12.86   15.07   90.48
   90.80  109.44 0.34824D-09  1  0  0.02716  261.62  262.42 0.11180D+15  2.268    4.914    4.359    2.987   30.082   12.87   15.08   90.80
   91.13  109.83 0.34708D-09  1  0  0.02729  261.56  262.38 0.11181D+15  2.268    4.895    4.341    2.948   30.046   12.88   15.10   91.13
   91.45  110.21 0.34593D-09  1  0  0.02743  261.50  262.34 0.11183D+15  2.269    4.877    4.323    2.909   30.011   12.89   15.11   91.45
   91.77  110.60 0.34479D-09  1  0  0.02756  261.44  262.30 0.11184D+15  2.269    4.860    4.305    2.870   29.975   12.89   15.12   91.77
   92.09  110.99 0.34366D-09  1  0  0.02770  261.38  262.26 0.11186D+15  2.270    4.842    4.287    2.831   29.939   12.90   15.13   92.09
   92.41  111.38 0.34253D-09  1  0  0.02784  261.32  262.22 0.11188D+15  2.270    4.824    4.270    2.792   29.904   12.91   15.15   92.41
   92.74  111.77 0.34142D-09  1  0  0.02798  261.26  262.18 0.11190D+15  2.271    4.807    4.253    2.753   29.868   12.92   15.16   92.74
   93.06  112.15 0.34031D-09  1  0  0.02812  261.20  262.14 0.11192D+15  2.271    4.789    4.235    2.713   29.832   12.92   15.17   93.06
   93.38  112.54 0.33920D-09  1  0  0.02826  261.14  262.10 0.11194D+15  2.272    4.772    4.218    2.674   29.796   12.93   15.18   93.38
   93.70  112.93 0.33811D-09  1  0  0.02840  261.07  262.05 0.11197D+15  2.272    4.755    4.201    2.634   29.760   12.94   15.20   93.70
   94.02  113.32 0.33702D-09  1  0  0.02855  261.01  262.01 0.11200D+15  2.273    4.738    4.184    2.594   29.723   12.95   15.21   94.02
   94.35  113.71 0.33594D-09  1  0  0.02869  260.95  261.97 0.11203D+15  2.273    4.721    4.167    2.554   29.687   12.96   15.22   94.35
   94.67  114.09 0.33487D-09  1  0  0.02884  260.89  261.93 0.11206D+15  2.274    4.704    4.151    2.514   29.650   12.96   15.24   94.67
   94.99  114.48 0.33381D-09  1  0  0.02899  260.82  261.88 0.11209D+15  2.275    4.687    4.134    2.473   29.614   12.97   15.25   94.99
   95.31  114.87 0.33275D-09  1  0  0.02914  260.76  261.84 0.11213D+15  2.275    4.671    4.118    2.433   29.577   12.98   15.26   95.31
   95.63  115.26 0.33170D-09  1  0  0.02929  260.70  261.80 0.11217D+15  2.276    4.654    4.101    2.392   29.540   12.99   15.28   95.63
   95.96  115.65 0.33065D-09  1  0  0.02944  260.63  261.75 0.11221D+15  2.276    4.638    4.085    2.351   29.503   13.00   15.29   95.96
   96.28  116.03 0.32962D-09  1  0  0.02960  260.57  261.71 0.11225D+15  2.277    4.621    4.069    2.310   29.466   13.00   15.30   96.28
   96.60  116.42 0.32859D-09  1  0  0.02975  260.50  261.67 0.11230D+15  2.277    4.605    4.053    2.268   29.429   13.01   15.32   96.60
   96.92  116.81 0.32756D-09  1  0  0.02991  260.44  261.62 0.11234D+15  2.278    4.589    4.037    2.227   29.391   13.02   15.33   96.92
   97.24  117.20 0.32655D-09  1  0  0.03007  260.37  261.58 0.11239D+15  2.279    4.573    4.021    2.185   29.354   13.03   15.34   97.24
   97.57  117.59 0.32554D-09  1  0  0.03023  260.31  261.53 0.11244D+15  2.279    4.557    4.005    2.143   29.316   13.04   15.36   97.57
   97.89  117.97 0.32454D-09  1  0  0.03040  260.24  261.49 0.11250D+15  2.280    4.541    3.989    2.101   29.278   13.05   15.37   97.89
   98.21  118.36 0.32354D-09  1  0  0.03056  260.18  261.44 0.11255D+15  2.280    4.525    3.974    2.059   29.240   13.06   15.39   98.21
   98.53  118.75 0.32255D-09  1  0  0.03073  260.11  261.40 0.11261D+15  2.281    4.510    3.958    2.016   29.202   13.06   15.40   98.53
   98.85  119.14 0.32157D-09  1  0  0.03090  260.04  261.35 0.11268D+15  2.282    4.494    3.943    1.974   29.164   13.07   15.42   98.85
   99.18  119.53 0.32059D-09  1  0  0.03106  259.97  261.30 0.11274D+15  2.282    4.478    3.927    1.931   29.126   13.08   15.43   99.18
   99.50  119.91 0.31962D-09  1  0  0.03124  259.91  261.26 0.11281D+15  2.283    4.463    3.912    1.888   29.087   13.09   15.45   99.50
   99.82  120.30 0.31866D-09  1  0  0.03141  259.84  261.21 0.11287D+15  2.283    4.448    3.897    1.844   29.048   13.10   15.46   99.82
  100.14  120.69 0.31770D-09  1  0  0.03159  259.77  261.16 0.11295D+15  2.284    4.432    3.882    1.801   29.009   13.11   15.48  100.14
  100.46  121.08 0.31675D-09  1  0  0.03176  259.70  261.12 0.11302D+15  2.285    4.417    3.867    1.757   28.970   13.12   15.49  100.46
  100.79  121.47 0.31580D-09  1  0  0.03194  259.63  261.07 0.11310D+15  2.285    4.402    3.852    1.713   28.931   13.13   15.51  100.79
  101.11  121.86 0.31486D-09  1  0  0.03212  259.56  261.02 0.11318D+15  2.286    4.387    3.837    1.669   28.892   13.14   15.52  101.11
  101.43  122.24 0.31393D-09  1  0  0.03231  259.49  260.97 0.11326D+15  2.286    4.372    3.823    1.624   28.852   13.15   15.54  101.43
  101.75  122.63 0.31300D-09  1  0  0.03249  259.42  260.93 0.11335D+15  2.287    4.358    3.808    1.579   28.812   13.16   15.55  101.75
  102.07  123.02 0.31208D-09  1  0  0.03268  259.35  260.88 0.11344D+15  2.288    4.343    3.794    1.534   28.772   13.16   15.57  102.07
  102.40  123.41 0.31117D-09  1  0  0.03287  259.28  260.83 0.11353D+15  2.288    4.328    3.779    1.489   28.732   13.17   15.59  102.40
  102.72  123.80 0.31026D-09  1  0  0.03306  259.21  260.78 0.11362D+15  2.289    4.314    3.765    1.443   28.692   13.18   15.60  102.72
  103.04  124.18 0.30935D-09  1  0  0.03325  259.13  260.73 0.11372D+15  2.290    4.299    3.750    1.397   28.651   13.19   15.62  103.04
  103.36  124.57 0.30845D-09  1  0  0.03345  259.06  260.68 0.11382D+15  2.290    4.285    3.736    1.351   28.611   13.20   15.63  103.36
  103.68  124.96 0.30756D-09  1  0  0.03365  258.99  260.63 0.11392D+15  2.291    4.270    3.722    1.305   28.570   13.21   15.65  103.68
  104.01  125.35 0.30667D-09  1  0  0.03385  258.92  260.58 0.11403D+15  2.292    4.256    3.708    1.258   28.528   13.22   15.67  104.01
  104.33  125.74 0.30579D-09  1  0  0.03405  258.84  260.53 0.11414D+15  2.292    4.242    3.694    1.211   28.487   13.23   15.69  104.33
  104.65  126.12 0.30491D-09  1  0  0.03425  258.77  260.48 0.11426D+15  2.293    4.228    3.680    1.164   28.445   13.24   15.70  104.65
  104.97  126.51 0.30404D-09  1  0  0.03446  258.69  260.43 0.11438D+15  2.294    4.214    3.666    1.116   28.403   13.25   15.72  104.97
  105.29  126.90 0.30318D-09  1  0  0.03467  258.62  260.38 0.11450D+15  2.294    4.200    3.652    1.068   28.361   13.26   15.74  105.29
  105.62  127.29 0.30232D-09  1  0  0.03488  258.54  260.32 0.11462D+15  2.295    4.186    3.639    1.020   28.319   13.28   15.76  105.62
  105.94  127.68 0.30146D-09  1  0  0.03510  258.46  260.27 0.11475D+15  2.296    4.172    3.625    0.971   28.276   13.29   15.77  105.94
  106.26  128.06 0.30061D-09  1  0  0.03531  258.39  260.22 0.11488D+15  2.296    4.159    3.612    0.922   28.234   13.30   15.79  106.26
  106.58  128.45 0.29977D-09  1  0  0.03553  258.31  260.17 0.11502D+15  2.297    4.145    3.598    0.873   28.190   13.31   15.81  106.58
  106.90  128.84 0.29893D-09  1  0  0.03576  258.23  260.11 0.11516D+15  2.298    4.131    3.585    0.824   28.147   13.32   15.83  106.90
  107.23  129.23 0.29809D-09  1  0  0.03598  258.15  260.06 0.11531D+15  2.298    4.118    3.571    0.774   28.103   13.33   15.85  107.23
  107.55  129.62 0.29726D-09  1  0  0.03621  258.07  260.00 0.11545D+15  2.299    4.104    3.558    0.723   28.060   13.34   15.87  107.55
  107.87  130.00 0.29644D-09  1  0  0.03644  257.99  259.95 0.11561D+15  2.300    4.091    3.545    0.673   28.015   13.35   15.89  107.87
  108.19  130.39 0.29562D-09  1  0  0.03667  257.91  259.90 0.11576D+15  2.301    4.077    3.532    0.622   27.971   13.36   15.91  108.19
  108.51  130.78 0.29480D-09  1  0  0.03691  257.83  259.84 0.11593D+15  2.301    4.064    3.519    0.570   27.926   13.37   15.93  108.51
  108.84  131.17 0.29399D-09  1  0  0.03715  257.75  259.78 0.11609D+15  2.302    4.051    3.506    0.519   27.881   13.39   15.95  108.84
  109.16  131.56 0.29319D-09  1  0  0.03739  257.67  259.73 0.11626D+15  2.303    4.038    3.493    0.466   27.836   13.40   15.97  109.16
  109.48  131.95 0.29239D-09  1  0  0.03764  257.58  259.67 0.11644D+15  2.303    4.025    3.480    0.414   27.790   13.41   15.99  109.48
  109.80  132.33 0.29159D-09  1  0  0.03789  257.50  259.62 0.11662D+15  2.304    4.012    3.467    0.361   27.744   13.42   16.01  109.80
  110.12  132.72 0.29080D-09  1  0  0.03814  257.42  259.56 0.11680D+15  2.305    3.999    3.454    0.307   27.698   13.43   16.03  110.12
  110.45  133.11 0.29001D-09  1  0  0.03839  257.33  259.50 0.11699D+15  2.306    3.986    3.442    0.254   27.651   13.45   16.05  110.45
  110.77  133.50 0.28923D-09  1  0  0.03865  257.25  259.44 0.11719D+15  2.306    3.973    3.429    0.199   27.604   13.46   16.07  110.77
  111.09  133.89 0.28845D-09  1  0  0.03891  257.16  259.38 0.11739D+15  2.307    3.960    3.416    0.145   27.557   13.47   16.09  111.09
  111.41  134.27 0.28768D-09  1  0  0.03918  257.07  259.33 0.11760D+15  2.308    3.947    3.404    0.089   27.510   13.49   16.11  111.41
  111.73  134.66 0.28691D-09  1  0  0.03945  256.99  259.27 0.11781D+15  2.309    3.935    3.391    0.034   27.462   13.50   16.14  111.73
  112.06  135.05 0.28615D-09  1  0  0.03972  256.90  259.48 0.11463D+15  2.310    3.922    3.379    0.000   27.432   13.36   16.17  112.06
  112.38  135.44 0.28539D-09  1  0  0.04000  256.81  259.44 0.11461D+15  2.310    3.909    3.367    0.000   27.432   13.37   16.16  112.38
  112.70  135.83 0.28463D-09  1  0  0.04028  256.72  259.40 0.11460D+15  2.311    3.897    3.354    0.000   27.432   13.37   16.16  112.70
  113.02  136.21 0.28388D-09  1  0  0.04056  256.63  259.35 0.11458D+15  2.312    3.884    3.342    0.000   27.432   13.37   16.15  113.02
  113.34  136.60 0.28313D-09  1  0  0.04085  256.54  259.31 0.11458D+15  2.313    3.872    3.330    0.000   27.432   13.38   16.14  113.34
  113.67  136.99 0.28239D-09  1  0  0.04114  256.44  259.27 0.11457D+15  2.314    3.860    3.318    0.000   27.432   13.38   16.13  113.67
  113.99  137.38 0.28165D-09  1  0  0.04143  256.35  259.23 0.11458D+15  2.315    3.847    3.306    0.000   27.432   13.38   16.12  113.99
  114.31  137.77 0.28092D-09  1  0  0.04173  256.26  259.18 0.11458D+15  2.315    3.835    3.294    0.000   27.432   13.39   16.12  114.31
  114.63  138.15 0.28019D-09  1  0  0.04204  256.16  259.14 0.11459D+15  2.316    3.823    3.282    0.000   27.432   13.39   16.11  114.63
  114.95  138.54 0.27946D-09  1  0  0.04235  256.07  259.09 0.11461D+15  2.317    3.810    3.270    0.000   27.432   13.39   16.10  114.95
  115.28  138.93 0.27874D-09  1  0  0.04266  255.97  259.05 0.11463D+15  2.318    3.798    3.258    0.000   27.432   13.40   16.09  115.28
  115.60  139.32 0.27802D-09  1  0  0.04298  255.87  259.00 0.11465D+15  2.319    3.786    3.246    0.000   27.432   13.40   16.08  115.60
  115.92  139.71 0.27731D-09  1  0  0.04330  255.77  258.96 0.11468D+15  2.320    3.774    3.234    0.000   27.432   13.41   16.08  115.92
  116.24  140.09 0.27660D-09  1  0  0.04362  255.68  258.91 0.11471D+15  2.321    3.762    3.223    0.000   27.432   13.41   16.07  116.24
  116.56  140.48 0.27590D-09  1  0  0.04396  255.58  258.86 0.11475D+15  2.321    3.750    3.211    0.000   27.432   13.41   16.06  116.56
  116.89  140.87 0.27519D-09  1  0  0.04429  255.47  258.82 0.11480D+15  2.322    3.738    3.199    0.000   27.432   13.42   16.05  116.89
  117.21  141.26 0.27450D-09  1  0  0.04463  255.37  258.77 0.11485D+15  2.323    3.726    3.188    0.000   27.432   13.42   16.04  117.21
  117.53  141.65 0.27380D-09  1  0  0.04498  255.27  258.72 0.11490D+15  2.324    3.715    3.176    0.000   27.432   13.43   16.03  117.53
  117.85  142.04 0.27311D-09  1  0  0.04533  255.16  258.67 0.11496D+15  2.325    3.703    3.165    0.000   27.432   13.43   16.03  117.85
  118.17  142.42 0.27242D-09  1  0  0.04569  255.06  258.62 0.11503D+15  2.326    3.691    3.153    0.000   27.432   13.44   16.02  118.17
  118.50  142.81 0.27174D-09  1  0  0.04605  254.95  258.57 0.11510D+15  2.327    3.679    3.142    0.000   27.432   13.44   16.01  118.50
  118.82  143.20 0.27106D-09  1  0  0.04642  254.84  258.52 0.11518D+15  2.328    3.667    3.130    0.000   27.432   13.45   16.00  118.82
  119.14  143.59 0.27039D-09  1  0  0.04679  254.74  258.47 0.11527D+15  2.329    3.656    3.119    0.000   27.432   13.45   15.99  119.14
  119.46  143.98 0.26972D-09  1  0  0.04717  254.63  258.42 0.11536D+15  2.330    3.644    3.108    0.000   27.432   13.46   15.98  119.46
  119.78  144.36 0.26905D-09  1  0  0.04756  254.51  258.37 0.11546D+15  2.331    3.633    3.096    0.000   27.432   13.47   15.98  119.78
  120.11  144.75 0.26838D-09  1  0  0.04795  254.40  258.32 0.11556D+15  2.332    3.621    3.085    0.000   27.432   13.47   15.97  120.11
  120.43  145.14 0.26772D-09  1  0  0.04835  254.29  258.26 0.11568D+15  2.333    3.609    3.074    0.000   27.432   13.48   15.96  120.43
  120.75  145.53 0.26706D-09  1  0  0.04875  254.17  258.21 0.11579D+15  2.334    3.598    3.063    0.000   27.432   13.48   15.95  120.75
  121.07  145.92 0.26641D-09  1  0  0.04917  254.06  258.15 0.11592D+15  2.335    3.586    3.052    0.000   27.432   13.49   15.94  121.07
  121.39  146.30 0.26576D-09  1  0  0.04958  253.94  258.10 0.11605D+15  2.336    3.575    3.041    0.000   27.432   13.50   15.93  121.39
  121.72  146.69 0.26511D-09  1  0  0.05001  253.82  258.04 0.11620D+15  2.337    3.564    3.030    0.000   27.432   13.50   15.92  121.72
  122.04  147.08 0.26447D-09  1  0  0.05044  253.70  257.99 0.11635D+15  2.339    3.552    3.019    0.000   27.432   13.51   15.92  122.04
  122.36  147.47 0.26383D-09  1  0  0.05088  253.58  257.93 0.11650D+15  2.340    3.541    3.007    0.000   27.432   13.52   15.91  122.36
  122.68  147.86 0.26319D-09  1  0  0.05133  253.45  257.87 0.11667D+15  2.341    3.529    2.997    0.000   27.432   13.53   15.90  122.68
  123.00  148.24 0.26256D-09  1  0  0.05179  253.33  257.81 0.11684D+15  2.342    3.518    2.986    0.000   27.432   13.53   15.89  123.00
  123.33  148.63 0.26193D-09  1  0  0.05225  253.20  257.75 0.11703D+15  2.343    3.507    2.975    0.000   27.432   13.54   15.88  123.33
  123.65  149.02 0.26130D-09  1  0  0.05272  253.07  257.69 0.11722D+15  2.344    3.496    2.964    0.000   27.432   13.55   15.87  123.65
  123.97  149.41 0.26068D-09  1  0  0.05320  252.94  257.63 0.11742D+15  2.345    3.484    2.953    0.000   27.432   13.56   15.86  123.97
  124.29  149.80 0.26006D-09  1  0  0.05369  252.81  257.57 0.11763D+15  2.347    3.473    2.942    0.000   27.432   13.57   15.85  124.29
  124.61  150.18 0.25944D-09  1  0  0.05418  252.67  257.51 0.11786D+15  2.348    3.462    2.931    0.000   27.432   13.58   15.84  124.61
  124.94  150.57 0.25883D-09  1  0  0.05469  252.54  257.45 0.11809D+15  2.349    3.451    2.920    0.000   27.432   13.59   15.83  124.94
  125.26  150.96 0.25822D-09  1  0  0.05521  252.40  257.38 0.11833D+15  2.350    3.439    2.910    0.000   27.432   13.60   15.82  125.26
  125.58  151.35 0.25761D-09  1  0  0.05573  252.26  257.32 0.11859D+15  2.352    3.428    2.899    0.000   27.432   13.61   15.82  125.58
  125.90  151.74 0.25700D-09  1  0  0.05627  252.12  257.25 0.11885D+15  2.353    3.417    2.888    0.000   27.432   13.62   15.81  125.90
  126.22  152.13 0.25640D-09  1  0  0.05681  251.97  257.18 0.11913D+15  2.354    3.406    2.877    0.000   27.432   13.63   15.80  126.22
  126.55  152.51 0.25581D-09  1  0  0.05737  251.83  257.12 0.11942D+15  2.356    3.395    2.867    0.000   27.432   13.64   15.79  126.55
  126.87  152.90 0.25521D-09  1  0  0.05793  251.68  257.05 0.11972D+15  2.357    3.383    2.856    0.000   27.432   13.65   15.78  126.87
  127.19  153.29 0.25462D-09  1  0  0.05851  251.53  256.98 0.12004D+15  2.358    3.372    2.845    0.000   27.432   13.66   15.77  127.19
  127.51  153.68 0.25403D-09  1  0  0.05910  251.38  256.91 0.12036D+15  2.360    3.361    2.834    0.000   27.432   13.67   15.76  127.51
  127.83  -56.61 0.25344D-09  1  0  0.05970  251.22  256.84 0.12067D+15  2.361    3.350    2.824   -0.052   27.389   13.86   15.78 -221.78
  128.16   80.83 0.25286D-09  1  0  0.06031  251.06  256.77 0.12102D+15  2.363    3.339    2.813   -0.132   27.321   13.88   15.81    5.97
  128.48  110.02 0.25228D-09  1  0  0.06093  250.90  256.69 0.12140D+15  2.364    3.328    2.802   -0.213   27.253   13.90   15.85   54.09
  128.80  122.90 0.25170D-09  1  0  0.06157  250.74  256.62 0.12178D+15  2.366    3.316    2.792   -0.296   27.184   13.91   15.88   75.14
  129.12  130.26 0.25113D-09  1  0  0.06222  250.57  256.54 0.12219D+15  2.367    3.305    2.781   -0.380   27.113   13.93   15.92   87.05
  129.44  135.11 0.25056D-09  1  0  0.06289  250.40  256.46 0.12261D+15  2.369    3.294    2.770   -0.466   27.041   13.95   15.95   94.77
  129.77  138.59 0.24999D-09  1  0  0.06356  250.23  256.39 0.12305D+15  2.370    3.283    2.760   -0.553   26.968   13.97   15.99  100.22
  130.09  141.25 0.24942D-09  1  0  0.06426  250.05  256.31 0.12350D+15  2.372    3.272    2.749   -0.642   26.893   13.99   16.03  104.31
  130.41  143.37 0.24886D-09  1  0  0.06496  249.88  256.23 0.12398D+15  2.374    3.260    2.738   -0.733   26.817   14.01   16.07  107.52
  130.73  145.14 0.24830D-09  1  0  0.06569  249.69  256.14 0.12448D+15  2.375    3.249    2.728   -0.825   26.740   14.03   16.11  110.12
  131.05  146.64 0.24774D-09  1  0  0.06643  249.51  256.06 0.12499D+15  2.377    3.238    2.717   -0.919   26.661   14.05   16.15  112.29
  131.38  147.94 0.24719D-09  1  0  0.06718  249.32  255.97 0.12553D+15  2.379    3.227    2.706   -1.015   26.581   14.07   16.20  114.13
  131.70  149.10 0.24663D-09  1  0  0.06795  249.13  255.89 0.12609D+15  2.381    3.215    2.696   -1.113   26.499   14.09   16.24  115.74
  132.02  150.15 0.24608D-09  1  0  0.06874  248.93  255.80 0.12667D+15  2.382    3.204    2.685   -1.213   26.416   14.12   16.29  117.15
  132.34  151.11 0.24554D-09  1  0  0.06955  248.73  255.71 0.12728D+15  2.384    3.193    2.674   -1.315   26.331   14.14   16.33  118.41
  132.66  151.99 0.24499D-09  1  0  0.07038  248.53  255.62 0.12791D+15  2.386    3.181    2.664   -1.419   26.244   14.16   16.38  119.56
  132.99  152.81 0.24445D-09  1  0  0.07123  248.32  255.53 0.12857D+15  2.388    3.170    2.653   -1.526   26.156   14.19   16.43  120.60
  133.31  153.58 0.24391D-09  1  0  0.07209  248.11  255.43 0.12926D+15  2.390    3.158    2.642   -1.634   26.065   14.21   16.48  121.56
  133.63  154.31 0.24338D-09  1  0  0.07298  247.89  255.33 0.12997D+15  2.392    3.147    2.631   -1.745   25.974   14.24   16.54  122.45
  133.95  155.01 0.24284D-09  1  0  0.07389  247.67  255.24 0.13072D+15  2.394    3.135    2.620   -1.858   25.880   14.27   16.59  123.28
  134.27  155.67 0.24231D-09  1  0  0.07482  247.44  255.14 0.13150D+15  2.396    3.124    2.609   -1.973   25.784   14.29   16.65  124.06
  134.60  156.31 0.24178D-09  1  0  0.07578  247.21  255.03 0.13231D+15  2.399    3.112    2.598   -2.091   25.686   14.32   16.70  124.80
  134.92  156.93 0.24126D-09  1  0  0.07676  246.97  254.93 0.13316D+15  2.401    3.100    2.587   -2.212   25.586   14.35   16.76  125.50
  135.24  157.52 0.24073D-09  1  0  0.07776  246.72  254.82 0.13404D+15  2.403    3.088    2.576   -2.335   25.484   14.38   16.83  126.17
  135.56  158.10 0.24021D-09  1  0  0.07879  246.47  254.71 0.13496D+15  2.406    3.076    2.565   -2.461   25.380   14.41   16.89  126.80
  135.88  158.67 0.23970D-09  1  0  0.07985  246.22  254.60 0.13592D+15  2.408    3.064    2.554   -2.590   25.273   14.45   16.95  127.42
  136.21  159.22 0.23918D-09  1  0  0.08094  245.96  254.49 0.13693D+15  2.410    3.052    2.543   -2.722   25.165   14.48   17.02  128.01
  136.53  159.75 0.23867D-09  1  0  0.08205  245.69  254.37 0.13798D+15  2.413    3.040    2.532   -2.857   25.053   14.51   17.09  128.58
  136.85  160.28 0.23816D-09  1  0  0.08320  245.41  254.26 0.13907D+15  2.416    3.028    2.520   -2.995   24.939   14.55   17.16  129.13
  137.17  160.80 0.23765D-09  1  0  0.08438  245.13  254.14 0.14022D+15  2.418    3.016    2.509   -3.137   24.823   14.58   17.24  129.67
  137.49  161.30 0.23714D-09  1  0  0.08559  244.84  254.01 0.14142D+15  2.421    3.003    2.498   -3.281   24.704   14.62   17.32  130.19
  137.82  161.80 0.23664D-09  1  0  0.08684  244.54  253.89 0.14268D+15  2.424    2.991    2.486   -3.429   24.582   14.66   17.40  130.69
  138.14  162.30 0.23614D-09  1  0  0.08812  244.23  253.76 0.14399D+15  2.427    2.978    2.474   -3.581   24.457   14.70   17.48  131.19
  138.46  162.78 0.23564D-09  1  0  0.08944  243.91  253.62 0.14537D+15  2.430    2.965    2.463   -3.737   24.329   14.74   17.57  131.67
  138.78  163.26 0.23514D-09  1  0  0.09080  243.59  253.49 0.14681D+15  2.433    2.953    2.451   -3.896   24.198   14.79   17.66  132.14
  139.10  163.73 0.23464D-09  1  0  0.09220  243.25  253.35 0.14833D+15  2.436    2.939    2.439   -4.060   24.064   14.83   17.75  132.61
  139.43  164.20 0.23415D-09  1  0  0.09365  242.91  253.21 0.14991D+15  2.440    2.926    2.427   -4.227   23.926   14.88   17.85  133.06
  139.75  164.66 0.23366D-09  1  0  0.09514  242.55  253.06 0.15158D+15  2.443    2.913    2.415   -4.399   23.785   14.92   17.95  133.51
  140.07  165.12 0.23318D-09  1  0  0.09667  242.18  252.91 0.15333D+15  2.447    2.899    2.402   -4.576   23.641   14.97   18.05  133.95
  140.39  165.58 0.23269D-09  1  0  0.09826  241.80  252.76 0.15517D+15  2.451    2.886    2.390   -4.757   23.493   15.02   18.16  134.38
  140.71  166.02 0.23221D-09  1  0  0.09990  241.41  252.60 0.15711D+15  2.454    2.872    2.377   -4.943   23.341   15.08   18.28  134.80
  141.04  166.47 0.23173D-09  1  0  0.10160  241.00  252.44 0.15915D+15  2.458    2.858    2.364   -5.134   23.185   15.13   18.39  135.22
  141.36  166.91 0.23125D-09  1  0  0.10335  240.58  252.28 0.16130D+15  2.463    2.843    2.352   -5.330   23.024   15.19   18.52  135.63
  141.68  167.35 0.23077D-09  1  0  0.10516  240.14  252.11 0.16356D+15  2.467    2.829    2.338   -5.531   22.860   15.24   18.65  136.03
  142.00  167.79 0.23030D-09  1  0  0.10704  239.69  251.93 0.16595D+15  2.471    2.814    2.325   -5.738   22.691   15.31   18.78  136.43
  142.32  168.22 0.22982D-09  1  0  0.10898  239.22  251.75 0.16848D+15  2.476    2.799    2.311   -5.951   22.517   15.37   18.93  136.83
  142.65  168.65 0.22935D-09  1  0  0.11100  238.74  251.56 0.17115D+15  2.481    2.783    2.298   -6.169   22.339   15.43   19.07  137.22
  142.97  169.07 0.22889D-09  1  0  0.11309  238.23  251.37 0.17397D+15  2.486    2.767    2.284   -6.394   22.156   15.50   19.23  137.60
  143.29  169.50 0.22842D-09  1  0  0.11526  237.70  251.18 0.17696D+15  2.491    2.751    2.269   -6.625   21.967   15.57   19.39  137.98
  143.61  169.92 0.22796D-09  1  0  0.11751  237.15  250.97 0.18013D+15  2.497    2.735    2.255   -6.864   21.774   15.64   19.56  138.36
  143.93  170.33 0.22749D-09  1  0  0.11985  236.58  250.76 0.18349D+15  2.503    2.718    2.240   -7.109   21.574   15.72   19.74  138.73
  144.26  170.75 0.22704D-09  1  0  0.12229  235.99  250.55 0.18706D+15  2.509    2.701    2.224   -7.361   21.369   15.80   19.93  139.09
  144.58  171.16 0.22658D-09  1  0  0.12483  235.36  250.33 0.19086D+15  2.515    2.683    2.209   -7.621   21.158   15.88   20.13  139.45
  144.90  171.57 0.22612D-09  1  0  0.12747  234.71  250.10 0.19490D+15  2.522    2.665    2.193   -7.888   20.941   15.96   20.35  139.81
  145.22  171.97 0.22567D-09  1  0  0.13022  234.03  249.86 0.19921D+15  2.529    2.646    2.176   -8.164   20.717   16.05   20.57  140.16
  145.54  172.38 0.22522D-09  1  0  0.13310  233.31  249.61 0.20381D+15  2.537    2.626    2.159   -8.447   20.487   16.14   20.80  140.51
  145.87  172.78 0.22477D-09  1  0  0.13610  232.56  249.36 0.20873D+15  2.544    2.606    2.142   -8.740   20.250   16.23   21.05  140.85
  146.19  173.17 0.22432D-09  1  0  0.13925  231.77  249.10 0.21399D+15  2.553    2.586    2.124   -9.041   20.005   16.33   21.32  141.19
  146.51  173.57 0.22388D-09  1  0  0.14253  230.94  248.83 0.21962D+15  2.562    2.564    2.106   -9.352   19.754   16.43   21.60  141.52
  146.83  173.96 0.22343D-09  1  0  0.14598  230.07  248.55 0.22566D+15  2.571    2.542    2.086   -9.672   19.494   16.53   21.90  141.85
  147.15  174.35 0.22299D-09  1  0  0.14960  229.14  248.26 0.23215D+15  2.581    2.519    2.067  -10.002   19.227   16.64   22.22  142.17
  147.48  174.73 0.22255D-09  1  0  0.15339  228.16  247.96 0.23913D+15  2.592    2.495    2.046  -10.342   18.952   16.75   22.56  142.48
  147.80  175.11 0.22211D-09  1  0  0.15738  227.13  247.64 0.24664D+15  2.603    2.470    2.025  -10.693   18.669   16.86   22.92  142.79
  148.12  175.48 0.22168D-09  1  0  0.16159  226.03  247.32 0.25474D+15  2.615    2.444    2.002  -11.054   18.377   16.98   23.31  143.09
  148.44  175.86 0.22124D-09  1  0  0.16602  224.86  246.99 0.26348D+15  2.628    2.417    1.979  -11.425   18.077   17.09   23.73  143.39
  148.76  176.22 0.22081D-09  1  0  0.17070  223.61  246.64 0.27292D+15  2.643    2.388    1.954  -11.808   17.768   17.21   24.18  143.67
  149.09  176.58 0.22038D-09  1  0  0.17565  222.28  246.29 0.28313D+15  2.658    2.358    1.929  -12.202   17.450   17.33   24.66  143.95
  149.41  176.94 0.21995D-09  1  0  0.18090  220.85  245.92 0.29417D+15  2.674    2.326    1.902  -12.607   17.123   17.46   25.18  144.22
  149.73  177.29 0.21953D-09  1  0  0.18646  219.33  245.54 0.30612D+15  2.692    2.292    1.873  -13.023   16.788   17.58   25.74  144.48
  150.05  180.84 0.21910D-09  0  0  0.19237  217.68  245.14 0.31904D+15  2.712    2.256    1.843  -13.403   16.482  150.05  150.05  150.05
  150.37  181.23 0.21868D-09  0  0  0.19867  215.91  244.74 0.33301D+15  2.733    2.218    1.811  -13.446   16.452  150.37  150.37  150.37
  150.70  181.62 0.21826D-09  0  0  0.20539  214.00  244.33 0.34809D+15  2.757    2.177    1.777  -13.492   16.420  150.70  150.70  150.70
  151.02  182.00 0.21784D-09  0  0  0.21258  211.92  243.90 0.36431D+15  2.783    2.133    1.740  -13.540   16.385  151.02  151.02  151.02
  151.34  182.39 0.21742D-09  0  0  0.22029  209.66  243.47 0.38170D+15  2.812    2.086    1.701  -13.592   16.348  151.34  151.34  151.34
  151.66  182.78 0.21701D-09  0  0  0.22857  207.19  243.04 0.40020D+15  2.844    2.035    1.659  -13.647   16.308  151.66  151.66  151.66
  151.98  183.17 0.21659D-09  0  0  0.23749  204.48  242.60 0.41968D+15  2.880    1.980    1.613  -13.707   16.265  151.98  151.98  151.98
  152.31  183.56 0.21618D-09  0  0  0.24714  201.50  242.17 0.43987D+15  2.921    1.920    1.564  -13.772   16.217  152.31  152.31  152.31
  152.63  183.94 0.21577D-09  0  0  0.25760  198.21  241.76 0.46029D+15  2.968    1.854    1.509  -13.842   16.165  152.63  152.63  152.63
  152.95  184.33 0.21536D-09  0  0  0.26897  194.55  241.37 0.48015D+15  3.022    1.782    1.450  -13.919   16.107  152.95  152.95  152.95
  153.27  184.72 0.21496D-09  0  0  0.28139  190.46  241.02 0.49818D+15  3.085    1.702    1.384  -14.004   16.043  153.27  153.27  153.27
  153.59  185.11 0.21455D-09  0  0  0.29501  185.87  240.75 0.51239D+15  3.158    1.612    1.311  -14.098   15.972  153.59  153.59  153.59
  153.92  185.50 0.21415D-09  0  0  0.31000  180.68  240.59 0.51985D+15  3.246    1.512    1.229  -14.203   15.892  153.92  153.92  153.92
  154.24  185.89 0.21375D-09  0  0  0.32100  176.79  240.57 0.51803D+15  3.315    1.436    1.167  -14.283   15.832  154.24  154.24  154.24
  154.56  186.27 0.21335D-09  0  0  0.32100  176.79  240.57 0.51515D+15  3.315    1.434    1.164  -14.290   15.832  154.56  154.56  154.56
  154.88  186.66 0.21295D-09  0  0  0.32100  176.80  240.56 0.51228D+15  3.315    1.431    1.161  -14.298   15.831  154.88  154.88  154.88
  155.20  187.05 0.21255D-09  0  0  0.32100  176.81  240.56 0.50943D+15  3.315    1.429    1.159  -14.305   15.831  155.20  155.20  155.20
  155.53  187.44 0.21216D-09  0  0  0.32100  176.81  240.56 0.50660D+15  3.315    1.426    1.156  -14.312   15.830  155.53  155.53  155.53
  155.85  187.83 0.21176D-09  0  0  0.32100  176.82  240.56 0.50379D+15  3.315    1.424    1.154  -14.319   15.830  155.85  155.85  155.85
  156.17  188.21 0.21137D-09  0  0  0.32100  176.82  240.55 0.50100D+15  3.315    1.421    1.151  -14.326   15.829  156.17  156.17  156.17
  156.49  188.60 0.21098D-09  0  0  0.32100  176.83  240.55 0.49822D+15  3.315    1.419    1.148  -14.333   15.829  156.49  156.49  156.49
  156.81  188.99 0.21060D-09  0  0  0.32100  176.83  240.55 0.49546D+15  3.315    1.416    1.146  -14.340   15.828  156.81  156.81  156.81
  157.14  189.38 0.21021D-09  0  0  0.32100  176.84  240.55 0.49271D+15  3.315    1.414    1.143  -14.348   15.828  157.14  157.14  157.14
  157.46  189.77 0.20982D-09  0  0  0.32100  176.85  240.54 0.48998D+15  3.315    1.411    1.141  -14.355   15.828  157.46  157.46  157.46
  157.78  190.15 0.20944D-09  0  0  0.32100  176.85  240.54 0.48727D+15  3.315    1.409    1.138  -14.362   15.827  157.78  157.78  157.78
  158.10  190.54 0.20906D-09  0  0  0.32100  176.86  240.54 0.48458D+15  3.315    1.406    1.136  -14.369   15.827  158.10  158.10  158.10
  158.42  190.93 0.20868D-09  0  0  0.32100  176.86  240.53 0.48190D+15  3.314    1.404    1.133  -14.376   15.826  158.42  158.42  158.42
  158.75  191.32 0.20830D-09  0  0  0.32100  176.87  240.53 0.47924D+15  3.314    1.402    1.131  -14.383   15.826  158.75  158.75  158.75
  159.07  191.71 0.20792D-09  0  0  0.32100  176.88  240.52 0.47659D+15  3.314    1.399    1.129  -14.390   15.826  159.07  159.07  159.07
  159.39  192.09 0.20755D-09  0  0  0.32100  176.88  240.52 0.47396D+15  3.314    1.397    1.126  -14.397   15.825  159.39  159.39  159.39
  159.71  192.48 0.20717D-09  0  0  0.32100  176.89  240.52 0.47135D+15  3.314    1.394    1.124  -14.404   15.825  159.71  159.71  159.71
  160.03  192.87 0.20680D-09  0  0  0.32100  176.89  240.51 0.46875D+15  3.314    1.392    1.121  -14.411   15.825  160.03  160.03  160.03
  160.36  193.26 0.20643D-09  0  0  0.32100  176.90  240.51 0.46616D+15  3.314    1.390    1.119  -14.418   15.824  160.36  160.36  160.36
  160.68  193.65 0.20606D-09  0  0  0.32100  176.90  240.50 0.46360D+15  3.314    1.387    1.116  -14.425   15.824  160.68  160.68  160.68
  161.00  194.03 0.20569D-09  0  0  0.32100  176.91  240.50 0.46104D+15  3.314    1.385    1.114  -14.432   15.824  161.00  161.00  161.00
