R_tot = 1561.0 R_core =  1400.0  Tsurf =   100.00  g =  1.310
   zbot    P(MPa) Hint     conv melt pCLA   Tbot     Tm     etam        k   Fcond_bot Fcond_top   Fbot     Ftop    dlid z_topTBL z_botTBL
    0.00   -0.00 0.11024D-05  0  0  0.01105  273.24  261.57 0.18035D+15  2.167    0.000    0.000    0.000    0.000    0.00    0.00    0.00
    0.32    0.39 0.11026D-06  0  0  0.01108  273.21  264.86 0.12766D+15  2.167 1398.882 1398.305 1382.549 1414.636    0.32    0.32    0.32
    0.64    0.77 0.55143D-07  0  0  0.01110  273.18  265.40 0.12047D+15  2.167  699.459  698.882  683.121  715.215    0.64    0.64    0.64
    0.97    1.16 0.36770D-07  0  0  0.01113  273.15  265.74 0.11600D+15  2.168  466.317  465.740  449.975  482.076    0.97    0.97    0.97
    1.29    1.55 0.27583D-07  0  0  0.01115  273.12  266.00 0.11272D+15  2.168  349.747  349.170  333.400  365.507    1.29    1.29    1.29
    1.61    1.94 0.22071D-07  0  0  0.01118  273.08  266.20 0.11012D+15  2.168  279.804  279.227  263.453  295.567    1.61    1.61    1.61
    1.93    2.33 0.18396D-07  0  0  0.01120  273.05  266.36 0.10796D+15  2.168  233.176  232.599  216.820  248.941    1.93    1.93    1.93
    2.25    2.71 0.15771D-07  0  0  0.01123  273.02  266.50 0.10610D+15  2.169  199.870  199.293  183.509  215.637    2.25    2.25    2.25
    2.58    3.10 0.13803D-07  0  0  0.01125  272.99  266.63 0.10448D+15  2.169  174.890  174.313  158.525  190.660    2.58    2.58    2.58
    2.90    3.49 0.12272D-07  0  0  0.01128  272.96  266.74 0.10304D+15  2.169  155.462  154.885  139.092  171.234    2.90    2.90    2.90
    3.22    3.88 0.11047D-07  0  0  0.01131  272.93  266.83 0.10174D+15  2.170  139.919  139.342  123.545  155.693    3.22    3.22    3.22
    3.54    4.27 0.10045D-07  0  0  0.01133  272.89  266.92 0.10056D+15  2.170  127.202  126.625  110.823  142.979    3.54    3.54    3.54
    3.86    4.65 0.92095D-08  0  0  0.01136  272.86  267.00 0.99472D+14  2.170  116.604  116.028  100.221  132.383    3.86    3.86    3.86
    4.19    5.04 0.85028D-08  0  0  0.01138  272.83  267.07 0.98468D+14  2.170  107.637  107.061   91.250  123.419    4.19    4.19    4.19
    4.51    5.43 0.78971D-08  0  0  0.01141  272.80  267.13 0.97534D+14  2.171   99.951   99.374   83.559  115.735    4.51    4.51    4.51
    4.83    5.82 0.73721D-08  0  0  0.01144  272.77  267.19 0.96662D+14  2.171   93.290   92.713   76.893  109.076    4.83    4.83    4.83
    5.15    6.21 0.69128D-08  0  0  0.01146  272.74  267.25 0.95842D+14  2.171   87.461   86.884   71.060  103.249    5.15    5.15    5.15
    5.47    6.59 0.65075D-08  0  0  0.01149  272.70  267.30 0.95070D+14  2.171   82.318   81.742   65.912   98.109    5.47    5.47    5.47
    5.80    6.98 0.61473D-08  0  0  0.01151  272.67  267.35 0.94340D+14  2.172   77.746   77.170   61.336   93.539    5.80    5.80    5.80
    6.12    7.37 0.58249D-08  0  0  0.01154  272.64  267.39 0.93648D+14  2.172   73.656   73.080   57.241   89.451    6.12    6.12    6.12
    6.44    7.76 0.55348D-08  0  0  0.01157  272.61  267.43 0.92989D+14  2.172   69.975   69.398   53.556   85.772    6.44    6.44    6.44
    6.76    8.15 0.52723D-08  0  0  0.01159  272.57  267.47 0.92361D+14  2.173   66.644   66.068   50.220   82.444    6.76    6.76    6.76
    7.08    8.54 0.50337D-08  0  0  0.01162  272.54  267.51 0.91761D+14  2.173   63.616   63.040   47.188   79.418    7.08    7.08    7.08
    7.41    8.92 0.48159D-08  0  0  0.01165  272.51  267.54 0.91186D+14  2.173   60.851   60.275   44.419   76.656    7.41    7.41    7.41
    7.73    9.31 0.46162D-08  0  0  0.01168  272.48  267.57 0.90635D+14  2.173   58.317   57.741   41.880   74.124    7.73    7.73    7.73
    8.05    9.70 0.44324D-08  0  0  0.01170  272.45  267.60 0.90105D+14  2.174   55.985   55.409   39.544   71.794    8.05    8.05    8.05
    8.37   10.09 0.42628D-08  0  0  0.01173  272.41  267.63 0.89596D+14  2.174   53.833   53.257   37.387   69.644    8.37    8.37    8.37
    8.69   10.48 0.41058D-08  0  0  0.01176  272.38  267.65 0.89104D+14  2.174   51.840   51.264   35.389   67.654    8.69    8.69    8.69
    9.02   10.86 0.39600D-08  0  0  0.01179  272.35  267.67 0.88630D+14  2.174   49.990   49.414   33.534   65.806    9.02    9.02    9.02
    9.34   11.25 0.38242D-08  0  0  0.01181  272.31  267.70 0.88172D+14  2.175   48.267   47.691   31.807   64.085    9.34    9.34    9.34
    9.66   11.64 0.36975D-08  0  0  0.01184  272.28  267.72 0.87729D+14  2.175   46.659   46.083   30.194   62.479    9.66    9.66    9.66
    9.98   12.03 0.35790D-08  0  0  0.01187  272.25  267.74 0.87300D+14  2.175   45.154   44.579   28.685   60.977    9.98    9.98    9.98
   10.30   12.42 0.34679D-08  0  0  0.01190  272.22  267.75 0.86883D+14  2.176   43.744   43.168   27.271   59.569   10.30   10.30   10.30
   10.63   12.80 0.33635D-08  0  0  0.01193  272.18  267.77 0.86480D+14  2.176   42.419   41.844   25.941   58.247   10.63   10.63   10.63
   10.95   13.19 0.32652D-08  0  0  0.01195  272.15  267.79 0.86088D+14  2.176   41.172   40.597   24.690   57.002   10.95   10.95   10.95
   11.27   13.58 0.31726D-08  0  0  0.01198  272.12  267.80 0.85706D+14  2.176   39.997   39.421   23.510   55.829   11.27   11.27   11.27
   11.59   13.97 0.30851D-08  0  0  0.01201  272.09  267.81 0.85336D+14  2.177   38.886   38.311   22.395   54.721   11.59   11.59   11.59
   11.91   14.36 0.30023D-08  0  0  0.01204  272.05  267.83 0.84975D+14  2.177   37.836   37.261   21.340   53.673   11.91   11.91   11.91
   12.24   14.74 0.29239D-08  0  0  0.01207  272.02  267.84 0.84623D+14  2.177   36.841   36.266   20.340   52.680   12.24   12.24   12.24
   12.56   15.13 0.28495D-08  0  0  0.01210  271.99  267.85 0.84280D+14  2.178   35.897   35.321   19.391   51.738   12.56   12.56   12.56
   12.88   15.52 0.27789D-08  0  0  0.01213  271.95  267.86 0.83945D+14  2.178   35.000   34.425   18.490   50.844   12.88   12.88   12.88
   13.20   15.55 0.27117D-08  1  0  0.01216  271.92  267.87 0.83619D+14  2.178   34.147   33.572   17.698   50.058    8.66   11.92   12.61
   13.52   15.94 0.26476D-08  1  0  0.01219  271.89  267.87 0.83300D+14  2.178   33.334   32.759   17.529   49.884    8.69   11.87   12.93
   13.85   16.33 0.25866D-08  1  0  0.01222  271.85  267.88 0.82989D+14  2.179   32.559   31.984   17.365   49.716    8.71   11.82   13.25
   14.17   16.72 0.25283D-08  1  0  0.01224  271.82  267.89 0.82684D+14  2.179   31.820   31.245   17.204   49.551    8.74   11.77   13.57
   14.49   17.11 0.24727D-08  1  0  0.01227  271.79  267.89 0.82386D+14  2.179   31.113   30.538   17.048   49.391    8.76   11.73   13.90
   14.81   17.49 0.24194D-08  1  0  0.01230  271.75  267.90 0.82094D+14  2.180   30.437   29.862   16.896   49.234    8.79   11.69   14.22
   15.13   17.88 0.23684D-08  1  0  0.01233  271.72  267.90 0.81809D+14  2.180   29.790   29.215   16.747   49.081    8.81   11.66   14.54
   15.46   18.27 0.23196D-08  1  0  0.01236  271.69  267.91 0.81529D+14  2.180   29.170   28.595   16.602   48.932    8.84   11.63   14.86
   15.78   18.66 0.22727D-08  1  0  0.01239  271.65  267.91 0.81255D+14  2.180   28.575   28.000   16.460   48.786    8.86   11.60   15.19
   16.10   19.05 0.22277D-08  1  0  0.01243  271.62  267.91 0.80986D+14  2.181   28.004   27.429   16.321   48.644    8.88   11.57   15.51
   16.42   19.44 0.21845D-08  1  0  0.01246  271.59  267.92 0.80723D+14  2.181   27.455   26.880   16.186   48.504    8.90   11.54   15.83
   16.74   19.82 0.21429D-08  1  0  0.01249  271.55  267.92 0.80464D+14  2.181   26.927   26.353   16.053   48.368    8.92   11.52   16.16
   17.07   20.21 0.21029D-08  1  0  0.01252  271.52  267.92 0.80210D+14  2.182   26.420   25.845   15.923   48.234    8.95   11.50   16.48
   17.39   20.60 0.20644D-08  1  0  0.01255  271.48  267.92 0.79961D+14  2.182   25.931   25.356   15.796   48.103    8.97   11.48   16.80
   17.71   20.99 0.20273D-08  1  0  0.01258  271.45  267.92 0.79717D+14  2.182   25.459   24.885   15.671   47.975    8.99   11.46   17.12
   18.03   21.38 0.19915D-08  1  0  0.01261  271.42  267.92 0.79476D+14  2.182   25.005   24.431   15.549   47.849    9.01   11.45   17.45
   18.35   21.77 0.19570D-08  1  0  0.01264  271.38  267.92 0.79240D+14  2.183   24.567   23.992   15.429   47.726    9.03   11.43   17.77
   18.68   22.16 0.19236D-08  1  0  0.01267  271.35  267.92 0.79008D+14  2.183   24.143   23.569   15.311   47.605    9.04   11.42   18.09
   19.00   22.55 0.18914D-08  1  0  0.01271  271.31  267.91 0.78780D+14  2.183   23.734   23.160   15.196   47.486    9.06   11.40   18.42
   19.32   22.93 0.18603D-08  1  0  0.01274  271.28  267.91 0.78555D+14  2.184   23.339   22.765   15.083   47.369    9.08   11.39   18.74
   19.64   23.32 0.18302D-08  1  0  0.01277  271.25  267.91 0.78335D+14  2.184   22.957   22.383   14.972   47.255    9.10   11.38   19.06
   19.96   23.71 0.18010D-08  1  0  0.01280  271.21  267.91 0.78117D+14  2.184   22.587   22.013   14.862   47.142    9.12   11.37   19.39
   20.29   24.10 0.17728D-08  1  0  0.01283  271.18  267.90 0.77903D+14  2.184   22.228   21.654   14.755   47.031    9.14   11.36   19.71
   20.61   24.49 0.17454D-08  1  0  0.01287  271.14  267.90 0.77693D+14  2.185   21.881   21.307   14.649   46.923    9.15   11.35   20.03
   20.93   24.88 0.17190D-08  1  0  0.01290  271.11  267.89 0.77485D+14  2.185   21.545   20.971   14.546   46.816    9.17   11.35   20.36
   21.25   25.27 0.16933D-08  1  0  0.01293  271.07  267.89 0.77281D+14  2.185   21.218   20.645   14.443   46.710    9.19   11.34   20.68
   21.57   25.66 0.16683D-08  1  0  0.01296  271.04  267.88 0.77080D+14  2.186   20.902   20.328   14.343   46.607    9.20   11.33   21.00
   21.90   26.05 0.16441D-08  1  0  0.01300  271.01  267.88 0.76882D+14  2.186   20.595   20.021   14.244   46.505    9.22   11.33   21.33
   22.22   26.43 0.16206D-08  1  0  0.01303  270.97  267.87 0.76686D+14  2.186   20.296   19.723   14.147   46.404    9.24   11.32   21.65
   22.54   26.82 0.15978D-08  1  0  0.01306  270.94  267.87 0.76494D+14  2.187   20.006   19.433   14.051   46.306    9.25   11.32   21.97
   22.86   27.21 0.15756D-08  1  0  0.01310  270.90  267.86 0.76304D+14  2.187   19.725   19.151   13.956   46.208    9.27   11.31   22.30
   23.18   27.60 0.15541D-08  1  0  0.01313  270.87  267.85 0.76117D+14  2.187   19.451   18.877   13.863   46.112    9.28   11.31   22.62
   23.51   27.99 0.15331D-08  1  0  0.01317  270.83  267.85 0.75932D+14  2.187   19.185   18.611   13.772   46.018    9.30   11.31   22.94
   23.83   28.38 0.15127D-08  1  0  0.01320  270.80  267.84 0.75750D+14  2.188   18.925   18.352   13.681   45.924    9.31   11.31   23.27
   24.15   28.77 0.14928D-08  1  0  0.01323  270.76  267.83 0.75570D+14  2.188   18.673   18.100   13.592   45.832    9.33   11.30   23.59
   24.47   29.16 0.14735D-08  1  0  0.01327  270.73  267.83 0.75393D+14  2.188   18.428   17.854   13.504   45.742    9.34   11.30   23.91
   24.79   29.55 0.14547D-08  1  0  0.01330  270.69  267.82 0.75218D+14  2.189   18.188   17.615   13.417   45.652    9.36   11.30   24.24
   25.12   29.94 0.14363D-08  1  0  0.01334  270.66  267.81 0.75045D+14  2.189   17.955   17.382   13.332   45.564    9.37   11.30   24.56
   25.44   30.32 0.14184D-08  1  0  0.01337  270.62  267.80 0.74874D+14  2.189   17.728   17.155   13.247   45.477    9.39   11.30   24.88
   25.76   30.71 0.14010D-08  1  0  0.01341  270.59  267.79 0.74706D+14  2.190   17.506   16.933   13.164   45.391    9.40   11.30   25.21
   26.08   31.10 0.13840D-08  1  0  0.01344  270.55  267.78 0.74540D+14  2.190   17.290   16.717   13.082   45.306    9.41   11.30   25.53
   26.40   31.49 0.13674D-08  1  0  0.01348  270.52  267.77 0.74375D+14  2.190   17.080   16.507   13.000   45.222    9.43   11.30   25.86
   26.73   31.88 0.13512D-08  1  0  0.01351  270.48  267.76 0.74213D+14  2.190   16.874   16.301   12.920   45.139    9.44   11.30   26.18
   27.05   32.27 0.13354D-08  1  0  0.01355  270.44  267.75 0.74053D+14  2.191   16.673   16.100   12.841   45.057    9.45   11.30   26.50
   27.37   32.66 0.13200D-08  1  0  0.01358  270.41  267.74 0.73894D+14  2.191   16.477   15.904   12.762   44.976    9.47   11.30   26.83
   27.69   33.05 0.13049D-08  1  0  0.01362  270.37  267.73 0.73738D+14  2.191   16.285   15.713   12.685   44.896    9.48   11.30   27.15
   28.01   33.44 0.12901D-08  1  0  0.01366  270.34  267.72 0.73583D+14  2.192   16.098   15.525   12.608   44.817    9.49   11.30   27.47
   28.34   33.83 0.12757D-08  1  0  0.01369  270.30  267.71 0.73430D+14  2.192   15.915   15.343   12.533   44.739    9.51   11.31   27.80
   28.66   34.22 0.12617D-08  1  0  0.01373  270.27  267.70 0.73279D+14  2.192   15.736   15.164   12.458   44.662    9.52   11.31   28.12
   28.98   34.60 0.12479D-08  1  0  0.01377  270.23  267.69 0.73130D+14  2.193   15.561   14.989   12.384   44.586    9.53   11.31   28.45
   29.30   34.99 0.12345D-08  1  0  0.01380  270.19  267.68 0.72982D+14  2.193   15.390   14.818   12.310   44.510    9.54   11.31   28.77
   29.62   35.38 0.12213D-08  1  0  0.01384  270.16  267.66 0.72836D+14  2.193   15.223   14.651   12.238   44.436    9.55   11.32   29.09
   29.95   35.77 0.12084D-08  1  0  0.01388  270.12  267.65 0.72692D+14  2.194   15.059   14.487   12.166   44.362    9.57   11.32   29.42
   30.27   36.16 0.11958D-08  1  0  0.01391  270.09  267.64 0.72549D+14  2.194   14.899   14.327   12.095   44.289    9.58   11.32   29.74
   30.59   36.55 0.11835D-08  1  0  0.01395  270.05  267.63 0.72408D+14  2.194   14.742   14.170   12.025   44.216    9.59   11.32   30.07
   30.91   36.94 0.11714D-08  1  0  0.01399  270.01  267.61 0.72268D+14  2.194   14.589   14.017   11.956   44.144    9.60   11.33   30.39
   31.23   37.33 0.11595D-08  1  0  0.01403  269.98  267.60 0.72130D+14  2.195   14.438   13.866   11.887   44.074    9.61   11.33   30.71
   31.56   37.72 0.11480D-08  1  0  0.01407  269.94  267.59 0.71993D+14  2.195   14.291   13.719   11.819   44.003    9.62   11.33   31.04
   31.88   38.11 0.11366D-08  1  0  0.01411  269.90  267.58 0.71858D+14  2.195   14.147   13.575   11.751   43.934    9.63   11.34   31.36
   32.20   38.50 0.11255D-08  1  0  0.01414  269.87  267.56 0.71724D+14  2.196   14.005   13.433   11.684   43.865    9.65   11.34   31.69
   32.52   38.89 0.11145D-08  1  0  0.01418  269.83  267.55 0.71591D+14  2.196   13.866   13.294   11.618   43.797    9.66   11.34   32.01
   32.84   39.28 0.11039D-08  1  0  0.01422  269.80  267.53 0.71460D+14  2.196   13.730   13.159   11.553   43.729    9.67   11.35   32.33
   33.17   39.67 0.10934D-08  1  0  0.01426  269.76  267.52 0.71330D+14  2.197   13.597   13.025   11.488   43.662    9.68   11.35   32.66
   33.49   40.06 0.10831D-08  1  0  0.01430  269.72  267.51 0.71202D+14  2.197   13.466   12.894   11.423   43.596    9.69   11.36   32.98
   33.81   40.45 0.10730D-08  1  0  0.01434  269.69  267.49 0.71075D+14  2.197   13.338   12.766   11.359   43.530    9.70   11.36   33.31
   34.13   40.83 0.10631D-08  1  0  0.01438  269.65  267.48 0.70949D+14  2.198   13.212   12.640   11.296   43.465    9.71   11.36   33.63
   34.45   41.22 0.10534D-08  1  0  0.01442  269.61  267.46 0.70824D+14  2.198   13.088   12.517   11.233   43.400    9.72   11.37   33.96
   34.78   41.61 0.10438D-08  1  0  0.01446  269.57  267.45 0.70701D+14  2.198   12.967   12.396   11.171   43.336    9.73   11.37   34.28
   35.10   42.00 0.10345D-08  1  0  0.01450  269.54  267.43 0.70579D+14  2.199   12.848   12.277   11.109   43.273    9.74   11.38   34.60
   35.42   42.39 0.10253D-08  1  0  0.01454  269.50  267.42 0.70458D+14  2.199   12.731   12.160   11.048   43.210    9.75   11.38   34.93
   35.74   42.78 0.10162D-08  1  0  0.01458  269.46  267.40 0.70338D+14  2.199   12.616   12.045   10.987   43.148    9.76   11.39   35.25
   36.06   43.17 0.10074D-08  1  0  0.01462  269.43  267.38 0.70219D+14  2.199   12.503   11.932   10.927   43.086    9.77   11.39   35.58
   36.39   43.56 0.99868D-09  1  0  0.01466  269.39  267.37 0.70102D+14  2.200   12.393   11.822   10.867   43.024    9.78   11.40   35.90
   36.71   43.95 0.99012D-09  1  0  0.01471  269.35  267.35 0.69985D+14  2.200   12.284   11.713   10.808   42.963    9.79   11.40   36.23
   37.03   44.34 0.98172D-09  1  0  0.01475  269.31  267.34 0.69870D+14  2.200   12.177   11.606   10.749   42.903    9.80   11.41   36.55
   37.35   44.73 0.97346D-09  1  0  0.01479  269.28  267.32 0.69756D+14  2.201   12.072   11.501   10.691   42.843    9.81   11.41   36.88
   37.67   45.12 0.96534D-09  1  0  0.01483  269.24  267.30 0.69643D+14  2.201   11.969   11.398   10.633   42.783    9.82   11.42   37.20
   38.00   45.51 0.95735D-09  1  0  0.01487  269.20  267.29 0.69531D+14  2.201   11.867   11.296   10.575   42.724    9.83   11.42   37.53
   38.32   45.90 0.94951D-09  1  0  0.01492  269.16  267.27 0.69420D+14  2.202   11.767   11.197   10.518   42.666    9.84   11.43   37.85
   38.64   46.29 0.94179D-09  1  0  0.01496  269.13  267.25 0.69310D+14  2.202   11.669   11.098   10.462   42.608    9.85   11.43   38.17
   38.96   46.68 0.93420D-09  1  0  0.01500  269.09  267.24 0.69201D+14  2.202   11.572   11.002   10.405   42.550    9.85   11.44   38.50
   39.28   47.07 0.92674D-09  1  0  0.01505  269.05  267.22 0.69093D+14  2.203   11.477   10.907   10.349   42.493    9.86   11.44   38.82
   39.61   47.46 0.91939D-09  1  0  0.01509  269.01  267.20 0.68986D+14  2.203   11.384   10.814   10.294   42.436    9.87   11.45   39.15
   39.93   47.85 0.91217D-09  1  0  0.01513  268.97  267.18 0.68880D+14  2.203   11.292   10.722   10.239   42.379    9.88   11.45   39.47
   40.25   48.24 0.90506D-09  1  0  0.01518  268.94  267.16 0.68775D+14  2.204   11.201   10.631   10.184   42.323    9.89   11.46   39.80
   40.57   48.63 0.89806D-09  1  0  0.01522  268.90  267.15 0.68671D+14  2.204   11.112   10.542   10.129   42.267    9.90   11.46   40.12
   40.89   49.02 0.89118D-09  1  0  0.01527  268.86  267.13 0.68567D+14  2.204   11.025   10.455   10.075   42.212    9.91   11.47   40.45
   41.22   49.41 0.88440D-09  1  0  0.01531  268.82  267.11 0.68465D+14  2.205   10.938   10.368   10.022   42.157    9.92   11.47   40.77
   41.54   49.80 0.87773D-09  1  0  0.01536  268.78  267.09 0.68364D+14  2.205   10.853   10.283    9.968   42.102    9.92   11.48   41.10
   41.86   50.19 0.87115D-09  1  0  0.01540  268.74  267.07 0.68264D+14  2.205   10.770   10.200    9.915   42.048    9.93   11.49   41.42
   42.18   50.58 0.86468D-09  1  0  0.01545  268.70  267.05 0.68164D+14  2.206   10.687   10.118    9.862   41.994    9.94   11.49   41.75
   42.50   50.97 0.85831D-09  1  0  0.01549  268.67  267.04 0.68065D+14  2.206   10.606   10.036    9.810   41.940    9.95   11.50   42.07
   42.83   51.36 0.85204D-09  1  0  0.01554  268.63  267.02 0.67968D+14  2.206   10.526    9.957    9.758   41.887    9.96   11.50   42.40
   43.15   51.75 0.84585D-09  1  0  0.01558  268.59  267.00 0.67871D+14  2.207   10.448    9.878    9.706   41.834    9.97   11.51   42.72
   43.47   52.13 0.83976D-09  1  0  0.01563  268.55  266.98 0.67775D+14  2.207   10.370    9.800    9.654   41.782    9.97   11.52   43.05
   43.79   52.52 0.83376D-09  1  0  0.01568  268.51  266.96 0.67679D+14  2.207   10.294    9.724    9.603   41.729    9.98   11.52   43.37
   44.11   52.91 0.82785D-09  1  0  0.01572  268.47  266.94 0.67585D+14  2.208   10.218    9.649    9.552   41.677    9.99   11.53   43.70
   44.44   53.30 0.82202D-09  1  0  0.01577  268.43  266.92 0.67492D+14  2.208   10.144    9.575    9.501   41.626   10.00   11.53   44.02
   44.76   53.69 0.81628D-09  1  0  0.01582  268.39  266.90 0.67399D+14  2.208   10.071    9.502    9.451   41.574   10.01   11.54   44.35
   45.08   54.08 0.81062D-09  1  0  0.01587  268.35  266.88 0.67307D+14  2.209    9.999    9.429    9.401   41.523   10.01   11.55   44.67
   45.40   54.47 0.80503D-09  1  0  0.01591  268.31  266.86 0.67216D+14  2.209    9.927    9.358    9.351   41.472   10.02   11.55   45.00
   45.72   54.86 0.79953D-09  1  0  0.01596  268.28  266.84 0.67125D+14  2.209    9.857    9.288    9.301   41.422   10.03   11.56   45.32
   46.05   55.25 0.79411D-09  1  0  0.01601  268.24  266.82 0.67036D+14  2.210    9.788    9.219    9.252   41.372   10.04   11.56   45.65
   46.37   55.64 0.78876D-09  1  0  0.01606  268.20  266.80 0.66947D+14  2.210    9.720    9.151    9.203   41.322   10.04   11.57   45.97
   46.69   56.03 0.78348D-09  1  0  0.01611  268.16  266.78 0.66859D+14  2.210    9.653    9.084    9.154   41.272   10.05   11.58   46.30
   47.01   56.42 0.77827D-09  1  0  0.01616  268.12  266.76 0.66772D+14  2.211    9.586    9.018    9.105   41.222   10.06   11.58   46.62
   47.33   56.81 0.77314D-09  1  0  0.01621  268.08  266.74 0.66685D+14  2.211    9.521    8.952    9.057   41.173   10.07   11.59   46.95
   47.66   57.20 0.76808D-09  1  0  0.01626  268.04  266.71 0.66600D+14  2.211    9.456    8.888    9.008   41.124   10.07   11.59   47.27
   47.98   57.60 0.76308D-09  1  0  0.01631  268.00  266.69 0.66515D+14  2.212    9.393    8.824    8.960   41.076   10.08   11.60   47.60
   48.30   57.99 0.75815D-09  1  0  0.01636  267.96  266.67 0.66430D+14  2.212    9.330    8.761    8.913   41.027   10.09   11.61   47.93
   48.62   58.38 0.75329D-09  1  0  0.01641  267.92  266.65 0.66347D+14  2.213    9.268    8.699    8.865   40.979   10.10   11.61   48.25
   48.94   58.77 0.74849D-09  1  0  0.01646  267.88  266.63 0.66264D+14  2.213    9.207    8.638    8.818   40.931   10.10   11.62   48.58
   49.27   59.16 0.74375D-09  1  0  0.01651  267.84  266.61 0.66182D+14  2.213    9.146    8.578    8.770   40.883   10.11   11.63   48.90
   49.59   59.55 0.73908D-09  1  0  0.01656  267.80  266.58 0.66101D+14  2.214    9.086    8.518    8.724   40.836   10.12   11.63   49.23
   49.91   59.94 0.73446D-09  1  0  0.01662  267.75  266.56 0.66020D+14  2.214    9.028    8.460    8.677   40.788   10.13   11.64   49.55
   50.23   60.33 0.72990D-09  1  0  0.01667  267.71  266.54 0.65940D+14  2.214    8.969    8.402    8.630   40.741   10.13   11.64   49.88
   50.55   60.72 0.72541D-09  1  0  0.01672  267.67  266.52 0.65861D+14  2.215    8.912    8.344    8.584   40.694   10.14   11.65   50.20
   50.88   61.11 0.72097D-09  1  0  0.01677  267.63  266.50 0.65782D+14  2.215    8.855    8.288    8.538   40.648   10.15   11.66   50.53
   51.20   61.50 0.71658D-09  1  0  0.01683  267.59  266.47 0.65704D+14  2.215    8.799    8.232    8.492   40.601   10.15   11.66   50.86
   51.52   61.89 0.71225D-09  1  0  0.01688  267.55  266.45 0.65627D+14  2.216    8.744    8.177    8.446   40.555   10.16   11.67   51.18
   51.84   62.28 0.70797D-09  1  0  0.01693  267.51  266.43 0.65550D+14  2.216    8.690    8.122    8.400   40.509   10.17   11.68   51.51
   52.16   62.67 0.70375D-09  1  0  0.01699  267.47  266.40 0.65474D+14  2.216    8.636    8.068    8.354   40.463   10.17   11.68   51.83
   52.49   63.06 0.69958D-09  1  0  0.01704  267.43  266.38 0.65399D+14  2.217    8.582    8.015    8.309   40.417   10.18   11.69   52.16
   52.81   63.45 0.69546D-09  1  0  0.01710  267.39  266.36 0.65324D+14  2.217    8.530    7.962    8.264   40.372   10.19   11.70   52.48
   53.13   63.84 0.69139D-09  1  0  0.01715  267.34  266.33 0.65251D+14  2.217    8.478    7.911    8.219   40.326   10.19   11.70   52.81
   53.45   64.23 0.68737D-09  1  0  0.01721  267.30  266.31 0.65177D+14  2.218    8.426    7.859    8.174   40.281   10.20   11.71   53.14
   53.77   64.62 0.68339D-09  1  0  0.01727  267.26  266.29 0.65105D+14  2.218    8.376    7.809    8.129   40.236   10.21   11.72   53.46
   54.10   65.01 0.67947D-09  1  0  0.01732  267.22  266.26 0.65033D+14  2.219    8.326    7.759    8.085   40.192   10.21   11.72   53.79
   54.42   65.40 0.67559D-09  1  0  0.01738  267.18  266.24 0.64961D+14  2.219    8.276    7.709    8.040   40.147   10.22   11.73   54.11
   54.74   65.79 0.67175D-09  1  0  0.01743  267.14  266.22 0.64891D+14  2.219    8.227    7.660    7.996   40.102   10.23   11.74   54.44
   55.06   66.18 0.66796D-09  1  0  0.01749  267.09  266.19 0.64820D+14  2.220    8.179    7.612    7.952   40.058   10.23   11.74   54.77
   55.38   66.57 0.66422D-09  1  0  0.01755  267.05  266.17 0.64751D+14  2.220    8.131    7.564    7.908   40.014   10.24   11.75   55.09
   55.71   66.96 0.66052D-09  1  0  0.01761  267.01  266.14 0.64682D+14  2.220    8.083    7.517    7.864   39.970   10.25   11.76   55.42
   56.03   67.36 0.65686D-09  1  0  0.01767  266.97  266.12 0.64614D+14  2.221    8.037    7.470    7.820   39.926   10.25   11.76   55.75
   56.35   67.75 0.65324D-09  1  0  0.01772  266.93  266.09 0.64546D+14  2.221    7.990    7.424    7.776   39.883   10.26   11.77   56.07
   56.67   68.14 0.64967D-09  1  0  0.01778  266.88  266.07 0.64479D+14  2.221    7.945    7.378    7.733   39.839   10.27   11.78   56.40
   56.99   68.53 0.64613D-09  1  0  0.01784  266.84  266.05 0.64413D+14  2.222    7.899    7.333    7.689   39.796   10.27   11.78   56.73
   57.32   68.92 0.64264D-09  1  0  0.01790  266.80  266.02 0.64347D+14  2.222    7.855    7.289    7.646   39.752   10.28   11.79   57.05
   57.64   69.31 0.63918D-09  1  0  0.01796  266.75  266.00 0.64282D+14  2.223    7.811    7.244    7.603   39.709   10.29   11.80   57.38
   57.96   69.70 0.63576D-09  1  0  0.01802  266.71  265.97 0.64218D+14  2.223    7.767    7.201    7.560   39.666   10.29   11.80   57.70
   58.28   70.09 0.63238D-09  1  0  0.01808  266.67  265.94 0.64154D+14  2.223    7.724    7.158    7.517   39.623   10.30   11.81   58.03
   58.60   70.48 0.62904D-09  1  0  0.01815  266.63  265.92 0.64090D+14  2.224    7.681    7.115    7.474   39.581   10.30   11.82   58.36
   58.93   70.87 0.62573D-09  1  0  0.01821  266.58  265.89 0.64028D+14  2.224    7.638    7.073    7.431   39.538   10.31   11.83   58.68
   59.25   71.26 0.62246D-09  1  0  0.01827  266.54  265.87 0.63965D+14  2.224    7.597    7.031    7.388   39.496   10.32   11.83   59.01
   59.57   71.65 0.61922D-09  1  0  0.01833  266.50  265.84 0.63904D+14  2.225    7.555    6.990    7.346   39.453   10.32   11.84   59.34
   59.89   72.05 0.61602D-09  1  0  0.01840  266.45  265.82 0.63843D+14  2.225    7.514    6.949    7.303   39.411   10.33   11.85   59.67
   60.21   72.44 0.61286D-09  1  0  0.01846  266.41  265.79 0.63783D+14  2.226    7.474    6.908    7.261   39.369   10.34   11.85   59.99
   60.54   72.83 0.60972D-09  1  0  0.01852  266.36  265.76 0.63723D+14  2.226    7.434    6.868    7.218   39.327   10.34   11.86   60.32
   60.86   73.22 0.60663D-09  1  0  0.01859  266.32  265.74 0.63664D+14  2.226    7.394    6.829    7.176   39.285   10.35   11.87   60.65
   61.18   73.61 0.60356D-09  1  0  0.01865  266.28  265.71 0.63605D+14  2.227    7.355    6.789    7.134   39.243   10.35   11.87   60.97
   61.50   74.00 0.60052D-09  1  0  0.01872  266.23  265.68 0.63547D+14  2.227    7.316    6.751    7.092   39.201   10.36   11.88   61.30
   61.82   74.39 0.59752D-09  1  0  0.01878  266.19  265.66 0.63490D+14  2.228    7.277    6.712    7.050   39.160   10.37   11.89   61.63
   62.15   74.78 0.59455D-09  1  0  0.01885  266.14  265.63 0.63433D+14  2.228    7.239    6.674    7.008   39.118   10.37   11.90   61.96
   62.47   75.17 0.59161D-09  1  0  0.01891  266.10  265.60 0.63376D+14  2.228    7.202    6.637    6.966   39.077   10.38   11.90   62.28
   62.79   75.57 0.58870D-09  1  0  0.01898  266.06  265.58 0.63321D+14  2.229    7.164    6.599    6.924   39.036   10.38   11.91   62.61
   63.11   75.96 0.58582D-09  1  0  0.01905  266.01  265.55 0.63266D+14  2.229    7.127    6.563    6.882   38.995   10.39   11.92   62.94
   63.43   76.35 0.58296D-09  1  0  0.01912  265.97  265.52 0.63211D+14  2.229    7.091    6.526    6.840   38.953   10.40   11.92   63.27
   63.76   76.74 0.58014D-09  1  0  0.01918  265.92  265.50 0.63157D+14  2.230    7.054    6.490    6.799   38.912   10.40   11.93   63.59
   64.08   77.13 0.57735D-09  1  0  0.01925  265.88  265.47 0.63104D+14  2.230    7.019    6.454    6.757   38.871   10.41   11.94   63.92
   64.40   77.52 0.57458D-09  1  0  0.01932  265.83  265.44 0.63051D+14  2.231    6.983    6.419    6.716   38.831   10.41   11.95   64.25
   64.72   77.92 0.57184D-09  1  0  0.01939  265.79  265.41 0.62999D+14  2.231    6.948    6.384    6.674   38.790   10.42   11.95   64.58
   65.04   78.31 0.56913D-09  1  0  0.01946  265.74  265.38 0.62947D+14  2.231    6.913    6.349    6.633   38.749   10.43   11.96   64.90
   65.37   78.70 0.56644D-09  1  0  0.01953  265.70  265.36 0.62896D+14  2.232    6.879    6.315    6.591   38.709   10.43   11.97   65.23
   65.69   79.09 0.56379D-09  1  0  0.01960  265.65  265.33 0.62846D+14  2.232    6.845    6.281    6.550   38.668   10.44   11.97   65.56
   66.01   79.48 0.56115D-09  1  0  0.01967  265.60  265.30 0.62796D+14  2.233    6.811    6.247    6.509   38.628   10.44   11.98   65.89
   66.33   79.87 0.55855D-09  1  0  0.01975  265.56  265.27 0.62746D+14  2.233    6.777    6.214    6.468   38.587   10.45   11.99   66.22
   66.65   80.27 0.55596D-09  1  0  0.01982  265.51  265.24 0.62698D+14  2.233    6.744    6.181    6.426   38.547   10.45   12.00   66.54
   66.98   80.66 0.55341D-09  1  0  0.01989  265.47  265.21 0.62650D+14  2.234    6.711    6.148    6.385   38.507   10.46   12.00   66.87
   67.30   81.05 0.55087D-09  1  0  0.01996  265.42  265.19 0.62602D+14  2.234    6.679    6.115    6.344   38.466   10.47   12.01   67.20
   67.62   81.44 0.54837D-09  1  0  0.02004  265.37  265.16 0.62555D+14  2.235    6.647    6.083    6.303   38.426   10.47   12.02   67.53
   67.94   81.83 0.54588D-09  1  0  0.02011  265.33  265.13 0.62508D+14  2.235    6.615    6.051    6.262   38.386   10.48   12.03   67.86
   68.26   82.23 0.54342D-09  1  0  0.02019  265.28  265.10 0.62463D+14  2.235    6.583    6.020    6.221   38.346   10.48   12.03   68.19
   68.59   82.62 0.54098D-09  1  0  0.02026  265.23  265.07 0.62417D+14  2.236    6.552    5.989    6.180   38.306   10.49   12.04   68.52
   68.91   83.01 0.53857D-09  1  0  0.02034  265.19  265.04 0.62373D+14  2.236    6.521    5.958    6.139   38.266   10.49   12.05   68.84
   69.23   83.40 0.53617D-09  1  0  0.02041  265.14  265.01 0.62329D+14  2.237    6.490    5.927    6.098   38.226   10.50   12.06   69.17
   69.55   83.79 0.53380D-09  1  0  0.02049  265.09  264.98 0.62285D+14  2.237    6.459    5.897    6.057   38.187   10.51   12.06   69.50
   69.87   84.19 0.53145D-09  1  0  0.02057  265.05  264.95 0.62242D+14  2.237    6.429    5.866    6.016   38.147   10.51   12.07   69.83
   70.20   84.58 0.52913D-09  1  0  0.02065  265.00  264.92 0.62200D+14  2.238    6.399    5.837    5.975   38.107   10.52   12.08   70.16
   70.52   84.97 0.52682D-09  1  0  0.02073  264.95  264.89 0.62158D+14  2.238    6.370    5.807    5.934   38.067   10.52   12.09   70.49
   70.84   85.36 0.52454D-09  1  0  0.02081  264.90  264.86 0.62117D+14  2.239    6.340    5.778    5.893   38.028   10.53   12.09   70.82
   71.16   85.76 0.52227D-09  1  0  0.02089  264.86  264.83 0.62076D+14  2.239    6.311    5.749    5.852   37.988   10.53   12.10   71.15
   71.48   86.15 0.52003D-09  1  0  0.02097  264.81  264.80 0.62036D+14  2.240    6.282    5.720    5.811   37.949   10.54   12.11   71.48
   71.81   86.54 0.51781D-09  1  0  0.02105  264.76  264.77 0.61997D+14  2.240    6.253    5.691    5.770   37.909   10.55   12.12   71.81
   72.13   86.93 0.51560D-09  1  0  0.02113  264.71  264.74 0.61958D+14  2.240    6.225    5.663    5.729   37.869   10.55   12.13   72.13
   72.45   87.32 0.51342D-09  1  0  0.02121  264.66  264.71 0.61920D+14  2.241    6.197    5.635    5.688   37.830   10.56   12.13   72.45
   72.77   87.70 0.51125D-09  1  0  0.02129  264.62  264.68 0.61882D+14  2.241    6.169    5.607    5.647   37.791   10.56   12.14   72.77
   73.09   88.09 0.50911D-09  1  0  0.02138  264.57  264.64 0.61845D+14  2.242    6.141    5.580    5.606   37.751   10.57   12.15   73.09
   73.42   88.48 0.50698D-09  1  0  0.02146  264.52  264.61 0.61808D+14  2.242    6.114    5.552    5.565   37.712   10.57   12.16   73.42
   73.74   88.87 0.50487D-09  1  0  0.02155  264.47  264.58 0.61773D+14  2.243    6.087    5.525    5.524   37.672   10.58   12.16   73.74
   74.06   89.26 0.50278D-09  1  0  0.02163  264.42  264.55 0.61737D+14  2.243    6.060    5.498    5.483   37.633   10.58   12.17   74.06
   74.38   89.65 0.50071D-09  1  0  0.02172  264.37  264.52 0.61703D+14  2.243    6.033    5.472    5.442   37.594   10.59   12.18   74.38
   74.70   90.03 0.49866D-09  1  0  0.02180  264.32  264.49 0.61669D+14  2.244    6.007    5.445    5.401   37.554   10.60   12.19   74.70
   75.03   90.42 0.49662D-09  1  0  0.02189  264.27  264.45 0.61635D+14  2.244    5.980    5.419    5.360   37.515   10.60   12.20   75.03
   75.35   90.81 0.49460D-09  1  0  0.02198  264.22  264.42 0.61603D+14  2.245    5.954    5.393    5.319   37.476   10.61   12.20   75.35
   75.67   91.20 0.49260D-09  1  0  0.02207  264.17  264.39 0.61570D+14  2.245    5.928    5.367    5.278   37.436   10.61   12.21   75.67
   75.99   91.59 0.49062D-09  1  0  0.02216  264.12  264.36 0.61539D+14  2.246    5.903    5.342    5.237   37.397   10.62   12.22   75.99
   76.31   91.97 0.48865D-09  1  0  0.02225  264.07  264.32 0.61508D+14  2.246    5.877    5.317    5.196   37.358   10.62   12.23   76.31
   76.64   92.36 0.48670D-09  1  0  0.02234  264.02  264.29 0.61478D+14  2.246    5.852    5.292    5.155   37.319   10.63   12.24   76.64
   76.96   92.75 0.48476D-09  1  0  0.02243  263.97  264.26 0.61448D+14  2.247    5.827    5.267    5.114   37.279   10.64   12.25   76.96
   77.28   93.14 0.48284D-09  1  0  0.02252  263.92  264.23 0.61419D+14  2.247    5.802    5.242    5.072   37.240   10.64   12.25   77.28
   77.60   93.53 0.48094D-09  1  0  0.02261  263.87  264.19 0.61391D+14  2.248    5.778    5.217    5.031   37.201   10.65   12.26   77.60
   77.92   93.91 0.47905D-09  1  0  0.02271  263.82  264.16 0.61363D+14  2.248    5.753    5.193    4.990   37.162   10.65   12.27   77.92
   78.25   94.30 0.47718D-09  1  0  0.02280  263.77  264.13 0.61336D+14  2.249    5.729    5.169    4.948   37.122   10.66   12.28   78.25
   78.57   94.69 0.47533D-09  1  0  0.02290  263.72  264.09 0.61310D+14  2.249    5.705    5.145    4.907   37.083   10.66   12.29   78.57
   78.89   95.08 0.47349D-09  1  0  0.02299  263.67  264.06 0.61284D+14  2.250    5.681    5.121    4.865   37.044   10.67   12.30   78.89
   79.21   95.47 0.47166D-09  1  0  0.02309  263.61  264.03 0.61259D+14  2.250    5.657    5.098    4.824   37.004   10.67   12.30   79.21
   79.53   95.85 0.46985D-09  1  0  0.02319  263.56  263.99 0.61234D+14  2.250    5.634    5.074    4.782   36.965   10.68   12.31   79.53
   79.86   96.24 0.46805D-09  1  0  0.02328  263.51  263.96 0.61211D+14  2.251    5.611    5.051    4.741   36.926   10.69   12.32   79.86
   80.18   96.63 0.46627D-09  1  0  0.02338  263.46  263.92 0.61188D+14  2.251    5.588    5.028    4.699   36.886   10.69   12.33   80.18
   80.50   97.02 0.46450D-09  1  0  0.02348  263.41  263.89 0.61165D+14  2.252    5.565    5.006    4.657   36.847   10.70   12.34   80.50
   80.82   97.41 0.46275D-09  1  0  0.02358  263.35  263.85 0.61143D+14  2.252    5.542    4.983    4.615   36.807   10.70   12.35   80.82
   81.14   97.79 0.46101D-09  1  0  0.02368  263.30  263.82 0.61122D+14  2.253    5.519    4.960    4.573   36.768   10.71   12.36   81.14
   81.47   98.18 0.45929D-09  1  0  0.02379  263.25  263.78 0.61102D+14  2.253    5.497    4.938    4.532   36.728   10.71   12.36   81.47
   81.79   98.57 0.45757D-09  1  0  0.02389  263.19  263.75 0.61082D+14  2.254    5.475    4.916    4.490   36.689   10.72   12.37   81.79
   82.11   98.96 0.45587D-09  1  0  0.02399  263.14  263.71 0.61064D+14  2.254    5.453    4.894    4.447   36.649   10.73   12.38   82.11
   82.43   99.35 0.45419D-09  1  0  0.02410  263.09  263.68 0.61045D+14  2.255    5.431    4.872    4.405   36.610   10.73   12.39   82.43
   82.75   99.74 0.45252D-09  1  0  0.02420  263.03  263.64 0.61028D+14  2.255    5.409    4.851    4.363   36.570   10.74   12.40   82.75
   83.08  100.12 0.45086D-09  1  0  0.02431  262.98  263.61 0.61011D+14  2.256    5.387    4.829    4.321   36.531   10.74   12.41   83.08
   83.40  100.51 0.44921D-09  1  0  0.02442  262.93  263.57 0.60995D+14  2.256    5.366    4.808    4.278   36.491   10.75   12.42   83.40
   83.72  100.90 0.44758D-09  1  0  0.02453  262.87  263.53 0.60980D+14  2.257    5.345    4.787    4.236   36.451   10.75   12.43   83.72
   84.04  101.29 0.44596D-09  1  0  0.02464  262.82  263.50 0.60965D+14  2.257    5.324    4.766    4.193   36.411   10.76   12.43   84.04
   84.36  101.68 0.44435D-09  1  0  0.02475  262.76  263.46 0.60951D+14  2.257    5.303    4.745    4.151   36.372   10.77   12.44   84.36
   84.69  102.06 0.44275D-09  1  0  0.02486  262.71  263.43 0.60938D+14  2.258    5.282    4.724    4.108   36.332   10.77   12.45   84.69
   85.01  102.45 0.44117D-09  1  0  0.02497  262.65  263.39 0.60926D+14  2.258    5.261    4.704    4.065   36.292   10.78   12.46   85.01
   85.33  102.84 0.43959D-09  1  0  0.02508  262.60  263.35 0.60915D+14  2.259    5.241    4.683    4.022   36.252   10.78   12.47   85.33
   85.65  103.23 0.43803D-09  1  0  0.02519  262.54  263.31 0.60904D+14  2.259    5.220    4.663    3.979   36.212   10.79   12.48   85.65
   85.97  103.62 0.43648D-09  1  0  0.02531  262.49  263.28 0.60894D+14  2.260    5.200    4.643    3.936   36.172   10.80   12.49   85.97
   86.30  104.00 0.43495D-09  1  0  0.02543  262.43  263.24 0.60885D+14  2.260    5.180    4.623    3.892   36.132   10.80   12.50   86.30
   86.62  104.39 0.43342D-09  1  0  0.02554  262.37  263.20 0.60876D+14  2.261    5.160    4.603    3.849   36.091   10.81   12.51   86.62
   86.94  104.78 0.43191D-09  1  0  0.02566  262.32  263.17 0.60869D+14  2.261    5.141    4.584    3.805   36.051   10.81   12.52   86.94
   87.26  105.17 0.43040D-09  1  0  0.02578  262.26  263.13 0.60862D+14  2.262    5.121    4.564    3.762   36.011   10.82   12.53   87.26
   87.58  105.56 0.42891D-09  1  0  0.02590  262.20  263.09 0.60856D+14  2.262    5.101    4.545    3.718   35.970   10.83   12.54   87.58
   87.91  105.94 0.42743D-09  1  0  0.02602  262.15  263.05 0.60851D+14  2.263    5.082    4.526    3.674   35.930   10.83   12.55   87.91
   88.23  106.33 0.42596D-09  1  0  0.02614  262.09  263.01 0.60847D+14  2.263    5.063    4.507    3.630   35.889   10.84   12.56   88.23
   88.55  106.72 0.42450D-09  1  0  0.02627  262.03  262.97 0.60844D+14  2.264    5.044    4.488    3.586   35.848   10.84   12.57   88.55
   88.87  107.11 0.42305D-09  1  0  0.02639  261.97  262.93 0.60841D+14  2.264    5.025    4.469    3.542   35.808   10.85   12.58   88.87
   89.19  107.50 0.42161D-09  1  0  0.02652  261.92  262.90 0.60840D+14  2.265    5.006    4.450    3.498   35.767   10.86   12.59   89.19
   89.52  107.88 0.42018D-09  1  0  0.02664  261.86  262.86 0.60839D+14  2.265    4.987    4.432    3.453   35.726   10.86   12.60   89.52
   89.84  108.27 0.41876D-09  1  0  0.02677  261.80  262.82 0.60839D+14  2.266    4.969    4.413    3.408   35.685   10.87   12.61   89.84
   90.16  108.66 0.41736D-09  1  0  0.02690  261.74  262.78 0.60840D+14  2.266    4.950    4.395    3.364   35.644   10.87   12.62   90.16
   90.48  109.05 0.41596D-09  1  0  0.02703  261.68  262.74 0.60842D+14  2.267    4.932    4.377    3.319   35.603   10.88   12.63   90.48
   90.80  109.44 0.41457D-09  1  0  0.02716  261.62  262.70 0.60845D+14  2.268    4.914    4.359    3.274   35.561   10.89   12.64   90.80
   91.13  109.83 0.41319D-09  1  0  0.02729  261.56  262.66 0.60849D+14  2.268    4.895    4.341    3.228   35.520   10.89   12.65   91.13
   91.45  110.21 0.41183D-09  1  0  0.02743  261.50  262.62 0.60854D+14  2.269    4.877    4.323    3.183   35.479   10.90   12.66   91.45
   91.77  110.60 0.41047D-09  1  0  0.02756  261.44  262.58 0.60860D+14  2.269    4.860    4.305    3.137   35.437   10.91   12.67   91.77
   92.09  110.99 0.40912D-09  1  0  0.02770  261.38  262.54 0.60867D+14  2.270    4.842    4.287    3.092   35.395   10.91   12.68   92.09
   92.41  111.38 0.40778D-09  1  0  0.02784  261.32  262.50 0.60875D+14  2.270    4.824    4.270    3.046   35.353   10.92   12.69   92.41
   92.74  111.77 0.40645D-09  1  0  0.02798  261.26  262.45 0.60883D+14  2.271    4.807    4.253    3.000   35.311   10.92   12.70   92.74
   93.06  112.15 0.40513D-09  1  0  0.02812  261.20  262.41 0.60893D+14  2.271    4.789    4.235    2.953   35.269   10.93   12.71   93.06
   93.38  112.54 0.40381D-09  1  0  0.02826  261.14  262.37 0.60904D+14  2.272    4.772    4.218    2.907   35.227   10.94   12.72   93.38
   93.70  112.93 0.40251D-09  1  0  0.02840  261.07  262.33 0.60916D+14  2.272    4.755    4.201    2.860   35.185   10.94   12.73   93.70
   94.02  113.32 0.40122D-09  1  0  0.02855  261.01  262.29 0.60929D+14  2.273    4.738    4.184    2.814   35.143   10.95   12.74   94.02
   94.35  113.71 0.39993D-09  1  0  0.02869  260.95  262.24 0.60943D+14  2.273    4.721    4.167    2.767   35.100   10.96   12.75   94.35
   94.67  114.09 0.39866D-09  1  0  0.02884  260.89  262.20 0.60958D+14  2.274    4.704    4.151    2.720   35.057   10.96   12.76   94.67
   94.99  114.48 0.39739D-09  1  0  0.02899  260.82  262.16 0.60975D+14  2.275    4.687    4.134    2.672   35.014   10.97   12.78   94.99
   95.31  114.87 0.39613D-09  1  0  0.02914  260.76  262.12 0.60992D+14  2.275    4.671    4.118    2.625   34.971   10.98   12.79   95.31
   95.63  115.26 0.39488D-09  1  0  0.02929  260.70  262.07 0.61010D+14  2.276    4.654    4.101    2.577   34.928   10.98   12.80   95.63
   95.96  115.65 0.39364D-09  1  0  0.02944  260.63  262.03 0.61030D+14  2.276    4.638    4.085    2.529   34.885   10.99   12.81   95.96
   96.28  116.03 0.39240D-09  1  0  0.02960  260.57  261.99 0.61051D+14  2.277    4.621    4.069    2.481   34.842   11.00   12.82   96.28
   96.60  116.42 0.39118D-09  1  0  0.02975  260.50  261.94 0.61073D+14  2.277    4.605    4.053    2.432   34.798   11.00   12.83   96.60
   96.92  116.81 0.38996D-09  1  0  0.02991  260.44  261.90 0.61096D+14  2.278    4.589    4.037    2.384   34.754   11.01   12.84   96.92
   97.24  117.20 0.38875D-09  1  0  0.03007  260.37  261.85 0.61121D+14  2.279    4.573    4.021    2.335   34.711   11.02   12.86   97.24
   97.57  117.59 0.38755D-09  1  0  0.03023  260.31  261.81 0.61147D+14  2.279    4.557    4.005    2.286   34.666   11.03   12.87   97.57
   97.89  117.97 0.38635D-09  1  0  0.03040  260.24  261.77 0.61174D+14  2.280    4.541    3.989    2.236   34.622   11.03   12.88   97.89
   98.21  118.36 0.38517D-09  1  0  0.03056  260.18  261.72 0.61202D+14  2.280    4.525    3.974    2.187   34.578   11.04   12.89   98.21
   98.53  118.75 0.38399D-09  1  0  0.03073  260.11  261.68 0.61232D+14  2.281    4.510    3.958    2.137   34.533   11.05   12.90   98.53
   98.85  119.14 0.38282D-09  1  0  0.03090  260.04  261.63 0.61263D+14  2.282    4.494    3.943    2.087   34.489   11.05   12.92   98.85
   99.18  119.53 0.38166D-09  1  0  0.03106  259.97  261.58 0.61295D+14  2.282    4.478    3.927    2.037   34.444   11.06   12.93   99.18
   99.50  119.91 0.38050D-09  1  0  0.03124  259.91  261.54 0.61329D+14  2.283    4.463    3.912    1.986   34.399   11.07   12.94   99.50
   99.82  120.30 0.37936D-09  1  0  0.03141  259.84  261.49 0.61364D+14  2.283    4.448    3.897    1.935   34.353   11.08   12.95   99.82
  100.14  120.69 0.37822D-09  1  0  0.03159  259.77  261.45 0.61400D+14  2.284    4.432    3.882    1.884   34.308   11.08   12.97  100.14
  100.46  121.08 0.37708D-09  1  0  0.03176  259.70  261.40 0.61438D+14  2.285    4.417    3.867    1.833   34.262   11.09   12.98  100.46
  100.79  121.47 0.37596D-09  1  0  0.03194  259.63  261.35 0.61478D+14  2.285    4.402    3.852    1.781   34.216   11.10   12.99  100.79
  101.11  121.86 0.37484D-09  1  0  0.03212  259.56  261.30 0.61519D+14  2.286    4.387    3.837    1.729   34.170   11.11   13.00  101.11
  101.43  122.24 0.37373D-09  1  0  0.03231  259.49  261.26 0.61561D+14  2.286    4.372    3.823    1.677   34.124   11.11   13.02  101.43
  101.75  122.63 0.37262D-09  1  0  0.03249  259.42  261.21 0.61605D+14  2.287    4.358    3.808    1.624   34.077   11.12   13.03  101.75
  102.07  123.02 0.37153D-09  1  0  0.03268  259.35  261.16 0.61651D+14  2.288    4.343    3.794    1.572   34.030   11.13   13.04  102.07
  102.40  123.41 0.37044D-09  1  0  0.03287  259.28  261.11 0.61698D+14  2.288    4.328    3.779    1.518   33.983   11.14   13.06  102.40
  102.72  123.80 0.36935D-09  1  0  0.03306  259.21  261.06 0.61747D+14  2.289    4.314    3.765    1.465   33.936   11.15   13.07  102.72
  103.04  124.18 0.36828D-09  1  0  0.03325  259.13  261.01 0.61798D+14  2.290    4.299    3.750    1.411   33.889   11.15   13.08  103.04
  103.36  124.57 0.36721D-09  1  0  0.03345  259.06  260.96 0.61850D+14  2.290    4.285    3.736    1.357   33.841   11.16   13.10  103.36
  103.68  124.96 0.36614D-09  1  0  0.03365  258.99  260.91 0.61904D+14  2.291    4.270    3.722    1.303   33.793   11.17   13.11  103.68
  104.01  125.35 0.36509D-09  1  0  0.03385  258.92  260.86 0.61960D+14  2.292    4.256    3.708    1.248   33.745   11.18   13.13  104.01
  104.33  125.74 0.36404D-09  1  0  0.03405  258.84  260.81 0.62018D+14  2.292    4.242    3.694    1.193   33.696   11.19   13.14  104.33
  104.65  126.12 0.36299D-09  1  0  0.03425  258.77  260.76 0.62077D+14  2.293    4.228    3.680    1.137   33.648   11.20   13.16  104.65
  104.97  126.51 0.36196D-09  1  0  0.03446  258.69  260.71 0.62139D+14  2.294    4.214    3.666    1.082   33.599   11.20   13.17  104.97
  105.29  126.90 0.36092D-09  1  0  0.03467  258.62  260.66 0.62202D+14  2.294    4.200    3.652    1.025   33.549   11.21   13.18  105.29
  105.62  127.29 0.35990D-09  1  0  0.03488  258.54  260.61 0.62267D+14  2.295    4.186    3.639    0.969   33.500   11.22   13.20  105.62
  105.94  127.68 0.35888D-09  1  0  0.03510  258.46  260.56 0.62334D+14  2.296    4.172    3.625    0.912   33.450   11.23   13.21  105.94
  106.26  128.06 0.35787D-09  1  0  0.03531  258.39  260.51 0.62404D+14  2.296    4.159    3.612    0.854   33.400   11.24   13.23  106.26
  106.58  128.45 0.35686D-09  1  0  0.03553  258.31  260.45 0.62475D+14  2.297    4.145    3.598    0.797   33.349   11.25   13.24  106.58
  106.90  128.84 0.35586D-09  1  0  0.03576  258.23  260.40 0.62549D+14  2.298    4.131    3.585    0.739   33.299   11.26   13.26  106.90
  107.23  129.23 0.35487D-09  1  0  0.03598  258.15  260.35 0.62624D+14  2.298    4.118    3.571    0.680   33.247   11.27   13.28  107.23
  107.55  129.62 0.35388D-09  1  0  0.03621  258.07  260.29 0.62702D+14  2.299    4.104    3.558    0.621   33.196   11.28   13.29  107.55
  107.87  130.00 0.35290D-09  1  0  0.03644  257.99  260.24 0.62782D+14  2.300    4.091    3.545    0.562   33.144   11.29   13.31  107.87
  108.19  130.39 0.35192D-09  1  0  0.03667  257.91  260.18 0.62865D+14  2.301    4.077    3.532    0.502   33.092   11.30   13.32  108.19
  108.51  130.78 0.35095D-09  1  0  0.03691  257.83  260.13 0.62950D+14  2.301    4.064    3.519    0.442   33.040   11.30   13.34  108.51
  108.84  131.17 0.34999D-09  1  0  0.03715  257.75  260.07 0.63037D+14  2.302    4.051    3.506    0.381   32.987   11.31   13.36  108.84
  109.16  131.56 0.34903D-09  1  0  0.03739  257.67  260.02 0.63127D+14  2.303    4.038    3.493    0.320   32.934   11.32   13.37  109.16
  109.48  131.95 0.34808D-09  1  0  0.03764  257.58  259.96 0.63219D+14  2.303    4.025    3.480    0.258   32.881   11.33   13.39  109.48
  109.80  132.33 0.34713D-09  1  0  0.03789  257.50  259.91 0.63314D+14  2.304    4.012    3.467    0.196   32.827   11.34   13.41  109.80
  110.12  132.72 0.34619D-09  1  0  0.03814  257.42  259.85 0.63411D+14  2.305    3.999    3.454    0.133   32.773   11.35   13.43  110.12
  110.45  133.11 0.34525D-09  1  0  0.03839  257.33  259.79 0.63512D+14  2.306    3.986    3.442    0.070   32.718   11.36   13.44  110.45
  110.77  133.50 0.34432D-09  1  0  0.03865  257.25  259.73 0.63615D+14  2.306    3.973    3.429    0.006   32.663   11.38   13.46  110.77
  111.09  133.89 0.34340D-09  1  0  0.03891  257.16  260.59 0.57787D+14  2.307    3.960    3.416    0.000   32.658   10.97   13.53  111.09
  111.41  134.27 0.34248D-09  1  0  0.03918  257.07  260.55 0.57758D+14  2.308    3.947    3.404    0.000   32.658   10.98   13.52  111.41
  111.73  134.66 0.34156D-09  1  0  0.03945  256.99  260.52 0.57731D+14  2.309    3.935    3.391    0.000   32.658   10.98   13.51  111.73
  112.06  135.05 0.34065D-09  1  0  0.03972  256.90  260.48 0.57706D+14  2.310    3.922    3.379    0.000   32.658   10.98   13.51  112.06
  112.38  135.44 0.33975D-09  1  0  0.04000  256.81  260.44 0.57683D+14  2.310    3.909    3.367    0.000   32.658   10.98   13.50  112.38
  112.70  135.83 0.33885D-09  1  0  0.04028  256.72  260.40 0.57661D+14  2.311    3.897    3.354    0.000   32.658   10.98   13.50  112.70
  113.02  136.21 0.33795D-09  1  0  0.04056  256.63  260.36 0.57642D+14  2.312    3.884    3.342    0.000   32.658   10.98   13.49  113.02
  113.34  136.60 0.33706D-09  1  0  0.04085  256.54  260.32 0.57625D+14  2.313    3.872    3.330    0.000   32.658   10.98   13.48  113.34
  113.67  136.99 0.33618D-09  1  0  0.04114  256.44  260.28 0.57610D+14  2.314    3.860    3.318    0.000   32.658   10.99   13.48  113.67
  113.99  137.38 0.33530D-09  1  0  0.04143  256.35  260.23 0.57597D+14  2.315    3.847    3.306    0.000   32.658   10.99   13.47  113.99
  114.31  137.77 0.33443D-09  1  0  0.04173  256.26  260.19 0.57586D+14  2.315    3.835    3.294    0.000   32.658   10.99   13.47  114.31
  114.63  138.15 0.33356D-09  1  0  0.04204  256.16  260.15 0.57577D+14  2.316    3.823    3.282    0.000   32.658   10.99   13.46  114.63
  114.95  138.54 0.33270D-09  1  0  0.04235  256.07  260.11 0.57571D+14  2.317    3.810    3.270    0.000   32.658   10.99   13.45  114.95
  115.28  138.93 0.33184D-09  1  0  0.04266  255.97  260.07 0.57567D+14  2.318    3.798    3.258    0.000   32.658   11.00   13.45  115.28
  115.60  139.32 0.33098D-09  1  0  0.04298  255.87  260.02 0.57565D+14  2.319    3.786    3.246    0.000   32.658   11.00   13.44  115.60
  115.92  139.71 0.33013D-09  1  0  0.04330  255.77  259.98 0.57565D+14  2.320    3.774    3.234    0.000   32.658   11.00   13.44  115.92
  116.24  140.09 0.32929D-09  1  0  0.04362  255.68  259.93 0.57568D+14  2.321    3.762    3.223    0.000   32.658   11.00   13.43  116.24
  116.56  140.48 0.32845D-09  1  0  0.04396  255.58  259.89 0.57574D+14  2.321    3.750    3.211    0.000   32.658   11.01   13.42  116.56
  116.89  140.87 0.32761D-09  1  0  0.04429  255.47  259.84 0.57582D+14  2.322    3.738    3.199    0.000   32.658   11.01   13.42  116.89
  117.21  141.26 0.32678D-09  1  0  0.04463  255.37  259.80 0.57592D+14  2.323    3.726    3.188    0.000   32.658   11.01   13.41  117.21
  117.53  141.65 0.32595D-09  1  0  0.04498  255.27  259.75 0.57605D+14  2.324    3.715    3.176    0.000   32.658   11.01   13.41  117.53
  117.85  142.04 0.32513D-09  1  0  0.04533  255.16  259.70 0.57621D+14  2.325    3.703    3.165    0.000   32.658   11.02   13.40  117.85
  118.17  142.42 0.32431D-09  1  0  0.04569  255.06  259.66 0.57640D+14  2.326    3.691    3.153    0.000   32.658   11.02   13.39  118.17
  118.50  142.81 0.32350D-09  1  0  0.04605  254.95  259.61 0.57661D+14  2.327    3.679    3.142    0.000   32.658   11.02   13.39  118.50
  118.82  143.20 0.32269D-09  1  0  0.04642  254.84  259.56 0.57686D+14  2.328    3.667    3.130    0.000   32.658   11.03   13.38  118.82
  119.14  143.59 0.32189D-09  1  0  0.04679  254.74  259.51 0.57713D+14  2.329    3.656    3.119    0.000   32.658   11.03   13.37  119.14
  119.46  143.98 0.32109D-09  1  0  0.04717  254.63  259.46 0.57744D+14  2.330    3.644    3.108    0.000   32.658   11.03   13.37  119.46
  119.78  144.36 0.32029D-09  1  0  0.04756  254.51  259.41 0.57777D+14  2.331    3.633    3.096    0.000   32.658   11.04   13.36  119.78
  120.11  144.75 0.31950D-09  1  0  0.04795  254.40  259.36 0.57814D+14  2.332    3.621    3.085    0.000   32.658   11.04   13.36  120.11
  120.43  145.14 0.31872D-09  1  0  0.04835  254.29  259.31 0.57854D+14  2.333    3.609    3.074    0.000   32.658   11.04   13.35  120.43
  120.75  145.53 0.31793D-09  1  0  0.04875  254.17  259.26 0.57897D+14  2.334    3.598    3.063    0.000   32.658   11.05   13.34  120.75
  121.07  145.92 0.31716D-09  1  0  0.04917  254.06  259.21 0.57944D+14  2.335    3.586    3.052    0.000   32.658   11.05   13.34  121.07
  121.39  146.30 0.31638D-09  1  0  0.04958  253.94  259.15 0.57995D+14  2.336    3.575    3.041    0.000   32.658   11.06   13.33  121.39
  121.72  146.69 0.31561D-09  1  0  0.05001  253.82  259.10 0.58049D+14  2.337    3.564    3.030    0.000   32.658   11.06   13.32  121.72
  122.04  147.08 0.31484D-09  1  0  0.05044  253.70  259.05 0.58107D+14  2.339    3.552    3.019    0.000   32.658   11.07   13.32  122.04
  122.36  147.47 0.31408D-09  1  0  0.05088  253.58  258.99 0.58169D+14  2.340    3.541    3.007    0.000   32.658   11.07   13.31  122.36
  122.68  147.86 0.31332D-09  1  0  0.05133  253.45  258.94 0.58235D+14  2.341    3.529    2.997    0.000   32.658   11.08   13.30  122.68
  123.00  148.24 0.31257D-09  1  0  0.05179  253.33  258.88 0.58305D+14  2.342    3.518    2.986    0.000   32.658   11.08   13.30  123.00
  123.33  148.63 0.31182D-09  1  0  0.05225  253.20  258.82 0.58379D+14  2.343    3.507    2.975    0.000   32.658   11.09   13.29  123.33
  123.65  149.02 0.31107D-09  1  0  0.05272  253.07  258.77 0.58457D+14  2.344    3.496    2.964    0.000   32.658   11.09   13.28  123.65
  123.97  149.41 0.31033D-09  1  0  0.05320  252.94  258.71 0.58540D+14  2.345    3.484    2.953    0.000   32.658   11.10   13.28  123.97
  124.29  149.80 0.30959D-09  1  0  0.05369  252.81  258.65 0.58628D+14  2.347    3.473    2.942    0.000   32.658   11.10   13.27  124.29
  124.61  150.18 0.30886D-09  1  0  0.05418  252.67  258.59 0.58720D+14  2.348    3.462    2.931    0.000   32.658   11.11   13.26  124.61
  124.94  150.57 0.30813D-09  1  0  0.05469  252.54  258.53 0.58817D+14  2.349    3.451    2.920    0.000   32.658   11.12   13.25  124.94
  125.26  150.96 0.30740D-09  1  0  0.05521  252.40  258.47 0.58919D+14  2.350    3.439    2.910    0.000   32.658   11.12   13.25  125.26
  125.58  151.35 0.30668D-09  1  0  0.05573  252.26  258.40 0.59027D+14  2.352    3.428    2.899    0.000   32.658   11.13   13.24  125.58
  125.90  151.74 0.30596D-09  1  0  0.05627  252.12  258.34 0.59140D+14  2.353    3.417    2.888    0.000   32.658   11.14   13.23  125.90
  126.22  152.13 0.30524D-09  1  0  0.05681  251.97  258.28 0.59258D+14  2.354    3.406    2.877    0.000   32.658   11.14   13.23  126.22
  126.55  152.51 0.30453D-09  1  0  0.05737  251.83  258.21 0.59382D+14  2.356    3.395    2.867    0.000   32.658   11.15   13.22  126.55
  126.87  152.90 0.30382D-09  1  0  0.05793  251.68  258.14 0.59512D+14  2.357    3.383    2.856    0.000   32.658   11.16   13.21  126.87
  127.19  153.29 0.30312D-09  1  0  0.05851  251.53  258.08 0.59649D+14  2.358    3.372    2.845    0.000   32.658   11.17   13.20  127.19
  127.51  153.68 0.30242D-09  1  0  0.05910  251.38  258.01 0.59791D+14  2.360    3.361    2.834    0.000   32.658   11.18   13.20  127.51
  127.83  154.07 0.30172D-09  1  0  0.05970  251.22  257.94 0.59941D+14  2.361    3.350    2.824    0.000   32.658   11.18   13.19  127.83
  128.16  154.45 0.30102D-09  1  0  0.06031  251.06  257.87 0.60097D+14  2.363    3.339    2.813    0.000   32.658   11.19   13.18  128.16
  128.48  154.84 0.30033D-09  1  0  0.06093  250.90  257.80 0.60260D+14  2.364    3.328    2.802    0.000   32.658   11.20   13.17  128.48
  128.80  155.23 0.29964D-09  1  0  0.06157  250.74  257.73 0.60430D+14  2.366    3.316    2.792    0.000   32.658   11.21   13.16  128.80
  129.12  155.62 0.29896D-09  1  0  0.06222  250.57  257.65 0.60609D+14  2.367    3.305    2.781    0.000   32.658   11.22   13.16  129.12
  129.44  156.01 0.29828D-09  1  0  0.06289  250.40  257.58 0.60795D+14  2.369    3.294    2.770    0.000   32.658   11.23   13.15  129.44
  129.77  156.39 0.29760D-09  1  0  0.06356  250.23  257.50 0.60989D+14  2.370    3.283    2.760    0.000   32.658   11.24   13.14  129.77
  130.09  156.78 0.29693D-09  1  0  0.06426  250.05  257.43 0.61191D+14  2.372    3.272    2.749    0.000   32.658   11.25   13.13  130.09
  130.41  -47.46 0.29626D-09  1  0  0.06496  249.88  257.35 0.61378D+14  2.374    3.260    2.738   -0.071   32.598   11.52   13.15 -209.16
  130.73   85.28 0.29559D-09  1  0  0.06569  249.69  257.27 0.61598D+14  2.375    3.249    2.728   -0.178   32.508   11.54   13.19   10.79
  131.05  113.93 0.29493D-09  1  0  0.06643  249.51  257.19 0.61828D+14  2.377    3.238    2.717   -0.287   32.416   11.55   13.22   58.00
  131.38  126.62 0.29427D-09  1  0  0.06718  249.32  257.11 0.62068D+14  2.379    3.227    2.706   -0.399   32.323   11.57   13.25   78.74
  131.70  133.89 0.29361D-09  1  0  0.06795  249.13  257.03 0.62318D+14  2.381    3.215    2.696   -0.513   32.228   11.59   13.29   90.50
  132.02  138.68 0.29296D-09  1  0  0.06874  248.93  256.94 0.62580D+14  2.382    3.204    2.685   -0.629   32.131   11.60   13.32   98.12
  132.34  142.13 0.29231D-09  1  0  0.06955  248.73  256.86 0.62852D+14  2.384    3.193    2.674   -0.747   32.031   11.62   13.36  103.52
  132.66  144.76 0.29166D-09  1  0  0.07038  248.53  256.77 0.63136D+14  2.386    3.181    2.664   -0.868   31.930   11.64   13.39  107.56
  132.99  146.87 0.29101D-09  1  0  0.07123  248.32  256.68 0.63433D+14  2.388    3.170    2.653   -0.992   31.827   11.66   13.43  110.74
  133.31  148.61 0.29037D-09  1  0  0.07209  248.11  256.59 0.63742D+14  2.390    3.158    2.642   -1.118   31.722   11.68   13.47  113.31
  133.63  150.10 0.28973D-09  1  0  0.07298  247.89  256.49 0.64065D+14  2.392    3.147    2.631   -1.247   31.615   11.70   13.51  115.46
  133.95  151.40 0.28910D-09  1  0  0.07389  247.67  256.40 0.64402D+14  2.394    3.135    2.620   -1.379   31.505   11.72   13.55  117.29
  134.27  152.55 0.28847D-09  1  0  0.07482  247.44  256.30 0.64753D+14  2.396    3.124    2.609   -1.513   31.393   11.74   13.60  118.88
  134.60  153.59 0.28784D-09  1  0  0.07578  247.21  256.20 0.65120D+14  2.399    3.112    2.598   -1.651   31.279   11.76   13.64  120.28
  134.92  154.54 0.28721D-09  1  0  0.07676  246.97  256.10 0.65503D+14  2.401    3.100    2.587   -1.792   31.162   11.78   13.69  121.54
  135.24  155.42 0.28659D-09  1  0  0.07776  246.72  256.00 0.65903D+14  2.403    3.088    2.576   -1.935   31.043   11.81   13.73  122.67
  135.56  156.23 0.28597D-09  1  0  0.07879  246.47  255.90 0.66321D+14  2.406    3.076    2.565   -2.083   30.921   11.83   13.78  123.70
  135.88  157.00 0.28535D-09  1  0  0.07985  246.22  255.79 0.66758D+14  2.408    3.064    2.554   -2.233   30.796   11.85   13.83  124.65
  136.21  157.73 0.28474D-09  1  0  0.08094  245.96  255.68 0.67214D+14  2.410    3.052    2.543   -2.387   30.669   11.88   13.88  125.54
  136.53  158.42 0.28413D-09  1  0  0.08205  245.69  255.57 0.67691D+14  2.413    3.040    2.532   -2.545   30.539   11.91   13.94  126.36
  136.85  159.08 0.28352D-09  1  0  0.08320  245.41  255.45 0.68190D+14  2.416    3.028    2.520   -2.706   30.405   11.93   13.99  127.13
  137.17  159.71 0.28291D-09  1  0  0.08438  245.13  255.34 0.68711D+14  2.418    3.016    2.509   -2.871   30.269   11.96   14.05  127.87
  137.49  160.32 0.28231D-09  1  0  0.08559  244.84  255.22 0.69257D+14  2.421    3.003    2.498   -3.041   30.129   11.99   14.11  128.56
  137.82  160.92 0.28171D-09  1  0  0.08684  244.54  255.10 0.69829D+14  2.424    2.991    2.486   -3.214   29.986   12.02   14.17  129.22
  138.14  161.49 0.28111D-09  1  0  0.08812  244.23  254.97 0.70427D+14  2.427    2.978    2.474   -3.392   29.840   12.05   14.23  129.86
  138.46  162.05 0.28052D-09  1  0  0.08944  243.91  254.84 0.71054D+14  2.430    2.965    2.463   -3.574   29.690   12.08   14.30  130.46
  138.78  162.60 0.27993D-09  1  0  0.09080  243.59  254.71 0.71711D+14  2.433    2.953    2.451   -3.761   29.536   12.11   14.37  131.05
  139.10  163.13 0.27934D-09  1  0  0.09220  243.25  254.58 0.72401D+14  2.436    2.939    2.439   -3.952   29.378   12.15   14.44  131.61
  139.43  163.66 0.27875D-09  1  0  0.09365  242.91  254.44 0.73124D+14  2.440    2.926    2.427   -4.149   29.217   12.18   14.51  132.16
  139.75  164.17 0.27817D-09  1  0  0.09514  242.55  254.30 0.73883D+14  2.443    2.913    2.415   -4.350   29.051   12.22   14.59  132.69
  140.07  164.67 0.27759D-09  1  0  0.09667  242.18  254.16 0.74681D+14  2.447    2.899    2.402   -4.557   28.882   12.26   14.67  133.20
  140.39  165.17 0.27701D-09  1  0  0.09826  241.80  254.01 0.75519D+14  2.451    2.886    2.390   -4.770   28.707   12.29   14.75  133.71
  140.71  165.66 0.27644D-09  1  0  0.09990  241.41  253.86 0.76401D+14  2.454    2.872    2.377   -4.988   28.528   12.33   14.84  134.19
  141.04  166.14 0.27586D-09  1  0  0.10160  241.00  253.70 0.77330D+14  2.458    2.858    2.364   -5.212   28.345   12.38   14.93  134.67
  141.36  166.62 0.27529D-09  1  0  0.10335  240.58  253.54 0.78307D+14  2.463    2.843    2.352   -5.442   28.156   12.42   15.02  135.14
  141.68  167.09 0.27473D-09  1  0  0.10516  240.14  253.38 0.79338D+14  2.467    2.829    2.338   -5.679   27.963   12.46   15.12  135.60
  142.00  167.55 0.27416D-09  1  0  0.10704  239.69  253.21 0.80425D+14  2.471    2.814    2.325   -5.922   27.764   12.51   15.22  136.04
  142.32  168.01 0.27360D-09  1  0  0.10898  239.22  253.03 0.81573D+14  2.476    2.799    2.311   -6.173   27.559   12.56   15.33  136.48
  142.65  168.46 0.27304D-09  1  0  0.11100  238.74  252.86 0.82785D+14  2.481    2.783    2.298   -6.430   27.349   12.61   15.44  136.91
  142.97  168.91 0.27248D-09  1  0  0.11309  238.23  252.67 0.84067D+14  2.486    2.767    2.284   -6.695   27.133   12.66   15.56  137.34
  143.29  169.36 0.27193D-09  1  0  0.11526  237.70  252.48 0.85424D+14  2.491    2.751    2.269   -6.967   26.911   12.71   15.68  137.75
  143.61  169.80 0.27138D-09  1  0  0.11751  237.15  252.29 0.86862D+14  2.497    2.735    2.255   -7.248   26.682   12.77   15.81  138.16
  143.93  170.23 0.27083D-09  1  0  0.11985  236.58  252.08 0.88386D+14  2.503    2.718    2.240   -7.537   26.447   12.82   15.95  138.57
  144.26  170.67 0.27028D-09  1  0  0.12229  235.99  251.88 0.90004D+14  2.509    2.701    2.224   -7.834   26.204   12.88   16.09  138.96
  144.58  171.10 0.26974D-09  1  0  0.12483  235.36  251.66 0.91724D+14  2.515    2.683    2.209   -8.141   25.955   12.94   16.24  139.35
  144.90  171.52 0.26919D-09  1  0  0.12747  234.71  251.44 0.93553D+14  2.522    2.665    2.193   -8.457   25.698   13.01   16.40  139.74
  145.22  171.95 0.26865D-09  1  0  0.13022  234.03  251.21 0.95500D+14  2.529    2.646    2.176   -8.782   25.434   13.07   16.56  140.12
  145.54  172.36 0.26812D-09  1  0  0.13310  233.31  250.97 0.97577D+14  2.537    2.626    2.159   -9.117   25.161   13.14   16.74  140.49
  145.87  172.78 0.26758D-09  1  0  0.13610  232.56  250.73 0.99792D+14  2.544    2.606    2.142   -9.463   24.880   13.21   16.92  140.86
  146.19  173.19 0.26705D-09  1  0  0.13925  231.77  250.48 0.10216D+15  2.553    2.586    2.124   -9.820   24.591   13.28   17.12  141.22
  146.51  173.60 0.26652D-09  1  0  0.14253  230.94  250.22 0.10469D+15  2.562    2.564    2.106  -10.187   24.293   13.36   17.33  141.57
  146.83  174.00 0.26599D-09  1  0  0.14598  230.07  249.95 0.10741D+15  2.571    2.542    2.086  -10.566   23.986   13.44   17.55  141.92
  147.15  174.40 0.26546D-09  1  0  0.14960  229.14  249.67 0.11031D+15  2.581    2.519    2.067  -10.957   23.669   13.52   17.79  142.27
  147.48  174.80 0.26494D-09  1  0  0.15339  228.16  249.38 0.11344D+15  2.592    2.495    2.046  -11.360   23.343   13.60   18.04  142.60
  147.80  175.20 0.26442D-09  1  0  0.15738  227.13  249.08 0.11679D+15  2.603    2.470    2.025  -11.776   23.006   13.68   18.30  142.93
  148.12  175.58 0.26390D-09  1  0  0.16159  226.03  248.77 0.12041D+15  2.615    2.444    2.002  -12.204   22.660   13.77   18.59  143.26
  148.44  175.97 0.26339D-09  1  0  0.16602  224.86  248.45 0.12429D+15  2.628    2.417    1.979  -12.645   22.303   13.85   18.89  143.57
  148.76  176.35 0.26287D-09  1  0  0.17070  223.61  248.12 0.12849D+15  2.643    2.388    1.954  -13.100   21.935   13.94   19.22  143.88
  149.09  176.72 0.26236D-09  1  0  0.17565  222.28  247.77 0.13301D+15  2.658    2.358    1.929  -13.568   21.557   14.03   19.56  144.18
  149.41  177.09 0.26185D-09  1  0  0.18090  220.85  247.42 0.13788D+15  2.674    2.326    1.902  -14.050   21.168   14.12   19.94  144.47
  149.73  177.46 0.26134D-09  1  0  0.18646  219.33  247.05 0.14315D+15  2.692    2.292    1.873  -14.545   20.769   14.21   20.34  144.76
  150.05  177.81 0.26084D-09  1  0  0.19237  217.68  246.68 0.14883D+15  2.712    2.256    1.843  -15.054   20.359   14.29   20.77  145.03
  150.37  178.16 0.26033D-09  1  0  0.19867  215.91  246.29 0.15494D+15  2.733    2.218    1.811  -15.575   19.939   14.37   21.23  145.28
  150.70  178.51 0.25983D-09  1  0  0.20539  214.00  245.89 0.16152D+15  2.757    2.177    1.777  -16.109   19.509   14.44   21.73  145.53
  151.02  182.00 0.25933D-09  0  0  0.21258  211.92  245.49 0.16856D+15  2.783    2.133    1.740  -16.525   19.175  151.02  151.02  151.02
  151.34  182.39 0.25884D-09  0  0  0.22029  209.66  245.08 0.17608D+15  2.812    2.086    1.701  -16.578   19.138  151.34  151.34  151.34
  151.66  182.78 0.25834D-09  0  0  0.22857  207.19  244.66 0.18403D+15  2.844    2.035    1.659  -16.634   19.099  151.66  151.66  151.66
  151.98  183.17 0.25785D-09  0  0  0.23749  204.48  244.25 0.19235D+15  2.880    1.980    1.613  -16.695   19.055  151.98  151.98  151.98
  152.31  183.56 0.25736D-09  0  0  0.24714  201.50  243.84 0.20091D+15  2.921    1.920    1.564  -16.761   19.008  152.31  152.31  152.31
  152.63  183.94 0.25687D-09  0  0  0.25760  198.21  243.45 0.20948D+15  2.968    1.854    1.509  -16.832   18.956  152.63  152.63  152.63
  152.95  184.33 0.25639D-09  0  0  0.26897  194.55  243.09 0.21769D+15  3.022    1.782    1.450  -16.910   18.899  152.95  152.95  152.95
  153.27  184.72 0.25590D-09  0  0  0.28139  190.46  242.77 0.22497D+15  3.085    1.702    1.384  -16.996   18.836  153.27  153.27  153.27
  153.59  185.11 0.25542D-09  0  0  0.29501  185.87  242.53 0.23043D+15  3.158    1.612    1.311  -17.090   18.765  153.59  153.59  153.59
  153.92  185.50 0.25494D-09  0  0  0.31000  180.68  242.40 0.23279D+15  3.246    1.512    1.229  -17.196   18.685  153.92  153.92  153.92
  154.24  185.89 0.25446D-09  0  0  0.32100  176.79  242.40 0.23129D+15  3.315    1.436    1.167  -17.277   18.626  154.24  154.24  154.24
  154.56  186.27 0.25399D-09  0  0  0.32100  176.79  242.40 0.23000D+15  3.315    1.434    1.164  -17.285   18.626  154.56  154.56  154.56
  154.88  186.66 0.25351D-09  0  0  0.32100  176.80  242.40 0.22872D+15  3.315    1.431    1.161  -17.294   18.626  154.88  154.88  154.88
  155.20  187.05 0.25304D-09  0  0  0.32100  176.81  242.39 0.22745D+15  3.315    1.429    1.159  -17.302   18.625  155.20  155.20  155.20
  155.53  187.44 0.25257D-09  0  0  0.32100  176.81  242.39 0.22619D+15  3.315    1.426    1.156  -17.310   18.625  155.53  155.53  155.53
  155.85  187.83 0.25210D-09  0  0  0.32100  176.82  242.39 0.22493D+15  3.315    1.424    1.154  -17.318   18.625  155.85  155.85  155.85
  156.17  188.21 0.25163D-09  0  0  0.32100  176.82  242.39 0.22369D+15  3.315    1.421    1.151  -17.326   18.625  156.17  156.17  156.17
  156.49  188.60 0.25117D-09  0  0  0.32100  176.83  242.38 0.22245D+15  3.315    1.419    1.148  -17.334   18.625  156.49  156.49  156.49
  156.81  188.99 0.25071D-09  0  0  0.32100  176.83  242.38 0.22122D+15  3.315    1.416    1.146  -17.342   18.625  156.81  156.81  156.81
  157.14  189.38 0.25025D-09  0  0  0.32100  176.84  242.38 0.21999D+15  3.315    1.414    1.143  -17.350   18.625  157.14  157.14  157.14
  157.46  189.77 0.24979D-09  0  0  0.32100  176.85  242.37 0.21877D+15  3.315    1.411    1.141  -17.358   18.625  157.46  157.46  157.46
  157.78  190.15 0.24933D-09  0  0  0.32100  176.85  242.37 0.21756D+15  3.315    1.409    1.138  -17.366   18.625  157.78  157.78  157.78
  158.10  190.54 0.24888D-09  0  0  0.32100  176.86  242.37 0.21636D+15  3.315    1.406    1.136  -17.374   18.625  158.10  158.10  158.10
  158.42  190.93 0.24843D-09  0  0  0.32100  176.86  242.36 0.21517D+15  3.314    1.404    1.133  -17.382   18.625  158.42  158.42  158.42
  158.75  191.32 0.24797D-09  0  0  0.32100  176.87  242.36 0.21398D+15  3.314    1.402    1.131  -17.390   18.625  158.75  158.75  158.75
  159.07  191.71 0.24753D-09  0  0  0.32100  176.88  242.35 0.21280D+15  3.314    1.399    1.129  -17.398   18.625  159.07  159.07  159.07
  159.39  192.09 0.24708D-09  0  0  0.32100  176.88  242.35 0.21163D+15  3.314    1.397    1.126  -17.406   18.625  159.39  159.39  159.39
  159.71  192.48 0.24663D-09  0  0  0.32100  176.89  242.35 0.21046D+15  3.314    1.394    1.124  -17.414   18.625  159.71  159.71  159.71
  160.03  192.87 0.24619D-09  0  0  0.32100  176.89  242.34 0.20930D+15  3.314    1.392    1.121  -17.421   18.625  160.03  160.03  160.03
  160.36  193.26 0.24575D-09  0  0  0.32100  176.90  242.34 0.20815D+15  3.314    1.390    1.119  -17.429   18.625  160.36  160.36  160.36
  160.68  193.65 0.24531D-09  0  0  0.32100  176.90  242.33 0.20700D+15  3.314    1.387    1.116  -17.437   18.625  160.68  160.68  160.68
  161.00  194.03 0.24487D-09  0  0  0.32100  176.91  242.33 0.20586D+15  3.314    1.385    1.114  -17.445   18.625  161.00  161.00  161.00
