R_tot = 1561.0 R_core =  1400.0  Tsurf =   100.00  g =  1.310
     Pint       etaref      pCLA conv P(MPa)   zbot     %vol    Tbot     Tm      TH2O      Fbot     Ftop     dlid   T_core
 0.00000D+00 0.10000D+15   0.0150  1  172.07  144.470  0.12396  235.58  225.54  256.09    7.707    6.346   45.93  1500.66
 0.12500D+11 0.10000D+15   0.0150  1  171.89  144.227  0.12206  236.04  226.58  256.13    7.699    6.750   46.52  1500.68
 0.25000D+11 0.10000D+15   0.0150  1  171.56  143.866  0.11935  236.71  227.74  256.18    7.691    7.155   44.11  1500.75
 0.37500D+11 0.10000D+15   0.0150  1  171.20  143.492  0.11666  237.36  228.86  256.24    7.684    7.561   41.96  1500.82
 0.50000D+11 0.10000D+15   0.0150  1  170.82  143.105  0.11400  238.01  229.92  256.30    7.676    7.966   40.02  1500.89
 0.62500D+11 0.10000D+15   0.0150  1  170.41  142.705  0.11137  238.65  230.95  256.36    7.669    8.372   38.27  1500.96
 0.75000D+11 0.10000D+15   0.0150  1  169.98  142.291  0.10878  239.27  231.93  256.42    7.661    8.778   36.68  1501.02
 0.87500D+11 0.10000D+15   0.0150  1  169.54  141.863  0.10622  239.89  232.88  256.49    7.654    9.183   35.22  1501.09
 0.10000D+12 0.10000D+15   0.0150  1  169.06  141.420  0.10369  240.50  233.80  256.56    7.646    9.589   33.89  1501.16
 0.11250D+12 0.10000D+15   0.0150  1  168.57  140.962  0.10120  241.10  234.68  256.63    7.639    9.995   32.66  1501.23
 0.12500D+12 0.10000D+15   0.0150  1  168.05  140.489  0.09875  241.68  235.54  256.70    7.631   10.402   31.53  1501.29
 0.13750D+12 0.10000D+15   0.0150  1  167.51  139.999  0.09633  242.26  236.37  256.77    7.623   10.808   30.48  1501.36
 0.15000D+12 0.10000D+15   0.0150  1  166.95  139.492  0.09395  242.83  237.18  256.85    7.616   11.214   29.50  1501.42
 0.16250D+12 0.10000D+15   0.0150  1  166.37  138.967  0.09160  243.40  237.97  256.93    7.608   11.620   28.59  1501.49
 0.17500D+12 0.10000D+15   0.0150  1  165.75  138.424  0.08929  243.95  238.74  257.01    7.600   12.027   27.74  1501.55
 0.18750D+12 0.10000D+15   0.0150  1  165.12  137.861  0.08701  244.50  239.49  257.10    7.592   12.434   26.95  1501.61
 0.20000D+12 0.10000D+15   0.0150  1  164.45  137.277  0.08477  245.03  240.22  257.18    7.584   12.840   26.20  1501.67
 0.21250D+12 0.10000D+15   0.0150  1  163.76  136.672  0.08256  245.56  240.93  257.27    7.576   13.247   25.50  1501.74
 0.22500D+12 0.10000D+15   0.0150  1  163.04  136.044  0.08039  246.09  241.63  257.37    7.567   13.654   24.84  1501.80
 0.23750D+12 0.10000D+15   0.0150  1  162.28  135.392  0.07824  246.61  242.31  257.47    7.559   14.061   24.22  1501.86
 0.25000D+12 0.10000D+15   0.0150  1  161.50  134.716  0.07614  247.12  242.98  257.57    7.550   14.468   23.63  1501.92
 0.26250D+12 0.10000D+15   0.0150  1  160.68  134.012  0.07406  247.62  243.64  257.67    7.541   14.875   23.07  1501.98
 0.27500D+12 0.10000D+15   0.0150  1  159.83  133.282  0.07202  248.12  244.29  257.78    7.533   15.282   22.55  1502.04
 0.28750D+12 0.10000D+15   0.0150  1  158.94  132.522  0.07001  248.62  244.92  257.89    7.523   15.689   22.05  1502.10
 0.30000D+12 0.10000D+15   0.0150  1  158.02  131.732  0.06804  249.11  245.54  258.00    7.514   16.097   21.57  1502.16
 0.31250D+12 0.10000D+15   0.0150  1  157.05  130.909  0.06609  249.59  246.15  258.12    7.504   16.504   21.12  1502.21
 0.32500D+12 0.10000D+15   0.0150  1  156.05  130.053  0.06418  250.07  246.76  258.25    7.494   16.911   20.69  1502.27
 0.33750D+12 0.10000D+15   0.0150  1  155.00  129.162  0.06230  250.55  247.35  258.38    7.484   17.319   20.28  1502.33
 0.35000D+12 0.10000D+15   0.0150  1  153.90  128.234  0.06046  251.02  247.94  258.51    7.474   17.726   19.89  1502.39
 0.36250D+12 0.10000D+15   0.0150  1  152.76  127.267  0.05865  251.49  248.52  258.65    7.463   18.134   19.51  1502.44
 0.37500D+12 0.10000D+15   0.0150  1  151.56  126.260  0.05687  251.96  249.09  258.79    7.452   18.542   19.16  1502.50
 0.38750D+12 0.10000D+15   0.0150  1  150.32  125.211  0.05513  252.42  249.65  258.94    7.441   18.950   18.82  1502.56
 0.40000D+12 0.10000D+15   0.0150  1  149.02  124.118  0.05342  252.88  250.21  259.10    7.429   19.357   18.49  1502.61
 0.41250D+12 0.10000D+15   0.0150  1  147.67  122.978  0.05175  253.34  250.76  259.26    7.417   19.765   18.18  1502.67
 0.42500D+12 0.10000D+15   0.0150  1  146.26  121.792  0.05011  253.79  251.30  259.43    7.404   20.173   17.88  1502.73
 0.43750D+12 0.10000D+15   0.0150  1  144.78  120.556  0.04851  254.24  251.84  259.60    7.391   20.581   17.59  1502.78
 0.45000D+12 0.10000D+15   0.0150  1  143.25  119.269  0.04695  254.69  252.37  259.78    7.378   20.989   17.31  1502.83
 0.46250D+12 0.10000D+15   0.0150  1  141.65  117.930  0.04542  255.14  252.90  259.96    7.364   21.398   17.05  1502.89
 0.47500D+12 0.10000D+15   0.0150  1  139.99  116.537  0.04393  255.58  253.42  260.15    7.350   21.806   16.79  1502.94
 0.48750D+12 0.10000D+15   0.0150  1  138.26  115.089  0.04248  256.03  253.94  260.35    7.335   22.214   16.55  1503.00
 0.50000D+12 0.10000D+15   0.0150  1  136.46  113.585  0.04107  256.47  254.45  260.55    7.320   22.622   16.31  1503.05
 0.51250D+12 0.10000D+15   0.0150  1  134.59  112.023  0.03969  256.91  254.96  260.76    7.304   23.030   16.08  1503.10
 0.52500D+12 0.10000D+15   0.0150  1  132.65  110.405  0.03836  257.34  255.46  260.98    7.287   23.438   15.87  1503.15
 0.53750D+12 0.10000D+15   0.0150  1  130.65  108.728  0.03707  257.78  255.96  261.20    7.271   23.847   15.66  1503.20
 0.55000D+12 0.10000D+15   0.0150  1  128.57  106.994  0.03582  258.21  256.45  261.43    7.253   24.255   15.45  1503.25
 0.56250D+12 0.10000D+15   0.0150  1  126.42  105.203  0.03461  258.64  256.93  261.67    7.235   24.663   15.26  1503.30
 0.57500D+12 0.10000D+15   0.0150  1  124.21  103.356  0.03344  259.06  257.42  261.91    7.217   25.071   15.07  1503.35
 0.58750D+12 0.10000D+15   0.0150  1  121.92  101.454  0.03232  259.49  257.89  262.15    7.198   25.479   14.89  1503.40
 0.60000D+12 0.10000D+15   0.0150  1  119.58   99.499  0.03124  259.91  258.36  262.40    7.178   25.887   14.71  1503.45
 0.61250D+12 0.10000D+15   0.0150  1  117.17   97.493  0.03020  260.32  258.82  262.66    7.158   26.294   14.54  1503.50
 0.62500D+12 0.10000D+15   0.0150  1  114.70   95.440  0.02920  260.74  259.28  262.92    7.137   26.702   14.37  1503.54
 0.63750D+12 0.10000D+15   0.0150  1  112.18   93.342  0.02824  261.14  259.73  263.18    7.116   27.110   14.21  1503.59
 0.65000D+12 0.10000D+15   0.0150  1  109.61   91.202  0.02733  261.55  260.18  263.45    7.095   27.517   14.06  1503.63
 0.66250D+12 0.10000D+15   0.0150  1  107.00   89.026  0.02645  261.95  260.61  263.71    7.073   27.925   13.91  1503.68
 0.67500D+12 0.10000D+15   0.0150  1  104.34   86.818  0.02562  262.34  261.04  263.98    7.050   28.332   13.76  1503.72
 0.68750D+12 0.10000D+15   0.0150  1  101.66   84.582  0.02482  262.73  261.46  264.25    7.028   28.739   13.62  1503.76
 0.70000D+12 0.10000D+15   0.0150  1   98.94   82.323  0.02406  263.11  261.87  264.53    7.005   29.146   13.48  1503.80
 0.71250D+12 0.10000D+15   0.0150  1   96.20   80.047  0.02334  263.48  262.27  264.80    6.982   29.553   13.35  1503.84
 0.72500D+12 0.10000D+15   0.0150  1   93.45   77.759  0.02266  263.85  262.66  265.07    6.959   29.960   13.22  1503.88
 0.73750D+12 0.10000D+15   0.0150  1   90.69   75.464  0.02201  264.20  263.05  265.34    6.936   30.366   13.09  1503.92
 0.75000D+12 0.10000D+15   0.0150  1   87.93   73.169  0.02140  264.56  263.42  265.60    6.912   30.773   12.96  1503.95
 0.76250D+12 0.10000D+15   0.0150  1   85.17   70.878  0.02082  264.90  263.78  265.87    6.889   31.179   12.84  1503.99
 0.77500D+12 0.10000D+15   0.0150  1   82.42   68.598  0.02027  265.23  264.14  266.13    6.866   31.585   12.72  1504.02
 0.78750D+12 0.10000D+15   0.0150  1   79.70   66.332  0.01975  265.56  264.48  266.39    6.843   31.991   12.60  1504.06
 0.80000D+12 0.10000D+15   0.0150  1   76.99   64.087  0.01925  265.88  264.81  266.64    6.820   32.397   12.49  1504.09
 0.81250D+12 0.10000D+15   0.0150  1   74.32   61.868  0.01879  266.18  265.13  266.89    6.797   32.803   12.37  1504.12
 0.82500D+12 0.10000D+15   0.0150  1   71.68   59.678  0.01835  266.48  265.44  267.13    6.775   33.209   12.26  1504.15
 0.83750D+12 0.10000D+15   0.0150  1   69.08   57.521  0.01794  266.77  265.73  267.37    6.753   33.615   12.15  1504.18
 0.85000D+12 0.10000D+15   0.0150  1   66.53   55.403  0.01755  267.05  266.02  267.60    6.731   34.021   12.04  1504.20
 0.86250D+12 0.10000D+15   0.0150  1   64.03   53.325  0.01719  267.32  266.30  267.83    6.710   34.427   11.94  1504.23
 0.87500D+12 0.10000D+15   0.0150  1   61.58   51.292  0.01684  267.58  266.56  268.05    6.689   34.832   11.83  1504.26
 0.88750D+12 0.10000D+15   0.0150  1   59.18   49.305  0.01652  267.83  266.81  268.26    6.669   35.238   11.73  1504.28
 0.90000D+12 0.10000D+15   0.0150  1   56.85   47.368  0.01621  268.07  267.06  268.47    6.649   35.644   11.63  1504.31
 0.91250D+12 0.10000D+15   0.0150  1   54.58   45.482  0.01593  268.30  267.29  268.67    6.630   36.050   11.53  1504.33
 0.92500D+12 0.10000D+15   0.0150  1   52.36   43.649  0.01566  268.53  267.51  268.86    6.612   36.455   11.43  1504.35
 0.93750D+12 0.10000D+15   0.0150  1   50.22   41.870  0.01540  268.74  267.72  269.05    6.594   36.861   11.33  1504.37
 0.95000D+12 0.10000D+15   0.0150  1   48.14   40.145  0.01516  268.95  267.93  269.22    6.576   37.267   11.23  1504.39
 0.96250D+12 0.10000D+15   0.0150  1   46.13   38.476  0.01494  269.14  268.12  269.40    6.559   37.673   11.14  1504.41
 0.97500D+12 0.10000D+15   0.0150  1   44.18   36.863  0.01473  269.33  268.30  269.56    6.543   38.079   11.04  1504.43
 0.98750D+12 0.10000D+15   0.0150  1   42.30   35.306  0.01453  269.51  268.48  269.72    6.527   38.485   10.95  1504.45
 0.10000D+13 0.10000D+15   0.0150  1   40.49   33.804  0.01434  269.69  268.64  269.88    6.512   38.891   10.86  1504.47
 0.10125D+13 0.10000D+15   0.0150  1   38.74   32.357  0.01416  269.85  268.80  270.02    6.497   39.297   10.77  1504.48
 0.10250D+13 0.10000D+15   0.0150  1   37.06   30.965  0.01400  270.01  268.95  270.17    6.483   39.703   10.67  1504.50
 0.10375D+13 0.10000D+15   0.0150  1   35.45   29.627  0.01384  270.16  269.09  270.30    6.470   40.109   10.58  1504.51
 0.10500D+13 0.10000D+15   0.0150  1   33.89   28.341  0.01369  270.30  269.22  270.43    6.457   40.515   10.50  1504.53
 0.10625D+13 0.10000D+15   0.0150  1   32.40   27.107  0.01355  270.44  269.34  270.55    6.445   40.922   10.41  1504.54
 0.10750D+13 0.10000D+15   0.0150  1   30.97   25.923  0.01342  270.57  269.46  270.67    6.433   41.328   10.32  1504.55
 0.10875D+13 0.10000D+15   0.0150  1   29.60   24.789  0.01330  270.69  269.58  270.78    6.421   41.734   10.24  1504.56
 0.11000D+13 0.10000D+15   0.0150  1   28.29   23.703  0.01319  270.81  269.68  270.89    6.411   42.141   10.15  1504.56
 0.11125D+13 0.10000D+15   0.0150  1   27.03   22.663  0.01308  270.92  269.78  270.99    6.400   42.547   10.07  1504.57
 0.11250D+13 0.10000D+15   0.0150  1   25.83   21.668  0.01297  271.03  269.87  271.09    6.390   42.954    9.99  1504.57
 0.11375D+13 0.10000D+15   0.0150  1   24.68   20.716  0.01288  271.13  269.96  271.19    6.380   43.360    9.90  1504.58
 0.11500D+13 0.10000D+15   0.0150  1   23.58   19.807  0.01279  271.23  270.05  271.28    6.371   43.767    9.82  1504.58
 0.11625D+13 0.10000D+15   0.0150  1   22.53   18.938  0.01270  271.32  270.12  271.36    6.362   44.173    9.74  1504.59
 0.11750D+13 0.10000D+15   0.0150  1   21.53   18.109  0.01262  271.41  270.20  271.44    6.353   44.579    9.67  1504.59
 0.11875D+13 0.10000D+15   0.0150  1   20.60   17.346  0.01254  271.49  270.27  271.52    6.335   44.976    9.59  1504.60
 0.12000D+13 0.10000D+15   0.0150  0   20.73   17.202  0.01253  271.50  270.35  271.53    6.325   45.376   17.20  1504.60
 0.12125D+13 0.10000D+15   0.0150  0   20.57   17.069  0.01252  271.52  270.43  271.54    6.324   45.784   17.07  1504.60
 0.12250D+13 0.10000D+15   0.0150  0   20.41   16.939  0.01251  271.53  270.51  271.55    6.323   46.192   16.94  1504.61
 0.12375D+13 0.10000D+15   0.0150  0   20.26   16.810  0.01249  271.55  270.59  271.57    6.322   46.600   16.81  1504.61
 0.12500D+13 0.10000D+15   0.0150  0   20.10   16.683  0.01248  271.56  270.67  271.58    6.321   47.008   16.68  1504.61
 0.12625D+13 0.10000D+15   0.0150  0   19.95   16.558  0.01247  271.57  270.75  271.59    6.320   47.416   16.56  1504.61
 0.12750D+13 0.10000D+15   0.0150  0   19.81   16.435  0.01246  271.58  270.83  271.60    6.318   47.825   16.44  1504.62
 0.12875D+13 0.10000D+15   0.0150  0   19.66   16.314  0.01245  271.60  270.91  271.62    6.317   48.233   16.31  1504.62
 0.13000D+13 0.10000D+15   0.0150  0   19.52   16.195  0.01243  271.61  270.99  271.63    6.316   48.641   16.19  1504.62
 0.13125D+13 0.10000D+15   0.0150  0   19.37   16.077  0.01242  271.62  271.06  271.64    6.315   49.049   16.08  1504.62
 0.13250D+13 0.10000D+15   0.0150  0   19.23   15.961  0.01241  271.63  271.14  271.65    6.314   49.457   15.96  1504.62
 0.13375D+13 0.10000D+15   0.0150  0   19.10   15.846  0.01240  271.65  271.22  271.66    6.313   49.865   15.85  1504.63
 0.13500D+13 0.10000D+15   0.0150  0   18.96   15.734  0.01239  271.66  271.29  271.67    6.312   50.273   15.73  1504.63
 0.13625D+13 0.10000D+15   0.0150  0   18.83   15.623  0.01238  271.67  271.37  271.68    6.311   50.681   15.62  1504.63
 0.13750D+13 0.10000D+15   0.0150  0   18.69   15.513  0.01237  271.68  271.44  271.69    6.310   51.090   15.51  1504.63
 0.13875D+13 0.10000D+15   0.0150  0   18.56   15.405  0.01236  271.69  271.52  271.70    6.309   51.498   15.40  1504.63
 0.14000D+13 0.10000D+15   0.0150  0   18.44   15.298  0.01235  271.70  271.59  271.71    6.308   51.906   15.30  1504.63
 0.14125D+13 0.10000D+15   0.0150  0   18.31   15.193  0.01234  271.71  271.66  271.72    6.307   52.314   15.19  1504.63
 0.14250D+13 0.10000D+15   0.0150  0   18.18   15.090  0.01233  271.72  271.74  271.73    6.306   52.722   15.09  1504.64
 0.14375D+13 0.10000D+15   0.0150  0   18.06   14.987  0.01232  271.74  271.81  271.74    6.306   53.130   14.99  1504.64
 0.14500D+13 0.10000D+15   0.0150  0   17.94   14.886  0.01231  271.75  271.88  271.75    6.305   53.538   14.89  1504.64
 0.14625D+13 0.10000D+15   0.0150  0   17.82   14.787  0.01230  271.76  271.95  271.76    6.304   53.947   14.79  1504.64
 0.14750D+13 0.10000D+15   0.0150  0   17.70   14.689  0.01229  271.77  272.02  271.77    6.303   54.355   14.69  1504.64
 0.14875D+13 0.10000D+15   0.0150  0   17.58   14.592  0.01228  271.78  272.09  271.78    6.302   54.763   14.59  1504.64
 0.15000D+13 0.10000D+15   0.0150  0   17.47   14.496  0.01228  271.79  272.16  271.79    6.301   55.171   14.50  1504.64
 0.15125D+13 0.10000D+15   0.0150  0   17.35   14.402  0.01227  271.80  272.23  271.80    6.300   55.579   14.40  1504.64
 0.15250D+13 0.10000D+15   0.0150  0   17.24   14.308  0.01226  271.81  272.30  271.81    6.300   55.987   14.31  1504.65
 0.15375D+13 0.10000D+15   0.0150  0   17.13   14.216  0.01225  271.82  267.82  271.82    6.299   56.396   14.22  1504.65
 0.15500D+13 0.10000D+15   0.0150  0   17.02   14.125  0.01224  271.82  267.89  271.83    6.298   56.804   14.13  1504.65
 0.15625D+13 0.10000D+15   0.0150  0   16.91   14.036  0.01223  271.83  267.95  271.84    6.297   57.212   14.04  1504.65
 0.15750D+13 0.10000D+15   0.0150  0   16.81   13.947  0.01222  271.84  268.02  271.84    6.296   57.620   13.95  1504.65
 0.15875D+13 0.10000D+15   0.0150  0   16.70   13.860  0.01222  271.85  268.08  271.85    6.296   58.028   13.86  1504.65
 0.16000D+13 0.10000D+15   0.0150  0   16.60   13.773  0.01221  271.86  268.14  271.86    6.295   58.436   13.77  1504.65
 0.16125D+13 0.10000D+15   0.0150  0   16.49   13.688  0.01220  271.87  268.21  271.87    6.294   58.845   13.69  1504.65
 0.16250D+13 0.10000D+15   0.0150  0   16.39   13.604  0.01219  271.88  268.27  271.88    6.293   59.253   13.60  1504.66
 0.16375D+13 0.10000D+15   0.0150  0   16.29   13.521  0.01219  271.89  268.33  271.89    6.293   59.661   13.52  1504.66
 0.16500D+13 0.10000D+15   0.0150  0   16.19   13.438  0.01218  271.90  268.39  271.89    6.292   60.069   13.44  1504.66
 0.16625D+13 0.10000D+15   0.0150  0   16.10   13.357  0.01217  271.90  268.46  271.90    6.291   60.477   13.36  1504.66
 0.16750D+13 0.10000D+15   0.0150  0   16.00   13.277  0.01216  271.91  268.52  271.91    6.290   60.885   13.28  1504.66
 0.16875D+13 0.10000D+15   0.0150  0   15.90   13.198  0.01216  271.92  268.58  271.92    6.290   61.294   13.20  1504.66
 0.17000D+13 0.10000D+15   0.0150  0   15.81   13.119  0.01215  271.93  268.64  271.92    6.289   61.702   13.12  1504.66
 0.17125D+13 0.10000D+15   0.0150  0   15.72   13.042  0.01214  271.94  268.70  271.93    6.288   62.110   13.04  1504.66
 0.17250D+13 0.10000D+15   0.0150  0   15.62   12.965  0.01213  271.94  268.76  271.94    6.288   62.518   12.97  1504.66
 0.17375D+13 0.10000D+15   0.0150  0   15.53   12.890  0.01213  271.95  268.82  271.95    6.287   62.926   12.89  1504.66
 0.17500D+13 0.10000D+15   0.0150  0   15.44   12.815  0.01212  271.96  268.88  271.95    6.286   63.334   12.82  1504.67
 0.17625D+13 0.10000D+15   0.0150  0   15.35   12.741  0.01211  271.97  268.94  271.96    6.286   63.743   12.74  1504.67
 0.17750D+13 0.10000D+15   0.0150  0   15.27   12.668  0.01211  271.98  269.00  271.97    6.285   64.151   12.67  1504.67
 0.17875D+13 0.10000D+15   0.0150  0   15.18   12.596  0.01210  271.98  269.06  271.97    6.284   64.559   12.60  1504.67
 0.18000D+13 0.10000D+15   0.0150  0   15.09   12.524  0.01209  271.99  269.12  271.98    6.284   64.967   12.52  1504.67
 0.18125D+13 0.10000D+15   0.0150  0   15.01   12.454  0.01209  272.00  269.18  271.99    6.283   65.375   12.45  1504.67
 0.18250D+13 0.10000D+15   0.0150  0   14.92   12.384  0.01208  272.00  269.24  271.99    6.283   65.783   12.38  1504.67
 0.18375D+13 0.10000D+15   0.0150  0   14.84   12.315  0.01208  272.01  269.29  272.00    6.282   66.192   12.32  1504.67
 0.18500D+13 0.10000D+15   0.0150  0   14.76   12.247  0.01207  272.02  269.35  272.01    6.281   66.600   12.25  1504.67
 0.18625D+13 0.10000D+15   0.0150  0   14.68   12.179  0.01206  272.03  269.41  272.01    6.281   67.008   12.18  1504.67
 0.18750D+13 0.10000D+15   0.0150  0   14.60   12.113  0.01206  272.03  269.47  272.02    6.280   67.416   12.11  1504.67
 0.18875D+13 0.10000D+15   0.0150  0   14.52   12.047  0.01205  272.04  269.52  272.03    6.280   67.824   12.05  1504.68
 0.19000D+13 0.10000D+15   0.0150  0   14.44   11.981  0.01205  272.05  269.58  272.03    6.279   68.233   11.98  1504.68
 0.19125D+13 0.10000D+15   0.0150  0   14.36   11.917  0.01204  272.05  269.64  272.04    6.279   68.641   11.92  1504.68
 0.19250D+13 0.10000D+15   0.0150  0   14.28   11.853  0.01203  272.06  269.70  272.04    6.278   69.049   11.85  1504.68
 0.19375D+13 0.10000D+15   0.0150  0   14.21   11.789  0.01203  272.07  269.75  272.05    6.277   69.457   11.79  1504.68
 0.19500D+13 0.10000D+15   0.0150  0   14.13   11.727  0.01202  272.07  269.81  272.06    6.277   69.865   11.73  1504.68
 0.19625D+13 0.10000D+15   0.0150  0   14.06   11.665  0.01202  272.08  269.86  272.06    6.276   70.273   11.66  1504.68
 0.19750D+13 0.10000D+15   0.0150  0   13.98   11.604  0.01201  272.08  269.92  272.07    6.276   70.682   11.60  1504.68
 0.19875D+13 0.10000D+15   0.0150  0   13.91   11.543  0.01201  272.09  269.98  272.07    6.275   71.090   11.54  1504.68
 0.20000D+13 0.10000D+15   0.0150  0   13.84   11.483  0.01200  272.10  270.03  272.08    6.275   71.498   11.48  1504.68
 0.20125D+13 0.10000D+15   0.0150  0   13.77   11.424  0.01200  272.10  270.09  272.09    6.274   71.906   11.42  1504.68
 0.20250D+13 0.10000D+15   0.0150  0   13.69   11.365  0.01199  272.11  270.14  272.09    6.274   72.314   11.36  1504.68
 0.20375D+13 0.10000D+15   0.0150  0   13.62   11.307  0.01199  272.11  270.20  272.10    6.273   72.723   11.31  1504.68
 0.20500D+13 0.10000D+15   0.0150  0   13.56   11.249  0.01198  272.12  270.25  272.10    6.273   73.131   11.25  1504.69
 0.20625D+13 0.10000D+15   0.0150  0   13.49   11.192  0.01198  272.13  270.31  272.11    6.272   73.539   11.19  1504.69
 0.20750D+13 0.10000D+15   0.0150  0   13.42   11.136  0.01197  272.13  270.36  272.11    6.272   73.947   11.14  1504.69
 0.20875D+13 0.10000D+15   0.0150  0   13.35   11.080  0.01197  272.14  270.41  272.12    6.271   74.355   11.08  1504.69
 0.21000D+13 0.10000D+15   0.0150  0   13.28   11.025  0.01196  272.14  270.47  272.12    6.271   74.764   11.02  1504.69
 0.21125D+13 0.10000D+15   0.0150  0   13.22   10.970  0.01196  272.15  270.52  272.13    6.270   75.172   10.97  1504.69
 0.21250D+13 0.10000D+15   0.0150  0   13.15   10.916  0.01195  272.15  270.58  272.13    6.270   75.580   10.92  1504.69
 0.21375D+13 0.10000D+15   0.0150  0   13.09   10.862  0.01195  272.16  270.63  272.14    6.269   75.988   10.86  1504.69
 0.21500D+13 0.10000D+15   0.0150  0   13.02   10.809  0.01194  272.17  270.68  272.14    6.269   76.396   10.81  1504.69
 0.21625D+13 0.10000D+15   0.0150  0   12.96   10.756  0.01194  272.17  270.73  272.15    6.268   76.804   10.76  1504.69
 0.21750D+13 0.10000D+15   0.0150  0   12.90   10.704  0.01193  272.18  270.79  272.15    6.268   77.213   10.70  1504.69
 0.21875D+13 0.10000D+15   0.0150  0   12.84   10.652  0.01193  272.18  270.84  272.16    6.268   77.621   10.65  1504.69
 0.22000D+13 0.10000D+15   0.0150  0   12.77   10.601  0.01192  272.19  270.89  272.16    6.267   78.029   10.60  1504.69
 0.22125D+13 0.10000D+15   0.0150  0   12.71   10.551  0.01192  272.19  270.94  272.17    6.267   78.437   10.55  1504.69
 0.22250D+13 0.10000D+15   0.0150  0   12.65   10.501  0.01191  272.20  271.00  272.17    6.266   78.845   10.50  1504.69
 0.22375D+13 0.10000D+15   0.0150  0   12.59   10.451  0.01191  272.20  271.05  272.18    6.266   79.254   10.45  1504.70
 0.22500D+13 0.10000D+15   0.0150  0   12.53   10.402  0.01191  272.21  271.10  272.18    6.265   79.662   10.40  1504.70
 0.22625D+13 0.10000D+15   0.0150  0   12.47   10.353  0.01190  272.21  271.15  272.19    6.265   80.070   10.35  1504.70
 0.22750D+13 0.10000D+15   0.0150  0   12.42   10.305  0.01190  272.22  271.20  272.19    6.265   80.478   10.30  1504.70
 0.22875D+13 0.10000D+15   0.0150  0   12.36   10.257  0.01189  272.22  271.25  272.20    6.264   80.886   10.26  1504.70
 0.23000D+13 0.10000D+15   0.0150  0   12.30   10.209  0.01189  272.23  271.31  272.20    6.264   81.295   10.21  1504.70
 0.23125D+13 0.10000D+15   0.0150  0   12.25   10.162  0.01189  272.23  271.36  272.21    6.263   81.703   10.16  1504.70
 0.23250D+13 0.10000D+15   0.0150  0   12.19   10.116  0.01188  272.24  271.41  272.21    6.263   82.111   10.12  1504.70
 0.23375D+13 0.10000D+15   0.0150  0   12.13   10.070  0.01188  272.24  271.46  272.21    6.262   82.519   10.07  1504.70
 0.23500D+13 0.10000D+15   0.0150  0   12.08   10.024  0.01187  272.25  271.51  272.22    6.262   82.927   10.02  1504.70
 0.23625D+13 0.10000D+15   0.0150  0   12.02    9.979  0.01187  272.25  271.56  272.22    6.262   83.335    9.98  1504.70
 0.23750D+13 0.10000D+15   0.0150  0   11.97    9.934  0.01187  272.25  271.61  272.23    6.261   83.744    9.93  1504.70
 0.23875D+13 0.10000D+15   0.0150  0   11.92    9.889  0.01186  272.26  271.66  272.23    6.261   84.152    9.89  1504.70
 0.24000D+13 0.10000D+15   0.0150  0   11.86    9.845  0.01186  272.26  271.71  272.24    6.261   84.560    9.85  1504.70
 0.24125D+13 0.10000D+15   0.0150  0   11.81    9.802  0.01185  272.27  271.76  272.24    6.260   84.968    9.80  1504.70
 0.24250D+13 0.10000D+15   0.0150  0   11.76    9.758  0.01185  272.27  271.81  272.24    6.260   85.376    9.76  1504.70
 0.24375D+13 0.10000D+15   0.0150  0   11.71    9.715  0.01185  272.28  271.86  272.25    6.259   85.785    9.72  1504.71
 0.24500D+13 0.10000D+15   0.0150  0   11.66    9.673  0.01184  272.28  271.90  272.25    6.259   86.193    9.67  1504.71
 0.24625D+13 0.10000D+15   0.0150  0   11.60    9.631  0.01184  272.29  271.95  272.26    6.259   86.601    9.63  1504.71
 0.24750D+13 0.10000D+15   0.0150  0   11.55    9.589  0.01184  272.29  272.00  272.26    6.258   87.009    9.59  1504.71
 0.24875D+13 0.10000D+15   0.0150  0   11.50    9.547  0.01183  272.29  272.05  272.26    6.258   87.417    9.55  1504.71
 0.25000D+13 0.10000D+15   0.0150  0   11.45    9.506  0.01183  272.30  272.10  272.27    6.258   87.826    9.51  1504.71
 0.25125D+13 0.10000D+15   0.0150  0   11.41    9.465  0.01182  272.30  272.15  272.27    6.257   88.234    9.47  1504.71
 0.25250D+13 0.10000D+15   0.0150  0   11.36    9.425  0.01182  272.31  272.20  272.28    6.257   88.642    9.43  1504.71
 0.25375D+13 0.10000D+15   0.0150  0   11.31    9.385  0.01182  272.31  272.24  272.28    6.256   89.050    9.39  1504.71
 0.25500D+13 0.10000D+15   0.0150  0   11.26    9.345  0.01181  272.31  272.29  272.28    6.256   89.458    9.35  1504.71
 0.25625D+13 0.10000D+15   0.0150  0   11.21    9.306  0.01181  272.32  272.34  272.29    6.256   89.866    9.31  1504.71
 0.25750D+13 0.10000D+15   0.0150  0   11.17    9.267  0.01181  272.32  272.39  272.29    6.255   90.275    9.27  1504.71
 0.25875D+13 0.10000D+15   0.0150  0   11.12    9.228  0.01180  272.33  272.44  272.29    6.255   90.683    9.23  1504.71
 0.26000D+13 0.10000D+15   0.0150  0   11.07    9.190  0.01180  272.33  272.48  272.30    6.255   91.091    9.19  1504.71
 0.26125D+13 0.10000D+15   0.0150  0   11.03    9.152  0.01180  272.33  272.53  272.30    6.254   91.499    9.15  1504.71
 0.26250D+13 0.10000D+15   0.0150  0   10.98    9.114  0.01179  272.34  272.58  272.31    6.254   91.907    9.11  1504.71
 0.26375D+13 0.10000D+15   0.0150  0   10.94    9.076  0.01179  272.34  272.62  272.31    6.254   92.316    9.08  1504.71
 0.26500D+13 0.10000D+15   0.0150  0   10.89    9.039  0.01179  272.35  272.67  272.31    6.253   92.724    9.04  1504.71
 0.26625D+13 0.10000D+15   0.0150  0   10.85    9.002  0.01178  272.35  272.72  272.32    6.253   93.132    9.00  1504.71
 0.26750D+13 0.10000D+15   0.0150  0   10.80    8.966  0.01178  272.35  272.76  272.32    6.253   93.540    8.97  1504.71
 0.26875D+13 0.10000D+15   0.0150  0   10.76    8.930  0.01178  272.36  272.81  272.32    6.252   93.948    8.93  1504.72
 0.27000D+13 0.10000D+15   0.0150  0   10.72    8.894  0.01178  272.36  272.86  272.33    6.252   94.357    8.89  1504.72
 0.27125D+13 0.10000D+15   0.0150  0   10.67    8.858  0.01177  272.36  272.90  272.33    6.252   94.765    8.86  1504.72
 0.27250D+13 0.10000D+15   0.0150  0   10.63    8.823  0.01177  272.37  272.95  272.33    6.251   95.173    8.82  1504.72
 0.27375D+13 0.10000D+15   0.0150  0   10.59    8.788  0.01177  272.37  272.99  272.34    6.251   95.581    8.79  1504.72
 0.27500D+13 0.10000D+15   0.0150  0   10.55    8.753  0.01176  272.37  273.04  272.34    6.251   95.989    8.75  1504.72
 0.27625D+13 0.10000D+15   0.0150  0   10.50    8.718  0.01176  272.38  273.09  272.34    6.250   96.397    8.72  1504.72
 0.27750D+13 0.10000D+15   0.0150  0   10.46    8.684  0.01176  272.38  273.13  272.35    6.250   96.806    8.68  1504.72
 0.27875D+13 0.10000D+15   0.0150  0   10.42    8.650  0.01175  272.38  273.18  272.35    6.250   97.214    8.65  1504.72
 0.28000D+13 0.10000D+15   0.0150  0   10.38    8.616  0.01175  272.39  273.22  272.35    6.250   97.622    8.62  1504.72
 0.28125D+13 0.10000D+15   0.0150  0   10.34    8.583  0.01175  272.39  273.27  272.36    6.249   98.030    8.58  1504.72
 0.28250D+13 0.10000D+15   0.0150  0   10.30    8.549  0.01175  272.39  273.31  272.36    6.249   98.438    8.55  1504.72
 0.28375D+13 0.10000D+15   0.0150  0   10.26    8.516  0.01174  272.40  273.36  272.36    6.249   98.847    8.52  1504.72
 0.28500D+13 0.10000D+15   0.0150  0   10.22    8.484  0.01174  272.40  273.40  272.37    6.248   99.255    8.48  1504.72
 0.28625D+13 0.10000D+15   0.0150  0   10.18    8.451  0.01174  272.40  273.45  272.37    6.248   99.663    8.45  1504.72
 0.28750D+13 0.10000D+15   0.0150  0   10.14    8.419  0.01173  272.41  273.49  272.37    6.248  100.071    8.42  1504.72
 0.28875D+13 0.10000D+15   0.0150  0   10.11    8.387  0.01173  272.41  273.54  272.37    6.247  100.479    8.39  1504.72
 0.29000D+13 0.10000D+15   0.0150  0   10.07    8.355  0.01173  272.41  273.58  272.38    6.247  100.888    8.36  1504.72
 0.29125D+13 0.10000D+15   0.0150  0   10.03    8.324  0.01173  272.42  273.62  272.38    6.247  101.296    8.32  1504.72
 0.29250D+13 0.10000D+15   0.0150  0    9.99    8.293  0.01172  272.42  273.67  272.38    6.247  101.704    8.29  1504.72
 0.29375D+13 0.10000D+15   0.0150  0    9.95    8.262  0.01172  272.42  273.71  272.39    6.246  102.112    8.26  1504.72
 0.29500D+13 0.10000D+15   0.0150  0    9.92    8.231  0.01172  272.43  273.76  272.39    6.246  102.520    8.23  1504.72
 0.29625D+13 0.10000D+15   0.0150  0    9.88    8.200  0.01172  272.43  273.80  272.39    6.246  102.928    8.20  1504.72
 0.29750D+13 0.10000D+15   0.0150  0    9.84    8.170  0.01171  272.43  273.84  272.40    6.246  103.337    8.17  1504.73
 0.29875D+13 0.10000D+15   0.0150  0    9.81    8.140  0.01171  272.44  273.89  272.40    6.245  103.745    8.14  1504.73
 0.30000D+13 0.10000D+15   0.0150  0    9.77    8.110  0.01171  272.44  273.93  272.40    6.245  104.153    8.11  1504.73
