R_tot = 1561.0 R_core =  1400.0  Tsurf =   100.00  g =  1.310
   zbot    P(MPa) Hint     conv melt pCLA   Tbot     Tm     etam        k   Fcond_bot Fcond_top   Fbot     Ftop    dlid z_topTBL z_botTBL
    0.00   -0.00 0.11024D-05  0  0  0.01105  273.24  261.57 0.10306D+16  2.167    0.000    0.000    0.000    0.000    0.00    0.00    0.00
    0.32    0.39 0.11026D-06  0  0  0.01108  273.21  266.46 0.61983D+15  2.167 1398.882 1398.305 1382.549 1414.636    0.32    0.32    0.32
    0.64    0.77 0.55143D-07  0  0  0.01110  273.18  267.23 0.57144D+15  2.167  699.459  698.882  683.121  715.215    0.64    0.64    0.64
    0.97    1.16 0.36770D-07  0  0  0.01113  273.15  267.72 0.54221D+15  2.168  466.317  465.740  449.975  482.076    0.97    0.97    0.97
    1.29    1.55 0.27583D-07  0  0  0.01115  273.12  268.09 0.52116D+15  2.168  349.747  349.170  333.400  365.507    1.29    1.29    1.29
    1.61    1.94 0.22071D-07  0  0  0.01118  273.08  268.38 0.50468D+15  2.168  279.804  279.227  263.453  295.567    1.61    1.61    1.61
    1.93    2.33 0.18396D-07  0  0  0.01120  273.05  268.62 0.49115D+15  2.168  233.176  232.599  216.820  248.941    1.93    1.93    1.93
    2.25    2.71 0.15771D-07  0  0  0.01123  273.02  268.83 0.47967D+15  2.169  199.870  199.293  183.509  215.637    2.25    2.25    2.25
    2.58    3.10 0.13803D-07  0  0  0.01125  272.99  269.01 0.46970D+15  2.169  174.890  174.313  158.525  190.660    2.58    2.58    2.58
    2.90    3.49 0.12272D-07  0  0  0.01128  272.96  269.17 0.46089D+15  2.169  155.462  154.885  139.092  171.234    2.90    2.90    2.90
    3.22    3.88 0.11047D-07  0  0  0.01131  272.93  269.32 0.45300D+15  2.170  139.919  139.342  123.545  155.693    3.22    3.22    3.22
    3.54    4.27 0.10045D-07  0  0  0.01133  272.89  269.45 0.44586D+15  2.170  127.202  126.625  110.823  142.979    3.54    3.54    3.54
    3.86    4.65 0.92095D-08  0  0  0.01136  272.86  269.57 0.43935D+15  2.170  116.604  116.028  100.221  132.383    3.86    3.86    3.86
    4.19    5.04 0.85028D-08  0  0  0.01138  272.83  269.68 0.43335D+15  2.170  107.637  107.061   91.250  123.419    4.19    4.19    4.19
    4.51    5.43 0.78971D-08  0  0  0.01141  272.80  269.78 0.42779D+15  2.171   99.951   99.374   83.559  115.735    4.51    4.51    4.51
    4.83    5.82 0.73721D-08  0  0  0.01144  272.77  269.87 0.42263D+15  2.171   93.290   92.713   76.893  109.076    4.83    4.83    4.83
    5.15    6.21 0.69128D-08  0  0  0.01146  272.74  269.96 0.41779D+15  2.171   87.461   86.884   71.060  103.249    5.15    5.15    5.15
    5.47    6.59 0.65075D-08  0  0  0.01149  272.70  270.04 0.41325D+15  2.171   82.318   81.742   65.912   98.109    5.47    5.47    5.47
    5.80    6.98 0.61473D-08  0  0  0.01151  272.67  270.11 0.40898D+15  2.172   77.746   77.170   61.336   93.539    5.80    5.80    5.80
    6.12    7.37 0.58249D-08  0  0  0.01154  272.64  270.18 0.40493D+15  2.172   73.656   73.080   57.241   89.451    6.12    6.12    6.12
    6.44    7.76 0.55348D-08  0  0  0.01157  272.61  270.25 0.40109D+15  2.172   69.975   69.398   53.556   85.772    6.44    6.44    6.44
    6.76    8.15 0.52723D-08  0  0  0.01159  272.57  270.31 0.39745D+15  2.173   66.644   66.068   50.220   82.444    6.76    6.76    6.76
    7.08    8.54 0.50337D-08  0  0  0.01162  272.54  270.37 0.39397D+15  2.173   63.616   63.040   47.188   79.418    7.08    7.08    7.08
    7.41    8.92 0.48159D-08  0  0  0.01165  272.51  270.43 0.39065D+15  2.173   60.851   60.275   44.419   76.656    7.41    7.41    7.41
    7.73    9.31 0.46162D-08  0  0  0.01168  272.48  270.48 0.38748D+15  2.173   58.317   57.741   41.880   74.124    7.73    7.73    7.73
    8.05    9.70 0.44324D-08  0  0  0.01170  272.45  270.53 0.38443D+15  2.174   55.985   55.409   39.544   71.794    8.05    8.05    8.05
    8.37   10.09 0.42628D-08  0  0  0.01173  272.41  270.58 0.38151D+15  2.174   53.833   53.257   37.387   69.644    8.37    8.37    8.37
    8.69   10.48 0.41058D-08  0  0  0.01176  272.38  270.62 0.37870D+15  2.174   51.840   51.264   35.389   67.654    8.69    8.69    8.69
    9.02   10.86 0.39600D-08  0  0  0.01179  272.35  270.67 0.37599D+15  2.174   49.990   49.414   33.534   65.806    9.02    9.02    9.02
    9.34   11.25 0.38242D-08  0  0  0.01181  272.31  270.71 0.37338D+15  2.175   48.267   47.691   31.807   64.085    9.34    9.34    9.34
    9.66   11.64 0.36975D-08  0  0  0.01184  272.28  270.75 0.37086D+15  2.175   46.659   46.083   30.194   62.479    9.66    9.66    9.66
    9.98   12.03 0.35790D-08  0  0  0.01187  272.25  270.78 0.36842D+15  2.175   45.154   44.579   28.685   60.977    9.98    9.98    9.98
   10.30   12.42 0.34679D-08  0  0  0.01190  272.22  270.82 0.36606D+15  2.176   43.744   43.168   27.271   59.569   10.30   10.30   10.30
   10.63   12.80 0.33635D-08  0  0  0.01193  272.18  270.85 0.36377D+15  2.176   42.419   41.844   25.941   58.247   10.63   10.63   10.63
   10.95   13.19 0.32652D-08  0  0  0.01195  272.15  270.88 0.36156D+15  2.176   41.172   40.597   24.690   57.002   10.95   10.95   10.95
   11.27   13.58 0.31726D-08  0  0  0.01198  272.12  270.91 0.35941D+15  2.176   39.997   39.421   23.510   55.829   11.27   11.27   11.27
   11.59   13.97 0.30851D-08  0  0  0.01201  272.09  270.94 0.35732D+15  2.177   38.886   38.311   22.395   54.721   11.59   11.59   11.59
   11.91   14.36 0.30023D-08  0  0  0.01204  272.05  270.97 0.35529D+15  2.177   37.836   37.261   21.340   53.673   11.91   11.91   11.91
   12.24   14.74 0.29239D-08  0  0  0.01207  272.02  271.00 0.35331D+15  2.177   36.841   36.266   20.340   52.680   12.24   12.24   12.24
   12.56   15.13 0.28495D-08  0  0  0.01210  271.99  271.02 0.35139D+15  2.178   35.897   35.321   19.391   51.738   12.56   12.56   12.56
   12.88   15.52 0.27789D-08  0  0  0.01213  271.95  271.04 0.34951D+15  2.178   35.000   34.425   18.490   50.844   12.88   12.88   12.88
   13.20   15.91 0.27117D-08  0  0  0.01216  271.92  271.07 0.34768D+15  2.178   34.147   33.572   17.632   49.993   13.20   13.20   13.20
   13.52   16.30 0.26476D-08  0  0  0.01219  271.89  271.09 0.34590D+15  2.178   33.334   32.759   16.815   49.183   13.52   13.52   13.52
   13.85   16.68 0.25866D-08  0  0  0.01222  271.85  271.11 0.34416D+15  2.179   32.559   31.984   16.036   48.410   13.85   13.85   13.85
   14.17   17.07 0.25283D-08  0  0  0.01224  271.82  271.13 0.34246D+15  2.179   31.820   31.245   15.292   47.673   14.17   14.17   14.17
   14.49   17.46 0.24727D-08  0  0  0.01227  271.79  271.15 0.34080D+15  2.179   31.113   30.538   14.580   46.969   14.49   14.49   14.49
   14.81   17.85 0.24194D-08  0  0  0.01230  271.75  271.17 0.33918D+15  2.180   30.437   29.862   13.900   46.295   14.81   14.81   14.81
   15.13   18.24 0.23684D-08  0  0  0.01233  271.72  271.18 0.33760D+15  2.180   29.790   29.215   13.248   45.650   15.13   15.13   15.13
   15.46   18.63 0.23196D-08  0  0  0.01236  271.69  271.20 0.33604D+15  2.180   29.170   28.595   12.623   45.032   15.46   15.46   15.46
   15.78   19.01 0.22727D-08  0  0  0.01239  271.65  271.21 0.33452D+15  2.180   28.575   28.000   12.024   44.440   15.78   15.78   15.78
   16.10   19.40 0.22277D-08  0  0  0.01243  271.62  271.23 0.33303D+15  2.181   28.004   27.429   11.448   43.871   16.10   16.10   16.10
   16.42   19.79 0.21845D-08  0  0  0.01246  271.59  271.24 0.33157D+15  2.181   27.455   26.880   10.895   43.324   16.42   16.42   16.42
   16.74   20.18 0.21429D-08  0  0  0.01249  271.55  271.26 0.33014D+15  2.181   26.927   26.353   10.362   42.799   16.74   16.74   16.74
   17.07   20.57 0.21029D-08  0  0  0.01252  271.52  271.27 0.32874D+15  2.182   26.420   25.845    9.850   42.294   17.07   17.07   17.07
   17.39   20.95 0.20644D-08  0  0  0.01255  271.48  271.28 0.32737D+15  2.182   25.931   25.356    9.357   41.807   17.39   17.39   17.39
   17.71   21.34 0.20273D-08  0  0  0.01258  271.45  271.29 0.32602D+15  2.182   25.459   24.885    8.881   41.338   17.71   17.71   17.71
   18.03   21.73 0.19915D-08  0  0  0.01261  271.42  271.30 0.32469D+15  2.182   25.005   24.431    8.422   40.886   18.03   18.03   18.03
   18.35   22.12 0.19570D-08  0  0  0.01264  271.38  271.31 0.32339D+15  2.183   24.567   23.992    7.979   40.450   18.35   18.35   18.35
   18.68   22.51 0.19236D-08  0  0  0.01267  271.35  271.32 0.32211D+15  2.183   24.143   23.569    7.551   40.029   18.68   18.68   18.68
   19.00   22.89 0.18914D-08  0  0  0.01271  271.31  271.33 0.32086D+15  2.183   23.734   23.160    7.137   39.622   19.00   19.00   19.00
   19.32   23.28 0.18603D-08  0  0  0.01274  271.28  271.34 0.31962D+15  2.184   23.339   22.765    6.737   39.229   19.32   19.32   19.32
   19.64   23.67 0.18302D-08  0  0  0.01277  271.25  271.34 0.31841D+15  2.184   22.957   22.383    6.350   38.849   19.64   19.64   19.64
   19.96   24.06 0.18010D-08  0  0  0.01280  271.21  271.35 0.31722D+15  2.184   22.587   22.013    5.976   38.481   19.96   19.96   19.96
   20.29   24.45 0.17728D-08  0  0  0.01283  271.18  271.36 0.31605D+15  2.184   22.228   21.654    5.613   38.125   20.29   20.29   20.29
   20.61   24.83 0.17454D-08  0  0  0.01287  271.14  271.36 0.31489D+15  2.185   21.881   21.307    5.261   37.781   20.61   20.61   20.61
   20.93   25.22 0.17190D-08  0  0  0.01290  271.11  271.37 0.31376D+15  2.185   21.545   20.971    4.920   37.446   20.93   20.93   20.93
   21.25   25.61 0.16933D-08  0  0  0.01293  271.07  271.37 0.31264D+15  2.185   21.218   20.645    4.589   37.123   21.25   21.25   21.25
   21.57   26.00 0.16683D-08  0  0  0.01296  271.04  271.38 0.31154D+15  2.186   20.902   20.328    4.268   36.808   21.57   21.57   21.57
   21.90   26.39 0.16441D-08  0  0  0.01300  271.01  271.38 0.31045D+15  2.186   20.595   20.021    3.956   36.503   21.90   21.90   21.90
   22.22   26.77 0.16206D-08  0  0  0.01303  270.97  271.38 0.30938D+15  2.186   20.296   19.723    3.653   36.207   22.22   22.22   22.22
   22.54   27.16 0.15978D-08  0  0  0.01306  270.94  271.39 0.30833D+15  2.187   20.006   19.433    3.359   35.920   22.54   22.54   22.54
   22.86   27.55 0.15756D-08  0  0  0.01310  270.90  271.39 0.30729D+15  2.187   19.725   19.151    3.072   35.641   22.86   22.86   22.86
   23.18   27.94 0.15541D-08  0  0  0.01313  270.87  271.39 0.30627D+15  2.187   19.451   18.877    2.794   35.369   23.18   23.18   23.18
   23.51   28.33 0.15331D-08  0  0  0.01317  270.83  271.39 0.30527D+15  2.187   19.185   18.611    2.523   35.105   23.51   23.51   23.51
   23.83   28.72 0.15127D-08  0  0  0.01320  270.80  271.39 0.30427D+15  2.188   18.925   18.352    2.259   34.848   23.83   23.83   23.83
   24.15   29.10 0.14928D-08  0  0  0.01323  270.76  271.39 0.30329D+15  2.188   18.673   18.100    2.002   34.598   24.15   24.15   24.15
   24.47   29.49 0.14735D-08  0  0  0.01327  270.73  271.40 0.30233D+15  2.188   18.428   17.854    1.752   34.355   24.47   24.47   24.47
   24.79   29.88 0.14547D-08  0  0  0.01330  270.69  267.16 0.45937D+15  2.189   18.188   17.615    1.508   34.118   24.79   24.79   24.79
   25.12   30.27 0.14363D-08  0  0  0.01334  270.66  267.19 0.45659D+15  2.189   17.955   17.382    1.270   33.887   25.12   25.12   25.12
   25.44   30.66 0.14184D-08  0  0  0.01337  270.62  267.21 0.45385D+15  2.189   17.728   17.155    1.039   33.663   25.44   25.44   25.44
   25.76   31.04 0.14010D-08  0  0  0.01341  270.59  267.24 0.45115D+15  2.190   17.506   16.933    0.812   33.443   25.76   25.76   25.76
   26.08   31.43 0.13840D-08  0  0  0.01344  270.55  267.27 0.44847D+15  2.190   17.290   16.717    0.592   33.230   26.08   26.08   26.08
   26.40   31.82 0.13674D-08  0  0  0.01348  270.52  267.30 0.44583D+15  2.190   17.080   16.507    0.376   33.021   26.40   26.40   26.40
   26.73   32.21 0.13512D-08  0  0  0.01351  270.48  267.32 0.44322D+15  2.190   16.874   16.301    0.166   32.818   26.73   26.73   26.73
   27.05   32.60 0.13354D-08  0  0  0.01355  270.44  267.35 0.44064D+15  2.191   16.673   16.100   -0.040   32.619   27.05   27.05   27.05
   27.37   32.98 0.13200D-08  0  0  0.01358  270.41  267.38 0.43809D+15  2.191   16.477   15.904   -0.241   32.425   27.37   27.37   27.37
   27.69   33.37 0.13049D-08  0  0  0.01362  270.37  267.40 0.43557D+15  2.191   16.285   15.713   -0.437   32.236   27.69   27.69   27.69
   28.01   33.76 0.12901D-08  0  0  0.01366  270.34  267.43 0.43308D+15  2.192   16.098   15.525   -0.629   32.051   28.01   28.01   28.01
   28.34   34.15 0.12757D-08  0  0  0.01369  270.30  267.45 0.43062D+15  2.192   15.915   15.343   -0.816   31.871   28.34   28.34   28.34
   28.66   34.54 0.12617D-08  0  0  0.01373  270.27  267.48 0.42818D+15  2.192   15.736   15.164   -1.000   31.694   28.66   28.66   28.66
   28.98   34.92 0.12479D-08  0  0  0.01377  270.23  267.50 0.42577D+15  2.193   15.561   14.989   -1.179   31.522   28.98   28.98   28.98
   29.30   35.31 0.12345D-08  0  0  0.01380  270.19  267.53 0.42339D+15  2.193   15.390   14.818   -1.355   31.353   29.30   29.30   29.30
   29.62   35.70 0.12213D-08  0  0  0.01384  270.16  267.55 0.42104D+15  2.193   15.223   14.651   -1.527   31.188   29.62   29.62   29.62
   29.95   36.09 0.12084D-08  0  0  0.01388  270.12  267.57 0.41871D+15  2.194   15.059   14.487   -1.695   31.027   29.95   29.95   29.95
   30.27   36.48 0.11958D-08  0  0  0.01391  270.09  267.60 0.41641D+15  2.194   14.899   14.327   -1.860   30.869   30.27   30.27   30.27
   30.59   36.86 0.11835D-08  0  0  0.01395  270.05  267.62 0.41413D+15  2.194   14.742   14.170   -2.022   30.714   30.59   30.59   30.59
   30.91   37.26 0.11714D-08  1  0  0.01399  270.01  267.64 0.41188D+15  2.194   14.589   14.017   -2.056   30.682   14.85   21.14   30.91
   31.23   37.64 0.11595D-08  1  0  0.01403  269.98  267.66 0.40965D+15  2.195   14.438   13.866   -2.073   30.666   14.86   21.02   31.23
   31.56   38.03 0.11480D-08  1  0  0.01407  269.94  267.68 0.40744D+15  2.195   14.291   13.719   -2.091   30.650   14.86   20.91   31.56
   31.88   38.42 0.11366D-08  1  0  0.01411  269.90  267.71 0.40526D+15  2.195   14.147   13.575   -2.108   30.635   14.86   20.80   31.88
   32.20   38.81 0.11255D-08  1  0  0.01414  269.87  267.73 0.40310D+15  2.196   14.005   13.433   -2.125   30.620   14.86   20.69   32.20
   32.52   39.20 0.11145D-08  1  0  0.01418  269.83  267.75 0.40097D+15  2.196   13.866   13.294   -2.141   30.605   14.86   20.59   32.52
   32.84   39.58 0.11039D-08  1  0  0.01422  269.80  267.77 0.39885D+15  2.196   13.730   13.159   -2.157   30.590   14.86   20.49   32.84
   33.17   39.97 0.10934D-08  1  0  0.01426  269.76  267.79 0.39676D+15  2.197   13.597   13.025   -2.173   30.576   14.86   20.40   33.17
   33.49   40.36 0.10831D-08  1  0  0.01430  269.72  267.81 0.39468D+15  2.197   13.466   12.894   -2.189   30.561   14.86   20.30   33.49
   33.81   40.75 0.10730D-08  1  0  0.01434  269.69  267.83 0.39263D+15  2.197   13.338   12.766   -2.205   30.547   14.86   20.22   33.81
   34.13   41.14 0.10631D-08  1  0  0.01438  269.65  267.85 0.39060D+15  2.198   13.212   12.640   -2.220   30.534   14.86   20.13   34.13
   34.45   41.52 0.10534D-08  1  0  0.01442  269.61  267.87 0.38859D+15  2.198   13.088   12.517   -2.235   30.520   14.86   20.05   34.45
   34.78   41.91 0.10438D-08  1  0  0.01446  269.57  267.88 0.38660D+15  2.198   12.967   12.396   -2.250   30.507   14.86   19.97   34.78
   35.10   42.30 0.10345D-08  1  0  0.01450  269.54  267.90 0.38463D+15  2.199   12.848   12.277   -2.264   30.494   14.86   19.89   35.10
   35.42   42.69 0.10253D-08  1  0  0.01454  269.50  267.92 0.38268D+15  2.199   12.731   12.160   -2.279   30.481   14.86   19.82   35.42
   35.74   43.08 0.10162D-08  1  0  0.01458  269.46  267.94 0.38075D+15  2.199   12.616   12.045   -2.293   30.469   14.86   19.74   35.74
   36.06   43.46 0.10074D-08  1  0  0.01462  269.43  267.96 0.37883D+15  2.199   12.503   11.932   -2.307   30.456   14.86   19.67   36.06
   36.39   43.85 0.99868D-09  1  0  0.01466  269.39  267.97 0.37694D+15  2.200   12.393   11.822   -2.320   30.444   14.86   19.60   36.39
   36.71   44.24 0.99012D-09  1  0  0.01471  269.35  267.99 0.37506D+15  2.200   12.284   11.713   -2.334   30.432   14.86   19.54   36.71
   37.03   44.63 0.98172D-09  1  0  0.01475  269.31  268.01 0.37320D+15  2.200   12.177   11.606   -2.347   30.420   14.86   19.47   37.03
   37.35   45.02 0.97346D-09  1  0  0.01479  269.28  268.02 0.37136D+15  2.201   12.072   11.501   -2.360   30.409   14.86   19.41   37.35
   37.67   45.40 0.96534D-09  1  0  0.01483  269.24  268.04 0.36953D+15  2.201   11.969   11.398   -2.373   30.397   14.86   19.35   37.67
   38.00   45.79 0.95735D-09  1  0  0.01487  269.20  268.06 0.36772D+15  2.201   11.867   11.296   -2.386   30.386   14.86   19.29   38.00
   38.32   46.18 0.94951D-09  1  0  0.01492  269.16  268.07 0.36593D+15  2.202   11.767   11.197   -2.399   30.375   14.86   19.23   38.32
   38.64   46.57 0.94179D-09  1  0  0.01496  269.13  268.09 0.36416D+15  2.202   11.669   11.098   -2.411   30.364   14.86   19.18   38.64
   38.96   46.96 0.93420D-09  1  0  0.01500  269.09  268.10 0.36240D+15  2.202   11.572   11.002   -2.424   30.354   14.86   19.12   38.96
   39.28   47.35 0.92674D-09  1  0  0.01505  269.05  268.12 0.36065D+15  2.203   11.477   10.907   -2.436   30.343   14.85   19.07   39.28
   39.61   47.73 0.91939D-09  1  0  0.01509  269.01  268.13 0.35893D+15  2.203   11.384   10.814   -2.448   30.333   14.85   19.02   39.61
   39.93   48.12 0.91217D-09  1  0  0.01513  268.97  268.15 0.35722D+15  2.203   11.292   10.722   -2.460   30.322   14.85   18.97   39.93
   40.25   48.51 0.90506D-09  1  0  0.01518  268.94  268.16 0.35552D+15  2.204   11.201   10.631   -2.471   30.312   14.85   18.92   40.25
   40.57   48.90 0.89806D-09  1  0  0.01522  268.90  268.17 0.35384D+15  2.204   11.112   10.542   -2.483   30.302   14.85   18.87   40.57
   40.89   49.29 0.89118D-09  1  0  0.01527  268.86  268.19 0.35217D+15  2.204   11.025   10.455   -2.494   30.292   14.85   18.83   40.89
   41.22   49.67 0.88440D-09  1  0  0.01531  268.82  268.20 0.35052D+15  2.205   10.938   10.368   -2.506   30.283   14.84   18.78   41.22
   41.54   50.06 0.87773D-09  1  0  0.01536  268.78  268.22 0.34888D+15  2.205   10.853   10.283   -2.517   30.273   14.84   18.74   41.54
   41.86   50.45 0.87115D-09  1  0  0.01540  268.74  268.23 0.34726D+15  2.205   10.770   10.200   -2.528   30.264   14.84   18.69   41.86
   42.18   50.84 0.86468D-09  1  0  0.01545  268.70  268.24 0.34565D+15  2.206   10.687   10.118   -2.539   30.254   14.84   18.65   42.18
   42.50   51.23 0.85831D-09  1  0  0.01549  268.67  268.25 0.34406D+15  2.206   10.606   10.036   -2.549   30.245   14.84   18.61   42.50
   42.83   51.61 0.85204D-09  1  0  0.01554  268.63  268.27 0.34247D+15  2.206   10.526    9.957   -2.560   30.236   14.83   18.57   42.83
   43.15   52.00 0.84585D-09  1  0  0.01558  268.59  268.28 0.34091D+15  2.207   10.448    9.878   -2.571   30.227   14.83   18.53   43.15
   43.47   52.39 0.83976D-09  1  0  0.01563  268.55  268.29 0.33935D+15  2.207   10.370    9.800   -2.581   30.218   14.83   18.49   43.47
   43.79   52.78 0.83376D-09  1  0  0.01568  268.51  268.30 0.33781D+15  2.207   10.294    9.724   -2.591   30.210   14.83   18.46   43.79
   44.11   53.17 0.82785D-09  1  0  0.01572  268.47  268.31 0.33628D+15  2.208   10.218    9.649   -2.602   30.201   14.83   18.42   44.11
   44.44   53.55 0.82202D-09  1  0  0.01577  268.43  268.32 0.33476D+15  2.208   10.144    9.575   -2.612   30.192   14.82   18.38   44.44
   44.76   53.94 0.81628D-09  1  0  0.01582  268.39  268.34 0.33326D+15  2.208   10.071    9.502   -2.622   30.184   14.82   18.35   44.76
   45.08   54.33 0.81062D-09  1  0  0.01587  268.35  268.35 0.33177D+15  2.209    9.999    9.429   -2.632   30.176   14.82   18.31   45.08
   45.40   54.69 0.80503D-09  1  0  0.01591  268.31  268.36 0.33029D+15  2.209    9.927    9.358   -2.641   30.168   14.82   18.28   45.36
   45.72   55.05 0.79953D-09  1  0  0.01596  268.28  268.37 0.32883D+15  2.209    9.857    9.288   -2.651   30.159   14.81   18.25   45.63
   46.05   55.41 0.79411D-09  1  0  0.01601  268.24  268.38 0.32737D+15  2.210    9.788    9.219   -2.661   30.151   14.81   18.22   45.91
   46.37   55.77 0.78876D-09  1  0  0.01606  268.20  268.39 0.32593D+15  2.210    9.720    9.151   -2.670   30.144   14.81   18.18   46.18
   46.69   56.13 0.78348D-09  1  0  0.01611  268.16  268.40 0.32450D+15  2.210    9.653    9.084   -2.680   30.136   14.80   18.15   46.46
   47.01   56.49 0.77827D-09  1  0  0.01616  268.12  268.41 0.32308D+15  2.211    9.586    9.018   -2.689   30.128   14.80   18.12   46.73
   47.33   56.85 0.77314D-09  1  0  0.01621  268.08  268.42 0.32167D+15  2.211    9.521    8.952   -2.699   30.120   14.80   18.09   47.01
   47.66   57.21 0.76808D-09  1  0  0.01626  268.04  268.43 0.32027D+15  2.211    9.456    8.888   -2.708   30.113   14.80   18.06   47.28
   47.98   57.57 0.76308D-09  1  0  0.01631  268.00  268.44 0.31889D+15  2.212    9.393    8.824   -2.717   30.105   14.79   18.04   47.56
   48.30   57.93 0.75815D-09  1  0  0.01636  267.96  268.44 0.31751D+15  2.212    9.330    8.761   -2.726   30.098   14.79   18.01   47.83
   48.62   58.29 0.75329D-09  1  0  0.01641  267.92  268.45 0.31615D+15  2.213    9.268    8.699   -2.735   30.090   14.79   17.98   48.11
   48.94   58.65 0.74849D-09  1  0  0.01646  267.88  268.46 0.31479D+15  2.213    9.207    8.638   -2.744   30.083   14.78   17.95   48.39
   49.27   59.01 0.74375D-09  1  0  0.01651  267.84  268.47 0.31345D+15  2.213    9.146    8.578   -2.753   30.076   14.78   17.93   48.67
   49.59   59.38 0.73908D-09  1  0  0.01656  267.80  268.48 0.31212D+15  2.214    9.086    8.518   -2.762   30.069   14.78   17.90   48.95
   49.91   59.74 0.73446D-09  1  0  0.01662  267.75  268.49 0.31080D+15  2.214    9.028    8.460   -2.770   30.062   14.77   17.88   49.22
   50.23   60.10 0.72990D-09  1  0  0.01667  267.71  268.49 0.30949D+15  2.214    8.969    8.402   -2.779   30.055   14.77   17.85   49.50
   50.55   60.46 0.72541D-09  1  0  0.01672  267.67  268.50 0.30818D+15  2.215    8.912    8.344   -2.787   30.048   14.77   17.83   49.78
   50.88   60.82 0.72097D-09  1  0  0.01677  267.63  268.51 0.30689D+15  2.215    8.855    8.288   -2.796   30.041   14.76   17.80   50.06
   51.20   61.19 0.71658D-09  1  0  0.01683  267.59  268.52 0.30561D+15  2.215    8.799    8.232   -2.805   30.034   14.76   17.78   50.34
   51.52   61.55 0.71225D-09  1  0  0.01688  267.55  268.52 0.30434D+15  2.216    8.744    8.177   -2.813   30.027   14.76   17.76   50.62
   51.84   61.91 0.70797D-09  1  0  0.01693  267.51  268.53 0.30308D+15  2.216    8.690    8.122   -2.821   30.021   14.75   17.73   50.90
   52.16   62.28 0.70375D-09  1  0  0.01699  267.47  268.54 0.30182D+15  2.216    8.636    8.068   -2.830   30.014   14.75   17.71   51.18
   52.49   62.64 0.69958D-09  1  1  0.01704  267.43  268.54 0.30058D+15  2.217    8.582    8.015   -2.838   30.007   14.75   17.69   51.46
   52.81   63.00 0.69546D-09  1  1  0.01710  267.39  268.55 0.29935D+15  2.217    8.530    7.962   -2.846   30.001   14.74   17.67   51.75
   53.13   63.37 0.69139D-09  1  1  0.01715  267.34  268.55 0.29812D+15  2.217    8.478    7.911   -2.854   29.994   14.74   17.65   52.03
   53.45   63.73 0.68737D-09  1  1  0.01721  267.30  268.56 0.29690D+15  2.218    8.426    7.859   -2.862   29.988   14.74   17.63   52.31
   53.77   64.10 0.68339D-09  1  1  0.01727  267.26  268.57 0.29570D+15  2.218    8.376    7.809   -2.871   29.981   14.73   17.61   52.59
   54.10   64.46 0.67947D-09  1  1  0.01732  267.22  268.57 0.29450D+15  2.219    8.326    7.759   -2.879   29.975   14.73   17.58   52.87
   54.42   64.83 0.67559D-09  1  1  0.01738  267.18  268.58 0.29331D+15  2.219    8.276    7.709   -2.887   29.969   14.72   17.57   53.16
   54.74   65.19 0.67175D-09  1  1  0.01743  267.14  268.58 0.29213D+15  2.219    8.227    7.660   -2.895   29.962   14.72   17.55   53.44
   55.06   65.55 0.66796D-09  1  1  0.01749  267.09  268.59 0.29096D+15  2.220    8.179    7.612   -2.903   29.956   14.72   17.53   53.72
   55.38   65.92 0.66422D-09  1  1  0.01755  267.05  268.59 0.28979D+15  2.220    8.131    7.564   -2.910   29.950   14.71   17.51   54.01
   55.71   66.28 0.66052D-09  1  1  0.01761  267.01  268.60 0.28864D+15  2.220    8.083    7.517   -2.918   29.944   14.71   17.49   54.29
   56.03   66.65 0.65686D-09  1  1  0.01767  266.97  268.60 0.28749D+15  2.221    8.037    7.470   -2.926   29.938   14.71   17.47   54.58
   56.35   67.02 0.65324D-09  1  1  0.01772  266.93  268.60 0.28635D+15  2.221    7.990    7.424   -2.934   29.932   14.70   17.45   54.86
   56.67   67.38 0.64967D-09  1  1  0.01778  266.88  268.61 0.28522D+15  2.221    7.945    7.378   -2.942   29.926   14.70   17.44   55.15
   56.99   67.75 0.64613D-09  1  1  0.01784  266.84  268.61 0.28410D+15  2.222    7.899    7.333   -2.949   29.920   14.69   17.42   55.43
   57.32   68.11 0.64264D-09  1  1  0.01790  266.80  268.62 0.28299D+15  2.222    7.855    7.289   -2.957   29.914   14.69   17.40   55.72
   57.64   68.48 0.63918D-09  1  1  0.01796  266.75  268.62 0.28188D+15  2.223    7.811    7.244   -2.965   29.908   14.69   17.38   56.00
   57.96   68.85 0.63576D-09  1  1  0.01802  266.71  268.62 0.28078D+15  2.223    7.767    7.201   -2.973   29.902   14.68   17.37   56.29
   58.28   69.21 0.63238D-09  1  1  0.01808  266.67  268.62 0.27969D+15  2.223    7.724    7.158   -2.980   29.896   14.68   17.35   56.57
   58.60   69.58 0.62904D-09  1  1  0.01815  266.63  268.63 0.27861D+15  2.224    7.681    7.115   -2.988   29.890   14.67   17.34   56.86
   58.93   69.94 0.62573D-09  1  1  0.01821  266.58  268.63 0.27753D+15  2.224    7.638    7.073   -2.995   29.884   14.67   17.32   57.15
   59.25   70.31 0.62246D-09  1  1  0.01827  266.54  268.63 0.27647D+15  2.224    7.597    7.031   -3.003   29.878   14.67   17.30   57.43
   59.57   70.68 0.61922D-09  1  1  0.01833  266.50  268.64 0.27541D+15  2.225    7.555    6.990   -3.011   29.872   14.66   17.29   57.72
   59.89   71.05 0.61602D-09  1  1  0.01840  266.45  268.64 0.27435D+15  2.225    7.514    6.949   -3.018   29.867   14.66   17.27   58.01
   60.21   71.41 0.61286D-09  1  1  0.01846  266.41  268.64 0.27331D+15  2.226    7.474    6.908   -3.026   29.861   14.65   17.26   58.29
   60.54   71.78 0.60972D-09  1  1  0.01852  266.36  268.64 0.27227D+15  2.226    7.434    6.868   -3.033   29.855   14.65   17.25   58.58
   60.86   72.15 0.60663D-09  1  1  0.01859  266.32  268.64 0.27124D+15  2.226    7.394    6.829   -3.041   29.849   14.64   17.23   58.87
   61.18   72.52 0.60356D-09  1  1  0.01865  266.28  268.65 0.27021D+15  2.227    7.355    6.789   -3.048   29.844   14.64   17.22   59.16
   61.50   72.88 0.60052D-09  1  1  0.01872  266.23  268.65 0.26920D+15  2.227    7.316    6.751   -3.056   29.838   14.64   17.20   59.45
   61.82   73.25 0.59752D-09  1  1  0.01878  266.19  268.65 0.26819D+15  2.228    7.277    6.712   -3.063   29.832   14.63   17.19   59.73
   62.15   73.62 0.59455D-09  1  1  0.01885  266.14  268.65 0.26718D+15  2.228    7.239    6.674   -3.071   29.827   14.63   17.18   60.02
   62.47   73.99 0.59161D-09  1  1  0.01891  266.10  268.65 0.26619D+15  2.228    7.202    6.637   -3.078   29.821   14.62   17.16   60.31
   62.79   74.35 0.58870D-09  1  1  0.01898  266.06  268.65 0.26520D+15  2.229    7.164    6.599   -3.086   29.815   14.62   17.15   60.60
   63.11   74.72 0.58582D-09  1  1  0.01905  266.01  268.65 0.26421D+15  2.229    7.127    6.563   -3.093   29.810   14.62   17.14   60.89
   63.43   75.09 0.58296D-09  1  1  0.01912  265.97  268.65 0.26324D+15  2.229    7.091    6.526   -3.100   29.804   14.61   17.12   61.18
   63.76   75.46 0.58014D-09  1  1  0.01918  265.92  268.65 0.26227D+15  2.230    7.054    6.490   -3.108   29.798   14.61   17.11   61.47
   64.08   75.83 0.57735D-09  1  1  0.01925  265.88  268.65 0.26131D+15  2.230    7.019    6.454   -3.115   29.793   14.60   17.10   61.76
   64.40   76.20 0.57458D-09  1  1  0.01932  265.83  268.65 0.26035D+15  2.231    6.983    6.419   -3.123   29.787   14.60   17.09   62.05
   64.72   76.57 0.57184D-09  1  1  0.01939  265.79  268.65 0.25940D+15  2.231    6.948    6.384   -3.130   29.781   14.59   17.07   62.34
   65.04   76.94 0.56913D-09  1  1  0.01946  265.74  268.65 0.25846D+15  2.231    6.913    6.349   -3.138   29.776   14.59   17.06   62.63
   65.37   77.30 0.56644D-09  1  1  0.01953  265.70  268.65 0.25752D+15  2.232    6.879    6.315   -3.145   29.770   14.58   17.05   62.92
   65.69   77.67 0.56379D-09  1  1  0.01960  265.65  268.65 0.25659D+15  2.232    6.845    6.281   -3.153   29.765   14.58   17.04   63.21
   66.01   78.04 0.56115D-09  1  1  0.01967  265.60  268.65 0.25566D+15  2.233    6.811    6.247   -3.160   29.759   14.58   17.03   63.50
   66.33   78.41 0.55855D-09  1  1  0.01975  265.56  268.65 0.25474D+15  2.233    6.777    6.214   -3.168   29.753   14.57   17.02   63.79
   66.65   78.78 0.55596D-09  1  1  0.01982  265.51  268.65 0.25383D+15  2.233    6.744    6.181   -3.175   29.748   14.57   17.01   64.08
   66.98   79.15 0.55341D-09  1  1  0.01989  265.47  268.65 0.25292D+15  2.234    6.711    6.148   -3.183   29.742   14.56   17.00   64.37
   67.30   79.52 0.55087D-09  1  1  0.01996  265.42  268.65 0.25202D+15  2.234    6.679    6.115   -3.190   29.737   14.56   16.98   64.67
   67.62   79.89 0.54837D-09  1  1  0.02004  265.37  268.64 0.25113D+15  2.235    6.647    6.083   -3.198   29.731   14.55   16.97   64.96
   67.94   80.26 0.54588D-09  1  1  0.02011  265.33  268.64 0.25024D+15  2.235    6.615    6.051   -3.205   29.725   14.55   16.96   65.25
   68.26   80.63 0.54342D-09  1  1  0.02019  265.28  268.64 0.24936D+15  2.235    6.583    6.020   -3.213   29.720   14.54   16.95   65.54
   68.59   81.00 0.54098D-09  1  1  0.02026  265.23  268.64 0.24848D+15  2.236    6.552    5.989   -3.220   29.714   14.54   16.94   65.83
   68.91   81.37 0.53857D-09  1  1  0.02034  265.19  268.64 0.24761D+15  2.236    6.521    5.958   -3.228   29.708   14.54   16.93   66.13
   69.23   81.74 0.53617D-09  1  1  0.02041  265.14  268.63 0.24674D+15  2.237    6.490    5.927   -3.236   29.703   14.53   16.92   66.42
   69.55   82.11 0.53380D-09  1  1  0.02049  265.09  268.63 0.24588D+15  2.237    6.459    5.897   -3.243   29.697   14.53   16.91   66.71
   69.87   82.48 0.53145D-09  1  1  0.02057  265.05  268.63 0.24503D+15  2.237    6.429    5.866   -3.251   29.691   14.52   16.90   67.00
   70.20   82.85 0.52913D-09  1  1  0.02065  265.00  268.62 0.24418D+15  2.238    6.399    5.837   -3.259   29.686   14.52   16.90   67.30
   70.52   83.22 0.52682D-09  1  1  0.02073  264.95  268.62 0.24334D+15  2.238    6.370    5.807   -3.266   29.680   14.51   16.89   67.59
   70.84   83.60 0.52454D-09  1  1  0.02081  264.90  268.62 0.24250D+15  2.239    6.340    5.778   -3.274   29.674   14.51   16.88   67.88
   71.16   83.97 0.52227D-09  1  1  0.02089  264.86  268.61 0.24167D+15  2.239    6.311    5.749   -3.282   29.668   14.50   16.87   68.18
   71.48   84.34 0.52003D-09  1  1  0.02097  264.81  268.61 0.24084D+15  2.240    6.282    5.720   -3.289   29.663   14.50   16.86   68.47
   71.81   84.71 0.51781D-09  1  1  0.02105  264.76  268.61 0.24002D+15  2.240    6.253    5.691   -3.297   29.657   14.50   16.85   68.77
   72.13   85.08 0.51560D-09  1  1  0.02113  264.71  268.60 0.23920D+15  2.240    6.225    5.663   -3.305   29.651   14.49   16.84   69.06
   72.45   85.45 0.51342D-09  1  1  0.02121  264.66  268.60 0.23839D+15  2.241    6.197    5.635   -3.313   29.645   14.49   16.83   69.36
   72.77   85.82 0.51125D-09  1  1  0.02129  264.62  268.60 0.23759D+15  2.241    6.169    5.607   -3.321   29.639   14.48   16.82   69.65
   73.09   86.19 0.50911D-09  1  1  0.02138  264.57  268.59 0.23679D+15  2.242    6.141    5.580   -3.329   29.633   14.48   16.82   69.94
   73.42   86.57 0.50698D-09  1  1  0.02146  264.52  268.59 0.23599D+15  2.242    6.114    5.552   -3.337   29.627   14.47   16.81   70.24
   73.74   86.94 0.50487D-09  1  1  0.02155  264.47  268.58 0.23520D+15  2.243    6.087    5.525   -3.345   29.621   14.47   16.80   70.53
   74.06   87.31 0.50278D-09  1  1  0.02163  264.42  268.58 0.23442D+15  2.243    6.060    5.498   -3.353   29.616   14.46   16.79   70.83
   74.38   87.68 0.50071D-09  1  1  0.02172  264.37  268.57 0.23364D+15  2.243    6.033    5.472   -3.361   29.610   14.46   16.79   71.12
   74.70   88.05 0.49866D-09  1  1  0.02180  264.32  268.57 0.23286D+15  2.244    6.007    5.445   -3.369   29.604   14.45   16.78   71.42
   75.03   88.43 0.49662D-09  1  1  0.02189  264.27  268.56 0.23209D+15  2.244    5.980    5.419   -3.377   29.598   14.45   16.77   71.72
   75.35   88.80 0.49460D-09  1  1  0.02198  264.22  268.56 0.23133D+15  2.245    5.954    5.393   -3.385   29.591   14.45   16.76   72.01
   75.67   89.17 0.49260D-09  1  1  0.02207  264.17  268.55 0.23057D+15  2.245    5.928    5.367   -3.393   29.585   14.44   16.76   72.31
   75.99   89.54 0.49062D-09  1  1  0.02216  264.12  268.54 0.22981D+15  2.246    5.903    5.342   -3.402   29.579   14.44   16.75   72.60
   76.31   89.92 0.48865D-09  1  1  0.02225  264.07  268.54 0.22906D+15  2.246    5.877    5.317   -3.410   29.573   14.43   16.74   72.90
   76.64   90.29 0.48670D-09  1  1  0.02234  264.02  268.53 0.22832D+15  2.246    5.852    5.292   -3.418   29.567   14.43   16.73   73.20
   76.96   90.66 0.48476D-09  1  1  0.02243  263.97  268.53 0.22758D+15  2.247    5.827    5.267   -3.427   29.561   14.42   16.73   73.49
   77.28   91.04 0.48284D-09  1  1  0.02252  263.92  268.52 0.22684D+15  2.247    5.802    5.242   -3.435   29.554   14.42   16.72   73.79
   77.60   91.41 0.48094D-09  1  1  0.02261  263.87  268.51 0.22611D+15  2.248    5.778    5.217   -3.443   29.548   14.41   16.71   74.09
   77.92   91.78 0.47905D-09  1  1  0.02271  263.82  268.51 0.22538D+15  2.248    5.753    5.193   -3.452   29.542   14.41   16.71   74.39
   78.25   92.15 0.47718D-09  1  1  0.02280  263.77  268.50 0.22466D+15  2.249    5.729    5.169   -3.461   29.535   14.40   16.70   74.68
   78.57   92.53 0.47533D-09  1  1  0.02290  263.72  268.49 0.22395D+15  2.249    5.705    5.145   -3.469   29.529   14.40   16.69   74.98
   78.89   92.90 0.47349D-09  1  1  0.02299  263.67  268.49 0.22323D+15  2.250    5.681    5.121   -3.478   29.522   14.40   16.69   75.28
   79.21   93.28 0.47166D-09  1  1  0.02309  263.61  268.48 0.22253D+15  2.250    5.657    5.098   -3.487   29.516   14.39   16.68   75.58
   79.53   93.65 0.46985D-09  1  1  0.02319  263.56  268.47 0.22182D+15  2.250    5.634    5.074   -3.495   29.509   14.39   16.68   75.87
   79.86   94.02 0.46805D-09  1  1  0.02328  263.51  268.46 0.22113D+15  2.251    5.611    5.051   -3.504   29.503   14.38   16.67   76.17
   80.18   94.40 0.46627D-09  1  1  0.02338  263.46  268.45 0.22043D+15  2.251    5.588    5.028   -3.513   29.496   14.38   16.66   76.47
   80.50   94.77 0.46450D-09  1  1  0.02348  263.41  268.45 0.21974D+15  2.252    5.565    5.006   -3.522   29.489   14.37   16.66   76.77
   80.82   95.14 0.46275D-09  1  1  0.02358  263.35  268.44 0.21906D+15  2.252    5.542    4.983   -3.531   29.483   14.37   16.65   77.07
   81.14   95.52 0.46101D-09  1  1  0.02368  263.30  268.43 0.21838D+15  2.253    5.519    4.960   -3.540   29.476   14.36   16.65   77.37
   81.47   95.89 0.45929D-09  1  1  0.02379  263.25  268.42 0.21770D+15  2.253    5.497    4.938   -3.549   29.469   14.36   16.64   77.67
   81.79   96.27 0.45757D-09  1  1  0.02389  263.19  268.41 0.21703D+15  2.254    5.475    4.916   -3.559   29.462   14.36   16.64   77.97
   82.11   96.64 0.45587D-09  1  1  0.02399  263.14  268.40 0.21636D+15  2.254    5.453    4.894   -3.568   29.455   14.35   16.63   78.26
   82.43   97.02 0.45419D-09  1  1  0.02410  263.09  268.40 0.21570D+15  2.255    5.431    4.872   -3.577   29.448   14.35   16.63   78.56
   82.75   97.39 0.45252D-09  1  1  0.02420  263.03  268.39 0.21504D+15  2.255    5.409    4.851   -3.587   29.441   14.34   16.62   78.86
   83.08   97.77 0.45086D-09  1  1  0.02431  262.98  268.38 0.21439D+15  2.256    5.387    4.829   -3.596   29.434   14.34   16.62   79.16
   83.40   98.14 0.44921D-09  1  1  0.02442  262.93  268.37 0.21374D+15  2.256    5.366    4.808   -3.606   29.427   14.33   16.61   79.46
   83.72   98.52 0.44758D-09  1  1  0.02453  262.87  268.36 0.21309D+15  2.257    5.345    4.787   -3.615   29.420   14.33   16.61   79.76
   84.04   98.89 0.44596D-09  1  1  0.02464  262.82  268.35 0.21245D+15  2.257    5.324    4.766   -3.625   29.412   14.32   16.60   80.06
   84.36   99.27 0.44435D-09  1  1  0.02475  262.76  268.34 0.21181D+15  2.257    5.303    4.745   -3.635   29.405   14.32   16.60   80.36
   84.69   99.64 0.44275D-09  1  1  0.02486  262.71  268.33 0.21118D+15  2.258    5.282    4.724   -3.645   29.398   14.32   16.59   80.67
   85.01  100.02 0.44117D-09  1  1  0.02497  262.65  268.32 0.21055D+15  2.258    5.261    4.704   -3.654   29.390   14.31   16.59   80.97
   85.33  100.39 0.43959D-09  1  1  0.02508  262.60  268.31 0.20993D+15  2.259    5.241    4.683   -3.665   29.383   14.31   16.59   81.27
   85.65  100.77 0.43803D-09  1  1  0.02519  262.54  268.30 0.20931D+15  2.259    5.220    4.663   -3.675   29.375   14.30   16.58   81.57
   85.97  101.14 0.43648D-09  1  1  0.02531  262.49  268.29 0.20869D+15  2.260    5.200    4.643   -3.685   29.368   14.30   16.58   81.87
   86.30  101.52 0.43495D-09  1  1  0.02543  262.43  268.27 0.20808D+15  2.260    5.180    4.623   -3.695   29.360   14.29   16.57   82.17
   86.62  101.89 0.43342D-09  1  1  0.02554  262.37  268.26 0.20747D+15  2.261    5.160    4.603   -3.705   29.352   14.29   16.57   82.47
   86.94  102.27 0.43191D-09  1  1  0.02566  262.32  268.25 0.20687D+15  2.261    5.141    4.584   -3.716   29.344   14.29   16.57   82.78
   87.26  102.65 0.43040D-09  1  1  0.02578  262.26  268.24 0.20627D+15  2.262    5.121    4.564   -3.726   29.336   14.28   16.56   83.08
   87.58  103.02 0.42891D-09  1  1  0.02590  262.20  268.23 0.20568D+15  2.262    5.101    4.545   -3.737   29.328   14.28   16.56   83.38
   87.91  103.40 0.42743D-09  1  1  0.02602  262.15  268.22 0.20508D+15  2.263    5.082    4.526   -3.748   29.320   14.27   16.56   83.68
   88.23  103.78 0.42596D-09  1  1  0.02614  262.09  268.20 0.20450D+15  2.263    5.063    4.507   -3.759   29.312   14.27   16.55   83.99
   88.55  104.15 0.42450D-09  1  1  0.02627  262.03  268.19 0.20391D+15  2.264    5.044    4.488   -3.769   29.304   14.26   16.55   84.29
   88.87  104.53 0.42305D-09  1  1  0.02639  261.97  268.18 0.20333D+15  2.264    5.025    4.469   -3.780   29.295   14.26   16.55   84.59
   89.19  104.91 0.42161D-09  1  1  0.02652  261.92  268.17 0.20276D+15  2.265    5.006    4.450   -3.792   29.287   14.26   16.54   84.89
   89.52  105.28 0.42018D-09  1  1  0.02664  261.86  268.15 0.20219D+15  2.265    4.987    4.432   -3.803   29.278   14.25   16.54   85.20
   89.84  105.66 0.41876D-09  1  1  0.02677  261.80  268.14 0.20162D+15  2.266    4.969    4.413   -3.814   29.270   14.25   16.54   85.50
   90.16  106.04 0.41736D-09  1  1  0.02690  261.74  268.13 0.20106D+15  2.266    4.950    4.395   -3.825   29.261   14.24   16.53   85.81
   90.48  106.41 0.41596D-09  1  1  0.02703  261.68  268.11 0.20050D+15  2.267    4.932    4.377   -3.837   29.253   14.24   16.53   86.11
   90.80  106.79 0.41457D-09  1  1  0.02716  261.62  268.10 0.19994D+15  2.268    4.914    4.359   -3.849   29.244   14.24   16.53   86.41
   91.13  107.17 0.41319D-09  1  1  0.02729  261.56  268.09 0.19939D+15  2.268    4.895    4.341   -3.860   29.235   14.23   16.53   86.72
   91.45  107.55 0.41183D-09  1  1  0.02743  261.50  268.07 0.19885D+15  2.269    4.877    4.323   -3.872   29.226   14.23   16.52   87.02
   91.77  107.92 0.41047D-09  1  1  0.02756  261.44  268.06 0.19830D+15  2.269    4.860    4.305   -3.884   29.217   14.22   16.52   87.33
   92.09  108.30 0.40912D-09  1  1  0.02770  261.38  268.05 0.19776D+15  2.270    4.842    4.287   -3.896   29.207   14.22   16.52   87.63
   92.41  108.68 0.40778D-09  1  1  0.02784  261.32  268.03 0.19723D+15  2.270    4.824    4.270   -3.909   29.198   14.22   16.52   87.94
   92.74  109.06 0.40645D-09  1  1  0.02798  261.26  268.02 0.19670D+15  2.271    4.807    4.253   -3.921   29.189   14.21   16.52   88.24
   93.06  109.44 0.40513D-09  1  1  0.02812  261.20  268.00 0.19617D+15  2.271    4.789    4.235   -3.933   29.179   14.21   16.51   88.55
   93.38  109.81 0.40381D-09  1  1  0.02826  261.14  267.99 0.19565D+15  2.272    4.772    4.218   -3.946   29.170   14.20   16.51   88.85
   93.70  110.19 0.40251D-09  1  1  0.02840  261.07  267.97 0.19513D+15  2.272    4.755    4.201   -3.959   29.160   14.20   16.51   89.16
   94.02  110.57 0.40122D-09  1  1  0.02855  261.01  267.96 0.19461D+15  2.273    4.738    4.184   -3.971   29.150   14.20   16.51   89.46
   94.35  110.95 0.39993D-09  1  1  0.02869  260.95  267.94 0.19410D+15  2.273    4.721    4.167   -3.984   29.140   14.19   16.51   89.77
   94.67  111.33 0.39866D-09  1  1  0.02884  260.89  267.92 0.19359D+15  2.274    4.704    4.151   -3.997   29.130   14.19   16.50   90.08
   94.99  111.71 0.39739D-09  1  1  0.02899  260.82  267.91 0.19309D+15  2.275    4.687    4.134   -4.011   29.120   14.19   16.50   90.38
   95.31  112.08 0.39613D-09  1  1  0.02914  260.76  267.89 0.19259D+15  2.275    4.671    4.118   -4.024   29.110   14.18   16.50   90.69
   95.63  112.46 0.39488D-09  1  1  0.02929  260.70  267.88 0.19209D+15  2.276    4.654    4.101   -4.038   29.100   14.18   16.50   91.00
   95.96  112.84 0.39364D-09  1  1  0.02944  260.63  267.86 0.19160D+15  2.276    4.638    4.085   -4.051   29.089   14.17   16.50   91.30
   96.28  113.22 0.39240D-09  1  1  0.02960  260.57  267.84 0.19111D+15  2.277    4.621    4.069   -4.065   29.078   14.17   16.50   91.61
   96.60  113.60 0.39118D-09  1  1  0.02975  260.50  267.83 0.19063D+15  2.277    4.605    4.053   -4.079   29.068   14.17   16.50   91.92
   96.92  113.98 0.38996D-09  1  1  0.02991  260.44  267.81 0.19015D+15  2.278    4.589    4.037   -4.093   29.057   14.16   16.50   92.23
   97.24  114.36 0.38875D-09  1  1  0.03007  260.37  267.79 0.18967D+15  2.279    4.573    4.021   -4.107   29.046   14.16   16.50   92.53
   97.57  114.74 0.38755D-09  1  1  0.03023  260.31  267.77 0.18920D+15  2.279    4.557    4.005   -4.122   29.035   14.16   16.50   92.84
   97.89  115.12 0.38635D-09  1  1  0.03040  260.24  267.76 0.18873D+15  2.280    4.541    3.989   -4.136   29.024   14.15   16.50   93.15
   98.21  115.50 0.38517D-09  1  1  0.03056  260.18  267.74 0.18826D+15  2.280    4.525    3.974   -4.151   29.012   14.15   16.50   93.46
   98.53  115.88 0.38399D-09  1  1  0.03073  260.11  267.72 0.18780D+15  2.281    4.510    3.958   -4.166   29.001   14.15   16.50   93.77
   98.85  116.26 0.38282D-09  1  1  0.03090  260.04  267.70 0.18735D+15  2.282    4.494    3.943   -4.181   28.989   14.14   16.50   94.08
   99.18  116.64 0.38166D-09  1  1  0.03106  259.97  267.68 0.18689D+15  2.282    4.478    3.927   -4.196   28.977   14.14   16.50   94.38
   99.50  117.02 0.38050D-09  1  1  0.03124  259.91  267.66 0.18644D+15  2.283    4.463    3.912   -4.212   28.966   14.14   16.50   94.69
   99.82  117.40 0.37936D-09  1  1  0.03141  259.84  267.65 0.18600D+15  2.283    4.448    3.897   -4.227   28.954   14.13   16.50   95.00
  100.14  117.78 0.37822D-09  1  1  0.03159  259.77  267.63 0.18556D+15  2.284    4.432    3.882   -4.243   28.941   14.13   16.50   95.31
  100.46  118.16 0.37708D-09  1  1  0.03176  259.70  267.61 0.18512D+15  2.285    4.417    3.867   -4.259   28.929   14.13   16.50   95.62
  100.79  118.54 0.37596D-09  1  1  0.03194  259.63  267.59 0.18469D+15  2.285    4.402    3.852   -4.275   28.916   14.12   16.50   95.93
  101.11  118.92 0.37484D-09  1  1  0.03212  259.56  267.57 0.18426D+15  2.286    4.387    3.837   -4.292   28.904   14.12   16.50   96.24
  101.43  119.30 0.37373D-09  1  1  0.03231  259.49  267.55 0.18383D+15  2.286    4.372    3.823   -4.308   28.891   14.12   16.50   96.55
  101.75  119.69 0.37262D-09  1  1  0.03249  259.42  267.53 0.18341D+15  2.287    4.358    3.808   -4.325   28.878   14.11   16.50   96.86
  102.07  120.07 0.37153D-09  1  1  0.03268  259.35  267.51 0.18300D+15  2.288    4.343    3.794   -4.342   28.865   14.11   16.50   97.17
  102.40  120.45 0.37044D-09  1  1  0.03287  259.28  267.48 0.18258D+15  2.288    4.328    3.779   -4.359   28.852   14.11   16.50   97.49
  102.72  120.83 0.36935D-09  1  1  0.03306  259.21  267.46 0.18217D+15  2.289    4.314    3.765   -4.376   28.838   14.11   16.50   97.80
  103.04  121.21 0.36828D-09  1  1  0.03325  259.13  267.44 0.18177D+15  2.290    4.299    3.750   -4.394   28.825   14.10   16.51   98.11
  103.36  121.59 0.36721D-09  1  1  0.03345  259.06  267.42 0.18137D+15  2.290    4.285    3.736   -4.412   28.811   14.10   16.51   98.42
  103.68  121.98 0.36614D-09  1  1  0.03365  258.99  267.40 0.18097D+15  2.291    4.270    3.722   -4.430   28.797   14.10   16.51   98.73
  104.01  122.36 0.36509D-09  1  1  0.03385  258.92  267.38 0.18058D+15  2.292    4.256    3.708   -4.448   28.783   14.09   16.51   99.04
  104.33  122.74 0.36404D-09  1  1  0.03405  258.84  267.35 0.18019D+15  2.292    4.242    3.694   -4.466   28.768   14.09   16.51   99.36
  104.65  123.12 0.36299D-09  1  1  0.03425  258.77  267.33 0.17981D+15  2.293    4.228    3.680   -4.485   28.754   14.09   16.51   99.67
  104.97  123.50 0.36196D-09  1  1  0.03446  258.69  267.31 0.17943D+15  2.294    4.214    3.666   -4.504   28.739   14.09   16.52   99.98
  105.29  123.89 0.36092D-09  1  1  0.03467  258.62  267.29 0.17905D+15  2.294    4.200    3.652   -4.523   28.724   14.08   16.52  100.29
  105.62  124.27 0.35990D-09  1  1  0.03488  258.54  267.26 0.17868D+15  2.295    4.186    3.639   -4.542   28.709   14.08   16.52  100.61
  105.94  124.65 0.35888D-09  1  1  0.03510  258.46  267.24 0.17831D+15  2.296    4.172    3.625   -4.562   28.694   14.08   16.52  100.92
  106.26  125.04 0.35787D-09  1  1  0.03531  258.39  267.22 0.17795D+15  2.296    4.159    3.612   -4.582   28.678   14.08   16.53  101.23
  106.58  125.42 0.35686D-09  1  1  0.03553  258.31  267.19 0.17759D+15  2.297    4.145    3.598   -4.602   28.662   14.07   16.53  101.55
  106.90  125.80 0.35586D-09  1  1  0.03576  258.23  267.17 0.17724D+15  2.298    4.131    3.585   -4.623   28.647   14.07   16.53  101.86
  107.23  126.18 0.35487D-09  1  1  0.03598  258.15  267.14 0.17689D+15  2.298    4.118    3.571   -4.643   28.630   14.07   16.54  102.17
  107.55  126.57 0.35388D-09  1  1  0.03621  258.07  267.12 0.17654D+15  2.299    4.104    3.558   -4.664   28.614   14.07   16.54  102.49
  107.87  126.95 0.35290D-09  1  1  0.03644  257.99  267.09 0.17620D+15  2.300    4.091    3.545   -4.685   28.597   14.07   16.54  102.80
  108.19  127.34 0.35192D-09  1  1  0.03667  257.91  267.07 0.17586D+15  2.301    4.077    3.532   -4.707   28.581   14.06   16.55  103.12
  108.51  127.72 0.35095D-09  1  1  0.03691  257.83  267.04 0.17553D+15  2.301    4.064    3.519   -4.729   28.563   14.06   16.55  103.43
  108.84  128.10 0.34999D-09  1  1  0.03715  257.75  267.01 0.17520D+15  2.302    4.051    3.506   -4.751   28.546   14.06   16.56  103.75
  109.16  128.49 0.34903D-09  1  1  0.03739  257.67  266.99 0.17488D+15  2.303    4.038    3.493   -4.773   28.529   14.06   16.56  104.06
  109.48  128.87 0.34808D-09  1  1  0.03764  257.58  266.96 0.17456D+15  2.303    4.025    3.480   -4.796   28.511   14.06   16.56  104.38
  109.80  129.26 0.34713D-09  1  1  0.03789  257.50  266.93 0.17425D+15  2.304    4.012    3.467   -4.819   28.493   14.05   16.57  104.69
  110.12  129.64 0.34619D-09  1  1  0.03814  257.42  266.91 0.17394D+15  2.305    3.999    3.454   -4.842   28.475   14.05   16.57  105.01
  110.45  130.02 0.34525D-09  1  1  0.03839  257.33  266.88 0.17364D+15  2.306    3.986    3.442   -4.866   28.456   14.05   16.58  105.33
  110.77  130.41 0.34432D-09  1  1  0.03865  257.25  266.85 0.17334D+15  2.306    3.973    3.429   -4.890   28.437   14.05   16.58  105.64
  111.09  130.79 0.34340D-09  1  1  0.03891  257.16  266.82 0.17305D+15  2.307    3.960    3.416   -4.914   28.418   14.05   16.59  105.96
  111.41  131.18 0.34248D-09  1  1  0.03918  257.07  266.79 0.17276D+15  2.308    3.947    3.404   -4.939   28.399   14.05   16.59  106.28
  111.73  131.56 0.34156D-09  1  1  0.03945  256.99  266.77 0.17247D+15  2.309    3.935    3.391   -4.964   28.379   14.05   16.60  106.59
  112.06  131.95 0.34065D-09  1  1  0.03972  256.90  266.74 0.17219D+15  2.310    3.922    3.379   -4.989   28.359   14.04   16.61  106.91
  112.38  132.33 0.33975D-09  1  1  0.04000  256.81  266.71 0.17192D+15  2.310    3.909    3.367   -5.015   28.339   14.04   16.61  107.23
  112.70  132.72 0.33885D-09  1  1  0.04028  256.72  266.68 0.17165D+15  2.311    3.897    3.354   -5.041   28.318   14.04   16.62  107.55
  113.02  133.11 0.33795D-09  1  1  0.04056  256.63  266.65 0.17139D+15  2.312    3.884    3.342   -5.067   28.297   14.04   16.63  107.86
  113.34  133.49 0.33706D-09  1  1  0.04085  256.54  266.62 0.17113D+15  2.313    3.872    3.330   -5.094   28.276   14.04   16.63  108.18
  113.67  133.88 0.33618D-09  1  1  0.04114  256.44  266.59 0.17088D+15  2.314    3.860    3.318   -5.122   28.255   14.04   16.64  108.50
  113.99  134.26 0.33530D-09  1  1  0.04143  256.35  266.55 0.17063D+15  2.315    3.847    3.306   -5.149   28.233   14.04   16.65  108.82
  114.31  134.65 0.33443D-09  1  1  0.04173  256.26  266.52 0.17039D+15  2.315    3.835    3.294   -5.177   28.211   14.04   16.65  109.14
  114.63  135.04 0.33356D-09  1  1  0.04204  256.16  266.49 0.17015D+15  2.316    3.823    3.282   -5.206   28.188   14.04   16.66  109.46
  114.95  135.42 0.33270D-09  1  1  0.04235  256.07  266.46 0.16992D+15  2.317    3.810    3.270   -5.235   28.166   14.04   16.67  109.77
  115.28  135.81 0.33184D-09  1  1  0.04266  255.97  266.42 0.16970D+15  2.318    3.798    3.258   -5.264   28.142   14.04   16.68  110.09
  115.60  136.19 0.33098D-09  1  1  0.04298  255.87  266.39 0.16948D+15  2.319    3.786    3.246   -5.294   28.119   14.04   16.69  110.41
  115.92  136.58 0.33013D-09  1  1  0.04330  255.77  266.36 0.16926D+15  2.320    3.774    3.234   -5.324   28.095   14.04   16.69  110.73
  116.24  136.97 0.32929D-09  1  1  0.04362  255.68  266.32 0.16906D+15  2.321    3.762    3.223   -5.355   28.071   14.04   16.70  111.05
  116.56  137.35 0.32845D-09  1  1  0.04396  255.58  266.29 0.16886D+15  2.321    3.750    3.211   -5.386   28.046   14.04   16.71  111.37
  116.89  137.74 0.32761D-09  1  1  0.04429  255.47  266.25 0.16866D+15  2.322    3.738    3.199   -5.418   28.021   14.04   16.72  111.69
  117.21  138.13 0.32678D-09  1  1  0.04463  255.37  266.22 0.16847D+15  2.323    3.726    3.188   -5.450   27.996   14.04   16.73  112.01
  117.53  138.52 0.32595D-09  1  1  0.04498  255.27  266.18 0.16829D+15  2.324    3.715    3.176   -5.482   27.970   14.04   16.74  112.33
  117.85  138.90 0.32513D-09  1  1  0.04533  255.16  266.15 0.16812D+15  2.325    3.703    3.165   -5.516   27.943   14.04   16.75  112.66
  118.17  139.29 0.32431D-09  1  1  0.04569  255.06  266.11 0.16795D+15  2.326    3.691    3.153   -5.549   27.917   14.04   16.76  112.98
  118.50  139.68 0.32350D-09  1  1  0.04605  254.95  266.07 0.16779D+15  2.327    3.679    3.142   -5.584   27.890   14.04   16.77  113.30
  118.82  140.07 0.32269D-09  1  1  0.04642  254.84  266.04 0.16763D+15  2.328    3.667    3.130   -5.618   27.862   14.04   16.78  113.62
  119.14  140.46 0.32189D-09  1  1  0.04679  254.74  266.00 0.16748D+15  2.329    3.656    3.119   -5.654   27.834   14.04   16.79  113.94
  119.46  140.84 0.32109D-09  1  1  0.04717  254.63  265.96 0.16734D+15  2.330    3.644    3.108   -5.690   27.805   14.05   16.81  114.26
  119.78  141.23 0.32029D-09  1  1  0.04756  254.51  265.92 0.16721D+15  2.331    3.633    3.096   -5.726   27.776   14.05   16.82  114.59
  120.11  141.62 0.31950D-09  1  1  0.04795  254.40  265.88 0.16708D+15  2.332    3.621    3.085   -5.763   27.747   14.05   16.83  114.91
  120.43  142.01 0.31872D-09  1  1  0.04835  254.29  265.84 0.16697D+15  2.333    3.609    3.074   -5.801   27.717   14.05   16.84  115.23
  120.75  142.40 0.31793D-09  1  1  0.04875  254.17  265.80 0.16686D+15  2.334    3.598    3.063   -5.840   27.687   14.05   16.86  115.55
  121.07  142.79 0.31716D-09  1  1  0.04917  254.06  265.76 0.16675D+15  2.335    3.586    3.052   -5.879   27.655   14.05   16.87  115.88
  121.39  143.17 0.31638D-09  1  0  0.04958  253.94  265.72 0.16666D+15  2.336    3.575    3.041   -5.918   27.624   14.06   16.88  116.20
  121.72  143.56 0.31561D-09  1  0  0.05001  253.82  265.68 0.16657D+15  2.337    3.564    3.030   -5.959   27.592   14.06   16.90  116.52
  122.04  143.95 0.31484D-09  1  0  0.05044  253.70  265.63 0.16650D+15  2.339    3.552    3.019   -6.000   27.559   14.06   16.91  116.85
  122.36  144.34 0.31408D-09  1  0  0.05088  253.58  265.59 0.16643D+15  2.340    3.541    3.007   -6.042   27.526   14.06   16.93  117.17
  122.68  144.73 0.31332D-09  1  0  0.05133  253.45  265.55 0.16637D+15  2.341    3.529    2.997   -6.084   27.492   14.07   16.94  117.49
  123.00  145.12 0.31257D-09  1  0  0.05179  253.33  265.50 0.16632D+15  2.342    3.518    2.986   -6.128   27.458   14.07   16.96  117.82
  123.33  145.51 0.31182D-09  1  0  0.05225  253.20  265.46 0.16627D+15  2.343    3.507    2.975   -6.172   27.423   14.07   16.97  118.14
  123.65  145.90 0.31107D-09  1  0  0.05272  253.07  265.41 0.16624D+15  2.344    3.496    2.964   -6.216   27.387   14.08   16.99  118.47
  123.97  146.29 0.31033D-09  1  0  0.05320  252.94  265.37 0.16622D+15  2.345    3.484    2.953   -6.262   27.351   14.08   17.01  118.79
  124.29  146.68 0.30959D-09  1  0  0.05369  252.81  265.32 0.16621D+15  2.347    3.473    2.942   -6.309   27.314   14.08   17.03  119.12
  124.61  147.07 0.30886D-09  1  0  0.05418  252.67  265.27 0.16621D+15  2.348    3.462    2.931   -6.356   27.276   14.09   17.04  119.44
  124.94  147.46 0.30813D-09  1  0  0.05469  252.54  265.22 0.16621D+15  2.349    3.451    2.920   -6.404   27.238   14.09   17.06  119.77
  125.26  147.85 0.30740D-09  1  0  0.05521  252.40  265.17 0.16623D+15  2.350    3.439    2.910   -6.453   27.198   14.09   17.08  120.09
  125.58  148.24 0.30668D-09  1  0  0.05573  252.26  265.12 0.16626D+15  2.352    3.428    2.899   -6.503   27.159   14.10   17.10  120.42
  125.90  148.63 0.30596D-09  1  0  0.05627  252.12  265.07 0.16631D+15  2.353    3.417    2.888   -6.554   27.118   14.10   17.12  120.74
  126.22  149.02 0.30524D-09  1  0  0.05681  251.97  265.02 0.16636D+15  2.354    3.406    2.877   -6.606   27.077   14.11   17.14  121.07
  126.55  149.41 0.30453D-09  1  0  0.05737  251.83  264.97 0.16643D+15  2.356    3.395    2.867   -6.659   27.034   14.11   17.16  121.40
  126.87  149.80 0.30382D-09  1  0  0.05793  251.68  264.92 0.16651D+15  2.357    3.383    2.856   -6.713   26.991   14.12   17.19  121.72
  127.19  150.19 0.30312D-09  1  0  0.05851  251.53  264.86 0.16660D+15  2.358    3.372    2.845   -6.768   26.948   14.13   17.21  122.05
  127.51  150.58 0.30242D-09  1  0  0.05910  251.38  264.81 0.16670D+15  2.360    3.361    2.834   -6.824   26.903   14.13   17.23  122.38
  127.83  150.97 0.30172D-09  1  0  0.05970  251.22  264.75 0.16682D+15  2.361    3.350    2.824   -6.881   26.857   14.14   17.26  122.70
  128.16  151.36 0.30102D-09  1  0  0.06031  251.06  264.70 0.16695D+15  2.363    3.339    2.813   -6.940   26.811   14.14   17.28  123.03
  128.48  151.76 0.30033D-09  1  0  0.06093  250.90  264.64 0.16710D+15  2.364    3.328    2.802   -6.999   26.763   14.15   17.31  123.36
  128.80  152.15 0.29964D-09  1  0  0.06157  250.74  264.58 0.16726D+15  2.366    3.316    2.792   -7.060   26.715   14.16   17.33  123.68
  129.12  152.54 0.29896D-09  1  0  0.06222  250.57  264.52 0.16744D+15  2.367    3.305    2.781   -7.122   26.665   14.17   17.36  124.01
  129.44  152.93 0.29828D-09  1  0  0.06289  250.40  264.46 0.16763D+15  2.369    3.294    2.770   -7.185   26.615   14.17   17.39  124.34
  129.77  153.32 0.29760D-09  1  0  0.06356  250.23  264.40 0.16784D+15  2.370    3.283    2.760   -7.249   26.564   14.18   17.42  124.66
  130.09  153.71 0.29693D-09  1  0  0.06426  250.05  264.34 0.16807D+15  2.372    3.272    2.749   -7.315   26.511   14.19   17.45  124.99
  130.41  154.10 0.29626D-09  1  0  0.06496  249.88  264.28 0.16831D+15  2.374    3.260    2.738   -7.382   26.457   14.20   17.48  125.32
  130.73  154.49 0.29559D-09  1  0  0.06569  249.69  264.21 0.16858D+15  2.375    3.249    2.728   -7.451   26.403   14.21   17.51  125.65
  131.05  154.89 0.29493D-09  1  0  0.06643  249.51  264.15 0.16886D+15  2.377    3.238    2.717   -7.521   26.347   14.22   17.54  125.98
  131.38  155.28 0.29427D-09  1  0  0.06718  249.32  264.08 0.16916D+15  2.379    3.227    2.706   -7.592   26.289   14.23   17.57  126.30
  131.70  155.67 0.29361D-09  1  0  0.06795  249.13  264.01 0.16948D+15  2.381    3.215    2.696   -7.666   26.231   14.24   17.61  126.63
  132.02  156.06 0.29296D-09  1  0  0.06874  248.93  263.94 0.16983D+15  2.382    3.204    2.685   -7.740   26.171   14.25   17.64  126.96
  132.34  156.45 0.29231D-09  1  0  0.06955  248.73  263.87 0.17019D+15  2.384    3.193    2.674   -7.817   26.110   14.26   17.68  127.29
  132.66  156.84 0.29166D-09  1  0  0.07038  248.53  263.80 0.17058D+15  2.386    3.181    2.664   -7.895   26.048   14.27   17.71  127.62
  132.99  157.24 0.29101D-09  1  0  0.07123  248.32  263.73 0.17100D+15  2.388    3.170    2.653   -7.975   25.984   14.28   17.75  127.94
  133.31  157.63 0.29037D-09  1  0  0.07209  248.11  263.66 0.17143D+15  2.390    3.158    2.642   -8.057   25.918   14.29   17.79  128.27
  133.63  158.02 0.28973D-09  1  0  0.07298  247.89  263.58 0.17190D+15  2.392    3.147    2.631   -8.140   25.851   14.31   17.83  128.60
  133.95  158.41 0.28910D-09  1  0  0.07389  247.67  263.50 0.17238D+15  2.394    3.135    2.620   -8.226   25.783   14.32   17.88  128.93
  134.27  158.80 0.28847D-09  1  0  0.07482  247.44  263.42 0.17290D+15  2.396    3.124    2.609   -8.313   25.713   14.33   17.92  129.26
  134.60  159.20 0.28784D-09  1  0  0.07578  247.21  263.34 0.17345D+15  2.399    3.112    2.598   -8.403   25.641   14.35   17.97  129.58
  134.92  159.59 0.28721D-09  1  0  0.07676  246.97  263.26 0.17403D+15  2.401    3.100    2.587   -8.494   25.568   14.36   18.01  129.91
  135.24  159.98 0.28659D-09  1  0  0.07776  246.72  263.18 0.17464D+15  2.403    3.088    2.576   -8.588   25.493   14.38   18.06  130.24
  135.56  160.37 0.28597D-09  1  0  0.07879  246.47  263.09 0.17528D+15  2.406    3.076    2.565   -8.685   25.416   14.39   18.11  130.57
  135.88  160.76 0.28535D-09  1  0  0.07985  246.22  263.01 0.17596D+15  2.408    3.064    2.554   -8.783   25.337   14.41   18.16  130.90
  136.21  161.15 0.28474D-09  1  0  0.08094  245.96  262.92 0.17667D+15  2.410    3.052    2.543   -8.884   25.256   14.43   18.22  131.22
  136.53  161.55 0.28413D-09  1  0  0.08205  245.69  262.83 0.17742D+15  2.413    3.040    2.532   -8.988   25.173   14.44   18.27  131.55
  136.85  161.94 0.28352D-09  1  0  0.08320  245.41  262.73 0.17821D+15  2.416    3.028    2.520   -9.094   25.088   14.46   18.33  131.88
  137.17  162.33 0.28291D-09  1  0  0.08438  245.13  262.64 0.17905D+15  2.418    3.016    2.509   -9.203   25.001   14.48   18.39  132.21
  137.49  162.72 0.28231D-09  1  0  0.08559  244.84  262.54 0.17993D+15  2.421    3.003    2.498   -9.314   24.912   14.50   18.45  132.53
  137.82  163.11 0.28171D-09  1  0  0.08684  244.54  262.44 0.18085D+15  2.424    2.991    2.486   -9.429   24.820   14.52   18.51  132.86
  138.14  163.50 0.28111D-09  1  0  0.08812  244.23  262.34 0.18182D+15  2.427    2.978    2.474   -9.547   24.726   14.54   18.58  133.19
  138.46  163.89 0.28052D-09  1  0  0.08944  243.91  262.24 0.18285D+15  2.430    2.965    2.463   -9.667   24.629   14.56   18.65  133.51
  138.78  164.28 0.27993D-09  1  0  0.09080  243.59  262.13 0.18393D+15  2.433    2.953    2.451   -9.791   24.530   14.59   18.72  133.84
  139.10  164.67 0.27934D-09  1  0  0.09220  243.25  262.02 0.18506D+15  2.436    2.939    2.439   -9.919   24.428   14.61   18.80  134.17
  139.43  165.06 0.27875D-09  1  0  0.09365  242.91  261.91 0.18625D+15  2.440    2.926    2.427  -10.049   24.323   14.63   18.87  134.49
  139.75  165.45 0.27817D-09  1  0  0.09514  242.55  261.79 0.18751D+15  2.443    2.913    2.415  -10.184   24.216   14.66   18.96  134.82
  140.07  165.84 0.27759D-09  1  0  0.09667  242.18  261.68 0.18884D+15  2.447    2.899    2.402  -10.322   24.105   14.68   19.04  135.14
  140.39  166.23 0.27701D-09  1  0  0.09826  241.80  261.56 0.19023D+15  2.451    2.886    2.390  -10.464   23.991   14.71   19.13  135.47
  140.71  166.62 0.27644D-09  1  0  0.09990  241.41  261.43 0.19170D+15  2.454    2.872    2.377  -10.610   23.874   14.74   19.22  135.79
  141.04  167.01 0.27586D-09  1  0  0.10160  241.00  261.31 0.19325D+15  2.458    2.858    2.364  -10.761   23.754   14.77   19.31  136.11
  141.36  167.40 0.27529D-09  1  0  0.10335  240.58  261.17 0.19489D+15  2.463    2.843    2.352  -10.915   23.630   14.80   19.41  136.44
  141.68  167.79 0.27473D-09  1  0  0.10516  240.14  261.04 0.19661D+15  2.467    2.829    2.338  -11.075   23.502   14.83   19.52  136.76
  142.00  168.17 0.27416D-09  1  0  0.10704  239.69  260.90 0.19843D+15  2.471    2.814    2.325  -11.239   23.371   14.86   19.62  137.08
  142.32  168.56 0.27360D-09  1  0  0.10898  239.22  260.76 0.20035D+15  2.476    2.799    2.311  -11.407   23.235   14.89   19.74  137.40
  142.65  168.95 0.27304D-09  1  0  0.11100  238.74  260.61 0.20237D+15  2.481    2.783    2.298  -11.582   23.096   14.93   19.86  137.72
  142.97  169.33 0.27248D-09  1  0  0.11309  238.23  260.46 0.20451D+15  2.486    2.767    2.284  -11.761   22.952   14.96   19.98  138.04
  143.29  169.72 0.27193D-09  1  0  0.11526  237.70  260.31 0.20678D+15  2.491    2.751    2.269  -11.946   22.804   15.00   20.11  138.35
  143.61  170.10 0.27138D-09  1  0  0.11751  237.15  260.15 0.20917D+15  2.497    2.735    2.255  -12.137   22.651   15.04   20.25  138.67
  143.93  170.49 0.27083D-09  1  0  0.11985  236.58  259.99 0.21170D+15  2.503    2.718    2.240  -12.333   22.494   15.08   20.39  138.98
  144.26  170.87 0.27028D-09  1  0  0.12229  235.99  259.82 0.21438D+15  2.509    2.701    2.224  -12.536   22.331   15.12   20.54  139.30
  144.58  171.25 0.26974D-09  1  0  0.12483  235.36  259.64 0.21722D+15  2.515    2.683    2.209  -12.746   22.164   15.16   20.70  139.61
  144.90  171.63 0.26919D-09  1  0  0.12747  234.71  259.46 0.22023D+15  2.522    2.665    2.193  -12.962   21.990   15.20   20.86  139.92
  145.22  172.01 0.26865D-09  1  0  0.13022  234.03  259.28 0.22343D+15  2.529    2.646    2.176  -13.185   21.812   15.24   21.04  140.23
  145.54  172.39 0.26812D-09  1  0  0.13310  233.31  259.08 0.22682D+15  2.537    2.626    2.159  -13.416   21.627   15.29   21.22  140.53
  145.87  172.77 0.26758D-09  1  0  0.13610  232.56  258.89 0.23042D+15  2.544    2.606    2.142  -13.654   21.436   15.33   21.42  140.84
  146.19  173.14 0.26705D-09  1  0  0.13925  231.77  258.68 0.23425D+15  2.553    2.586    2.124  -13.900   21.239   15.38   21.63  141.14
  146.51  173.52 0.26652D-09  1  0  0.14253  230.94  258.47 0.23832D+15  2.562    2.564    2.106  -14.155   21.035   15.43   21.84  141.44
  146.83  173.89 0.26599D-09  1  0  0.14598  230.07  258.25 0.24265D+15  2.571    2.542    2.086  -14.417   20.825   15.47   22.08  141.73
  147.15  174.26 0.26546D-09  1  0  0.14960  229.14  258.03 0.24726D+15  2.581    2.519    2.067  -14.689   20.607   15.52   22.32  142.02
  147.48  174.63 0.26494D-09  1  0  0.15339  228.16  257.79 0.25218D+15  2.592    2.495    2.046  -14.970   20.383   15.57   22.58  142.31
  147.80  174.99 0.26442D-09  1  0  0.15738  227.13  257.55 0.25741D+15  2.603    2.470    2.025  -15.260   20.151   15.62   22.86  142.59
  148.12  175.35 0.26390D-09  1  0  0.16159  226.03  257.30 0.26299D+15  2.615    2.444    2.002  -15.560   19.911   15.67   23.15  142.87
  148.44  175.71 0.26339D-09  1  0  0.16602  224.86  257.05 0.26895D+15  2.628    2.417    1.979  -15.870   19.663   15.72   23.46  143.15
  148.76  176.07 0.26287D-09  1  0  0.17070  223.61  256.78 0.27529D+15  2.643    2.388    1.954  -16.190   19.407   15.76   23.80  143.42
  149.09  179.68 0.26236D-09  0  0  0.17565  222.28  256.51 0.28205D+15  2.658    2.358    1.929  -16.268   19.349  149.09  149.09  149.09
  149.41  180.06 0.26185D-09  0  0  0.18090  220.85  256.23 0.28925D+15  2.674    2.326    1.902  -16.306   19.324  149.41  149.41  149.41
  149.73  180.45 0.26134D-09  0  0  0.18646  219.33  255.94 0.29690D+15  2.692    2.292    1.873  -16.345   19.298  149.73  149.73  149.73
  150.05  180.84 0.26084D-09  0  0  0.19237  217.68  255.64 0.30502D+15  2.712    2.256    1.843  -16.386   19.270  150.05  150.05  150.05
  150.37  181.23 0.26033D-09  0  0  0.19867  215.91  255.34 0.31360D+15  2.733    2.218    1.811  -16.430   19.241  150.37  150.37  150.37
  150.70  181.62 0.25983D-09  0  0  0.20539  214.00  255.03 0.32264D+15  2.757    2.177    1.777  -16.476   19.209  150.70  150.70  150.70
  151.02  182.00 0.25933D-09  0  0  0.21258  211.92  254.72 0.33210D+15  2.783    2.133    1.740  -16.525   19.175  151.02  151.02  151.02
  151.34  182.39 0.25884D-09  0  0  0.22029  209.66  254.41 0.34190D+15  2.812    2.086    1.701  -16.578   19.138  151.34  151.34  151.34
  151.66  182.78 0.25834D-09  0  0  0.22857  207.19  254.10 0.35193D+15  2.844    2.035    1.659  -16.634   19.099  151.66  151.66  151.66
  151.98  183.17 0.25785D-09  0  0  0.23749  204.48  253.79 0.36199D+15  2.880    1.980    1.613  -16.695   19.055  151.98  151.98  151.98
  152.31  183.56 0.25736D-09  0  0  0.24714  201.50  253.50 0.37178D+15  2.921    1.920    1.564  -16.761   19.008  152.31  152.31  152.31
  152.63  183.94 0.25687D-09  0  0  0.25760  198.21  253.24 0.38084D+15  2.968    1.854    1.509  -16.832   18.956  152.63  152.63  152.63
  152.95  184.33 0.25639D-09  0  0  0.26897  194.55  253.01 0.38850D+15  3.022    1.782    1.450  -16.910   18.899  152.95  152.95  152.95
  153.27  184.72 0.25590D-09  0  0  0.28139  190.46  252.84 0.39378D+15  3.085    1.702    1.384  -16.996   18.836  153.27  153.27  153.27
  153.59  185.11 0.25542D-09  0  0  0.29501  185.87  252.75 0.39527D+15  3.158    1.612    1.311  -17.090   18.765  153.59  153.59  153.59
  153.92  185.50 0.25494D-09  0  0  0.31000  180.68  252.80 0.39099D+15  3.246    1.512    1.229  -17.196   18.685  153.92  153.92  153.92
  154.24  185.89 0.25446D-09  0  0  0.32100  176.79  252.93 0.38284D+15  3.315    1.436    1.167  -17.277   18.626  154.24  154.24  154.24
  154.56  186.27 0.25399D-09  0  0  0.32100  176.79  252.93 0.38072D+15  3.315    1.434    1.164  -17.285   18.626  154.56  154.56  154.56
  154.88  186.66 0.25351D-09  0  0  0.32100  176.80  252.93 0.37861D+15  3.315    1.431    1.161  -17.294   18.626  154.88  154.88  154.88
  155.20  187.05 0.25304D-09  0  0  0.32100  176.81  252.93 0.37651D+15  3.315    1.429    1.159  -17.302   18.625  155.20  155.20  155.20
  155.53  187.44 0.25257D-09  0  0  0.32100  176.81  252.92 0.37443D+15  3.315    1.426    1.156  -17.310   18.625  155.53  155.53  155.53
  155.85  187.83 0.25210D-09  0  0  0.32100  176.82  252.92 0.37236D+15  3.315    1.424    1.154  -17.318   18.625  155.85  155.85  155.85
  156.17  188.21 0.25163D-09  0  0  0.32100  176.82  252.92 0.37030D+15  3.315    1.421    1.151  -17.326   18.625  156.17  156.17  156.17
  156.49  188.60 0.25117D-09  0  0  0.32100  176.83  252.91 0.36825D+15  3.315    1.419    1.148  -17.334   18.625  156.49  156.49  156.49
  156.81  188.99 0.25071D-09  0  0  0.32100  176.83  252.91 0.36622D+15  3.315    1.416    1.146  -17.342   18.625  156.81  156.81  156.81
  157.14  189.38 0.25025D-09  0  0  0.32100  176.84  252.91 0.36420D+15  3.315    1.414    1.143  -17.350   18.625  157.14  157.14  157.14
  157.46  189.77 0.24979D-09  0  0  0.32100  176.85  252.90 0.36219D+15  3.315    1.411    1.141  -17.358   18.625  157.46  157.46  157.46
  157.78  190.15 0.24933D-09  0  0  0.32100  176.85  252.90 0.36020D+15  3.315    1.409    1.138  -17.366   18.625  157.78  157.78  157.78
  158.10  190.54 0.24888D-09  0  0  0.32100  176.86  252.90 0.35821D+15  3.315    1.406    1.136  -17.374   18.625  158.10  158.10  158.10
  158.42  190.93 0.24843D-09  0  0  0.32100  176.86  252.89 0.35624D+15  3.314    1.404    1.133  -17.382   18.625  158.42  158.42  158.42
  158.75  191.32 0.24797D-09  0  0  0.32100  176.87  252.89 0.35428D+15  3.314    1.402    1.131  -17.390   18.625  158.75  158.75  158.75
  159.07  191.71 0.24753D-09  0  0  0.32100  176.88  252.88 0.35233D+15  3.314    1.399    1.129  -17.398   18.625  159.07  159.07  159.07
  159.39  192.09 0.24708D-09  0  0  0.32100  176.88  252.88 0.35040D+15  3.314    1.397    1.126  -17.406   18.625  159.39  159.39  159.39
  159.71  192.48 0.24663D-09  0  0  0.32100  176.89  252.87 0.34847D+15  3.314    1.394    1.124  -17.414   18.625  159.71  159.71  159.71
  160.03  192.87 0.24619D-09  0  0  0.32100  176.89  252.87 0.34656D+15  3.314    1.392    1.121  -17.421   18.625  160.03  160.03  160.03
  160.36  193.26 0.24575D-09  0  0  0.32100  176.90  252.86 0.34466D+15  3.314    1.390    1.119  -17.429   18.625  160.36  160.36  160.36
  160.68  193.65 0.24531D-09  0  0  0.32100  176.90  252.86 0.34277D+15  3.314    1.387    1.116  -17.437   18.625  160.68  160.68  160.68
  161.00  194.03 0.24487D-09  0  0  0.32100  176.91  252.85 0.34089D+15  3.314    1.385    1.114  -17.445   18.625  161.00  161.00  161.00
