R_tot = 1561.0 R_core =  1400.0  Tsurf =   100.00  g =  1.310
   zbot    P(MPa) Hint     conv melt pCLA   Tbot     Tm     etam        k   Fcond_bot Fcond_top   Fbot     Ftop    dlid z_topTBL z_botTBL
    0.00   -0.00 0.11024D-05  0  0  0.02220  273.07  261.42 0.32740D+15  2.168    0.000    0.000    0.000    0.000    0.00    0.00    0.00
    0.32    0.39 0.11026D-06  0  0  0.02225  273.04  265.19 0.22045D+15  2.168 1397.489 1396.913 1381.156 1413.244    0.32    0.32    0.32
    0.64    0.77 0.55143D-07  0  0  0.02230  273.00  265.80 0.20653D+15  2.169  698.752  698.175  682.414  714.509    0.64    0.64    0.64
    0.97    1.16 0.36770D-07  0  0  0.02235  272.97  266.19 0.19797D+15  2.169  465.839  465.263  449.497  481.598    0.97    0.97    0.97
    1.29    1.55 0.27583D-07  0  0  0.02240  272.94  266.47 0.19174D+15  2.169  349.383  348.807  333.036  365.144    1.29    1.29    1.29
    1.61    1.94 0.22071D-07  0  0  0.02245  272.90  266.70 0.18682D+15  2.170  279.509  278.933  263.158  295.273    1.61    1.61    1.61
    1.93    2.33 0.18396D-07  0  0  0.02250  272.87  266.89 0.18275D+15  2.170  232.926  232.350  216.570  248.692    1.93    1.93    1.93
    2.25    2.71 0.15771D-07  0  0  0.02255  272.83  267.05 0.17928D+15  2.170  199.653  199.077  183.292  215.421    2.25    2.25    2.25
    2.58    3.10 0.13803D-07  0  0  0.02260  272.80  267.19 0.17626D+15  2.170  174.698  174.121  158.333  190.468    2.58    2.58    2.58
    2.90    3.49 0.12272D-07  0  0  0.02265  272.76  267.31 0.17357D+15  2.171  155.288  154.712  138.919  171.061    2.90    2.90    2.90
    3.22    3.88 0.11047D-07  0  0  0.02270  272.73  267.42 0.17116D+15  2.171  139.760  139.184  123.386  155.535    3.22    3.22    3.22
    3.54    4.27 0.10045D-07  0  0  0.02276  272.70  267.52 0.16898D+15  2.171  127.056  126.480  110.677  142.833    3.54    3.54    3.54
    3.86    4.65 0.92095D-08  0  0  0.02281  272.66  267.61 0.16697D+15  2.172  116.468  115.893  100.086  132.248    3.86    3.86    3.86
    4.19    5.04 0.85028D-08  0  0  0.02286  272.63  267.69 0.16513D+15  2.172  107.510  106.934   91.123  123.292    4.19    4.19    4.19
    4.51    5.43 0.78971D-08  0  0  0.02291  272.59  267.77 0.16342D+15  2.172   99.831   99.256   83.439  115.616    4.51    4.51    4.51
    4.83    5.82 0.73721D-08  0  0  0.02297  272.56  267.84 0.16182D+15  2.173   93.176   92.601   76.780  108.963    4.83    4.83    4.83
    5.15    6.21 0.69128D-08  0  0  0.02302  272.52  267.90 0.16032D+15  2.173   87.353   86.778   70.952  103.142    5.15    5.15    5.15
    5.47    6.59 0.65075D-08  0  0  0.02307  272.49  267.96 0.15892D+15  2.173   82.215   81.640   65.810   98.007    5.47    5.47    5.47
    5.80    6.98 0.61473D-08  0  0  0.02313  272.45  268.01 0.15759D+15  2.173   77.648   77.073   61.238   93.442    5.80    5.80    5.80
    6.12    7.37 0.58249D-08  0  0  0.02318  272.42  268.06 0.15633D+15  2.174   73.562   72.986   57.147   89.358    6.12    6.12    6.12
    6.44    7.76 0.55348D-08  0  0  0.02323  272.38  268.11 0.15514D+15  2.174   69.884   69.308   53.465   85.682    6.44    6.44    6.44
    6.76    8.15 0.52723D-08  0  0  0.02329  272.35  268.15 0.15401D+15  2.174   66.556   65.981   50.133   82.357    6.76    6.76    6.76
    7.08    8.54 0.50337D-08  0  0  0.02334  272.31  268.19 0.15292D+15  2.175   63.531   62.956   47.103   79.334    7.08    7.08    7.08
    7.41    8.92 0.48159D-08  0  0  0.02340  272.28  268.23 0.15189D+15  2.175   60.769   60.194   44.336   76.574    7.41    7.41    7.41
    7.73    9.31 0.46162D-08  0  0  0.02345  272.24  268.27 0.15090D+15  2.175   58.237   57.662   41.800   74.045    7.73    7.73    7.73
    8.05    9.70 0.44324D-08  0  0  0.02351  272.21  268.30 0.14995D+15  2.175   55.908   55.333   39.466   71.718    8.05    8.05    8.05
    8.37   10.09 0.42628D-08  0  0  0.02356  272.17  268.33 0.14904D+15  2.176   53.757   53.182   37.311   69.570    8.37    8.37    8.37
    8.69   10.48 0.41058D-08  0  0  0.02362  272.14  268.36 0.14816D+15  2.176   51.766   51.191   35.316   67.581    8.69    8.69    8.69
    9.02   10.86 0.39600D-08  0  0  0.02367  272.10  268.39 0.14732D+15  2.176   49.918   49.343   33.462   65.735    9.02    9.02    9.02
    9.34   11.25 0.38242D-08  0  0  0.02373  272.06  268.41 0.14650D+15  2.177   48.196   47.621   31.737   64.016    9.34    9.34    9.34
    9.66   11.64 0.36975D-08  0  0  0.02378  272.03  268.44 0.14571D+15  2.177   46.590   46.015   30.125   62.411    9.66    9.66    9.66
    9.98   12.03 0.35790D-08  0  0  0.02384  271.99  268.46 0.14495D+15  2.177   45.087   44.512   28.618   60.911    9.98    9.98    9.98
   10.30   12.42 0.34679D-08  0  0  0.02390  271.96  268.48 0.14422D+15  2.178   43.678   43.103   27.204   59.504   10.30   10.30   10.30
   10.63   12.80 0.33635D-08  0  0  0.02396  271.92  268.50 0.14350D+15  2.178   42.354   41.780   25.876   58.183   10.63   10.63   10.63
   10.95   13.19 0.32652D-08  0  0  0.02401  271.88  268.52 0.14281D+15  2.178   41.108   40.534   24.626   56.939   10.95   10.95   10.95
   11.27   13.58 0.31726D-08  0  0  0.02407  271.85  268.54 0.14214D+15  2.179   39.934   39.359   23.447   55.767   11.27   11.27   11.27
   11.59   13.97 0.30851D-08  0  0  0.02413  271.81  268.55 0.14149D+15  2.179   38.824   38.250   22.333   54.660   11.59   11.59   11.59
   11.91   14.36 0.30023D-08  0  0  0.02419  271.78  268.57 0.14085D+15  2.179   37.775   37.201   21.279   53.613   11.91   11.91   11.91
   12.24   14.74 0.29239D-08  0  0  0.02424  271.74  268.58 0.14024D+15  2.179   36.781   36.206   20.280   52.621   12.24   12.24   12.24
   12.56   15.13 0.28495D-08  0  0  0.02430  271.70  268.60 0.13964D+15  2.180   35.837   35.263   19.332   51.680   12.56   12.56   12.56
   12.88   15.52 0.27789D-08  0  0  0.02436  271.67  268.61 0.13906D+15  2.180   34.941   34.367   18.431   50.786   12.88   12.88   12.88
   13.20   15.91 0.27117D-08  0  0  0.02442  271.63  268.62 0.13849D+15  2.180   34.089   33.515   17.574   49.936   13.20   13.20   13.20
   13.52   16.30 0.26476D-08  0  0  0.02448  271.59  268.63 0.13793D+15  2.181   33.277   32.703   16.758   49.127   13.52   13.52   13.52
   13.85   16.68 0.25866D-08  0  0  0.02454  271.56  268.64 0.13739D+15  2.181   32.503   31.929   15.979   48.355   13.85   13.85   13.85
   14.17   17.07 0.25283D-08  0  0  0.02460  271.52  268.65 0.13686D+15  2.181   31.764   31.190   15.236   47.618   14.17   14.17   14.17
   14.49   17.46 0.24727D-08  0  0  0.02466  271.48  268.65 0.13635D+15  2.182   31.058   30.484   14.525   46.914   14.49   14.49   14.49
   14.81   17.85 0.24194D-08  0  0  0.02472  271.44  268.66 0.13584D+15  2.182   30.383   29.809   13.845   46.241   14.81   14.81   14.81
   15.13   18.24 0.23684D-08  0  0  0.02478  271.41  268.67 0.13535D+15  2.182   29.736   29.162   13.194   45.597   15.13   15.13   15.13
   15.46   18.63 0.23196D-08  0  0  0.02484  271.37  268.67 0.13487D+15  2.183   29.116   28.542   12.570   44.980   15.46   15.46   15.46
   15.78   19.01 0.22727D-08  0  0  0.02490  271.33  268.68 0.13440D+15  2.183   28.522   27.948   11.971   44.387   15.78   15.78   15.78
   16.10   19.40 0.22277D-08  0  0  0.02496  271.30  268.68 0.13394D+15  2.183   27.951   27.377   11.395   43.819   16.10   16.10   16.10
   16.42   19.79 0.21845D-08  0  0  0.02502  271.26  268.68 0.13349D+15  2.184   27.403   26.829   10.842   43.273   16.42   16.42   16.42
   16.74   20.18 0.21429D-08  0  0  0.02509  271.22  268.69 0.13304D+15  2.184   26.875   26.302   10.311   42.748   16.74   16.74   16.74
   17.07   20.18 0.21029D-08  1  0  0.02515  271.18  268.69 0.13261D+15  2.184   26.368   25.795   10.026   42.465   10.14   14.64   16.42
   17.39   20.57 0.20644D-08  1  0  0.02521  271.15  268.69 0.13219D+15  2.184   25.879   25.306    9.914   42.352   10.16   14.57   16.74
   17.71   20.96 0.20273D-08  1  0  0.02527  271.11  268.69 0.13177D+15  2.185   25.409   24.835    9.804   42.240   10.19   14.51   17.07
   18.03   21.35 0.19915D-08  1  0  0.02534  271.07  268.69 0.13136D+15  2.185   24.955   24.381    9.696   42.131   10.21   14.45   17.39
   18.35   21.74 0.19570D-08  1  0  0.02540  271.03  268.69 0.13096D+15  2.185   24.516   23.943    9.590   42.023   10.23   14.40   17.72
   18.68   22.13 0.19236D-08  1  0  0.02546  270.99  268.69 0.13057D+15  2.186   24.093   23.520    9.485   41.917   10.25   14.35   18.04
   19.00   22.52 0.18914D-08  1  0  0.02553  270.96  268.69 0.13019D+15  2.186   23.685   23.112    9.383   41.814   10.27   14.30   18.37
   19.32   22.91 0.18603D-08  1  0  0.02559  270.92  268.69 0.12981D+15  2.186   23.290   22.717    9.283   41.712   10.29   14.25   18.69
   19.64   23.30 0.18302D-08  1  0  0.02566  270.88  268.68 0.12944D+15  2.187   22.908   22.335    9.184   41.612   10.31   14.21   19.02
   19.96   23.69 0.18010D-08  1  0  0.02572  270.84  268.68 0.12907D+15  2.187   22.538   21.965    9.086   41.513   10.33   14.17   19.35
   20.29   24.08 0.17728D-08  1  0  0.02579  270.80  268.68 0.12871D+15  2.187   22.180   21.607    8.991   41.416   10.35   14.14   19.67
   20.61   24.47 0.17454D-08  1  0  0.02585  270.76  268.67 0.12836D+15  2.188   21.833   21.260    8.897   41.321   10.37   14.10   20.00
   20.93   24.86 0.17190D-08  1  0  0.02592  270.73  268.67 0.12801D+15  2.188   21.496   20.924    8.804   41.227   10.39   14.07   20.32
   21.25   25.25 0.16933D-08  1  0  0.02599  270.69  268.67 0.12767D+15  2.188   21.170   20.598    8.712   41.134   10.41   14.04   20.65
   21.57   25.64 0.16683D-08  1  0  0.02605  270.65  268.66 0.12734D+15  2.189   20.854   20.282    8.623   41.043   10.43   14.01   20.97
   21.90   26.03 0.16441D-08  1  0  0.02612  270.61  268.66 0.12701D+15  2.189   20.547   19.975    8.534   40.954   10.45   13.98   21.30
   22.22   26.42 0.16206D-08  1  0  0.02619  270.57  268.65 0.12669D+15  2.189   20.249   19.676    8.446   40.865   10.46   13.96   21.63
   22.54   26.81 0.15978D-08  1  0  0.02625  270.53  268.64 0.12637D+15  2.190   19.959   19.387    8.360   40.778   10.48   13.93   21.95
   22.86   27.20 0.15756D-08  1  0  0.02632  270.49  268.64 0.12606D+15  2.190   19.678   19.105    8.275   40.692   10.50   13.91   22.28
   23.18   27.59 0.15541D-08  1  0  0.02639  270.45  268.63 0.12575D+15  2.190   19.404   18.832    8.191   40.607   10.52   13.89   22.61
   23.51   27.98 0.15331D-08  1  0  0.02646  270.41  268.62 0.12545D+15  2.191   19.138   18.566    8.109   40.524   10.53   13.87   22.93
   23.83   28.37 0.15127D-08  1  0  0.02653  270.37  268.62 0.12515D+15  2.191   18.879   18.307    8.027   40.441   10.55   13.85   23.26
   24.15   28.76 0.14928D-08  1  0  0.02659  270.34  268.61 0.12485D+15  2.191   18.627   18.055    7.946   40.360   10.57   13.83   23.58
   24.47   29.16 0.14735D-08  1  0  0.02666  270.30  268.60 0.12456D+15  2.192   18.381   17.809    7.867   40.279   10.58   13.81   23.91
   24.79   29.55 0.14547D-08  1  0  0.02673  270.26  268.59 0.12428D+15  2.192   18.142   17.570    7.788   40.200   10.60   13.80   24.24
   25.12   29.94 0.14363D-08  1  0  0.02680  270.22  268.58 0.12400D+15  2.192   17.909   17.337    7.710   40.122   10.62   13.78   24.57
   25.44   30.33 0.14184D-08  1  0  0.02687  270.18  268.57 0.12372D+15  2.193   17.682   17.110    7.633   40.044   10.63   13.77   24.89
   25.76   30.72 0.14010D-08  1  0  0.02694  270.14  268.56 0.12345D+15  2.193   17.460   16.889    7.557   39.967   10.65   13.76   25.22
   26.08   31.11 0.13840D-08  1  0  0.02702  270.10  268.55 0.12318D+15  2.193   17.244   16.673    7.482   39.892   10.66   13.74   25.55
   26.40   31.50 0.13674D-08  1  0  0.02709  270.06  268.54 0.12292D+15  2.194   17.034   16.462    7.408   39.817   10.68   13.73   25.87
   26.73   31.89 0.13512D-08  1  0  0.02716  270.02  268.53 0.12266D+15  2.194   16.828   16.257    7.334   39.743   10.69   13.72   26.20
   27.05   32.28 0.13354D-08  1  0  0.02723  269.98  268.52 0.12240D+15  2.194   16.627   16.056    7.262   39.670   10.71   13.71   26.53
   27.37   32.68 0.13200D-08  1  0  0.02730  269.94  268.51 0.12215D+15  2.195   16.431   15.860    7.190   39.598   10.72   13.70   26.86
   27.69   33.07 0.13049D-08  1  0  0.02738  269.89  268.50 0.12190D+15  2.195   16.240   15.668    7.119   39.526   10.74   13.69   27.18
   28.01   33.46 0.12901D-08  1  0  0.02745  269.85  268.49 0.12165D+15  2.195   16.052   15.481    7.048   39.455   10.75   13.69   27.51
   28.34   33.85 0.12757D-08  1  0  0.02752  269.81  268.48 0.12141D+15  2.196   15.869   15.299    6.978   39.385   10.77   13.68   27.84
   28.66   34.24 0.12617D-08  1  0  0.02760  269.77  268.47 0.12117D+15  2.196   15.691   15.120    6.909   39.316   10.78   13.67   28.17
   28.98   34.63 0.12479D-08  1  0  0.02767  269.73  268.45 0.12094D+15  2.196   15.516   14.945    6.841   39.247   10.79   13.67   28.49
   29.30   35.03 0.12345D-08  1  0  0.02774  269.69  268.44 0.12070D+15  2.197   15.345   14.774    6.773   39.179   10.81   13.66   28.82
   29.62   35.42 0.12213D-08  1  0  0.02782  269.65  268.43 0.12047D+15  2.197   15.178   14.607    6.706   39.112   10.82   13.65   29.15
   29.95   35.81 0.12084D-08  1  0  0.02790  269.61  268.41 0.12025D+15  2.198   15.014   14.443    6.639   39.045   10.84   13.65   29.48
   30.27   36.20 0.11958D-08  1  0  0.02797  269.57  268.40 0.12003D+15  2.198   14.854   14.283    6.574   38.979   10.85   13.65   29.81
   30.59   36.59 0.11835D-08  1  0  0.02805  269.53  268.39 0.11981D+15  2.198   14.697   14.126    6.508   38.913   10.86   13.64   30.13
   30.91   36.98 0.11714D-08  1  0  0.02812  269.48  268.37 0.11959D+15  2.199   14.543   13.973    6.443   38.848   10.88   13.64   30.46
   31.23   37.38 0.11595D-08  1  0  0.02820  269.44  268.36 0.11937D+15  2.199   14.393   13.823    6.379   38.784   10.89   13.63   30.79
   31.56   37.77 0.11480D-08  1  0  0.02828  269.40  268.34 0.11916D+15  2.199   14.245   13.675    6.315   38.720   10.90   13.63   31.12
   31.88   38.16 0.11366D-08  1  0  0.02836  269.36  268.33 0.11896D+15  2.200   14.101   13.531    6.252   38.657   10.91   13.63   31.45
   32.20   38.55 0.11255D-08  1  0  0.02843  269.32  268.31 0.11875D+15  2.200   13.959   13.390    6.189   38.594   10.93   13.63   31.78
   32.52   38.95 0.11145D-08  1  0  0.02851  269.27  268.30 0.11855D+15  2.200   13.821   13.251    6.127   38.532   10.94   13.62   32.11
   32.84   39.34 0.11039D-08  1  0  0.02859  269.23  268.28 0.11835D+15  2.201   13.685   13.115    6.065   38.470   10.95   13.62   32.44
   33.17   39.73 0.10934D-08  1  0  0.02867  269.19  268.27 0.11815D+15  2.201   13.551   12.982    6.004   38.409   10.97   13.62   32.77
   33.49   40.12 0.10831D-08  1  0  0.02875  269.15  268.25 0.11795D+15  2.201   13.421   12.851    5.943   38.349   10.98   13.62   33.10
   33.81   40.52 0.10730D-08  1  0  0.02883  269.11  268.24 0.11776D+15  2.202   13.292   12.723    5.883   38.288   10.99   13.62   33.43
   34.13   40.91 0.10631D-08  1  0  0.02891  269.06  268.22 0.11757D+15  2.202   13.166   12.597    5.823   38.229   11.00   13.62   33.76
   34.45   41.30 0.10534D-08  1  0  0.02899  269.02  268.20 0.11739D+15  2.203   13.043   12.473    5.763   38.169   11.01   13.62   34.09
   34.78   41.69 0.10438D-08  1  0  0.02907  268.98  268.19 0.11720D+15  2.203   12.921   12.352    5.704   38.111   11.03   13.62   34.42
   35.10   42.09 0.10345D-08  1  0  0.02915  268.93  268.17 0.11702D+15  2.203   12.802   12.233    5.645   38.052   11.04   13.62   34.75
   35.42   42.48 0.10253D-08  1  0  0.02924  268.89  268.15 0.11684D+15  2.204   12.685   12.116    5.587   37.994   11.05   13.62   35.08
   35.74   42.87 0.10162D-08  1  0  0.02932  268.85  268.13 0.11666D+15  2.204   12.570   12.001    5.529   37.936   11.06   13.62   35.41
   36.06   43.27 0.10074D-08  1  0  0.02940  268.80  268.12 0.11649D+15  2.204   12.458   11.889    5.472   37.879   11.07   13.62   35.74
   36.39   43.66 0.99868D-09  1  0  0.02948  268.76  268.10 0.11631D+15  2.205   12.347   11.778    5.414   37.822   11.08   13.63   36.07
   36.71   44.05 0.99012D-09  1  0  0.02957  268.72  268.08 0.11614D+15  2.205   12.238   11.669    5.357   37.766   11.09   13.63   36.40
   37.03   44.45 0.98172D-09  1  0  0.02965  268.67  268.06 0.11598D+15  2.205   12.131   11.562    5.301   37.710   11.11   13.63   36.73
   37.35   44.84 0.97346D-09  1  0  0.02974  268.63  268.04 0.11581D+15  2.206   12.026   11.457    5.245   37.654   11.12   13.63   37.06
   37.67   45.24 0.96534D-09  1  0  0.02982  268.59  268.02 0.11565D+15  2.206   11.922   11.354    5.189   37.599   11.13   13.63   37.39
   38.00   45.63 0.95735D-09  1  0  0.02991  268.54  268.01 0.11548D+15  2.207   11.821   11.252    5.133   37.544   11.14   13.64   37.72
   38.32   46.02 0.94951D-09  1  0  0.02999  268.50  267.99 0.11532D+15  2.207   11.721   11.152    5.078   37.489   11.15   13.64   38.06
   38.64   46.42 0.94179D-09  1  0  0.03008  268.45  267.97 0.11517D+15  2.207   11.623   11.054    5.023   37.435   11.16   13.64   38.39
   38.96   46.81 0.93420D-09  1  0  0.03017  268.41  267.95 0.11501D+15  2.208   11.526   10.958    4.968   37.381   11.17   13.64   38.72
   39.28   47.21 0.92674D-09  1  0  0.03026  268.37  267.93 0.11486D+15  2.208   11.431   10.863    4.914   37.327   11.18   13.65   39.05
   39.61   47.60 0.91939D-09  1  0  0.03034  268.32  267.91 0.11471D+15  2.209   11.337   10.769    4.859   37.274   11.19   13.65   39.39
   39.93   47.99 0.91217D-09  1  0  0.03043  268.28  267.89 0.11456D+15  2.209   11.245   10.677    4.806   37.221   11.20   13.65   39.72
   40.25   48.39 0.90506D-09  1  0  0.03052  268.23  267.87 0.11441D+15  2.209   11.155   10.587    4.752   37.168   11.21   13.66   40.05
   40.57   48.78 0.89806D-09  1  0  0.03061  268.19  267.85 0.11427D+15  2.210   11.066   10.498    4.699   37.115   11.23   13.66   40.38
   40.89   49.18 0.89118D-09  1  0  0.03070  268.14  267.83 0.11412D+15  2.210   10.978   10.410    4.646   37.063   11.24   13.66   40.72
   41.22   49.57 0.88440D-09  1  0  0.03079  268.10  267.81 0.11398D+15  2.210   10.891   10.324    4.593   37.011   11.25   13.67   41.05
   41.54   49.97 0.87773D-09  1  0  0.03088  268.05  267.78 0.11384D+15  2.211   10.806   10.239    4.540   36.959   11.26   13.67   41.39
   41.86   50.37 0.87115D-09  1  0  0.03097  268.00  267.76 0.11371D+15  2.211   10.723   10.155    4.488   36.908   11.27   13.68   41.72
   42.18   50.76 0.86468D-09  1  0  0.03107  267.96  267.74 0.11357D+15  2.212   10.640   10.073    4.435   36.857   11.28   13.68   42.05
   42.50   51.16 0.85831D-09  1  0  0.03116  267.91  267.72 0.11344D+15  2.212   10.559    9.992    4.383   36.806   11.29   13.69   42.39
   42.83   51.55 0.85204D-09  1  0  0.03125  267.87  267.70 0.11330D+15  2.212   10.479    9.912    4.332   36.755   11.30   13.69   42.72
   43.15   51.95 0.84585D-09  1  0  0.03134  267.82  267.68 0.11317D+15  2.213   10.400    9.833    4.280   36.704   11.31   13.70   43.06
   43.47   52.35 0.83976D-09  1  0  0.03144  267.78  267.65 0.11305D+15  2.213   10.322    9.755    4.229   36.654   11.32   13.70   43.40
   43.79   52.74 0.83376D-09  1  0  0.03153  267.73  267.63 0.11292D+15  2.214   10.246    9.679    4.178   36.604   11.33   13.71   43.73
   44.11   53.14 0.82785D-09  1  0  0.03163  267.68  267.61 0.11280D+15  2.214   10.170    9.604    4.127   36.554   11.34   13.71   44.07
   44.44   53.54 0.82202D-09  1  0  0.03172  267.64  267.59 0.11267D+15  2.214   10.096    9.529    4.076   36.505   11.35   13.72   44.40
   44.76   53.93 0.81628D-09  1  0  0.03182  267.59  267.56 0.11255D+15  2.215   10.023    9.456    4.025   36.455   11.36   13.72   44.74
   45.08   54.33 0.81062D-09  1  0  0.03192  267.54  267.54 0.11243D+15  2.215    9.950    9.384    3.975   36.406   11.37   13.73   45.08
   45.40   54.72 0.80503D-09  1  0  0.03201  267.50  267.52 0.11232D+15  2.216    9.879    9.313    3.925   36.357   11.38   13.73   45.40
   45.72   55.11 0.79953D-09  1  0  0.03211  267.45  267.49 0.11220D+15  2.216    9.809    9.243    3.875   36.308   11.39   13.74   45.72
   46.05   55.49 0.79411D-09  1  0  0.03221  267.40  267.47 0.11209D+15  2.216    9.740    9.174    3.825   36.260   11.40   13.75   46.05
   46.37   55.88 0.78876D-09  1  0  0.03231  267.35  267.45 0.11198D+15  2.217    9.671    9.105    3.775   36.211   11.40   13.75   46.37
   46.69   56.27 0.78348D-09  1  0  0.03241  267.31  267.42 0.11187D+15  2.217    9.604    9.038    3.725   36.163   11.41   13.76   46.69
   47.01   56.66 0.77827D-09  1  0  0.03251  267.26  267.40 0.11176D+15  2.218    9.537    8.972    3.676   36.115   11.42   13.76   47.01
   47.33   57.05 0.77314D-09  1  0  0.03261  267.21  267.37 0.11165D+15  2.218    9.472    8.906    3.626   36.067   11.43   13.77   47.33
   47.66   57.44 0.76808D-09  1  0  0.03271  267.16  267.35 0.11155D+15  2.218    9.407    8.842    3.577   36.020   11.44   13.78   47.66
   47.98   57.82 0.76308D-09  1  0  0.03281  267.11  267.32 0.11144D+15  2.219    9.343    8.778    3.528   35.972   11.45   13.78   47.98
   48.30   58.21 0.75815D-09  1  0  0.03291  267.07  267.30 0.11134D+15  2.219    9.280    8.715    3.479   35.925   11.46   13.79   48.30
   48.62   58.60 0.75329D-09  1  0  0.03302  267.02  267.27 0.11124D+15  2.220    9.218    8.653    3.430   35.877   11.47   13.80   48.62
   48.94   58.99 0.74849D-09  1  0  0.03312  266.97  267.25 0.11114D+15  2.220    9.157    8.592    3.381   35.830   11.48   13.80   48.94
   49.27   59.38 0.74375D-09  1  0  0.03322  266.92  267.22 0.11104D+15  2.220    9.096    8.531    3.333   35.783   11.49   13.81   49.27
   49.59   59.76 0.73908D-09  1  0  0.03333  266.87  267.20 0.11095D+15  2.221    9.036    8.471    3.284   35.737   11.50   13.82   49.59
   49.91   60.15 0.73446D-09  1  0  0.03343  266.82  267.17 0.11086D+15  2.221    8.977    8.413    3.236   35.690   11.51   13.82   49.91
   50.23   60.54 0.72990D-09  1  0  0.03354  266.77  267.14 0.11076D+15  2.222    8.919    8.354    3.188   35.643   11.52   13.83   50.23
   50.55   60.93 0.72541D-09  1  0  0.03365  266.72  267.12 0.11067D+15  2.222    8.862    8.297    3.139   35.597   11.53   13.84   50.55
   50.88   61.32 0.72097D-09  1  0  0.03375  266.67  267.09 0.11059D+15  2.223    8.805    8.240    3.091   35.551   11.54   13.85   50.88
   51.20   61.70 0.71658D-09  1  0  0.03386  266.62  267.06 0.11050D+15  2.223    8.749    8.184    3.043   35.505   11.54   13.85   51.20
   51.52   62.09 0.71225D-09  1  0  0.03397  266.57  267.04 0.11041D+15  2.223    8.693    8.129    2.995   35.459   11.55   13.86   51.52
   51.84   62.48 0.70797D-09  1  0  0.03408  266.52  267.01 0.11033D+15  2.224    8.638    8.074    2.948   35.413   11.56   13.87   51.84
   52.16   62.87 0.70375D-09  1  0  0.03419  266.47  266.98 0.11025D+15  2.224    8.584    8.020    2.900   35.367   11.57   13.88   52.16
   52.49   63.26 0.69958D-09  1  0  0.03430  266.42  266.96 0.11017D+15  2.225    8.531    7.967    2.852   35.321   11.58   13.88   52.49
   52.81   63.64 0.69546D-09  1  0  0.03441  266.37  266.93 0.11009D+15  2.225    8.478    7.914    2.804   35.276   11.59   13.89   52.81
   53.13   64.03 0.69139D-09  1  0  0.03452  266.32  266.90 0.11001D+15  2.226    8.426    7.862    2.757   35.230   11.60   13.90   53.13
   53.45   64.42 0.68737D-09  1  0  0.03463  266.27  266.87 0.10993D+15  2.226    8.374    7.811    2.709   35.185   11.61   13.91   53.45
   53.77   64.81 0.68339D-09  1  0  0.03475  266.22  266.85 0.10986D+15  2.226    8.324    7.760    2.662   35.139   11.62   13.92   53.77
   54.10   65.20 0.67947D-09  1  0  0.03486  266.17  266.82 0.10979D+15  2.227    8.273    7.710    2.615   35.094   11.63   13.92   54.10
   54.42   65.58 0.67559D-09  1  0  0.03498  266.12  266.79 0.10972D+15  2.227    8.223    7.660    2.567   35.049   11.63   13.93   54.42
   54.74   65.97 0.67175D-09  1  0  0.03509  266.07  266.76 0.10965D+15  2.228    8.174    7.611    2.520   35.004   11.64   13.94   54.74
   55.06   66.36 0.66796D-09  1  0  0.03521  266.01  266.73 0.10958D+15  2.228    8.126    7.563    2.473   34.959   11.65   13.95   55.06
   55.38   66.75 0.66422D-09  1  0  0.03532  265.96  266.70 0.10951D+15  2.229    8.078    7.515    2.426   34.914   11.66   13.96   55.38
   55.71   67.14 0.66052D-09  1  0  0.03544  265.91  266.67 0.10945D+15  2.229    8.030    7.467    2.378   34.869   11.67   13.97   55.71
   56.03   67.52 0.65686D-09  1  0  0.03556  265.86  266.64 0.10939D+15  2.230    7.983    7.420    2.331   34.825   11.68   13.97   56.03
   56.35   67.91 0.65324D-09  1  0  0.03568  265.81  266.62 0.10932D+15  2.230    7.937    7.374    2.284   34.780   11.69   13.98   56.35
   56.67   68.30 0.64967D-09  1  0  0.03580  265.75  266.59 0.10926D+15  2.231    7.891    7.328    2.237   34.735   11.70   13.99   56.67
   56.99   68.69 0.64613D-09  1  0  0.03592  265.70  266.56 0.10921D+15  2.231    7.845    7.283    2.190   34.691   11.70   14.00   56.99
   57.32   69.08 0.64264D-09  1  0  0.03604  265.65  266.53 0.10915D+15  2.231    7.801    7.238    2.143   34.646   11.71   14.01   57.32
   57.64   69.47 0.63918D-09  1  0  0.03616  265.59  266.50 0.10910D+15  2.232    7.756    7.194    2.096   34.602   11.72   14.02   57.64
   57.96   69.85 0.63576D-09  1  0  0.03629  265.54  266.47 0.10904D+15  2.232    7.712    7.150    2.049   34.558   11.73   14.03   57.96
   58.28   70.24 0.63238D-09  1  0  0.03641  265.49  266.43 0.10899D+15  2.233    7.669    7.107    2.002   34.513   11.74   14.04   58.28
   58.60   70.63 0.62904D-09  1  0  0.03653  265.43  266.40 0.10894D+15  2.233    7.626    7.064    1.956   34.469   11.75   14.05   58.60
   58.93   71.02 0.62573D-09  1  0  0.03666  265.38  266.37 0.10889D+15  2.234    7.583    7.022    1.909   34.425   11.76   14.06   58.93
   59.25   71.41 0.62246D-09  1  0  0.03678  265.32  266.34 0.10884D+15  2.234    7.541    6.980    1.862   34.381   11.77   14.06   59.25
   59.57   71.79 0.61922D-09  1  0  0.03691  265.27  266.31 0.10880D+15  2.235    7.500    6.938    1.815   34.337   11.77   14.07   59.57
   59.89   72.18 0.61602D-09  1  0  0.03704  265.22  266.28 0.10875D+15  2.235    7.458    6.897    1.768   34.292   11.78   14.08   59.89
   60.21   72.57 0.61286D-09  1  0  0.03717  265.16  266.25 0.10871D+15  2.236    7.418    6.856    1.721   34.248   11.79   14.09   60.21
   60.54   72.96 0.60972D-09  1  0  0.03730  265.11  266.22 0.10867D+15  2.236    7.377    6.816    1.674   34.204   11.80   14.10   60.54
   60.86   73.35 0.60663D-09  1  0  0.03743  265.05  266.18 0.10863D+15  2.237    7.337    6.776    1.627   34.160   11.81   14.11   60.86
   61.18   73.73 0.60356D-09  1  0  0.03756  265.00  266.15 0.10860D+15  2.237    7.298    6.737    1.580   34.116   11.82   14.12   61.18
   61.50   74.12 0.60052D-09  1  0  0.03769  264.94  266.12 0.10856D+15  2.238    7.259    6.698    1.533   34.072   11.83   14.13   61.50
   61.82   74.51 0.59752D-09  1  0  0.03782  264.88  266.09 0.10853D+15  2.238    7.220    6.660    1.486   34.029   11.84   14.14   61.82
   62.15   74.90 0.59455D-09  1  0  0.03795  264.83  266.05 0.10849D+15  2.238    7.182    6.621    1.439   33.985   11.84   14.15   62.15
   62.47   75.29 0.59161D-09  1  0  0.03809  264.77  266.02 0.10846D+15  2.239    7.144    6.584    1.392   33.941   11.85   14.16   62.47
   62.79   75.67 0.58870D-09  1  0  0.03822  264.72  265.99 0.10843D+15  2.239    7.106    6.546    1.345   33.897   11.86   14.17   62.79
   63.11   76.06 0.58582D-09  1  0  0.03836  264.66  265.95 0.10841D+15  2.240    7.069    6.509    1.298   33.853   11.87   14.18   63.11
   63.43   76.45 0.58296D-09  1  0  0.03850  264.60  265.92 0.10838D+15  2.240    7.032    6.472    1.251   33.809   11.88   14.19   63.43
   63.76   76.84 0.58014D-09  1  0  0.03864  264.54  265.89 0.10836D+15  2.241    6.996    6.436    1.204   33.765   11.89   14.21   63.76
   64.08   77.23 0.57735D-09  1  0  0.03877  264.49  265.85 0.10833D+15  2.241    6.960    6.400    1.157   33.721   11.90   14.22   64.08
   64.40   77.61 0.57458D-09  1  0  0.03891  264.43  265.82 0.10831D+15  2.242    6.924    6.365    1.110   33.678   11.91   14.23   64.40
   64.72   78.00 0.57184D-09  1  0  0.03906  264.37  265.78 0.10829D+15  2.242    6.889    6.329    1.062   33.634   11.91   14.24   64.72
   65.04   78.39 0.56913D-09  1  0  0.03920  264.31  265.75 0.10828D+15  2.243    6.854    6.294    1.015   33.590   11.92   14.25   65.04
   65.37   78.78 0.56644D-09  1  0  0.03934  264.26  265.72 0.10826D+15  2.243    6.819    6.260    0.968   33.546   11.93   14.26   65.37
   65.69   79.17 0.56379D-09  1  0  0.03948  264.20  265.68 0.10825D+15  2.244    6.785    6.226    0.920   33.502   11.94   14.27   65.69
   66.01   79.56 0.56115D-09  1  0  0.03963  264.14  265.65 0.10824D+15  2.244    6.751    6.192    0.873   33.458   11.95   14.28   66.01
   66.33   79.94 0.55855D-09  1  0  0.03977  264.08  265.61 0.10822D+15  2.245    6.717    6.158    0.825   33.414   11.96   14.29   66.33
   66.65   80.33 0.55596D-09  1  0  0.03992  264.02  265.57 0.10822D+15  2.245    6.683    6.125    0.778   33.370   11.97   14.30   66.65
   66.98   80.72 0.55341D-09  1  0  0.04007  263.96  265.54 0.10821D+15  2.246    6.650    6.092    0.730   33.326   11.98   14.32   66.98
   67.30   81.11 0.55087D-09  1  0  0.04022  263.90  265.50 0.10820D+15  2.247    6.617    6.059    0.682   33.282   11.98   14.33   67.30
   67.62   81.50 0.54837D-09  1  0  0.04037  263.84  265.47 0.10820D+15  2.247    6.585    6.027    0.635   33.238   11.99   14.34   67.62
   67.94   81.88 0.54588D-09  1  0  0.04052  263.78  265.43 0.10820D+15  2.248    6.553    5.995    0.587   33.194   12.00   14.35   67.94
   68.26   82.27 0.54342D-09  1  0  0.04067  263.72  265.39 0.10820D+15  2.248    6.521    5.963    0.539   33.150   12.01   14.36   68.26
   68.59   82.66 0.54098D-09  1  0  0.04082  263.66  265.36 0.10820D+15  2.249    6.489    5.932    0.491   33.106   12.02   14.37   68.59
   68.91   83.05 0.53857D-09  1  0  0.04098  263.60  265.32 0.10821D+15  2.249    6.458    5.900    0.443   33.062   12.03   14.39   68.91
   69.23   83.44 0.53617D-09  1  0  0.04113  263.54  265.28 0.10821D+15  2.250    6.427    5.869    0.394   33.018   12.04   14.40   69.23
   69.55   83.82 0.53380D-09  1  0  0.04129  263.48  265.25 0.10822D+15  2.250    6.396    5.839    0.346   32.974   12.05   14.41   69.55
   69.87   84.21 0.53145D-09  1  0  0.04145  263.41  265.21 0.10823D+15  2.251    6.366    5.808    0.298   32.929   12.06   14.42   69.87
   70.20   84.60 0.52913D-09  1  0  0.04161  263.35  265.17 0.10824D+15  2.251    6.335    5.778    0.249   32.885   12.07   14.43   70.20
   70.52   84.99 0.52682D-09  1  0  0.04177  263.29  265.13 0.10826D+15  2.252    6.305    5.749    0.201   32.841   12.07   14.45   70.52
   70.84   85.38 0.52454D-09  1  0  0.04193  263.23  265.10 0.10827D+15  2.252    6.276    5.719    0.152   32.796   12.08   14.46   70.84
   71.16   85.76 0.52227D-09  1  0  0.04209  263.16  265.06 0.10829D+15  2.253    6.246    5.690    0.104   32.752   12.09   14.47   71.16
   71.48   86.15 0.52003D-09  1  0  0.04225  263.10  265.02 0.10831D+15  2.253    6.217    5.661    0.055   32.707   12.10   14.48   71.48
   71.81   86.54 0.51781D-09  1  0  0.04242  263.04  264.98 0.10833D+15  2.254    6.188    5.632    0.006   32.663   12.11   14.50   71.81
   72.13   86.93 0.51560D-09  1  0  0.04258  262.97  264.06 0.11869D+15  2.255    6.159    5.603    0.000   32.658   12.55   14.42   72.13
   72.45   87.32 0.51342D-09  1  0  0.04275  262.91  264.04 0.11846D+15  2.255    6.131    5.575    0.000   32.658   12.55   14.41   72.45
   72.77   87.70 0.51125D-09  1  0  0.04292  262.85  264.02 0.11824D+15  2.256    6.103    5.547    0.000   32.658   12.54   14.40   72.77
   73.09   88.09 0.50911D-09  1  0  0.04309  262.78  264.00 0.11802D+15  2.256    6.075    5.519    0.000   32.658   12.54   14.39   73.09
   73.42   88.48 0.50698D-09  1  0  0.04326  262.72  263.98 0.11780D+15  2.257    6.047    5.491    0.000   32.658   12.54   14.38   73.42
   73.74   88.87 0.50487D-09  1  0  0.04343  262.65  263.96 0.11759D+15  2.257    6.019    5.464    0.000   32.658   12.54   14.37   73.74
   74.06   89.26 0.50278D-09  1  0  0.04360  262.58  263.94 0.11738D+15  2.258    5.992    5.437    0.000   32.658   12.54   14.37   74.06
   74.38   89.65 0.50071D-09  1  0  0.04378  262.52  263.92 0.11717D+15  2.259    5.965    5.410    0.000   32.658   12.54   14.36   74.38
   74.70   90.03 0.49866D-09  1  0  0.04396  262.45  263.90 0.11696D+15  2.259    5.938    5.383    0.000   32.658   12.54   14.35   74.70
   75.03   90.42 0.49662D-09  1  0  0.04413  262.39  263.88 0.11675D+15  2.260    5.912    5.357    0.000   32.658   12.54   14.34   75.03
   75.35   90.81 0.49460D-09  1  0  0.04431  262.32  263.86 0.11655D+15  2.260    5.885    5.331    0.000   32.658   12.54   14.33   75.35
   75.67   91.20 0.49260D-09  1  0  0.04449  262.25  263.84 0.11635D+15  2.261    5.859    5.305    0.000   32.658   12.54   14.32   75.67
   75.99   91.59 0.49062D-09  1  0  0.04467  262.19  263.82 0.11615D+15  2.261    5.833    5.279    0.000   32.658   12.54   14.31   75.99
   76.31   91.97 0.48865D-09  1  0  0.04486  262.12  263.80 0.11595D+15  2.262    5.807    5.253    0.000   32.658   12.54   14.30   76.31
   76.64   92.36 0.48670D-09  1  0  0.04504  262.05  263.78 0.11576D+15  2.263    5.782    5.228    0.000   32.658   12.54   14.30   76.64
   76.96   92.75 0.48476D-09  1  0  0.04523  261.98  263.76 0.11557D+15  2.263    5.756    5.203    0.000   32.658   12.54   14.29   76.96
   77.28   93.14 0.48284D-09  1  0  0.04541  261.91  263.74 0.11538D+15  2.264    5.731    5.178    0.000   32.658   12.54   14.28   77.28
   77.60   93.53 0.48094D-09  1  0  0.04560  261.84  263.71 0.11519D+15  2.264    5.706    5.153    0.000   32.658   12.54   14.27   77.60
   77.92   93.91 0.47905D-09  1  0  0.04579  261.77  263.69 0.11500D+15  2.265    5.681    5.128    0.000   32.658   12.54   14.26   77.92
   78.25   94.30 0.47718D-09  1  0  0.04598  261.70  263.67 0.11482D+15  2.266    5.657    5.104    0.000   32.658   12.54   14.25   78.25
   78.57   94.69 0.47533D-09  1  0  0.04618  261.63  263.65 0.11464D+15  2.266    5.632    5.080    0.000   32.658   12.54   14.24   78.57
   78.89   95.08 0.47349D-09  1  0  0.04637  261.56  263.63 0.11446D+15  2.267    5.608    5.056    0.000   32.658   12.54   14.24   78.89
   79.21   95.47 0.47166D-09  1  0  0.04657  261.49  263.60 0.11429D+15  2.267    5.584    5.032    0.000   32.658   12.54   14.23   79.21
   79.53   95.85 0.46985D-09  1  0  0.04677  261.42  263.58 0.11411D+15  2.268    5.560    5.008    0.000   32.658   12.54   14.22   79.53
   79.86   96.24 0.46805D-09  1  0  0.04697  261.35  263.56 0.11394D+15  2.269    5.537    4.985    0.000   32.658   12.54   14.21   79.86
   80.18   96.63 0.46627D-09  1  0  0.04717  261.28  263.53 0.11377D+15  2.269    5.513    4.961    0.000   32.658   12.54   14.20   80.18
   80.50   97.02 0.46450D-09  1  0  0.04737  261.20  263.51 0.11361D+15  2.270    5.490    4.938    0.000   32.658   12.54   14.20   80.50
   80.82   97.41 0.46275D-09  1  0  0.04757  261.13  263.48 0.11344D+15  2.271    5.467    4.915    0.000   32.658   12.54   14.19   80.82
   81.14   97.79 0.46101D-09  1  0  0.04778  261.06  263.46 0.11328D+15  2.271    5.444    4.892    0.000   32.658   12.54   14.18   81.14
   81.47   98.18 0.45929D-09  1  0  0.04799  260.98  263.44 0.11312D+15  2.272    5.421    4.870    0.000   32.658   12.54   14.17   81.47
   81.79   98.57 0.45757D-09  1  0  0.04820  260.91  263.41 0.11297D+15  2.273    5.398    4.847    0.000   32.658   12.54   14.16   81.79
   82.11   98.96 0.45587D-09  1  0  0.04841  260.84  263.39 0.11281D+15  2.273    5.376    4.825    0.000   32.658   12.54   14.16   82.11
   82.43   99.35 0.45419D-09  1  0  0.04862  260.76  263.36 0.11266D+15  2.274    5.353    4.803    0.000   32.658   12.54   14.15   82.43
   82.75   99.74 0.45252D-09  1  0  0.04884  260.69  263.34 0.11251D+15  2.275    5.331    4.781    0.000   32.658   12.54   14.14   82.75
   83.08  100.12 0.45086D-09  1  0  0.04905  260.61  263.31 0.11236D+15  2.275    5.309    4.759    0.000   32.658   12.54   14.13   83.08
   83.40  100.51 0.44921D-09  1  0  0.04927  260.53  263.28 0.11222D+15  2.276    5.287    4.737    0.000   32.658   12.54   14.12   83.40
   83.72  100.90 0.44758D-09  1  0  0.04949  260.46  263.26 0.11207D+15  2.277    5.266    4.716    0.000   32.658   12.54   14.12   83.72
   84.04  101.29 0.44596D-09  1  0  0.04971  260.38  263.23 0.11193D+15  2.277    5.244    4.695    0.000   32.658   12.54   14.11   84.04
   84.36  101.68 0.44435D-09  1  0  0.04994  260.30  263.20 0.11180D+15  2.278    5.223    4.673    0.000   32.658   12.54   14.10   84.36
   84.69  102.06 0.44275D-09  1  0  0.05016  260.23  263.18 0.11166D+15  2.279    5.201    4.652    0.000   32.658   12.54   14.09   84.69
   85.01  102.45 0.44117D-09  1  0  0.05039  260.15  263.15 0.11153D+15  2.279    5.180    4.631    0.000   32.658   12.54   14.09   85.01
   85.33  102.84 0.43959D-09  1  0  0.05062  260.07  263.12 0.11140D+15  2.280    5.159    4.611    0.000   32.658   12.54   14.08   85.33
   85.65  103.23 0.43803D-09  1  0  0.05085  259.99  263.10 0.11127D+15  2.281    5.138    4.590    0.000   32.658   12.54   14.07   85.65
   85.97  103.62 0.43648D-09  1  0  0.05109  259.91  263.07 0.11115D+15  2.281    5.118    4.570    0.000   32.658   12.54   14.06   85.97
   86.30  104.00 0.43495D-09  1  0  0.05132  259.83  263.04 0.11103D+15  2.282    5.097    4.549    0.000   32.658   12.54   14.06   86.30
   86.62  104.39 0.43342D-09  1  0  0.05156  259.75  263.01 0.11091D+15  2.283    5.077    4.529    0.000   32.658   12.54   14.05   86.62
   86.94  104.78 0.43191D-09  1  0  0.05180  259.67  262.98 0.11079D+15  2.283    5.057    4.509    0.000   32.658   12.54   14.04   86.94
   87.26  105.17 0.43040D-09  1  0  0.05205  259.59  262.95 0.11067D+15  2.284    5.036    4.489    0.000   32.658   12.54   14.03   87.26
   87.58  105.56 0.42891D-09  1  0  0.05229  259.50  262.92 0.11056D+15  2.285    5.016    4.469    0.000   32.658   12.54   14.03   87.58
   87.91  105.94 0.42743D-09  1  0  0.05254  259.42  262.89 0.11045D+15  2.286    4.997    4.450    0.000   32.658   12.54   14.02   87.91
   88.23  106.33 0.42596D-09  1  0  0.05279  259.34  262.86 0.11035D+15  2.286    4.977    4.430    0.000   32.658   12.54   14.01   88.23
   88.55  106.72 0.42450D-09  1  0  0.05304  259.25  262.83 0.11024D+15  2.287    4.957    4.411    0.000   32.658   12.55   14.00   88.55
   88.87  107.11 0.42305D-09  1  0  0.05329  259.17  262.80 0.11013D+15  2.288    4.938    4.391   -0.009   32.650   12.57   14.00   88.87
   89.19  -36.80 0.42161D-09  1  0  0.05355  259.08  262.77 0.11003D+15  2.289    4.918    4.372   -0.047   32.616   12.58   14.01 -150.26
   89.52   32.90 0.42018D-09  1  0  0.05381  259.00  262.74 0.10994D+15  2.289    4.899    4.353   -0.085   32.582   12.58   14.02  -34.92
   89.84   57.27 0.41876D-09  1  0  0.05407  258.91  262.71 0.10985D+15  2.290    4.880    4.334   -0.123   32.548   12.58   14.03    5.20
   90.16   69.82 0.41736D-09  1  0  0.05433  258.83  262.68 0.10976D+15  2.291    4.861    4.316   -0.162   32.514   12.59   14.04   25.71
   90.48   77.57 0.41596D-09  1  0  0.05459  258.74  262.65 0.10967D+15  2.292    4.842    4.297   -0.201   32.479   12.59   14.05   38.24
   90.80   82.88 0.41457D-09  1  0  0.05486  258.65  262.62 0.10958D+15  2.292    4.823    4.278   -0.241   32.444   12.60   14.06   46.74
   91.13   86.80 0.41319D-09  1  0  0.05513  258.56  262.58 0.10950D+15  2.293    4.805    4.260   -0.281   32.409   12.60   14.07   52.92
   91.45   89.85 0.41183D-09  1  0  0.05541  258.47  262.55 0.10942D+15  2.294    4.786    4.242   -0.321   32.373   12.60   14.08   57.66
   91.77   92.31 0.41047D-09  1  0  0.05568  258.39  262.52 0.10935D+15  2.295    4.768    4.224   -0.361   32.338   12.61   14.09   61.42
   92.09   94.36 0.40912D-09  1  0  0.05596  258.30  262.48 0.10927D+15  2.296    4.749    4.205   -0.402   32.302   12.61   14.10   64.49
   92.41   96.11 0.40778D-09  1  0  0.05624  258.20  262.45 0.10920D+15  2.296    4.731    4.187   -0.443   32.265   12.62   14.11   67.07
   92.74   97.63 0.40645D-09  1  0  0.05653  258.11  262.42 0.10914D+15  2.297    4.713    4.170   -0.485   32.229   12.62   14.13   69.28
   93.06   98.98 0.40513D-09  1  0  0.05681  258.02  262.38 0.10907D+15  2.298    4.695    4.152   -0.527   32.192   12.62   14.14   71.20
   93.38  100.19 0.40381D-09  1  0  0.05710  257.93  262.35 0.10901D+15  2.299    4.677    4.134   -0.569   32.155   12.63   14.15   72.89
   93.70  101.30 0.40251D-09  1  0  0.05739  257.84  262.31 0.10895D+15  2.300    4.659    4.117   -0.611   32.118   12.63   14.16   74.40
   94.02  102.32 0.40122D-09  1  0  0.05769  257.74  262.28 0.10890D+15  2.301    4.642    4.099   -0.654   32.080   12.64   14.17   75.77
   94.35  103.26 0.39993D-09  1  0  0.05799  257.65  262.24 0.10885D+15  2.301    4.624    4.082   -0.697   32.042   12.64   14.18   77.01
   94.67  104.14 0.39866D-09  1  0  0.05829  257.55  262.21 0.10880D+15  2.302    4.606    4.065   -0.741   32.004   12.65   14.20   78.15
   94.99  104.97 0.39739D-09  1  0  0.05859  257.46  262.17 0.10876D+15  2.303    4.589    4.048   -0.785   31.965   12.65   14.21   79.21
   95.31  105.76 0.39613D-09  1  0  0.05890  257.36  262.13 0.10871D+15  2.304    4.572    4.030   -0.830   31.926   12.66   14.22   80.19
   95.63  106.51 0.39488D-09  1  0  0.05921  257.26  262.10 0.10868D+15  2.305    4.554    4.014   -0.874   31.887   12.66   14.23   81.11
   95.96  107.22 0.39364D-09  1  0  0.05952  257.16  262.06 0.10864D+15  2.306    4.537    3.997   -0.920   31.848   12.67   14.25   81.98
   96.28  107.91 0.39240D-09  1  0  0.05984  257.06  262.02 0.10861D+15  2.307    4.520    3.980   -0.965   31.808   12.67   14.26   82.80
   96.60  108.57 0.39118D-09  1  0  0.06016  256.96  261.99 0.10858D+15  2.307    4.503    3.963   -1.011   31.768   12.68   14.27   83.58
   96.92  109.22 0.38996D-09  1  0  0.06048  256.86  261.95 0.10856D+15  2.308    4.487    3.947   -1.058   31.727   12.68   14.29   84.32
   97.24  109.84 0.38875D-09  1  0  0.06081  256.76  261.91 0.10853D+15  2.309    4.470    3.930   -1.104   31.686   12.69   14.30   85.03
   97.57  110.44 0.38755D-09  1  0  0.06114  256.66  261.87 0.10852D+15  2.310    4.453    3.914   -1.152   31.645   12.69   14.31   85.71
   97.89  111.03 0.38635D-09  1  0  0.06147  256.56  261.83 0.10850D+15  2.311    4.437    3.898   -1.200   31.604   12.70   14.33   86.37
   98.21  111.61 0.38517D-09  1  0  0.06181  256.45  261.79 0.10849D+15  2.312    4.420    3.881   -1.248   31.562   12.70   14.34   87.01
   98.53  112.18 0.38399D-09  1  0  0.06215  256.35  261.75 0.10849D+15  2.313    4.404    3.865   -1.296   31.520   12.71   14.36   87.62
   98.85  112.73 0.38282D-09  1  0  0.06249  256.24  261.71 0.10848D+15  2.314    4.387    3.849   -1.345   31.477   12.72   14.37   88.22
   99.18  113.27 0.38166D-09  1  0  0.06284  256.14  261.67 0.10848D+15  2.315    4.371    3.833   -1.395   31.434   12.72   14.39   88.80
   99.50  113.81 0.38050D-09  1  0  0.06319  256.03  261.63 0.10849D+15  2.316    4.355    3.817   -1.445   31.391   12.73   14.40   89.36
   99.82  114.33 0.37936D-09  1  0  0.06354  255.92  261.59 0.10850D+15  2.317    4.339    3.802   -1.496   31.347   12.73   14.42   89.91
  100.14  114.85 0.37822D-09  1  0  0.06390  255.81  261.54 0.10851D+15  2.318    4.323    3.786   -1.547   31.303   12.74   14.43   90.45
  100.46  115.36 0.37708D-09  1  0  0.06426  255.70  261.50 0.10853D+15  2.319    4.307    3.770   -1.598   31.259   12.75   14.45   90.97
  100.79  115.86 0.37596D-09  1  0  0.06463  255.59  261.46 0.10855D+15  2.320    4.291    3.755   -1.650   31.214   12.75   14.46   91.49
  101.11  116.36 0.37484D-09  1  0  0.06500  255.48  261.41 0.10857D+15  2.321    4.275    3.739   -1.703   31.168   12.76   14.48   91.99
  101.43  116.85 0.37373D-09  1  0  0.06538  255.37  261.37 0.10860D+15  2.322    4.259    3.724   -1.756   31.123   12.77   14.50   92.49
  101.75  117.34 0.37262D-09  1  0  0.06576  255.26  261.33 0.10864D+15  2.323    4.244    3.709   -1.809   31.077   12.77   14.51   92.97
  102.07  117.82 0.37153D-09  1  0  0.06614  255.14  261.28 0.10868D+15  2.324    4.228    3.693   -1.863   31.030   12.78   14.53   93.45
  102.40  118.30 0.37044D-09  1  0  0.06653  255.03  261.24 0.10872D+15  2.325    4.213    3.678   -1.918   30.983   12.79   14.55   93.92
  102.72  118.78 0.36935D-09  1  0  0.06692  254.91  261.19 0.10877D+15  2.326    4.197    3.663   -1.973   30.936   12.79   14.57   94.39
  103.04  119.25 0.36828D-09  1  0  0.06732  254.79  261.15 0.10882D+15  2.327    4.182    3.648   -2.029   30.888   12.80   14.58   94.85
  103.36  119.71 0.36721D-09  1  0  0.06772  254.67  261.10 0.10887D+15  2.328    4.167    3.633   -2.085   30.839   12.81   14.60   95.30
  103.68  120.18 0.36614D-09  1  0  0.06812  254.55  261.05 0.10893D+15  2.329    4.151    3.618   -2.142   30.791   12.82   14.62   95.75
  104.01  120.64 0.36509D-09  1  0  0.06853  254.43  261.01 0.10900D+15  2.330    4.136    3.603   -2.199   30.741   12.82   14.64   96.19
  104.33  121.10 0.36404D-09  1  0  0.06895  254.31  260.96 0.10907D+15  2.331    4.121    3.589   -2.258   30.692   12.83   14.66   96.63
  104.65  121.55 0.36299D-09  1  0  0.06937  254.18  260.91 0.10915D+15  2.332    4.106    3.574   -2.316   30.642   12.84   14.68   97.06
  104.97  122.00 0.36196D-09  1  0  0.06979  254.06  260.86 0.10923D+15  2.334    4.091    3.559   -2.376   30.591   12.85   14.70   97.49
  105.29  122.45 0.36092D-09  1  0  0.07022  253.93  260.81 0.10932D+15  2.335    4.076    3.545   -2.435   30.540   12.86   14.72   97.91
  105.62  122.90 0.35990D-09  1  0  0.07066  253.81  260.76 0.10941D+15  2.336    4.061    3.530   -2.496   30.488   12.86   14.74   98.34
  105.94  123.35 0.35888D-09  1  0  0.07110  253.68  260.71 0.10950D+15  2.337    4.046    3.516   -2.557   30.436   12.87   14.76   98.75
  106.26  123.79 0.35787D-09  1  0  0.07154  253.55  260.66 0.10961D+15  2.338    4.032    3.501   -2.619   30.383   12.88   14.78   99.17
  106.58  124.23 0.35686D-09  1  0  0.07200  253.42  260.61 0.10971D+15  2.339    4.017    3.487   -2.682   30.330   12.89   14.80   99.58
  106.90  124.67 0.35586D-09  1  0  0.07245  253.29  260.56 0.10983D+15  2.341    4.002    3.473   -2.745   30.276   12.90   14.82   99.98
  107.23  125.11 0.35487D-09  1  0  0.07291  253.15  260.51 0.10995D+15  2.342    3.988    3.459   -2.809   30.221   12.91   14.84  100.39
  107.55  125.54 0.35388D-09  1  0  0.07338  253.02  260.45 0.11007D+15  2.343    3.973    3.444   -2.873   30.167   12.92   14.87  100.79
  107.87  125.98 0.35290D-09  1  0  0.07386  252.88  260.40 0.11020D+15  2.344    3.958    3.430   -2.939   30.111   12.93   14.89  101.19
  108.19  126.41 0.35192D-09  1  0  0.07434  252.74  260.35 0.11034D+15  2.346    3.944    3.416   -3.005   30.055   12.94   14.91  101.58
  108.51  126.84 0.35095D-09  1  0  0.07482  252.61  260.29 0.11049D+15  2.347    3.930    3.402   -3.072   29.998   12.95   14.94  101.98
  108.84  127.27 0.34999D-09  1  0  0.07531  252.46  260.24 0.11064D+15  2.348    3.915    3.388   -3.139   29.941   12.96   14.96  102.37
  109.16  127.70 0.34903D-09  1  0  0.07581  252.32  260.18 0.11079D+15  2.349    3.901    3.374   -3.207   29.883   12.97   14.98  102.76
  109.48  128.13 0.34808D-09  1  0  0.07632  252.18  260.12 0.11096D+15  2.351    3.887    3.361   -3.276   29.825   12.98   15.01  103.15
  109.80  128.56 0.34713D-09  1  0  0.07683  252.03  260.07 0.11113D+15  2.352    3.872    3.347   -3.346   29.766   12.99   15.03  103.53
  110.12  128.98 0.34619D-09  1  0  0.07735  251.89  260.01 0.11131D+15  2.353    3.858    3.333   -3.417   29.706   13.00   15.06  103.92
  110.45  129.40 0.34525D-09  1  0  0.07787  251.74  259.95 0.11149D+15  2.355    3.844    3.319   -3.488   29.645   13.01   15.08  104.30
  110.77  129.83 0.34432D-09  1  0  0.07840  251.59  259.89 0.11168D+15  2.356    3.830    3.306   -3.561   29.584   13.02   15.11  104.68
  111.09  130.25 0.34340D-09  1  0  0.07894  251.44  259.83 0.11188D+15  2.358    3.816    3.292   -3.634   29.523   13.03   15.14  105.06
  111.41  130.67 0.34248D-09  1  0  0.07949  251.28  259.77 0.11209D+15  2.359    3.802    3.278   -3.708   29.460   13.04   15.17  105.43
  111.73  131.09 0.34156D-09  1  0  0.08004  251.13  259.71 0.11231D+15  2.360    3.788    3.265   -3.783   29.397   13.05   15.19  105.81
  112.06  131.51 0.34065D-09  1  0  0.08060  250.97  259.65 0.11253D+15  2.362    3.774    3.251   -3.858   29.333   13.07   15.22  106.18
  112.38  131.93 0.33975D-09  1  0  0.08117  250.81  259.59 0.11276D+15  2.363    3.760    3.238   -3.935   29.269   13.08   15.25  106.55
  112.70  132.35 0.33885D-09  1  0  0.08175  250.65  259.53 0.11300D+15  2.365    3.746    3.225   -4.013   29.203   13.09   15.28  106.92
  113.02  132.76 0.33795D-09  1  0  0.08233  250.48  259.46 0.11325D+15  2.366    3.732    3.211   -4.091   29.137   13.10   15.31  107.29
  113.34  133.18 0.33706D-09  1  0  0.08292  250.32  259.40 0.11351D+15  2.368    3.718    3.198   -4.171   29.071   13.12   15.34  107.66
  113.67  133.59 0.33618D-09  1  0  0.08352  250.15  259.33 0.11378D+15  2.369    3.704    3.184   -4.251   29.003   13.13   15.37  108.03
  113.99  134.01 0.33530D-09  1  0  0.08413  249.98  259.27 0.11405D+15  2.371    3.691    3.171   -4.332   28.935   13.14   15.40  108.39
  114.31  134.42 0.33443D-09  1  0  0.08475  249.81  259.20 0.11434D+15  2.373    3.677    3.158   -4.415   28.866   13.15   15.44  108.76
  114.63  134.83 0.33356D-09  1  0  0.08538  249.64  259.13 0.11463D+15  2.374    3.663    3.145   -4.498   28.796   13.17   15.47  109.12
  114.95  135.25 0.33270D-09  1  0  0.08601  249.46  259.07 0.11494D+15  2.376    3.649    3.132   -4.583   28.725   13.18   15.50  109.48
  115.28  135.66 0.33184D-09  1  0  0.08666  249.28  259.00 0.11525D+15  2.377    3.635    3.118   -4.668   28.653   13.20   15.54  109.85
  115.60  136.07 0.33098D-09  1  0  0.08731  249.10  258.93 0.11558D+15  2.379    3.622    3.105   -4.755   28.581   13.21   15.57  110.21
  115.92  136.48 0.33013D-09  1  0  0.08798  248.92  258.86 0.11592D+15  2.381    3.608    3.092   -4.842   28.508   13.23   15.61  110.56
  116.24  136.89 0.32929D-09  1  0  0.08865  248.73  258.79 0.11626D+15  2.383    3.594    3.079   -4.931   28.433   13.24   15.64  110.92
  116.56  137.30 0.32845D-09  1  0  0.08934  248.55  258.71 0.11662D+15  2.384    3.581    3.066   -5.021   28.358   13.26   15.68  111.28
  116.89  137.71 0.32761D-09  1  0  0.09003  248.35  258.64 0.11699D+15  2.386    3.567    3.053   -5.112   28.282   13.27   15.72  111.64
  117.21  138.12 0.32678D-09  1  0  0.09073  248.16  258.57 0.11738D+15  2.388    3.553    3.040   -5.204   28.205   13.29   15.76  111.99
  117.53  138.52 0.32595D-09  1  0  0.09145  247.96  258.49 0.11777D+15  2.390    3.540    3.027   -5.298   28.128   13.30   15.79  112.35
  117.85  138.93 0.32513D-09  1  0  0.09218  247.77  258.42 0.11818D+15  2.392    3.526    3.014   -5.392   28.049   13.32   15.83  112.70
  118.17  139.34 0.32431D-09  1  0  0.09292  247.56  258.34 0.11860D+15  2.394    3.513    3.001   -5.488   27.969   13.34   15.88  113.05
  118.50  139.74 0.32350D-09  1  0  0.09367  247.36  258.26 0.11904D+15  2.396    3.499    2.988   -5.585   27.888   13.35   15.92  113.40
  118.82  140.15 0.32269D-09  1  0  0.09443  247.15  258.18 0.11949D+15  2.397    3.485    2.975   -5.684   27.806   13.37   15.96  113.75
  119.14  140.55 0.32189D-09  1  0  0.09520  246.94  258.10 0.11995D+15  2.399    3.472    2.962   -5.783   27.723   13.39   16.00  114.10
  119.46  140.96 0.32109D-09  1  0  0.09599  246.73  258.02 0.12043D+15  2.401    3.458    2.949   -5.885   27.639   13.41   16.05  114.45
  119.78  141.36 0.32029D-09  1  0  0.09679  246.51  257.94 0.12092D+15  2.404    3.444    2.936   -5.987   27.554   13.43   16.09  114.80
  120.11  141.77 0.31950D-09  1  0  0.09760  246.29  257.86 0.12143D+15  2.406    3.431    2.923   -6.091   27.468   13.44   16.14  115.15
  120.43  142.17 0.31872D-09  1  0  0.09842  246.06  257.77 0.12195D+15  2.408    3.417    2.910   -6.196   27.381   13.46   16.18  115.50
  120.75  142.57 0.31793D-09  1  0  0.09926  245.84  257.69 0.12249D+15  2.410    3.403    2.897   -6.302   27.293   13.48   16.23  115.84
  121.07  142.97 0.31716D-09  1  0  0.10012  245.60  257.60 0.12305D+15  2.412    3.390    2.884   -6.410   27.203   13.50   16.28  116.19
  121.39  143.38 0.31638D-09  1  0  0.10098  245.37  257.52 0.12363D+15  2.414    3.376    2.871   -6.520   27.112   13.52   16.33  116.53
  121.72  143.78 0.31561D-09  1  0  0.10187  245.13  257.43 0.12422D+15  2.417    3.362    2.858   -6.631   27.020   13.54   16.38  116.88
  122.04  144.18 0.31484D-09  1  0  0.10276  244.89  257.34 0.12483D+15  2.419    3.349    2.845   -6.743   26.927   13.57   16.44  117.22
  122.36  144.58 0.31408D-09  1  0  0.10368  244.64  257.25 0.12547D+15  2.421    3.335    2.832   -6.858   26.833   13.59   16.49  117.56
  122.68  144.98 0.31332D-09  1  0  0.10461  244.39  257.16 0.12612D+15  2.424    3.321    2.820   -6.973   26.737   13.61   16.54  117.91
  123.00  145.38 0.31257D-09  1  0  0.10555  244.13  257.06 0.12679D+15  2.426    3.307    2.807   -7.091   26.640   13.63   16.60  118.25
  123.33  145.78 0.31182D-09  1  0  0.10651  243.87  256.97 0.12749D+15  2.429    3.293    2.793   -7.210   26.542   13.65   16.66  118.59
  123.65  146.18 0.31107D-09  1  0  0.10749  243.61  256.87 0.12820D+15  2.431    3.279    2.780   -7.330   26.443   13.68   16.72  118.93
  123.97  146.57 0.31033D-09  1  0  0.10849  243.34  256.77 0.12894D+15  2.434    3.265    2.767   -7.453   26.342   13.70   16.78  119.27
  124.29  146.97 0.30959D-09  1  0  0.10951  243.06  256.68 0.12970D+15  2.437    3.252    2.754   -7.577   26.239   13.72   16.84  119.60
  124.61  147.37 0.30886D-09  1  0  0.11054  242.78  256.58 0.13049D+15  2.439    3.238    2.741   -7.703   26.136   13.75   16.90  119.94
  124.94  147.77 0.30813D-09  1  0  0.11159  242.50  256.47 0.13130D+15  2.442    3.223    2.728   -7.830   26.030   13.77   16.97  120.28
  125.26  148.16 0.30740D-09  1  0  0.11267  242.21  256.37 0.13214D+15  2.445    3.209    2.715   -7.960   25.924   13.80   17.03  120.62
  125.58  148.56 0.30668D-09  1  0  0.11376  241.91  256.27 0.13301D+15  2.448    3.195    2.702   -8.092   25.816   13.82   17.10  120.95
  125.90  148.96 0.30596D-09  1  0  0.11487  241.61  256.16 0.13390D+15  2.451    3.181    2.689   -8.225   25.706   13.85   17.17  121.29
  126.22  149.35 0.30524D-09  1  0  0.11601  241.30  256.05 0.13482D+15  2.454    3.167    2.675   -8.360   25.595   13.88   17.24  121.62
  126.55  149.75 0.30453D-09  1  0  0.11717  240.99  255.95 0.13578D+15  2.457    3.152    2.662   -8.498   25.482   13.91   17.31  121.95
  126.87  150.14 0.30382D-09  1  0  0.11835  240.67  255.83 0.13676D+15  2.460    3.138    2.649   -8.637   25.368   13.93   17.39  122.29
  127.19  150.54 0.30312D-09  1  0  0.11955  240.34  255.72 0.13778D+15  2.463    3.123    2.635   -8.778   25.252   13.96   17.47  122.62
  127.51  150.93 0.30242D-09  1  0  0.12078  240.01  255.61 0.13883D+15  2.467    3.109    2.622   -8.922   25.134   13.99   17.54  122.95
  127.83  151.32 0.30172D-09  1  0  0.12204  239.67  255.49 0.13991D+15  2.470    3.094    2.608   -9.067   25.014   14.02   17.63  123.28
  128.16  151.72 0.30102D-09  1  0  0.12331  239.32  255.38 0.14103D+15  2.474    3.079    2.594   -9.215   24.893   14.05   17.71  123.61
  128.48  152.11 0.30033D-09  1  0  0.12462  238.97  255.26 0.14219D+15  2.477    3.064    2.581   -9.365   24.770   14.08   17.79  123.94
  128.80  152.50 0.29964D-09  1  0  0.12595  238.60  255.14 0.14339D+15  2.481    3.050    2.567   -9.518   24.646   14.11   17.88  124.27
  129.12  152.89 0.29896D-09  1  0  0.12731  238.23  255.01 0.14463D+15  2.485    3.034    2.553   -9.672   24.519   14.14   17.97  124.60
  129.44  153.28 0.29828D-09  1  0  0.12871  237.85  254.89 0.14591D+15  2.488    3.019    2.539   -9.829   24.391   14.18   18.06  124.92
  129.77  153.67 0.29760D-09  1  0  0.13013  237.47  254.76 0.14724D+15  2.492    3.004    2.525   -9.989   24.261   14.21   18.16  125.25
  130.09  154.06 0.29693D-09  1  0  0.13158  237.07  254.63 0.14861D+15  2.496    2.989    2.511  -10.150   24.129   14.24   18.26  125.58
  130.41  154.45 0.29626D-09  1  0  0.13306  236.66  254.50 0.15003D+15  2.500    2.973    2.497  -10.315   23.995   14.28   18.36  125.90
  130.73  154.84 0.29559D-09  1  0  0.13458  236.25  254.37 0.15149D+15  2.505    2.957    2.483  -10.481   23.858   14.31   18.46  126.22
  131.05  155.23 0.29493D-09  1  0  0.13613  235.82  254.23 0.15301D+15  2.509    2.942    2.468  -10.650   23.720   14.35   18.57  126.55
  131.38  155.62 0.29427D-09  1  0  0.13772  235.39  254.10 0.15459D+15  2.514    2.926    2.454  -10.822   23.580   14.38   18.68  126.87
  131.70  156.00 0.29361D-09  1  0  0.13934  234.94  253.96 0.15621D+15  2.518    2.909    2.439  -10.997   23.438   14.42   18.79  127.19
  132.02  156.39 0.29296D-09  1  0  0.14100  234.48  253.82 0.15790D+15  2.523    2.893    2.424  -11.174   23.294   14.45   18.91  127.51
  132.34  156.78 0.29231D-09  1  0  0.14270  234.01  253.67 0.15965D+15  2.528    2.877    2.410  -11.354   23.147   14.49   19.03  127.83
  132.66  157.16 0.29166D-09  1  0  0.14444  233.53  253.53 0.16146D+15  2.533    2.860    2.395  -11.536   22.999   14.53   19.15  128.14
  132.99  157.55 0.29101D-09  1  0  0.14622  233.03  253.38 0.16333D+15  2.538    2.843    2.379  -11.722   22.848   14.57   19.28  128.46
  133.31  157.93 0.29037D-09  1  0  0.14805  232.53  253.23 0.16528D+15  2.543    2.826    2.364  -11.910   22.695   14.61   19.41  128.77
  133.63  158.31 0.28973D-09  1  0  0.14992  232.00  253.07 0.16729D+15  2.549    2.809    2.348  -12.101   22.539   14.65   19.55  129.09
  133.95  158.70 0.28910D-09  1  0  0.15184  231.47  252.92 0.16938D+15  2.555    2.791    2.333  -12.295   22.382   14.69   19.69  129.40
  134.27  159.08 0.28847D-09  1  0  0.15381  230.92  252.76 0.17155D+15  2.561    2.774    2.317  -12.492   22.222   14.73   19.83  129.71
  134.60  159.46 0.28784D-09  1  0  0.15583  230.35  252.60 0.17380D+15  2.567    2.756    2.301  -12.692   22.060   14.77   19.98  130.02
  134.92  159.84 0.28721D-09  1  0  0.15790  229.76  252.43 0.17613D+15  2.573    2.737    2.285  -12.895   21.895   14.81   20.13  130.33
  135.24  160.22 0.28659D-09  1  0  0.16003  229.16  252.27 0.17854D+15  2.580    2.719    2.268  -13.101   21.728   14.85   20.29  130.64
  135.56  160.60 0.28597D-09  1  0  0.16221  228.54  252.10 0.18105D+15  2.586    2.700    2.251  -13.311   21.559   14.89   20.46  130.95
  135.88  160.98 0.28535D-09  1  0  0.16446  227.90  251.93 0.18366D+15  2.593    2.681    2.234  -13.523   21.387   14.93   20.63  131.25
  136.21  161.35 0.28474D-09  1  0  0.16676  227.25  251.75 0.18636D+15  2.601    2.661    2.217  -13.738   21.212   14.97   20.81  131.55
  136.53  161.73 0.28413D-09  1  0  0.16913  226.57  251.57 0.18916D+15  2.608    2.641    2.199  -13.957   21.036   15.02   20.99  131.85
  136.85  162.10 0.28352D-09  1  0  0.17157  225.87  251.39 0.19207D+15  2.616    2.621    2.182  -14.178   20.856   15.06   21.18  132.15
  137.17  162.47 0.28291D-09  1  0  0.17408  225.14  251.21 0.19509D+15  2.624    2.600    2.164  -14.403   20.675   15.10   21.37  132.45
  137.49  162.85 0.28231D-09  1  0  0.17666  224.39  251.03 0.19823D+15  2.632    2.579    2.145  -14.631   20.491   15.14   21.58  132.75
  137.82  163.22 0.28171D-09  1  0  0.17931  223.62  250.84 0.20148D+15  2.641    2.558    2.126  -14.862   20.304   15.18   21.79  133.04
  138.14  163.59 0.28111D-09  1  0  0.18205  222.82  250.65 0.20485D+15  2.650    2.536    2.107  -15.096   20.115   15.22   22.00  133.33
  138.46  163.95 0.28052D-09  1  0  0.18487  221.99  250.45 0.20835D+15  2.660    2.514    2.088  -15.333   19.924   15.26   22.23  133.62
  138.78  164.32 0.27993D-09  1  0  0.18778  221.13  250.26 0.21198D+15  2.670    2.491    2.068  -15.574   19.730   15.30   22.46  133.90
  139.10  164.68 0.27934D-09  1  0  0.19078  220.24  250.06 0.21573D+15  2.680    2.467    2.047  -15.817   19.534   15.33   22.70  134.19
  139.43  168.03 0.27875D-09  0  0  0.19387  219.32  249.86 0.21963D+15  2.691    2.443    2.026  -16.019   19.372  139.43  139.43  139.43
  139.75  168.42 0.27817D-09  0  0  0.19707  218.36  249.66 0.22366D+15  2.703    2.419    2.005  -16.049   19.353  139.75  139.75  139.75
  140.07  168.81 0.27759D-09  0  0  0.20037  217.36  249.45 0.22783D+15  2.715    2.393    1.983  -16.080   19.334  140.07  140.07  140.07
  140.39  169.20 0.27701D-09  0  0  0.20378  216.33  249.24 0.23213D+15  2.727    2.367    1.961  -16.112   19.314  140.39  140.39  140.39
  140.71  169.59 0.27644D-09  0  0  0.20731  215.25  249.03 0.23657D+15  2.740    2.340    1.937  -16.144   19.293  140.71  140.71  140.71
  141.04  169.97 0.27586D-09  0  0  0.21096  214.13  248.82 0.24115D+15  2.754    2.313    1.914  -16.177   19.272  141.04  141.04  141.04
  141.36  170.36 0.27529D-09  0  0  0.21474  212.96  248.61 0.24586D+15  2.769    2.284    1.889  -16.211   19.250  141.36  141.36  141.36
  141.68  170.75 0.27473D-09  0  0  0.21866  211.74  248.40 0.25069D+15  2.784    2.255    1.864  -16.245   19.227  141.68  141.68  141.68
  142.00  171.14 0.27416D-09  0  0  0.22272  210.46  248.18 0.25564D+15  2.800    2.225    1.839  -16.281   19.204  142.00  142.00  142.00
  142.32  171.53 0.27360D-09  0  0  0.22693  209.13  247.97 0.26068D+15  2.818    2.194    1.812  -16.318   19.180  142.32  142.32  142.32
  142.65  171.91 0.27304D-09  0  0  0.23130  207.74  247.76 0.26581D+15  2.836    2.161    1.784  -16.356   19.155  142.65  142.65  142.65
  142.97  172.30 0.27248D-09  0  0  0.23584  206.28  247.55 0.27100D+15  2.855    2.128    1.756  -16.395   19.129  142.97  142.97  142.97
  143.29  172.69 0.27193D-09  0  0  0.24057  204.75  247.34 0.27621D+15  2.876    2.093    1.726  -16.435   19.102  143.29  143.29  143.29
  143.61  173.08 0.27138D-09  0  0  0.24548  203.15  247.14 0.28141D+15  2.898    2.057    1.696  -16.476   19.073  143.61  143.61  143.61
  143.93  173.47 0.27083D-09  0  0  0.25059  201.46  246.94 0.28655D+15  2.921    2.019    1.664  -16.520   19.044  143.93  143.93  143.93
  144.26  173.85 0.27028D-09  0  0  0.25592  199.69  246.74 0.29157D+15  2.946    1.980    1.631  -16.564   19.013  144.26  144.26  144.26
  144.58  174.24 0.26974D-09  0  0  0.26148  197.82  246.56 0.29639D+15  2.973    1.939    1.596  -16.611   18.981  144.58  144.58  144.58
  144.90  174.63 0.26919D-09  0  0  0.26728  195.85  246.38 0.30092D+15  3.002    1.896    1.560  -16.659   18.948  144.90  144.90  144.90
  145.22  175.02 0.26865D-09  0  0  0.27335  193.78  246.22 0.30505D+15  3.033    1.851    1.523  -16.709   18.913  145.22  145.22  145.22
  145.54  175.41 0.26812D-09  0  0  0.27969  191.58  246.08 0.30863D+15  3.067    1.804    1.483  -16.762   18.876  145.54  145.54  145.54
  145.87  175.80 0.26758D-09  0  0  0.28633  189.25  245.95 0.31150D+15  3.103    1.755    1.442  -16.816   18.837  145.87  145.87  145.87
  146.19  176.18 0.26705D-09  0  0  0.29329  186.78  245.86 0.31346D+15  3.143    1.703    1.399  -16.874   18.796  146.19  146.19  146.19
  146.51  176.57 0.26652D-09  0  0  0.30060  184.16  245.79 0.31425D+15  3.186    1.648    1.353  -16.934   18.753  146.51  146.51  146.51
  146.83  176.96 0.26599D-09  0  0  0.30827  181.37  245.76 0.31361D+15  3.233    1.591    1.305  -16.997   18.708  146.83  146.83  146.83
  147.15  177.35 0.26546D-09  0  0  0.31634  178.40  245.78 0.31118D+15  3.286    1.529    1.255  -17.064   18.660  147.15  147.15  147.15
  147.48  177.74 0.26494D-09  0  0  0.32100  176.67  245.81 0.30815D+15  3.317    1.493    1.224  -17.106   18.631  147.48  147.48  147.48
  147.80  178.12 0.26442D-09  0  0  0.32100  176.67  245.81 0.30641D+15  3.317    1.490    1.221  -17.114   18.631  147.80  147.80  147.80
  148.12  178.51 0.26390D-09  0  0  0.32100  176.68  245.81 0.30469D+15  3.317    1.487    1.218  -17.122   18.631  148.12  148.12  148.12
  148.44  178.90 0.26339D-09  0  0  0.32100  176.68  245.81 0.30297D+15  3.317    1.484    1.215  -17.131   18.630  148.44  148.44  148.44
  148.76  179.29 0.26287D-09  0  0  0.32100  176.69  245.81 0.30127D+15  3.317    1.482    1.213  -17.139   18.630  148.76  148.76  148.76
  149.09  179.68 0.26236D-09  0  0  0.32100  176.70  245.81 0.29957D+15  3.316    1.479    1.210  -17.147   18.629  149.09  149.09  149.09
  149.41  180.06 0.26185D-09  0  0  0.32100  176.70  245.81 0.29789D+15  3.316    1.476    1.207  -17.155   18.629  149.41  149.41  149.41
  149.73  180.45 0.26134D-09  0  0  0.32100  176.71  245.81 0.29622D+15  3.316    1.473    1.204  -17.163   18.629  149.73  149.73  149.73
  150.05  180.84 0.26084D-09  0  0  0.32100  176.71  245.81 0.29456D+15  3.316    1.471    1.201  -17.172   18.629  150.05  150.05  150.05
  150.37  181.23 0.26033D-09  0  0  0.32100  176.72  245.81 0.29291D+15  3.316    1.468    1.199  -17.180   18.628  150.37  150.37  150.37
  150.70  181.62 0.25983D-09  0  0  0.32100  176.72  245.81 0.29127D+15  3.316    1.465    1.196  -17.188   18.628  150.70  150.70  150.70
  151.02  182.00 0.25933D-09  0  0  0.32100  176.73  245.81 0.28964D+15  3.316    1.463    1.193  -17.196   18.628  151.02  151.02  151.02
  151.34  182.39 0.25884D-09  0  0  0.32100  176.74  245.81 0.28802D+15  3.316    1.460    1.191  -17.204   18.628  151.34  151.34  151.34
  151.66  182.78 0.25834D-09  0  0  0.32100  176.74  245.81 0.28641D+15  3.316    1.457    1.188  -17.212   18.627  151.66  151.66  151.66
  151.98  183.17 0.25785D-09  0  0  0.32100  176.75  245.81 0.28481D+15  3.316    1.455    1.185  -17.221   18.627  151.98  151.98  151.98
  152.31  183.56 0.25736D-09  0  0  0.32100  176.75  245.81 0.28322D+15  3.316    1.452    1.182  -17.229   18.627  152.31  152.31  152.31
  152.63  183.94 0.25687D-09  0  0  0.32100  176.76  245.80 0.28164D+15  3.316    1.449    1.180  -17.237   18.627  152.63  152.63  152.63
  152.95  184.33 0.25639D-09  0  0  0.32100  176.77  245.80 0.28007D+15  3.316    1.447    1.177  -17.245   18.626  152.95  152.95  152.95
  153.27  184.72 0.25590D-09  0  0  0.32100  176.77  245.80 0.27851D+15  3.316    1.444    1.174  -17.253   18.626  153.27  153.27  153.27
  153.59  185.11 0.25542D-09  0  0  0.32100  176.78  245.80 0.27696D+15  3.316    1.441    1.172  -17.261   18.626  153.59  153.59  153.59
  153.92  185.50 0.25494D-09  0  0  0.32100  176.78  245.80 0.27542D+15  3.315    1.439    1.169  -17.269   18.626  153.92  153.92  153.92
  154.24  185.89 0.25446D-09  0  0  0.32100  176.79  245.79 0.27389D+15  3.315    1.436    1.167  -17.277   18.626  154.24  154.24  154.24
  154.56  186.27 0.25399D-09  0  0  0.32100  176.79  245.79 0.27237D+15  3.315    1.434    1.164  -17.285   18.626  154.56  154.56  154.56
  154.88  186.66 0.25351D-09  0  0  0.32100  176.80  245.79 0.27085D+15  3.315    1.431    1.161  -17.294   18.626  154.88  154.88  154.88
  155.20  187.05 0.25304D-09  0  0  0.32100  176.81  245.79 0.26935D+15  3.315    1.429    1.159  -17.302   18.625  155.20  155.20  155.20
  155.53  187.44 0.25257D-09  0  0  0.32100  176.81  245.78 0.26786D+15  3.315    1.426    1.156  -17.310   18.625  155.53  155.53  155.53
  155.85  187.83 0.25210D-09  0  0  0.32100  176.82  245.78 0.26637D+15  3.315    1.424    1.154  -17.318   18.625  155.85  155.85  155.85
  156.17  188.21 0.25163D-09  0  0  0.32100  176.82  245.78 0.26490D+15  3.315    1.421    1.151  -17.326   18.625  156.17  156.17  156.17
  156.49  188.60 0.25117D-09  0  0  0.32100  176.83  245.78 0.26343D+15  3.315    1.419    1.148  -17.334   18.625  156.49  156.49  156.49
  156.81  188.99 0.25071D-09  0  0  0.32100  176.83  245.77 0.26197D+15  3.315    1.416    1.146  -17.342   18.625  156.81  156.81  156.81
  157.14  189.38 0.25025D-09  0  0  0.32100  176.84  245.77 0.26053D+15  3.315    1.414    1.143  -17.350   18.625  157.14  157.14  157.14
  157.46  189.77 0.24979D-09  0  0  0.32100  176.85  245.77 0.25909D+15  3.315    1.411    1.141  -17.358   18.625  157.46  157.46  157.46
  157.78  190.15 0.24933D-09  0  0  0.32100  176.85  245.76 0.25766D+15  3.315    1.409    1.138  -17.366   18.625  157.78  157.78  157.78
  158.10  190.54 0.24888D-09  0  0  0.32100  176.86  245.76 0.25623D+15  3.315    1.406    1.136  -17.374   18.625  158.10  158.10  158.10
  158.42  190.93 0.24843D-09  0  0  0.32100  176.86  245.75 0.25482D+15  3.314    1.404    1.133  -17.382   18.625  158.42  158.42  158.42
  158.75  191.32 0.24797D-09  0  0  0.32100  176.87  245.75 0.25341D+15  3.314    1.402    1.131  -17.390   18.625  158.75  158.75  158.75
  159.07  191.71 0.24753D-09  0  0  0.32100  176.88  245.75 0.25202D+15  3.314    1.399    1.129  -17.398   18.625  159.07  159.07  159.07
  159.39  192.09 0.24708D-09  0  0  0.32100  176.88  245.74 0.25063D+15  3.314    1.397    1.126  -17.406   18.625  159.39  159.39  159.39
  159.71  192.48 0.24663D-09  0  0  0.32100  176.89  245.74 0.24925D+15  3.314    1.394    1.124  -17.414   18.625  159.71  159.71  159.71
  160.03  192.87 0.24619D-09  0  0  0.32100  176.89  245.73 0.24788D+15  3.314    1.392    1.121  -17.421   18.625  160.03  160.03  160.03
  160.36  193.26 0.24575D-09  0  0  0.32100  176.90  245.73 0.24652D+15  3.314    1.390    1.119  -17.429   18.625  160.36  160.36  160.36
  160.68  193.65 0.24531D-09  0  0  0.32100  176.90  245.72 0.24516D+15  3.314    1.387    1.116  -17.437   18.625  160.68  160.68  160.68
  161.00  194.03 0.24487D-09  0  0  0.32100  176.91  245.72 0.24381D+15  3.314    1.385    1.114  -17.445   18.625  161.00  161.00  161.00
