R_tot = 1561.0 R_core =  1400.0  Tsurf =   100.00  g =  1.310
     Pint       etaref      pCLA conv P(MPa)   zbot     %vol    Tbot     Tm      TH2O      Fbot     Ftop     dlid   T_core
 0.00000D+00 0.32000D+15   0.0000  1  192.64  161.000  0.00000  253.41  241.68  253.41   13.214   10.629   31.15  1502.17
 0.12500D+11 0.32000D+15   0.0000  1  192.71  161.000  0.00000  253.41  242.12  253.41   13.354   11.150   31.38  1502.16
 0.25000D+11 0.32000D+15   0.0000  1  192.74  161.000  0.00000  253.41  242.55  253.41   13.118   11.368   30.78  1502.17
 0.37500D+11 0.32000D+15   0.0000  1  192.76  161.000  0.00000  253.41  242.97  253.41   12.879   11.584   30.21  1502.17
 0.50000D+11 0.32000D+15   0.0000  1  192.79  161.000  0.00000  253.41  243.37  253.41   12.636   11.797   29.66  1502.17
 0.62500D+11 0.32000D+15   0.0000  1  192.82  161.000  0.00000  253.41  243.77  253.41   12.392   12.008   29.14  1502.17
 0.75000D+11 0.32000D+15   0.0000  1  192.84  161.000  0.00000  253.41  244.15  253.41   12.144   12.218   28.64  1502.17
 0.87500D+11 0.32000D+15   0.0000  1  192.86  161.000  0.00000  253.41  244.53  253.41   11.894   12.425   28.16  1502.17
 0.10000D+12 0.32000D+15   0.0000  1  192.89  161.000  0.00000  253.41  244.89  253.41   11.642   12.630   27.71  1502.18
 0.11250D+12 0.32000D+15   0.0000  1  192.91  161.000  0.00000  253.41  245.25  253.41   11.388   12.834   27.27  1502.20
 0.12500D+12 0.32000D+15   0.0000  1  192.94  161.000  0.00000  253.41  245.61  253.41   11.132   13.036   26.84  1502.24
 0.13750D+12 0.32000D+15   0.0000  1  192.96  161.000  0.00000  253.41  245.95  253.41   10.874   13.237   26.44  1502.29
 0.15000D+12 0.32000D+15   0.0000  1  192.98  161.000  0.00000  253.41  246.29  253.41   10.613   13.436   26.05  1502.35
 0.16250D+12 0.32000D+15   0.0000  1  193.01  161.000  0.00000  253.41  246.62  253.41   10.352   13.633   25.67  1502.41
 0.17500D+12 0.32000D+15   0.0000  1  193.03  161.000  0.00000  253.41  246.95  253.41   10.088   13.829   25.30  1502.48
 0.18750D+12 0.32000D+15   0.0000  1  193.06  161.000  0.00000  253.41  247.26  253.41    9.823   14.024   24.95  1502.54
 0.20000D+12 0.32000D+15   0.0000  1  193.08  161.000  0.00000  253.41  247.58  253.41    9.556   14.218   24.61  1502.62
 0.21250D+12 0.32000D+15   0.0000  1  193.10  161.000  0.00000  253.41  247.89  253.41    9.288   14.410   24.28  1502.69
 0.22500D+12 0.32000D+15   0.0000  1  193.13  161.000  0.00000  253.41  248.19  253.41    9.018   14.601   23.97  1502.76
 0.23750D+12 0.32000D+15   0.0000  1  193.15  161.000  0.00000  253.41  248.49  253.41    8.747   14.792   23.66  1502.84
 0.25000D+12 0.32000D+15   0.0000  1  193.18  161.000  0.00000  253.41  248.78  253.41    8.474   14.981   23.36  1502.92
 0.26250D+12 0.32000D+15   0.0000  1  193.21  161.000  0.00000  253.41  249.07  253.41    8.200   15.169   23.07  1503.01
 0.27500D+12 0.32000D+15   0.0000  1  190.22  158.501  0.00000  253.83  249.71  253.83    8.012   15.449   22.75  1503.09
 0.28750D+12 0.32000D+15   0.0000  1  183.35  152.788  0.00000  254.77  250.79  254.77    7.937   15.848   22.41  1503.18
 0.30000D+12 0.32000D+15   0.0000  1  176.52  147.100  0.00000  255.68  251.83  255.68    7.863   16.248   22.07  1503.25
 0.31250D+12 0.32000D+15   0.0000  1  169.72  141.447  0.00000  256.55  252.84  256.55    7.790   16.648   21.75  1503.33
 0.32500D+12 0.32000D+15   0.0000  1  162.99  135.841  0.00000  257.40  253.81  257.40    7.719   17.047   21.44  1503.40
 0.33750D+12 0.32000D+15   0.0000  1  156.32  130.295  0.00000  258.21  254.74  258.21    7.649   17.447   21.14  1503.47
 0.35000D+12 0.32000D+15   0.0000  1  149.74  124.820  0.00000  259.00  255.63  259.00    7.580   17.847   20.85  1503.54
 0.36250D+12 0.32000D+15   0.0000  1  143.25  119.426  0.00000  259.75  256.49  259.75    7.514   18.246   20.56  1503.61
 0.37500D+12 0.32000D+15   0.0000  1  136.88  114.125  0.00000  260.48  257.31  260.48    7.449   18.646   20.29  1503.67
 0.38750D+12 0.32000D+15   0.0000  1  130.62  108.927  0.00000  261.18  258.09  261.18    7.386   19.046   20.02  1503.73
 0.40000D+12 0.32000D+15   0.0000  1  124.51  103.841  0.00000  261.84  258.84  261.84    7.325   19.446   19.76  1503.79
 0.41250D+12 0.32000D+15   0.0000  1  118.53   98.876  0.00000  262.48  259.56  262.48    7.266   19.846   19.50  1503.84
 0.42500D+12 0.32000D+15   0.0000  1  112.72   94.040  0.00000  263.09  260.24  263.09    7.208   20.246   19.25  1503.89
 0.43750D+12 0.32000D+15   0.0000  1  107.06   89.341  0.00000  263.67  260.89  263.67    7.153   20.646   19.01  1503.94
 0.45000D+12 0.32000D+15   0.0000  1  101.58   84.784  0.00000  264.23  261.50  264.23    7.100   21.046   18.77  1503.99
 0.46250D+12 0.32000D+15   0.0000  1   96.28   80.376  0.00000  264.76  262.09  264.76    7.049   21.446   18.53  1504.04
 0.47500D+12 0.32000D+15   0.0000  1   91.15   76.121  0.00000  265.26  262.64  265.26    7.000   21.846   18.30  1504.08
 0.48750D+12 0.32000D+15   0.0000  1   86.22   72.023  0.00000  265.74  263.16  265.74    6.953   22.247   18.07  1504.12
 0.50000D+12 0.32000D+15   0.0000  1   81.48   68.083  0.00000  266.19  263.66  266.19    6.909   22.648   17.85  1504.16
 0.51250D+12 0.32000D+15   0.0000  1   76.93   64.304  0.00000  266.61  264.12  266.61    6.866   23.049   17.63  1504.20
 0.52500D+12 0.32000D+15   0.0000  1   72.58   60.686  0.00000  267.02  264.56  267.02    6.825   23.450   17.41  1504.23
 0.53750D+12 0.32000D+15   0.0000  1   68.41   57.229  0.00000  267.40  264.98  267.40    6.786   23.851   17.20  1504.26
 0.55000D+12 0.32000D+15   0.0000  1   64.44   53.933  0.00000  267.76  265.36  267.76    6.750   24.253   16.98  1504.29
 0.56250D+12 0.32000D+15   0.0000  1   60.66   50.794  0.00000  268.10  265.73  268.10    6.715   24.655   16.78  1504.32
 0.57500D+12 0.32000D+15   0.0000  1   57.07   47.811  0.00000  268.42  266.07  268.42    6.682   25.057   16.57  1504.35
 0.58750D+12 0.32000D+15   0.0000  1   53.66   44.982  0.00000  268.72  266.39  268.72    6.651   25.459   16.37  1504.37
 0.60000D+12 0.32000D+15   0.0000  1   50.43   42.301  0.00000  269.00  266.69  269.00    6.621   25.862   16.17  1504.39
 0.61250D+12 0.32000D+15   0.0000  1   47.38   39.765  0.00000  269.26  266.97  269.26    6.594   26.265   15.97  1504.41
 0.62500D+12 0.32000D+15   0.0000  1   44.49   37.370  0.00000  269.51  267.23  269.51    6.567   26.668   15.78  1504.42
 0.63750D+12 0.32000D+15   0.0000  1   41.77   35.109  0.00000  269.74  267.47  269.74    6.543   27.071   15.59  1504.43
 0.65000D+12 0.32000D+15   0.0000  1   39.20   32.978  0.00000  269.96  267.70  269.96    6.519   27.474   15.40  1504.44
 0.66250D+12 0.32000D+15   0.0000  1   36.78   30.973  0.00000  270.17  267.91  270.17    6.497   27.878   15.22  1504.45
 0.67500D+12 0.32000D+15   0.0000  1   34.51   29.086  0.00000  270.36  268.10  270.36    6.476   28.281   15.03  1504.46
 0.68750D+12 0.32000D+15   0.0000  1   32.37   27.315  0.00000  270.53  268.28  270.53    6.457   28.685   14.86  1504.47
 0.70000D+12 0.32000D+15   0.0000  1   30.37   25.658  0.00000  270.70  268.45  270.70    6.437   29.087   14.68  1504.48
 0.71250D+12 0.32000D+15   0.0000  0   29.75   24.686  0.00000  270.79  268.60  270.79    6.394   29.462   24.69  1504.48
 0.72500D+12 0.32000D+15   0.0000  0   29.42   24.415  0.00000  270.82  268.73  270.82    6.391   29.870   24.41  1504.49
 0.73750D+12 0.32000D+15   0.0000  0   29.10   24.149  0.00000  270.85  268.87  270.85    6.389   30.278   24.15  1504.50
 0.75000D+12 0.32000D+15   0.0000  0   28.79   23.889  0.00000  270.87  269.00  270.87    6.386   30.686   23.89  1504.50
 0.76250D+12 0.32000D+15   0.0000  0   28.48   23.634  0.00000  270.90  269.13  270.90    6.384   31.094   23.63  1504.51
 0.77500D+12 0.32000D+15   0.0000  0   28.18   23.384  0.00000  270.92  269.26  270.92    6.382   31.502   23.38  1504.51
 0.78750D+12 0.32000D+15   0.0000  0   27.89   23.140  0.00000  270.95  269.39  270.95    6.379   31.910   23.14  1504.52
 0.80000D+12 0.32000D+15   0.0000  0   27.60   22.901  0.00000  270.97  269.51  270.97    6.377   32.318   22.90  1504.52
 0.81250D+12 0.32000D+15   0.0000  0   27.32   22.667  0.00000  270.99  269.64  270.99    6.375   32.726   22.67  1504.52
 0.82500D+12 0.32000D+15   0.0000  0   27.04   22.437  0.00000  271.02  269.76  271.02    6.373   33.134   22.44  1504.53
 0.83750D+12 0.32000D+15   0.0000  0   26.77   22.212  0.00000  271.04  269.89  271.04    6.371   33.542   22.21  1504.53
 0.85000D+12 0.32000D+15   0.0000  0   26.50   21.992  0.00000  271.06  270.01  271.06    6.369   33.950   21.99  1504.53
 0.86250D+12 0.32000D+15   0.0000  0   26.24   21.776  0.00000  271.08  270.13  271.08    6.367   34.358   21.78  1504.54
 0.87500D+12 0.32000D+15   0.0000  0   25.99   21.564  0.00000  271.10  270.25  271.10    6.365   34.766   21.56  1504.54
 0.88750D+12 0.32000D+15   0.0000  0   25.74   21.356  0.00000  271.12  270.36  271.12    6.363   35.174   21.36  1504.54
 0.90000D+12 0.32000D+15   0.0000  0   25.49   21.152  0.00000  271.14  270.48  271.14    6.361   35.582   21.15  1504.54
 0.91250D+12 0.32000D+15   0.0000  0   25.25   20.952  0.00000  271.16  270.60  271.16    6.359   35.990   20.95  1504.55
 0.92500D+12 0.32000D+15   0.0000  0   25.01   20.755  0.00000  271.18  270.71  271.18    6.357   36.398   20.76  1504.55
 0.93750D+12 0.32000D+15   0.0000  0   24.78   20.562  0.00000  271.20  270.82  271.20    6.356   36.806   20.56  1504.55
 0.95000D+12 0.32000D+15   0.0000  0   24.55   20.373  0.00000  271.22  270.94  271.22    6.354   37.214   20.37  1504.55
 0.96250D+12 0.32000D+15   0.0000  0   24.33   20.187  0.00000  271.24  271.05  271.24    6.352   37.622   20.19  1504.55
 0.97500D+12 0.32000D+15   0.0000  0   24.11   20.005  0.00000  271.26  271.16  271.26    6.351   38.030   20.01  1504.56
 0.98750D+12 0.32000D+15   0.0000  0   23.89   19.826  0.00000  271.27  271.27  271.27    6.349   38.438   19.83  1504.56
 0.10000D+13 0.32000D+15   0.0000  0   23.68   19.650  0.00000  271.29  271.37  271.29    6.347   38.846   19.65  1504.56
 0.10125D+13 0.32000D+15   0.0000  0   23.47   19.477  0.00000  271.31  271.48  271.31    6.346   39.254   19.48  1504.56
 0.10250D+13 0.32000D+15   0.0000  0   23.27   19.307  0.00000  271.32  271.59  271.32    6.344   39.662   19.31  1504.56
 0.10375D+13 0.32000D+15   0.0000  0   23.07   19.140  0.00000  271.34  271.69  271.34    6.343   40.070   19.14  1504.57
 0.10500D+13 0.32000D+15   0.0000  0   22.87   18.976  0.00000  271.36  271.80  271.36    6.341   40.478   18.98  1504.57
 0.10625D+13 0.32000D+15   0.0000  0   22.67   18.814  0.00000  271.37  267.16  271.37    6.340   40.886   18.81  1504.57
 0.10750D+13 0.32000D+15   0.0000  0   22.48   18.656  0.00000  271.39  267.26  271.39    6.338   41.295   18.66  1504.57
 0.10875D+13 0.32000D+15   0.0000  0   22.29   18.500  0.00000  271.40  267.35  271.40    6.337   41.703   18.50  1504.57
 0.11000D+13 0.32000D+15   0.0000  0   22.11   18.346  0.00000  271.42  267.45  271.42    6.335   42.111   18.35  1504.58
 0.11125D+13 0.32000D+15   0.0000  0   21.93   18.195  0.00000  271.43  267.54  271.43    6.334   42.519   18.20  1504.58
 0.11250D+13 0.32000D+15   0.0000  0   21.75   18.047  0.00000  271.45  267.64  271.45    6.333   42.927   18.05  1504.58
 0.11375D+13 0.32000D+15   0.0000  0   21.57   17.901  0.00000  271.46  267.73  271.46    6.331   43.335   17.90  1504.58
 0.11500D+13 0.32000D+15   0.0000  0   21.40   17.757  0.00000  271.48  267.82  271.48    6.330   43.743   17.76  1504.58
 0.11625D+13 0.32000D+15   0.0000  0   21.23   17.616  0.00000  271.49  267.91  271.49    6.329   44.151   17.62  1504.58
 0.11750D+13 0.32000D+15   0.0000  0   21.06   17.476  0.00000  271.50  268.01  271.50    6.328   44.559   17.48  1504.59
 0.11875D+13 0.32000D+15   0.0000  0   20.90   17.339  0.00000  271.52  268.10  271.52    6.326   44.968   17.34  1504.59
 0.12000D+13 0.32000D+15   0.0000  0   20.73   17.205  0.00000  271.53  268.19  271.53    6.325   45.376   17.20  1504.59
 0.12125D+13 0.32000D+15   0.0000  0   20.57   17.072  0.00000  271.54  268.28  271.54    6.324   45.784   17.07  1504.59
 0.12250D+13 0.32000D+15   0.0000  0   20.41   16.941  0.00000  271.55  268.37  271.55    6.323   46.192   16.94  1504.59
 0.12375D+13 0.32000D+15   0.0000  0   20.26   16.812  0.00000  271.57  268.46  271.57    6.322   46.600   16.81  1504.59
 0.12500D+13 0.32000D+15   0.0000  0   20.11   16.685  0.00000  271.58  268.55  271.58    6.321   47.008   16.69  1504.60
 0.12625D+13 0.32000D+15   0.0000  0   19.96   16.560  0.00000  271.59  268.63  271.59    6.319   47.416   16.56  1504.60
 0.12750D+13 0.32000D+15   0.0000  0   19.81   16.437  0.00000  271.60  268.72  271.60    6.318   47.824   16.44  1504.60
 0.12875D+13 0.32000D+15   0.0000  0   19.66   16.316  0.00000  271.62  268.81  271.62    6.317   48.233   16.32  1504.60
 0.13000D+13 0.32000D+15   0.0000  0   19.52   16.196  0.00000  271.63  268.89  271.63    6.316   48.641   16.20  1504.60
 0.13125D+13 0.32000D+15   0.0000  0   19.38   16.078  0.00000  271.64  268.98  271.64    6.315   49.049   16.08  1504.60
 0.13250D+13 0.32000D+15   0.0000  0   19.24   15.962  0.00000  271.65  269.07  271.65    6.314   49.457   15.96  1504.60
 0.13375D+13 0.32000D+15   0.0000  0   19.10   15.848  0.00000  271.66  269.15  271.66    6.313   49.865   15.85  1504.61
 0.13500D+13 0.32000D+15   0.0000  0   18.96   15.735  0.00000  271.67  269.24  271.67    6.312   50.273   15.74  1504.61
 0.13625D+13 0.32000D+15   0.0000  0   18.83   15.624  0.00000  271.68  269.32  271.68    6.311   50.681   15.62  1504.61
 0.13750D+13 0.32000D+15   0.0000  0   18.70   15.514  0.00000  271.69  269.40  271.69    6.310   51.089   15.51  1504.61
 0.13875D+13 0.32000D+15   0.0000  0   18.56   15.406  0.00000  271.70  269.49  271.70    6.309   51.498   15.41  1504.61
 0.14000D+13 0.32000D+15   0.0000  0   18.44   15.299  0.00000  271.71  269.57  271.71    6.308   51.906   15.30  1504.61
 0.14125D+13 0.32000D+15   0.0000  0   18.31   15.194  0.00000  271.72  269.65  271.72    6.307   52.314   15.19  1504.61
 0.14250D+13 0.32000D+15   0.0000  0   18.18   15.090  0.00000  271.73  269.73  271.73    6.306   52.722   15.09  1504.61
 0.14375D+13 0.32000D+15   0.0000  0   18.06   14.988  0.00000  271.74  269.82  271.74    6.305   53.130   14.99  1504.62
 0.14500D+13 0.32000D+15   0.0000  0   17.94   14.887  0.00000  271.75  269.90  271.75    6.305   53.538   14.89  1504.62
 0.14625D+13 0.32000D+15   0.0000  0   17.82   14.787  0.00000  271.76  269.98  271.76    6.304   53.947   14.79  1504.62
 0.14750D+13 0.32000D+15   0.0000  0   17.70   14.689  0.00000  271.77  270.06  271.77    6.303   54.355   14.69  1504.62
 0.14875D+13 0.32000D+15   0.0000  0   17.58   14.592  0.00000  271.78  270.14  271.78    6.302   54.763   14.59  1504.62
 0.15000D+13 0.32000D+15   0.0000  0   17.47   14.496  0.00000  271.79  270.22  271.79    6.301   55.171   14.50  1504.62
 0.15125D+13 0.32000D+15   0.0000  0   17.35   14.402  0.00000  271.80  270.30  271.80    6.300   55.579   14.40  1504.62
 0.15250D+13 0.32000D+15   0.0000  0   17.24   14.309  0.00000  271.81  270.38  271.81    6.299   55.987   14.31  1504.62
 0.15375D+13 0.32000D+15   0.0000  0   17.13   14.217  0.00000  271.82  270.45  271.82    6.299   56.395   14.22  1504.62
 0.15500D+13 0.32000D+15   0.0000  0   17.02   14.126  0.00000  271.83  270.53  271.83    6.298   56.804   14.13  1504.63
 0.15625D+13 0.32000D+15   0.0000  0   16.91   14.036  0.00000  271.84  270.61  271.84    6.297   57.212   14.04  1504.63
 0.15750D+13 0.32000D+15   0.0000  0   16.81   13.947  0.00000  271.84  270.69  271.84    6.296   57.620   13.95  1504.63
 0.15875D+13 0.32000D+15   0.0000  0   16.70   13.860  0.00000  271.85  270.76  271.85    6.295   58.028   13.86  1504.63
 0.16000D+13 0.32000D+15   0.0000  0   16.60   13.773  0.00000  271.86  270.84  271.86    6.295   58.436   13.77  1504.63
 0.16125D+13 0.32000D+15   0.0000  0   16.49   13.688  0.00000  271.87  270.92  271.87    6.294   58.844   13.69  1504.63
 0.16250D+13 0.32000D+15   0.0000  0   16.39   13.604  0.00000  271.88  270.99  271.88    6.293   59.253   13.60  1504.63
 0.16375D+13 0.32000D+15   0.0000  0   16.29   13.520  0.00000  271.89  271.07  271.89    6.293   59.661   13.52  1504.63
 0.16500D+13 0.32000D+15   0.0000  0   16.19   13.438  0.00000  271.89  271.14  271.89    6.292   60.069   13.44  1504.63
 0.16625D+13 0.32000D+15   0.0000  0   16.10   13.357  0.00000  271.90  271.22  271.90    6.291   60.477   13.36  1504.63
 0.16750D+13 0.32000D+15   0.0000  0   16.00   13.277  0.00000  271.91  271.29  271.91    6.290   60.885   13.28  1504.64
 0.16875D+13 0.32000D+15   0.0000  0   15.90   13.197  0.00000  271.92  271.37  271.92    6.290   61.293   13.20  1504.64
 0.17000D+13 0.32000D+15   0.0000  0   15.81   13.119  0.00000  271.92  271.44  271.92    6.289   61.702   13.12  1504.64
 0.17125D+13 0.32000D+15   0.0000  0   15.72   13.042  0.00000  271.93  271.51  271.93    6.288   62.110   13.04  1504.64
 0.17250D+13 0.32000D+15   0.0000  0   15.62   12.965  0.00000  271.94  271.59  271.94    6.288   62.518   12.96  1504.64
 0.17375D+13 0.32000D+15   0.0000  0   15.53   12.889  0.00000  271.95  271.66  271.95    6.287   62.926   12.89  1504.64
 0.17500D+13 0.32000D+15   0.0000  0   15.44   12.815  0.00000  271.95  271.73  271.95    6.286   63.334   12.81  1504.64
 0.17625D+13 0.32000D+15   0.0000  0   15.35   12.741  0.00000  271.96  271.80  271.96    6.286   63.743   12.74  1504.64
 0.17750D+13 0.32000D+15   0.0000  0   15.26   12.668  0.00000  271.97  271.87  271.97    6.285   64.151   12.67  1504.64
 0.17875D+13 0.32000D+15   0.0000  0   15.18   12.595  0.00000  271.97  271.95  271.97    6.284   64.559   12.60  1504.64
 0.18000D+13 0.32000D+15   0.0000  0   15.09   12.524  0.00000  271.98  272.02  271.98    6.284   64.967   12.52  1504.64
 0.18125D+13 0.32000D+15   0.0000  0   15.01   12.453  0.00000  271.99  272.09  271.99    6.283   65.375   12.45  1504.65
 0.18250D+13 0.32000D+15   0.0000  0   14.92   12.383  0.00000  271.99  272.16  271.99    6.283   65.783   12.38  1504.65
 0.18375D+13 0.32000D+15   0.0000  0   14.84   12.314  0.00000  272.00  272.23  272.00    6.282   66.192   12.31  1504.65
 0.18500D+13 0.32000D+15   0.0000  0   14.76   12.246  0.00000  272.01  272.30  272.01    6.281   66.600   12.25  1504.65
 0.18625D+13 0.32000D+15   0.0000  0   14.68   12.179  0.00000  272.01  272.37  272.01    6.281   67.008   12.18  1504.65
 0.18750D+13 0.32000D+15   0.0000  0   14.59   12.112  0.00000  272.02  272.44  272.02    6.280   67.416   12.11  1504.65
 0.18875D+13 0.32000D+15   0.0000  0   14.52   12.046  0.00000  272.03  272.51  272.03    6.280   67.824   12.05  1504.65
 0.19000D+13 0.32000D+15   0.0000  0   14.44   11.980  0.00000  272.03  272.57  272.03    6.279   68.233   11.98  1504.65
 0.19125D+13 0.32000D+15   0.0000  0   14.36   11.916  0.00000  272.04  272.64  272.04    6.279   68.641   11.92  1504.65
 0.19250D+13 0.32000D+15   0.0000  0   14.28   11.852  0.00000  272.04  272.71  272.04    6.278   69.049   11.85  1504.65
 0.19375D+13 0.32000D+15   0.0000  0   14.21   11.788  0.00000  272.05  272.78  272.05    6.277   69.457   11.79  1504.65
 0.19500D+13 0.32000D+15   0.0000  0   14.13   11.726  0.00000  272.06  272.85  272.06    6.277   69.865   11.73  1504.65
 0.19625D+13 0.32000D+15   0.0000  0   14.05   11.664  0.00000  272.06  272.91  272.06    6.276   70.273   11.66  1504.65
 0.19750D+13 0.32000D+15   0.0000  0   13.98   11.603  0.00000  272.07  272.98  272.07    6.276   70.682   11.60  1504.66
 0.19875D+13 0.32000D+15   0.0000  0   13.91   11.542  0.00000  272.07  273.05  272.07    6.275   71.090   11.54  1504.66
 0.20000D+13 0.32000D+15   0.0000  0   13.84   11.482  0.00000  272.08  273.11  272.08    6.275   71.498   11.48  1504.66
 0.20125D+13 0.32000D+15   0.0000  0   13.76   11.423  0.00000  272.09  273.18  272.09    6.274   71.906   11.42  1504.66
 0.20250D+13 0.32000D+15   0.0000  0   13.69   11.364  0.00000  272.09  273.25  272.09    6.274   72.314   11.36  1504.66
 0.20375D+13 0.32000D+15   0.0000  0   13.62   11.306  0.00000  272.10  273.31  272.10    6.273   72.723   11.31  1504.66
 0.20500D+13 0.32000D+15   0.0000  0   13.55   11.248  0.00000  272.10  273.38  272.10    6.273   73.131   11.25  1504.66
 0.20625D+13 0.32000D+15   0.0000  0   13.48   11.191  0.00000  272.11  273.44  272.11    6.272   73.539   11.19  1504.66
 0.20750D+13 0.32000D+15   0.0000  0   13.42   11.135  0.00000  272.11  273.51  272.11    6.272   73.947   11.13  1504.66
 0.20875D+13 0.32000D+15   0.0000  0   13.35   11.079  0.00000  272.12  273.57  272.12    6.271   74.355   11.08  1504.66
 0.21000D+13 0.32000D+15   0.0000  0   13.28   11.023  0.00000  272.12  273.64  272.12    6.271   74.764   11.02  1504.66
 0.21125D+13 0.32000D+15   0.0000  0   13.22   10.969  0.00000  272.13  273.70  272.13    6.270   75.172   10.97  1504.66
 0.21250D+13 0.32000D+15   0.0000  0   13.15   10.914  0.00000  272.13  273.77  272.13    6.270   75.580   10.91  1504.66
 0.21375D+13 0.32000D+15   0.0000  0   13.09   10.861  0.00000  272.14  273.83  272.14    6.269   75.988   10.86  1504.66
 0.21500D+13 0.32000D+15   0.0000  0   13.02   10.808  0.00000  272.14  273.89  272.14    6.269   76.396   10.81  1504.67
 0.21625D+13 0.32000D+15   0.0000  0   12.96   10.755  0.00000  272.15  273.96  272.15    6.268   76.804   10.75  1504.67
 0.21750D+13 0.32000D+15   0.0000  0   12.90   10.703  0.00000  272.15  274.02  272.15    6.268   77.213   10.70  1504.67
 0.21875D+13 0.32000D+15   0.0000  0   12.83   10.651  0.00000  272.16  274.08  272.16    6.268   77.621   10.65  1504.67
 0.22000D+13 0.32000D+15   0.0000  0   12.77   10.600  0.00000  272.16  274.15  272.16    6.267   78.029   10.60  1504.67
 0.22125D+13 0.32000D+15   0.0000  0   12.71   10.549  0.00000  272.17  274.21  272.17    6.267   78.437   10.55  1504.67
 0.22250D+13 0.32000D+15   0.0000  0   12.65   10.499  0.00000  272.17  274.27  272.17    6.266   78.845   10.50  1504.67
 0.22375D+13 0.32000D+15   0.0000  0   12.59   10.449  0.00000  272.18  274.33  272.18    6.266   79.254   10.45  1504.67
 0.22500D+13 0.32000D+15   0.0000  0   12.53   10.400  0.00000  272.18  274.39  272.18    6.265   79.662   10.40  1504.67
 0.22625D+13 0.32000D+15   0.0000  0   12.47   10.351  0.00000  272.19  274.46  272.19    6.265   80.070   10.35  1504.67
 0.22750D+13 0.32000D+15   0.0000  0   12.41   10.303  0.00000  272.19  274.52  272.19    6.265   80.478   10.30  1504.67
 0.22875D+13 0.32000D+15   0.0000  0   12.36   10.255  0.00000  272.20  274.58  272.20    6.264   80.886   10.26  1504.67
 0.23000D+13 0.32000D+15   0.0000  0   12.30   10.208  0.00000  272.20  274.64  272.20    6.264   81.295   10.21  1504.67
 0.23125D+13 0.32000D+15   0.0000  0   12.24   10.161  0.00000  272.21  274.70  272.21    6.263   81.703   10.16  1504.67
 0.23250D+13 0.32000D+15   0.0000  0   12.19   10.114  0.00000  272.21  274.76  272.21    6.263   82.111   10.11  1504.67
 0.23375D+13 0.32000D+15   0.0000  0   12.13   10.068  0.00000  272.22  274.82  272.22    6.262   82.519   10.07  1504.67
 0.23500D+13 0.32000D+15   0.0000  0   12.08   10.022  0.00000  272.22  274.88  272.22    6.262   82.927   10.02  1504.67
 0.23625D+13 0.32000D+15   0.0000  0   12.02    9.977  0.00000  272.22  274.94  272.22    6.262   83.335    9.98  1504.68
 0.23750D+13 0.32000D+15   0.0000  0   11.97    9.932  0.00000  272.23  275.00  272.23    6.261   83.744    9.93  1504.68
 0.23875D+13 0.32000D+15   0.0000  0   11.91    9.888  0.00000  272.23  275.06  272.23    6.261   84.152    9.89  1504.68
 0.24000D+13 0.32000D+15   0.0000  0   11.86    9.844  0.00000  272.24  275.12  272.24    6.261   84.560    9.84  1504.68
 0.24125D+13 0.32000D+15   0.0000  0   11.81    9.800  0.00000  272.24  275.18  272.24    6.260   84.968    9.80  1504.68
 0.24250D+13 0.32000D+15   0.0000  0   11.76    9.757  0.00000  272.24  275.24  272.24    6.260   85.376    9.76  1504.68
 0.24375D+13 0.32000D+15   0.0000  0   11.70    9.714  0.00000  272.25  275.30  272.25    6.259   85.785    9.71  1504.68
 0.24500D+13 0.32000D+15   0.0000  0   11.65    9.671  0.00000  272.25  275.35  272.25    6.259   86.193    9.67  1504.68
 0.24625D+13 0.32000D+15   0.0000  0   11.60    9.629  0.00000  272.26  275.41  272.26    6.259   86.601    9.63  1504.68
 0.24750D+13 0.32000D+15   0.0000  0   11.55    9.587  0.00000  272.26  275.47  272.26    6.258   87.009    9.59  1504.68
 0.24875D+13 0.32000D+15   0.0000  0   11.50    9.546  0.00000  272.26  275.53  272.26    6.258   87.417    9.55  1504.68
 0.25000D+13 0.32000D+15   0.0000  0   11.45    9.505  0.00000  272.27  275.59  272.27    6.258   87.826    9.50  1504.68
 0.25125D+13 0.32000D+15   0.0000  0   11.40    9.464  0.00000  272.27  275.64  272.27    6.257   88.234    9.46  1504.68
 0.25250D+13 0.32000D+15   0.0000  0   11.35    9.423  0.00000  272.28  275.70  272.28    6.257   88.642    9.42  1504.68
 0.25375D+13 0.32000D+15   0.0000  0   11.31    9.383  0.00000  272.28  275.76  272.28    6.256   89.050    9.38  1504.68
 0.25500D+13 0.32000D+15   0.0000  0   11.26    9.344  0.00000  272.28  275.81  272.28    6.256   89.458    9.34  1504.68
 0.25625D+13 0.32000D+15   0.0000  0   11.21    9.304  0.00000  272.29  275.87  272.29    6.256   89.867    9.30  1504.68
 0.25750D+13 0.32000D+15   0.0000  0   11.16    9.265  0.00000  272.29  275.93  272.29    6.255   90.275    9.27  1504.68
 0.25875D+13 0.32000D+15   0.0000  0   11.12    9.227  0.00000  272.30  275.98  272.30    6.255   90.683    9.23  1504.68
 0.26000D+13 0.32000D+15   0.0000  0   11.07    9.188  0.00000  272.30  276.04  272.30    6.255   91.091    9.19  1504.68
 0.26125D+13 0.32000D+15   0.0000  0   11.03    9.150  0.00000  272.30  276.10  272.30    6.254   91.499    9.15  1504.69
 0.26250D+13 0.32000D+15   0.0000  0   10.98    9.112  0.00000  272.31  276.15  272.31    6.254   91.907    9.11  1504.69
 0.26375D+13 0.32000D+15   0.0000  0   10.93    9.075  0.00000  272.31  276.21  272.31    6.254   92.316    9.07  1504.69
 0.26500D+13 0.32000D+15   0.0000  0   10.89    9.038  0.00000  272.31  276.26  272.31    6.253   92.724    9.04  1504.69
 0.26625D+13 0.32000D+15   0.0000  0   10.85    9.001  0.00000  272.32  276.32  272.32    6.253   93.132    9.00  1504.69
 0.26750D+13 0.32000D+15   0.0000  0   10.80    8.964  0.00000  272.32  276.37  272.32    6.253   93.540    8.96  1504.69
 0.26875D+13 0.32000D+15   0.0000  0   10.76    8.928  0.00000  272.32  276.43  272.32    6.252   93.948    8.93  1504.69
 0.27000D+13 0.32000D+15   0.0000  0   10.71    8.892  0.00000  272.33  276.48  272.33    6.252   94.357    8.89  1504.69
 0.27125D+13 0.32000D+15   0.0000  0   10.67    8.856  0.00000  272.33  276.54  272.33    6.252   94.765    8.86  1504.69
 0.27250D+13 0.32000D+15   0.0000  0   10.63    8.821  0.00000  272.33  276.59  272.33    6.251   95.173    8.82  1504.69
 0.27375D+13 0.32000D+15   0.0000  0   10.59    8.786  0.00000  272.34  276.65  272.34    6.251   95.581    8.79  1504.69
 0.27500D+13 0.32000D+15   0.0000  0   10.54    8.751  0.00000  272.34  276.70  272.34    6.251   95.989    8.75  1504.69
 0.27625D+13 0.32000D+15   0.0000  0   10.50    8.716  0.00000  272.34  276.76  272.34    6.250   96.397    8.72  1504.69
 0.27750D+13 0.32000D+15   0.0000  0   10.46    8.682  0.00000  272.35  276.81  272.35    6.250   96.806    8.68  1504.69
 0.27875D+13 0.32000D+15   0.0000  0   10.42    8.648  0.00000  272.35  276.86  272.35    6.250   97.214    8.65  1504.69
 0.28000D+13 0.32000D+15   0.0000  0   10.38    8.614  0.00000  272.35  276.92  272.35    6.250   97.622    8.61  1504.69
 0.28125D+13 0.32000D+15   0.0000  0   10.34    8.581  0.00000  272.36  276.97  272.36    6.249   98.030    8.58  1504.69
 0.28250D+13 0.32000D+15   0.0000  0   10.30    8.548  0.00000  272.36  277.02  272.36    6.249   98.438    8.55  1504.69
 0.28375D+13 0.32000D+15   0.0000  0   10.26    8.515  0.00000  272.36  277.08  272.36    6.249   98.847    8.51  1504.69
 0.28500D+13 0.32000D+15   0.0000  0   10.22    8.482  0.00000  272.37  277.13  272.37    6.248   99.255    8.48  1504.69
 0.28625D+13 0.32000D+15   0.0000  0   10.18    8.449  0.00000  272.37  277.18  272.37    6.248   99.663    8.45  1504.69
 0.28750D+13 0.32000D+15   0.0000  0   10.14    8.417  0.00000  272.37  277.24  272.37    6.248  100.071    8.42  1504.69
 0.28875D+13 0.32000D+15   0.0000  0   10.10    8.385  0.00000  272.37  277.29  272.37    6.247  100.479    8.39  1504.69
 0.29000D+13 0.32000D+15   0.0000  0   10.07    8.354  0.00000  272.38  277.34  272.38    6.247  100.888    8.35  1504.69
 0.29125D+13 0.32000D+15   0.0000  0   10.03    8.322  0.00000  272.38  277.39  272.38    6.247  101.296    8.32  1504.70
 0.29250D+13 0.32000D+15   0.0000  0    9.99    8.291  0.00000  272.38  277.45  272.38    6.247  101.704    8.29  1504.70
 0.29375D+13 0.32000D+15   0.0000  0    9.95    8.260  0.00000  272.39  277.50  272.39    6.246  102.112    8.26  1504.70
 0.29500D+13 0.32000D+15   0.0000  0    9.92    8.229  0.00000  272.39  277.55  272.39    6.246  102.520    8.23  1504.70
 0.29625D+13 0.32000D+15   0.0000  0    9.88    8.198  0.00000  272.39  277.60  272.39    6.246  102.929    8.20  1504.70
 0.29750D+13 0.32000D+15   0.0000  0    9.84    8.168  0.00000  272.40  277.65  272.40    6.246  103.337    8.17  1504.70
 0.29875D+13 0.32000D+15   0.0000  0    9.81    8.138  0.00000  272.40  277.70  272.40    6.245  103.745    8.14  1504.70
 0.30000D+13 0.32000D+15   0.0000  0    9.77    8.108  0.00000  272.40  277.75  272.40    6.245  104.153    8.11  1504.70
