R_tot = 1561.0 R_core =  1400.0  Tsurf =   100.00  g =  1.310
     Pint       Hint       etaref      pCLA conv   zbot     %vol    Tbot     Tm      Fbot     Ftop     dlid
 0.75000D+11 0.18666D-10 0.32000D+13   0.0300  0  157.862  0.32100  176.85  181.70    0.000    2.449  157.86
 0.87500D+11 0.23274D-10 0.32000D+13   0.0300  0  146.633  0.30354  183.09  186.15    0.000    2.858  146.63
 0.10000D+12 0.26865D-10 0.32000D+13   0.0300  0  145.187  0.27270  194.00  193.25   -0.000    3.266  145.19
 0.11250D+12 0.30345D-10 0.32000D+13   0.0300  0  144.347  0.25749  199.16  199.07    0.000    3.674   85.11
 0.12500D+12 0.33785D-10 0.32000D+13   0.0300  0  144.006  0.25179  201.06  201.09   -0.000    4.082   76.05
 0.13750D+12 0.37239D-10 0.32000D+13   0.0300  1  143.700  0.24687  202.69  202.64    0.000    4.490   54.07
 0.15000D+12 0.40707D-10 0.32000D+13   0.0300  1  143.419  0.24253  204.11  203.85   -0.000    4.899   50.73
 0.16250D+12 0.44188D-10 0.32000D+13   0.0300  1  143.146  0.23846  205.43  204.93    0.000    5.307   47.95
 0.17500D+12 0.47588D-10 0.32000D+13   0.0300  1  142.968  0.23585  206.28  207.05   -0.000    5.715   42.97
 0.18750D+12 0.51091D-10 0.32000D+13   0.0300  1  142.709  0.23219  207.45  207.91    0.000    6.123   41.20
 0.20000D+12 0.54608D-10 0.32000D+13   0.0300  1  142.461  0.22879  208.54  208.65    0.000    6.532   39.70
 0.21250D+12 0.58140D-10 0.32000D+13   0.0300  1  142.226  0.22565  209.53  209.27   -0.000    6.940   38.45
 0.22500D+12 0.61560D-10 0.32000D+13   0.0300  1  142.020  0.22295  210.39  211.27    0.000    7.348   34.88
 0.23750D+12 0.65113D-10 0.32000D+13   0.0300  1  141.805  0.22024  211.24  211.69    0.000    7.756   34.16
 0.25000D+12 0.68682D-10 0.32000D+13   0.0300  1  141.615  0.21786  211.98  211.97   -0.000    8.164   33.64
 0.26250D+12 0.72265D-10 0.32000D+13   0.0300  1  141.358  0.21474  212.96  212.67   -0.000    8.573   33.00
 0.27500D+12 0.75706D-10 0.32000D+13   0.0300  1  141.195  0.21283  213.55  214.15    0.000    8.981   30.35
 0.28750D+12 0.79311D-10 0.32000D+13   0.0300  1  141.036  0.21096  214.13  214.23    0.000    9.389   30.54
 0.30000D+12 0.82931D-10 0.32000D+13   0.0300  1  140.714  0.20731  215.25  215.30   -0.000    9.797   29.07
 0.31250D+12 0.86386D-10 0.32000D+13   0.0300  1  140.714  0.20731  215.25  215.71    0.000   10.206   28.41
 0.32500D+12 0.90029D-10 0.32000D+13   0.0300  1  140.392  0.20378  216.33  216.73    0.000   10.614   27.13
 0.33750D+12 0.93491D-10 0.32000D+13   0.0300  1  140.392  0.20378  216.33  217.12   -0.000   11.022   26.54
 0.35000D+12 0.97156D-10 0.32000D+13   0.0300  1  140.070  0.20037  217.36  218.09   -0.000   11.430   25.42
 0.36250D+12 0.10084D-09 0.32000D+13   0.0300  1  139.748  0.19707  218.36  219.02    0.000   11.838   24.38
 0.37500D+12 0.10431D-09 0.32000D+13   0.0300  1  139.748  0.19707  218.36  219.39   -0.000   12.247   23.90
 0.38750D+12 0.10802D-09 0.32000D+13   0.0300  1  139.426  0.19387  219.32  220.28    0.000   12.655   22.99
 0.40000D+12 0.11174D-09 0.32000D+13   0.0300  1  139.104  0.19078  220.24  221.15   -0.000   13.063   22.14
 0.41250D+12 0.11523D-09 0.32000D+13   0.0300  1  139.104  0.19078  220.24  221.49   -0.000   13.471   21.74
 0.42500D+12 0.11897D-09 0.32000D+13   0.0300  1  138.782  0.18778  221.13  222.32    0.000   13.879   20.98
 0.43750D+12 0.12273D-09 0.32000D+13   0.0300  1  138.460  0.18487  221.99  223.12   -0.000   14.288   20.27
 0.45000D+12 0.12623D-09 0.32000D+13   0.0300  1  138.460  0.18487  221.99  223.45    0.000   14.696   19.93
 0.46250D+12 0.13001D-09 0.32000D+13   0.0300  1  138.138  0.18205  222.82  224.22   -0.000   15.104   19.29
 0.47500D+12 0.13353D-09 0.32000D+13   0.0300  1  138.138  0.18205  222.82  224.53    0.000   15.512   18.98
 0.48750D+12 0.13733D-09 0.32000D+13   0.0300  1  137.816  0.17931  223.62  225.27   -0.000   15.921   18.40
 0.50000D+12 0.14116D-09 0.32000D+13   0.0300  1  137.494  0.17666  224.39  225.99   -0.000   16.329   17.85
 0.51250D+12 0.14468D-09 0.32000D+13   0.0300  1  137.494  0.17666  224.39  226.29   -0.000   16.737   17.58
 0.52500D+12 0.14853D-09 0.32000D+13   0.0300  1  137.172  0.17408  225.14  226.99   -0.000   17.145   17.09
 0.53750D+12 0.15239D-09 0.32000D+13   0.0300  1  136.850  0.17157  225.87  227.66   -0.000   17.553   16.62
 0.55000D+12 0.15594D-09 0.32000D+13   0.0300  1  136.850  0.17157  225.87  227.95   -0.000   17.962   16.39
 0.56250D+12 0.15982D-09 0.32000D+13   0.0300  1  136.528  0.16913  226.57  228.60    0.000   18.370   15.96
 0.57500D+12 0.16337D-09 0.32000D+13   0.0300  1  136.528  0.16913  226.57  228.88    0.000   18.778   15.74
 0.58750D+12 0.16728D-09 0.32000D+13   0.0300  1  136.206  0.16676  227.25  229.51   -0.000   19.186   15.34
 0.60000D+12 0.17121D-09 0.32000D+13   0.0300  1  135.884  0.16446  227.90  230.12   -0.000   19.595   14.97
 0.61250D+12 0.17478D-09 0.32000D+13   0.0300  1  135.884  0.16446  227.90  230.39   -0.000   20.003   14.78
 0.62500D+12 0.17873D-09 0.32000D+13   0.0300  1  135.562  0.16221  228.54  230.98    0.000   20.411   14.43
 0.63750D+12 0.18270D-09 0.32000D+13   0.0300  1  135.240  0.16003  229.16  231.56    0.000   20.819   14.11
 0.65000D+12 0.18628D-09 0.32000D+13   0.0300  1  135.240  0.16003  229.16  231.82    0.000   21.227   13.93
 0.66250D+12 0.19028D-09 0.32000D+13   0.0300  1  134.918  0.15790  229.76  232.38   -0.000   21.636   13.63
 0.67500D+12 0.19387D-09 0.32000D+13   0.0300  1  134.918  0.15790  229.76  232.63   -0.000   22.044   13.46
 0.68750D+12 0.19789D-09 0.32000D+13   0.0300  1  134.596  0.15583  230.35  233.18   -0.000   22.452   13.18
 0.70000D+12 0.20193D-09 0.32000D+13   0.0300  1  134.274  0.15381  230.92  233.71    0.000   22.860   12.91
 0.71250D+12 0.20553D-09 0.32000D+13   0.0300  1  134.274  0.15381  230.92  233.95   -0.000   23.269   12.76
 0.72500D+12 0.20960D-09 0.32000D+13   0.0300  1  133.952  0.15184  231.47  234.47    0.000   23.677   12.51
 0.73750D+12 0.21368D-09 0.32000D+13   0.0300  1  133.630  0.14992  232.00  234.98   -0.000   24.085   12.27
 0.75000D+12 0.21730D-09 0.32000D+13   0.0300  1  133.630  0.14992  232.00  235.22    0.000   24.493   12.13
 0.76250D+12 0.22141D-09 0.32000D+13   0.0300  1  133.308  0.14805  232.53  235.71   -0.000   24.901   11.91
 0.77500D+12 0.22554D-09 0.32000D+13   0.0300  1  132.986  0.14622  233.03  236.20   -0.000   25.310   11.69
 0.78750D+12 0.22917D-09 0.32000D+13   0.0300  1  132.986  0.14622  233.03  236.42   -0.000   25.718   11.57
 0.80000D+12 0.23333D-09 0.32000D+13   0.0300  1  132.664  0.14444  233.53  236.89   -0.000   26.126   11.37
 0.81250D+12 0.23750D-09 0.32000D+13   0.0300  1  132.342  0.14270  234.01  237.35   -0.000   26.534   11.17
 0.82500D+12 0.24115D-09 0.32000D+13   0.0300  1  132.342  0.14270  234.01  237.57    0.000   26.943   11.06
 0.83750D+12 0.24535D-09 0.32000D+13   0.0300  1  132.020  0.14100  234.48  238.02    0.000   27.351   10.88
 0.85000D+12 0.24957D-09 0.32000D+13   0.0300  1  131.698  0.13934  234.94  238.47    0.000   27.759   10.70
 0.86250D+12 0.25324D-09 0.32000D+13   0.0300  1  131.698  0.13934  234.94  238.68   -0.000   28.167   10.59
 0.87500D+12 0.25748D-09 0.32000D+13   0.0300  1  131.376  0.13772  235.39  239.11   -0.000   28.575   10.43
 0.88750D+12 0.26175D-09 0.32000D+13   0.0300  1  131.054  0.13613  235.82  239.53   -0.000   28.984   10.27
 0.90000D+12 0.26544D-09 0.32000D+13   0.0300  1  131.054  0.13613  235.82  239.74    0.000   29.392   10.17
 0.91250D+12 0.26973D-09 0.32000D+13   0.0300  1  130.732  0.13458  236.25  240.15    0.000   29.800   10.02
 0.92500D+12 0.27404D-09 0.32000D+13   0.0300  1  130.410  0.13306  236.66  240.56   -0.000   30.208    9.87
 0.93750D+12 0.27837D-09 0.32000D+13   0.0300  1  130.088  0.13158  237.07  240.96   -0.000   30.617    9.73
 0.95000D+12 0.28208D-09 0.32000D+13   0.0300  1  130.088  0.13158  237.07  241.16    0.000   31.025    9.64
 0.96250D+12 0.28644D-09 0.32000D+13   0.0300  1  129.766  0.13013  237.47  241.55   -0.000   31.433    9.51
 0.97500D+12 0.29082D-09 0.32000D+13   0.0300  1  129.444  0.12871  237.85  241.93   -0.000   31.841    9.38
 0.98750D+12 0.29455D-09 0.32000D+13   0.0300  1  129.444  0.12871  237.85  242.12    0.000   32.249    9.30
 0.10000D+13 0.29896D-09 0.32000D+13   0.0300  1  129.122  0.12731  238.23  242.50   -0.000   32.658    9.17
 0.10125D+13 0.30339D-09 0.32000D+13   0.0300  1  128.800  0.12595  238.60  242.87   -0.000   33.066    9.05
 0.10250D+13 0.30784D-09 0.32000D+13   0.0300  1  128.478  0.12462  238.97  243.23   -0.000   33.474    8.94
 0.10375D+13 0.31159D-09 0.32000D+13   0.0300  1  128.478  0.12462  238.97  243.42   -0.000   33.882    8.86
 0.10500D+13 0.31607D-09 0.32000D+13   0.0300  1  128.156  0.12331  239.32  243.78    0.000   34.290    8.75
 0.10625D+13 0.32057D-09 0.32000D+13   0.0300  1  127.834  0.12204  239.67  244.13   -0.000   34.699    8.65
 0.10750D+13 0.32510D-09 0.32000D+13   0.0300  1  127.512  0.12078  240.01  244.47   -0.000   35.107    8.54
 0.10875D+13 0.32888D-09 0.32000D+13   0.0300  1  127.512  0.12078  240.01  244.65    0.000   35.515    8.47
 0.11000D+13 0.33343D-09 0.32000D+13   0.0300  1  127.190  0.11955  240.34  244.99    0.000   35.923    8.37
 0.11125D+13 0.33800D-09 0.32000D+13   0.0300  1  126.868  0.11835  240.67  245.33   -0.000   36.332    8.28
 0.11250D+13 0.34260D-09 0.32000D+13   0.0300  1  126.546  0.11717  240.99  245.66    0.000   36.740    8.18
 0.11375D+13 0.34640D-09 0.32000D+13   0.0300  1  126.546  0.11717  240.99  245.83   -0.000   37.148    8.12
 0.11500D+13 0.35103D-09 0.32000D+13   0.0300  1  126.224  0.11601  241.30  246.15    0.000   37.556    8.03
 0.11625D+13 0.35568D-09 0.32000D+13   0.0300  1  125.902  0.11487  241.61  246.47    0.000   37.964    7.94
 0.11750D+13 0.36035D-09 0.32000D+13   0.0300  1  125.580  0.11376  241.91  246.79    0.000   38.373    7.86
 0.11875D+13 0.36504D-09 0.32000D+13   0.0300  1  125.258  0.11267  242.21  247.10   -0.000   38.781    7.78
 0.12000D+13 0.36888D-09 0.32000D+13   0.0300  1  125.258  0.11267  242.21  247.27   -0.000   39.189    7.72
 0.12125D+13 0.37361D-09 0.32000D+13   0.0300  1  124.936  0.11159  242.50  247.57    0.000   39.597    7.64
 0.12250D+13 0.37835D-09 0.32000D+13   0.0300  1  124.614  0.11054  242.78  247.87    0.000   40.006    7.56
 0.12375D+13 0.38312D-09 0.32000D+13   0.0300  1  124.292  0.10951  243.06  248.17   -0.000   40.414    7.49
 0.12500D+13 0.38791D-09 0.32000D+13   0.0300  1  123.970  0.10849  243.34  248.46    0.000   40.822    7.41
 0.12625D+13 0.39273D-09 0.32000D+13   0.0300  1  123.648  0.10749  243.61  248.75    0.000   41.230    7.34
 0.12750D+13 0.39662D-09 0.32000D+13   0.0300  1  123.648  0.10749  243.61  248.91    0.000   41.638    7.29
 0.12875D+13 0.40147D-09 0.32000D+13   0.0300  1  123.326  0.10651  243.87  249.19    0.000   42.047    7.22
 0.13000D+13 0.40634D-09 0.32000D+13   0.0300  1  123.004  0.10555  244.13  249.47    0.000   42.455    7.15
 0.13125D+13 0.41124D-09 0.32000D+13   0.0300  1  122.682  0.10461  244.39  249.75    0.000   42.863    7.09
 0.13250D+13 0.41616D-09 0.32000D+13   0.0300  1  122.360  0.10368  244.64  250.02    0.000   43.271    7.02
 0.13375D+13 0.42110D-09 0.32000D+13   0.0300  1  122.038  0.10276  244.89  250.30    0.000   43.680    6.96
 0.13500D+13 0.42607D-09 0.32000D+13   0.0300  1  121.716  0.10187  245.13  250.56   -0.000   44.088    6.90
 0.13625D+13 0.43107D-09 0.32000D+13   0.0300  1  121.394  0.10098  245.37  250.83    0.000   44.496    6.84
 0.13750D+13 0.43609D-09 0.32000D+13   0.0300  1  121.072  0.10012  245.60  251.09    0.000   44.904    6.78
 0.13875D+13 0.44005D-09 0.32000D+13   0.0300  1  121.072  0.10012  245.60  251.24   -0.000   45.312    6.74
 0.14000D+13 0.44511D-09 0.32000D+13   0.0300  1  120.750  0.09926  245.84  251.50   -0.000   45.721    6.68
 0.14125D+13 0.45019D-09 0.32000D+13   0.0300  1  120.428  0.09842  246.06  251.75   -0.000   46.129    6.62
 0.14250D+13 0.45529D-09 0.32000D+13   0.0300  1  120.106  0.09760  246.29  252.00   -0.000   46.537    6.57
 0.14375D+13 0.46042D-09 0.32000D+13   0.0300  1  119.784  0.09679  246.51  252.25   -0.000   46.945    6.52
 0.14500D+13 0.46558D-09 0.32000D+13   0.0300  1  119.462  0.09599  246.73  252.50   -0.000   47.354    6.47
 0.14625D+13 0.47076D-09 0.32000D+13   0.0300  1  119.140  0.09520  246.94  252.74    0.000   47.762    6.41
 0.14750D+13 0.47597D-09 0.32000D+13   0.0300  1  118.818  0.09443  247.15  252.98    0.000   48.170    6.36
 0.14875D+13 0.48121D-09 0.32000D+13   0.0300  1  118.496  0.09367  247.36  253.22   -0.000   48.578    6.32
 0.15000D+13 0.48647D-09 0.32000D+13   0.0300  1  118.174  0.09292  247.56  253.45   -0.000   48.986    6.27
 0.15125D+13 0.49176D-09 0.32000D+13   0.0300  1  117.852  0.09218  247.77  253.69    0.000   49.395    6.22
 0.15250D+13 0.49708D-09 0.32000D+13   0.0300  1  117.530  0.09145  247.96  253.92   -0.000   49.803    6.17
 0.15375D+13 0.50242D-09 0.32000D+13   0.0300  1  117.208  0.09073  248.16  254.15   -0.000   50.211    6.13
 0.15500D+13 0.50780D-09 0.32000D+13   0.0300  1  116.886  0.09003  248.35  254.37    0.000   50.619    6.09
 0.15625D+13 0.51320D-09 0.32000D+13   0.0300  1  116.564  0.08934  248.55  254.60   -0.000   51.028    6.04
 0.15750D+13 0.51863D-09 0.32000D+13   0.0300  1  116.242  0.08865  248.73  254.82   -0.000   51.436    6.00
 0.15875D+13 0.52408D-09 0.32000D+13   0.0300  1  115.920  0.08798  248.92  255.04    0.000   51.844    5.96
 0.16000D+13 0.52957D-09 0.32000D+13   0.0300  1  115.598  0.08731  249.10  255.26   -0.000   52.252    5.92
 0.16125D+13 0.53509D-09 0.32000D+13   0.0300  1  115.276  0.08666  249.28  255.47   -0.000   52.660    5.88
 0.16250D+13 0.54203D-09 0.32000D+13   0.0300  1  114.632  0.08538  249.64  255.76   -0.000   53.069    5.83
 0.16375D+13 0.54763D-09 0.32000D+13   0.0300  1  114.310  0.08475  249.81  255.97    0.000   53.477    5.79
 0.16500D+13 0.55325D-09 0.32000D+13   0.0300  1  113.988  0.08413  249.98  256.18    0.000   53.885    5.75
 0.16625D+13 0.55890D-09 0.32000D+13   0.0300  1  113.666  0.08352  250.15  256.39   -0.000   54.293    5.72
 0.16750D+13 0.56458D-09 0.32000D+13   0.0300  1  113.344  0.08292  250.32  256.59   -0.000   54.701    5.68
 0.16875D+13 0.57030D-09 0.32000D+13   0.0300  1  113.022  0.08233  250.48  256.80   -0.000   55.110    5.64
 0.17000D+13 0.57604D-09 0.32000D+13   0.0300  1  112.700  0.08175  250.65  257.00    0.000   55.518    5.61
 0.17125D+13 0.58182D-09 0.32000D+13   0.0300  1  112.378  0.08117  250.81  257.20   -0.000   55.926    5.57
 0.17250D+13 0.58919D-09 0.32000D+13   0.0300  1  111.734  0.08004  251.13  257.46   -0.000   56.334    5.53
 0.17375D+13 0.59505D-09 0.32000D+13   0.0300  1  111.412  0.07949  251.28  257.65    0.000   56.743    5.50
 0.17500D+13 0.60094D-09 0.32000D+13   0.0300  1  111.090  0.07894  251.44  257.85    0.000   57.151    5.47
 0.17625D+13 0.60687D-09 0.32000D+13   0.0300  1  110.768  0.07840  251.59  258.04    0.000   57.559    5.43
 0.17750D+13 0.61282D-09 0.32000D+13   0.0300  1  110.446  0.07787  251.74  258.23    0.000   57.967    5.40
 0.17875D+13 0.62050D-09 0.32000D+13   0.0300  1  109.802  0.07683  252.03  258.48   -0.000   58.375    5.37
 0.18000D+13 0.62654D-09 0.32000D+13   0.0300  1  109.480  0.07632  252.18  258.66   -0.000   58.784    5.34
 0.18125D+13 0.63262D-09 0.32000D+13   0.0300  1  109.158  0.07581  252.32  258.85    0.000   59.192    5.31
 0.18250D+13 0.63873D-09 0.32000D+13   0.0300  1  108.836  0.07531  252.46  259.03   -0.000   59.600    5.28
 0.18375D+13 0.64666D-09 0.32000D+13   0.0300  1  108.192  0.07434  252.74  259.27    0.000   60.008    5.24
 0.18500D+13 0.65287D-09 0.32000D+13   0.0300  1  107.870  0.07386  252.88  259.45   -0.000   60.417    5.22
 0.18625D+13 0.65911D-09 0.32000D+13   0.0300  1  107.548  0.07338  253.02  259.63    0.000   60.825    5.19
 0.18750D+13 0.66725D-09 0.32000D+13   0.0300  1  106.904  0.07245  253.29  259.86    0.000   61.233    5.16
 0.18875D+13 0.67358D-09 0.32000D+13   0.0300  1  106.582  0.07200  253.42  260.03   -0.000   61.641    5.13
 0.19000D+13 0.67995D-09 0.32000D+13   0.0300  1  106.260  0.07154  253.55  260.20   -0.000   62.049    5.10
 0.19125D+13 0.68831D-09 0.32000D+13   0.0300  1  105.616  0.07066  253.81  260.42   -0.000   62.458    5.07
 0.19250D+13 0.69478D-09 0.32000D+13   0.0300  1  105.294  0.07022  253.93  260.59   -0.000   62.866    5.05
 0.19375D+13 0.70129D-09 0.32000D+13   0.0300  1  104.972  0.06979  254.06  260.76    0.000   63.274    5.02
 0.19500D+13 0.70987D-09 0.32000D+13   0.0300  1  104.328  0.06895  254.31  260.98   -0.000   63.682    4.99
 0.19625D+13 0.71648D-09 0.32000D+13   0.0300  1  104.006  0.06853  254.43  261.14   -0.000   64.091    4.97
 0.19750D+13 0.72523D-09 0.32000D+13   0.0300  1  103.362  0.06772  254.67  261.35   -0.000   64.499    4.94
 0.19875D+13 0.73195D-09 0.32000D+13   0.0300  1  103.040  0.06732  254.79  261.51    0.000   64.907    4.92
 0.20000D+13 0.74087D-09 0.32000D+13   0.0300  1  102.396  0.06653  255.03  261.72   -0.000   65.315    4.89
 0.20125D+13 0.74770D-09 0.32000D+13   0.0300  1  102.074  0.06614  255.14  261.88    0.000   65.723    4.87
 0.20250D+13 0.75456D-09 0.32000D+13   0.0300  1  101.752  0.06576  255.26  262.03   -0.000   66.132    4.85
 0.20375D+13 0.76373D-09 0.32000D+13   0.0300  1  101.108  0.06500  255.48  262.23    0.000   66.540    4.82
 0.20500D+13 0.77071D-09 0.32000D+13   0.0300  1  100.786  0.06463  255.59  262.39    0.000   66.948    4.80
 0.20625D+13 0.78007D-09 0.32000D+13   0.0300  1  100.142  0.06390  255.81  262.58    0.000   67.356    4.78
 0.20750D+13 0.78954D-09 0.32000D+13   0.0300  1   99.498  0.06319  256.03  262.77   -0.000   67.765    4.76
 0.20875D+13 0.79671D-09 0.32000D+13   0.0300  1   99.176  0.06284  256.14  262.92   -0.000   68.173    4.73
 0.21000D+13 0.80638D-09 0.32000D+13   0.0300  1   98.532  0.06215  256.35  263.11    0.000   68.581    4.71
 0.21125D+13 0.81367D-09 0.32000D+13   0.0300  1   98.210  0.06181  256.45  263.26    0.000   68.989    4.69
 0.21250D+13 0.82354D-09 0.32000D+13   0.0300  1   97.566  0.06114  256.66  263.44    0.000   69.397    4.67
 0.21375D+13 0.83095D-09 0.32000D+13   0.0300  1   97.244  0.06081  256.76  263.58   -0.000   69.806    4.65
 0.21500D+13 0.84103D-09 0.32000D+13   0.0300  1   96.600  0.06016  256.96  263.76   -0.000   70.214    4.63
 0.21625D+13 0.85124D-09 0.32000D+13   0.0300  1   95.956  0.05952  257.16  263.94   -0.000   70.622    4.61
 0.21750D+13 0.85886D-09 0.32000D+13   0.0300  1   95.634  0.05921  257.26  264.08   -0.000   71.030    4.59
 0.21875D+13 0.86929D-09 0.32000D+13   0.0300  1   94.990  0.05859  257.46  264.25    0.000   71.439    4.57
 0.22000D+13 0.87985D-09 0.32000D+13   0.0300  1   94.346  0.05799  257.65  264.42   -0.000   71.847    4.55
 0.22125D+13 0.88769D-09 0.32000D+13   0.0300  1   94.024  0.05769  257.74  264.56    0.000   72.255    4.54
 0.22250D+13 0.89849D-09 0.32000D+13   0.0300  1   93.380  0.05710  257.93  264.73   -0.000   72.663    4.52
 0.22375D+13 0.90943D-09 0.32000D+13   0.0300  1   92.736  0.05653  258.11  264.89    0.000   73.071    4.50
 0.22500D+13 0.92051D-09 0.32000D+13   0.0300  1   92.092  0.05596  258.30  265.05   -0.000   73.480    4.48
 0.22625D+13 0.92868D-09 0.32000D+13   0.0300  1   91.770  0.05568  258.39  265.18   -0.000   73.888    4.47
 0.22750D+13 0.94002D-09 0.32000D+13   0.0300  1   91.126  0.05513  258.56  265.34    0.000   74.296    4.45
 0.22875D+13 0.95151D-09 0.32000D+13   0.0300  1   90.482  0.05459  258.74  265.50    0.000   74.704    4.43
 0.23000D+13 0.96316D-09 0.32000D+13   0.0300  1   89.838  0.05407  258.91  265.65    0.000   75.112    4.42
 0.23125D+13 0.97498D-09 0.32000D+13   0.0300  1   89.194  0.05355  259.08  265.81    0.000   75.521    4.40
 0.23250D+13 0.98359D-09 0.32000D+13   0.0300  1   88.872  0.05329  259.17  265.93    0.000   75.929    4.38
 0.23375D+13 0.99568D-09 0.32000D+13   0.0300  1   88.228  0.05279  259.34  266.08   -0.000   76.337    4.37
 0.23500D+13 0.10079D-08 0.32000D+13   0.0300  1   87.584  0.05229  259.50  266.23   -0.000   76.745    4.35
 0.23625D+13 0.10204D-08 0.32000D+13   0.0300  1   86.940  0.05180  259.67  266.37    0.000   77.154    4.34
 0.23750D+13 0.10330D-08 0.32000D+13   0.0300  1   86.296  0.05132  259.83  266.52    0.000   77.562    4.32
 0.23875D+13 0.10458D-08 0.32000D+13   0.0300  1   85.652  0.05085  259.99  266.66   -0.000   77.970    4.31
 0.24000D+13 0.10588D-08 0.32000D+13   0.0300  1   85.008  0.05039  260.15  266.80   -0.000   78.378    4.30
 0.24125D+13 0.10720D-08 0.32000D+13   0.0300  1   84.364  0.04994  260.30  266.93    0.000   78.786    4.28
 0.24250D+13 0.10854D-08 0.32000D+13   0.0300  1   83.720  0.04949  260.46  267.07   -0.000   79.195    4.27
 0.24375D+13 0.10950D-08 0.32000D+13   0.0300  1   83.398  0.04927  260.53  267.19    0.000   79.603    4.25
 0.24500D+13 0.11087D-08 0.32000D+13   0.0300  1   82.754  0.04884  260.69  267.32    0.000   80.011    4.24
 0.24625D+13 0.11226D-08 0.32000D+13   0.0300  1   82.110  0.04841  260.84  267.45    0.000   80.419    4.23
 0.24750D+13 0.11367D-08 0.32000D+13   0.0300  1   81.466  0.04799  260.98  267.58   -0.000   80.828    4.22
 0.24875D+13 0.11511D-08 0.32000D+13   0.0300  1   80.822  0.04757  261.13  267.71    0.000   81.236    4.20
 0.25000D+13 0.11657D-08 0.32000D+13   0.0300  1   80.178  0.04717  261.28  267.83    0.000   81.644    4.19
 0.25125D+13 0.11850D-08 0.32000D+13   0.0300  1   79.212  0.04657  261.49  267.97    0.000   82.052    4.18
 0.25250D+13 0.12002D-08 0.32000D+13   0.0300  1   78.568  0.04618  261.63  268.09   -0.000   82.460    4.17
 0.25375D+13 0.12156D-08 0.32000D+13   0.0300  1   77.924  0.04579  261.77  268.21   -0.000   82.869    4.16
 0.25500D+13 0.12313D-08 0.32000D+13   0.0300  1   77.280  0.04541  261.91  268.33   -0.000   83.277    4.15
 0.25625D+13 0.12472D-08 0.32000D+13   0.0300  1   76.636  0.04504  262.05  268.45    0.000   83.685    4.13
 0.25750D+13 0.12633D-08 0.32000D+13   0.0300  1   75.992  0.04467  262.19  268.56    0.000   84.093    4.12
 0.25875D+13 0.12798D-08 0.32000D+13   0.0300  1   75.348  0.04431  262.32  268.67   -0.000   84.502    4.11
 0.26000D+13 0.12965D-08 0.32000D+13   0.0300  1   74.704  0.04396  262.45  268.79    0.000   84.910    4.10
 0.26125D+13 0.13135D-08 0.32000D+13   0.0300  1   74.060  0.04360  262.58  268.89   -0.000   85.318    4.09
 0.26250D+13 0.13308D-08 0.32000D+13   0.0300  1   73.416  0.04326  262.72  269.00   -0.000   85.726    4.08
 0.26375D+13 0.13541D-08 0.32000D+13   0.0300  1   72.450  0.04275  262.91  269.12    0.000   86.134    4.07
 0.26500D+13 0.13722D-08 0.32000D+13   0.0300  1   71.806  0.04242  263.04  269.22    0.000   86.543    4.06
 0.26625D+13 0.13906D-08 0.32000D+13   0.0300  1   71.162  0.04209  263.16  269.32   -0.000   86.951    4.05
 0.26750D+13 0.14092D-08 0.32000D+13   0.0300  1   70.518  0.04177  263.29  269.42    0.000   87.359    4.04
 0.26875D+13 0.14283D-08 0.32000D+13   0.0300  1   69.874  0.04145  263.41  269.52   -0.000   87.767    4.03
 0.27000D+13 0.14477D-08 0.32000D+13   0.0300  1   69.230  0.04113  263.54  269.62    0.000   88.176    4.03
 0.27125D+13 0.14740D-08 0.32000D+13   0.0300  1   68.264  0.04067  263.72  269.72    0.000   88.584    4.02
 0.27250D+13 0.14943D-08 0.32000D+13   0.0300  1   67.620  0.04037  263.84  269.82    0.000   88.992    4.01
 0.27375D+13 0.15150D-08 0.32000D+13   0.0300  1   66.976  0.04007  263.96  269.91   -0.000   89.400    4.00
 0.27500D+13 0.15360D-08 0.32000D+13   0.0300  1   66.332  0.03977  264.08  270.00    0.000   89.808    3.99
 0.27625D+13 0.15575D-08 0.32000D+13   0.0300  1   65.688  0.03948  264.20  270.09    0.000   90.217    3.98
 0.27750D+13 0.15869D-08 0.32000D+13   0.0300  1   64.722  0.03906  264.37  270.18    0.000   90.625    3.98
 0.27875D+13 0.16094D-08 0.32000D+13   0.0300  1   64.078  0.03877  264.49  270.26    0.000   91.033    3.97
 0.28000D+13 0.16323D-08 0.32000D+13   0.0300  1   63.434  0.03850  264.60  270.34    0.000   91.441    3.96
 0.28125D+13 0.16557D-08 0.32000D+13   0.0300  1   62.790  0.03822  264.72  270.43   -0.000   91.850    3.95
 0.28250D+13 0.16796D-08 0.32000D+13   0.0300  1   62.146  0.03795  264.83  270.51   -0.000   92.258    3.95
 0.28375D+13 0.17126D-08 0.32000D+13   0.0300  1   61.180  0.03756  265.00  270.58   -0.000   92.666    3.94
 0.28500D+13 0.17377D-08 0.32000D+13   0.0300  1   60.536  0.03730  265.11  270.66   -0.000   93.074    3.93
 0.28625D+13 0.17634D-08 0.32000D+13   0.0300  1   59.892  0.03704  265.22  270.73    0.000   93.482    3.93
 0.28750D+13 0.17896D-08 0.32000D+13   0.0300  1   59.248  0.03678  265.32  270.81   -0.000   93.891    3.92
 0.28875D+13 0.18260D-08 0.32000D+13   0.0300  1   58.282  0.03641  265.49  270.87   -0.000   94.299    3.92
 0.29000D+13 0.18536D-08 0.32000D+13   0.0300  1   57.638  0.03616  265.59  270.94   -0.000   94.707    3.91
 0.29125D+13 0.18819D-08 0.32000D+13   0.0300  1   56.994  0.03592  265.70  271.01   -0.000   95.115    3.90
 0.29250D+13 0.19107D-08 0.32000D+13   0.0300  1   56.350  0.03568  265.81  271.07    0.000   95.523    3.90
 0.29375D+13 0.19403D-08 0.32000D+13   0.0300  1   55.706  0.03544  265.91  271.14    0.000   95.932    3.89
 0.29500D+13 0.19817D-08 0.32000D+13   0.0300  1   54.740  0.03509  266.07  271.19   -0.000   96.340    3.89
 0.29625D+13 0.20129D-08 0.32000D+13   0.0300  1   54.096  0.03486  266.17  271.25   -0.000   96.748    3.88
 0.29750D+13 0.20449D-08 0.32000D+13   0.0300  1   53.452  0.03463  266.27  271.31   -0.000   97.156    3.87
 0.29875D+13 0.20777D-08 0.32000D+13   0.0300  1   52.808  0.03441  266.37  271.37   -0.000   97.565    3.87
 0.30000D+13 0.21113D-08 0.32000D+13   0.0300  1   52.164  0.03419  266.47  271.42   -0.000   97.973    3.86
