R_tot = 1561.0 R_core =  1400.0  Tsurf =   100.00  g =  1.310
   zbot    P(MPa) Hint     conv melt pCLA   Tbot     Tm     etam        k   Fcond_bot Fcond_top   Fbot     Ftop    dlid z_topTBL z_botTBL
    0.00   -0.00 0.62838D-06  0  0  0.01105  273.24  261.57 0.32206D+15  2.167    0.000    0.000    0.000    0.000    0.00    0.00    0.00
    0.32    0.39 0.62850D-07  0  0  0.01108  273.21  263.80 0.25452D+15  2.167 1398.882 1398.305 1389.572 1407.614    0.32    0.32    0.32
    0.64    0.77 0.31431D-07  0  0  0.01110  273.18  264.16 0.24434D+15  2.167  699.459  698.882  690.146  708.192    0.64    0.64    0.64
    0.97    1.16 0.20959D-07  0  0  0.01113  273.15  264.39 0.23789D+15  2.168  466.317  465.740  457.002  475.052    0.97    0.97    0.97
    1.29    1.55 0.15722D-07  0  0  0.01115  273.12  264.56 0.23309D+15  2.168  349.747  349.170  340.429  358.482    1.29    1.29    1.29
    1.61    1.94 0.12580D-07  0  0  0.01118  273.08  264.70 0.22924D+15  2.168  279.804  279.227  270.484  288.541    1.61    1.61    1.61
    1.93    2.33 0.10486D-07  0  0  0.01120  273.05  264.81 0.22602D+15  2.168  233.176  232.599  223.853  241.914    1.93    1.93    1.93
    2.25    2.71 0.89897D-08  0  0  0.01123  273.02  264.90 0.22324D+15  2.169  199.870  199.293  190.544  208.609    2.25    2.25    2.25
    2.58    3.10 0.78676D-08  0  0  0.01125  272.99  264.98 0.22079D+15  2.169  174.890  174.313  165.562  183.631    2.58    2.58    2.58
    2.90    3.49 0.69949D-08  0  0  0.01128  272.96  265.05 0.21860D+15  2.169  155.462  154.885  146.131  164.204    2.90    2.90    2.90
    3.22    3.88 0.62967D-08  0  0  0.01131  272.93  265.11 0.21662D+15  2.170  139.919  139.342  130.586  148.662    3.22    3.22    3.22
    3.54    4.27 0.57254D-08  0  0  0.01133  272.89  265.16 0.21481D+15  2.170  127.202  126.625  117.866  135.947    3.54    3.54    3.54
    3.86    4.65 0.52494D-08  0  0  0.01136  272.86  265.21 0.21314D+15  2.170  116.604  116.028  107.266  125.350    3.86    3.86    3.86
    4.19    5.04 0.48466D-08  0  0  0.01138  272.83  265.25 0.21160D+15  2.170  107.637  107.061   98.296  116.385    4.19    4.19    4.19
    4.51    5.43 0.45013D-08  0  0  0.01141  272.80  265.29 0.21015D+15  2.171   99.951   99.374   90.608  108.700    4.51    4.51    4.51
    4.83    5.82 0.42021D-08  0  0  0.01144  272.77  265.32 0.20880D+15  2.171   93.290   92.713   83.944  102.040    4.83    4.83    4.83
    5.15    6.21 0.39403D-08  0  0  0.01146  272.74  265.35 0.20753D+15  2.171   87.461   86.884   78.112   96.212    5.15    5.15    5.15
    5.47    6.59 0.37093D-08  0  0  0.01149  272.70  265.38 0.20632D+15  2.171   82.318   81.742   72.967   91.071    5.47    5.47    5.47
    5.80    6.98 0.35039D-08  0  0  0.01151  272.67  265.41 0.20518D+15  2.172   77.746   77.170   68.393   86.501    5.80    5.80    5.80
    6.12    7.37 0.33202D-08  0  0  0.01154  272.64  265.43 0.20410D+15  2.172   73.656   73.080   64.300   82.411    6.12    6.12    6.12
    6.44    7.76 0.31548D-08  0  0  0.01157  272.61  265.45 0.20307D+15  2.172   69.975   69.398   60.616   78.731    6.44    6.44    6.44
    6.76    8.15 0.30052D-08  0  0  0.01159  272.57  265.47 0.20208D+15  2.173   66.644   66.068   57.282   75.402    6.76    6.76    6.76
    7.08    8.54 0.28692D-08  0  0  0.01162  272.54  265.49 0.20114D+15  2.173   63.616   63.040   54.252   72.375    7.08    7.08    7.08
    7.41    8.92 0.27450D-08  0  0  0.01165  272.51  265.50 0.20023D+15  2.173   60.851   60.275   51.485   69.612    7.41    7.41    7.41
    7.73    9.31 0.26312D-08  0  0  0.01168  272.48  265.52 0.19936D+15  2.173   58.317   57.741   48.948   67.079    7.73    7.73    7.73
    8.05    9.70 0.25265D-08  0  0  0.01170  272.45  265.53 0.19853D+15  2.174   55.985   55.409   46.613   64.749    8.05    8.05    8.05
    8.37   10.09 0.24298D-08  0  0  0.01173  272.41  265.54 0.19772D+15  2.174   53.833   53.257   44.459   62.598    8.37    8.37    8.37
    8.69   10.48 0.23403D-08  0  0  0.01176  272.38  265.55 0.19694D+15  2.174   51.840   51.264   42.463   60.606    8.69    8.69    8.69
    9.02   10.86 0.22572D-08  0  0  0.01179  272.35  265.56 0.19619D+15  2.174   49.990   49.414   40.610   58.757    9.02    9.02    9.02
    9.34   11.25 0.21798D-08  0  0  0.01181  272.31  265.56 0.19546D+15  2.175   48.267   47.691   38.885   57.036    9.34    9.34    9.34
    9.66   11.64 0.21076D-08  0  0  0.01184  272.28  265.57 0.19476D+15  2.175   46.659   46.083   37.274   55.429    9.66    9.66    9.66
    9.98   12.03 0.20400D-08  0  0  0.01187  272.25  265.58 0.19407D+15  2.175   45.154   44.579   35.767   53.926    9.98    9.98    9.98
   10.30   12.42 0.19767D-08  0  0  0.01190  272.22  265.58 0.19341D+15  2.176   43.744   43.168   34.354   52.517   10.30   10.30   10.30
   10.63   12.80 0.19172D-08  0  0  0.01193  272.18  265.58 0.19277D+15  2.176   42.419   41.844   33.027   51.194   10.63   10.63   10.63
   10.95   13.19 0.18612D-08  0  0  0.01195  272.15  265.59 0.19214D+15  2.176   41.172   40.597   31.777   49.948   10.95   10.95   10.95
   11.27   13.58 0.18084D-08  0  0  0.01198  272.12  265.59 0.19153D+15  2.176   39.997   39.421   30.599   48.774   11.27   11.27   11.27
   11.59   13.97 0.17585D-08  0  0  0.01201  272.09  265.59 0.19094D+15  2.177   38.886   38.311   29.486   47.665   11.59   11.59   11.59
   11.91   14.36 0.17113D-08  0  0  0.01204  272.05  265.59 0.19036D+15  2.177   37.836   37.261   28.433   46.616   11.91   11.91   11.91
   12.24   14.74 0.16666D-08  0  0  0.01207  272.02  265.59 0.18980D+15  2.177   36.841   36.266   27.435   45.622   12.24   12.24   12.24
   12.56   15.13 0.16242D-08  0  0  0.01210  271.99  265.59 0.18925D+15  2.178   35.897   35.321   26.489   44.679   12.56   12.56   12.56
   12.88   15.52 0.15840D-08  0  0  0.01213  271.95  265.59 0.18872D+15  2.178   35.000   34.425   25.589   43.783   12.88   12.88   12.88
   13.20   15.91 0.15456D-08  0  0  0.01216  271.92  265.58 0.18819D+15  2.178   34.147   33.572   24.733   42.932   13.20   13.20   13.20
   13.52   16.30 0.15092D-08  0  0  0.01219  271.89  265.58 0.18768D+15  2.178   33.334   32.759   23.918   42.121   13.52   13.52   13.52
   13.85   16.68 0.14744D-08  0  0  0.01222  271.85  265.58 0.18718D+15  2.179   32.559   31.984   23.141   41.347   13.85   13.85   13.85
   14.17   17.07 0.14412D-08  0  0  0.01224  271.82  265.57 0.18669D+15  2.179   31.820   31.245   22.399   40.609   14.17   14.17   14.17
   14.49   17.46 0.14094D-08  0  0  0.01227  271.79  265.57 0.18621D+15  2.179   31.113   30.538   21.690   39.904   14.49   14.49   14.49
   14.81   17.85 0.13791D-08  0  0  0.01230  271.75  265.56 0.18574D+15  2.180   30.437   29.862   21.011   39.229   14.81   14.81   14.81
   15.13   18.24 0.13500D-08  0  0  0.01233  271.72  265.56 0.18529D+15  2.180   29.790   29.215   20.361   38.583   15.13   15.13   15.13
   15.46   18.15 0.13222D-08  1  0  0.01236  271.69  265.55 0.18484D+15  2.180   29.170   28.595   19.997   38.218   11.31   14.24   14.66
   15.78   18.53 0.12954D-08  1  0  0.01239  271.65  265.55 0.18439D+15  2.180   28.575   28.000   19.875   38.090   11.35   14.22   14.98
   16.10   18.92 0.12698D-08  1  0  0.01243  271.62  265.54 0.18396D+15  2.181   28.004   27.429   19.755   37.965   11.38   14.21   15.30
   16.42   19.31 0.12452D-08  1  0  0.01246  271.59  265.53 0.18354D+15  2.181   27.455   26.880   19.638   37.842   11.41   14.19   15.62
   16.74   19.70 0.12215D-08  1  0  0.01249  271.55  265.52 0.18312D+15  2.181   26.927   26.353   19.524   37.722   11.44   14.18   15.94
   17.07   20.08 0.11987D-08  1  0  0.01252  271.52  265.52 0.18271D+15  2.182   26.420   25.845   19.412   37.605   11.47   14.17   16.26
   17.39   20.47 0.11767D-08  1  0  0.01255  271.48  265.51 0.18231D+15  2.182   25.931   25.356   19.303   37.490   11.50   14.16   16.58
   17.71   20.86 0.11556D-08  1  0  0.01258  271.45  265.50 0.18192D+15  2.182   25.459   24.885   19.195   37.377   11.53   14.15   16.90
   18.03   21.25 0.11352D-08  1  0  0.01261  271.42  265.49 0.18153D+15  2.182   25.005   24.431   19.090   37.267   11.56   14.14   17.22
   18.35   21.63 0.11155D-08  1  0  0.01264  271.38  265.48 0.18115D+15  2.183   24.567   23.992   18.987   37.158   11.59   14.14   17.55
   18.68   22.02 0.10965D-08  1  0  0.01267  271.35  265.47 0.18078D+15  2.183   24.143   23.569   18.886   37.052   11.62   14.13   17.87
   19.00   22.41 0.10781D-08  1  0  0.01271  271.31  265.46 0.18041D+15  2.183   23.734   23.160   18.787   36.947   11.65   14.13   18.19
   19.32   22.80 0.10604D-08  1  0  0.01274  271.28  265.45 0.18005D+15  2.184   23.339   22.765   18.690   36.845   11.68   14.12   18.51
   19.64   23.18 0.10432D-08  1  0  0.01277  271.25  265.44 0.17969D+15  2.184   22.957   22.383   18.594   36.744   11.70   14.12   18.83
   19.96   23.57 0.10266D-08  1  0  0.01280  271.21  265.43 0.17934D+15  2.184   22.587   22.013   18.500   36.645   11.73   14.12   19.15
   20.29   23.96 0.10105D-08  1  0  0.01283  271.18  265.42 0.17900D+15  2.184   22.228   21.654   18.408   36.548   11.76   14.12   19.47
   20.61   24.35 0.99490D-09  1  0  0.01287  271.14  265.41 0.17866D+15  2.185   21.881   21.307   18.317   36.452   11.78   14.12   19.79
   20.93   24.73 0.97980D-09  1  0  0.01290  271.11  265.39 0.17832D+15  2.185   21.545   20.971   18.228   36.358   11.81   14.12   20.11
   21.25   25.12 0.96516D-09  1  0  0.01293  271.07  265.38 0.17799D+15  2.185   21.218   20.645   18.141   36.265   11.83   14.12   20.44
   21.57   25.51 0.95095D-09  1  0  0.01296  271.04  265.37 0.17767D+15  2.186   20.902   20.328   18.055   36.174   11.86   14.12   20.76
   21.90   25.90 0.93716D-09  1  0  0.01300  271.01  265.36 0.17735D+15  2.186   20.595   20.021   17.970   36.084   11.88   14.12   21.08
   22.22   26.28 0.92377D-09  1  0  0.01303  270.97  265.34 0.17704D+15  2.186   20.296   19.723   17.886   35.996   11.91   14.13   21.40
   22.54   26.67 0.91076D-09  1  0  0.01306  270.94  265.33 0.17673D+15  2.187   20.006   19.433   17.804   35.909   11.93   14.13   21.72
   22.86   27.06 0.89812D-09  1  0  0.01310  270.90  265.32 0.17642D+15  2.187   19.725   19.151   17.723   35.823   11.96   14.13   22.04
   23.18   27.45 0.88583D-09  1  0  0.01313  270.87  265.30 0.17612D+15  2.187   19.451   18.877   17.644   35.738   11.98   14.14   22.36
   23.51   27.83 0.87387D-09  1  0  0.01317  270.83  265.29 0.17582D+15  2.187   19.185   18.611   17.565   35.655   12.00   14.14   22.68
   23.83   28.22 0.86224D-09  1  0  0.01320  270.80  265.27 0.17553D+15  2.188   18.925   18.352   17.488   35.573   12.02   14.14   23.01
   24.15   28.61 0.85092D-09  1  0  0.01323  270.76  265.26 0.17524D+15  2.188   18.673   18.100   17.412   35.492   12.05   14.15   23.33
   24.47   29.00 0.83990D-09  1  0  0.01327  270.73  265.24 0.17496D+15  2.188   18.428   17.854   17.337   35.412   12.07   14.15   23.65
   24.79   29.39 0.82917D-09  1  0  0.01330  270.69  265.23 0.17467D+15  2.189   18.188   17.615   17.263   35.333   12.09   14.16   23.97
   25.12   29.77 0.81870D-09  1  0  0.01334  270.66  265.21 0.17440D+15  2.189   17.955   17.382   17.189   35.256   12.11   14.17   24.29
   25.44   30.16 0.80851D-09  1  0  0.01337  270.62  265.20 0.17412D+15  2.189   17.728   17.155   17.117   35.179   12.13   14.17   24.61
   25.76   30.55 0.79857D-09  1  0  0.01341  270.59  265.18 0.17385D+15  2.190   17.506   16.933   17.046   35.103   12.16   14.18   24.94
   26.08   30.94 0.78887D-09  1  0  0.01344  270.55  265.17 0.17358D+15  2.190   17.290   16.717   16.976   35.028   12.18   14.19   25.26
   26.40   31.32 0.77941D-09  1  0  0.01348  270.52  265.15 0.17332D+15  2.190   17.080   16.507   16.907   34.954   12.20   14.19   25.58
   26.73   31.71 0.77018D-09  1  0  0.01351  270.48  265.14 0.17306D+15  2.190   16.874   16.301   16.838   34.881   12.22   14.20   25.90
   27.05   32.10 0.76117D-09  1  0  0.01355  270.44  265.12 0.17280D+15  2.191   16.673   16.100   16.770   34.809   12.24   14.21   26.22
   27.37   32.49 0.75237D-09  1  0  0.01358  270.41  265.10 0.17255D+15  2.191   16.477   15.904   16.704   34.738   12.26   14.21   26.54
   27.69   32.88 0.74378D-09  1  0  0.01362  270.37  265.09 0.17230D+15  2.191   16.285   15.713   16.638   34.667   12.28   14.22   26.87
   28.01   33.26 0.73538D-09  1  0  0.01366  270.34  265.07 0.17205D+15  2.192   16.098   15.525   16.572   34.598   12.30   14.23   27.19
   28.34   33.65 0.72718D-09  1  0  0.01369  270.30  265.05 0.17181D+15  2.192   15.915   15.343   16.508   34.529   12.32   14.24   27.51
   28.66   34.04 0.71916D-09  1  0  0.01373  270.27  265.03 0.17157D+15  2.192   15.736   15.164   16.444   34.461   12.34   14.25   27.83
   28.98   34.43 0.71131D-09  1  0  0.01377  270.23  265.02 0.17133D+15  2.193   15.561   14.989   16.381   34.394   12.35   14.25   28.15
   29.30   34.82 0.70364D-09  1  0  0.01380  270.19  265.00 0.17109D+15  2.193   15.390   14.818   16.319   34.327   12.37   14.26   28.47
   29.62   35.20 0.69614D-09  1  0  0.01384  270.16  264.98 0.17086D+15  2.193   15.223   14.651   16.257   34.261   12.39   14.27   28.80
   29.95   35.59 0.68880D-09  1  0  0.01388  270.12  264.96 0.17063D+15  2.194   15.059   14.487   16.197   34.196   12.41   14.28   29.12
   30.27   35.98 0.68161D-09  1  0  0.01391  270.09  264.94 0.17040D+15  2.194   14.899   14.327   16.136   34.131   12.43   14.29   29.44
   30.59   36.37 0.67458D-09  1  0  0.01395  270.05  264.93 0.17018D+15  2.194   14.742   14.170   16.077   34.068   12.45   14.30   29.76
   30.91   36.76 0.66769D-09  1  0  0.01399  270.01  264.91 0.16995D+15  2.194   14.589   14.017   16.018   34.004   12.46   14.31   30.08
   31.23   37.14 0.66094D-09  1  0  0.01403  269.98  264.89 0.16973D+15  2.195   14.438   13.866   15.959   33.942   12.48   14.32   30.40
   31.56   37.53 0.65433D-09  1  0  0.01407  269.94  264.87 0.16952D+15  2.195   14.291   13.719   15.902   33.880   12.50   14.32   30.73
   31.88   37.92 0.64786D-09  1  0  0.01411  269.90  264.85 0.16930D+15  2.195   14.147   13.575   15.844   33.819   12.52   14.33   31.05
   32.20   38.31 0.64151D-09  1  0  0.01414  269.87  264.83 0.16909D+15  2.196   14.005   13.433   15.788   33.758   12.53   14.34   31.37
   32.52   38.70 0.63529D-09  1  0  0.01418  269.83  264.81 0.16888D+15  2.196   13.866   13.294   15.732   33.698   12.55   14.35   31.69
   32.84   39.08 0.62919D-09  1  0  0.01422  269.80  264.79 0.16867D+15  2.196   13.730   13.159   15.676   33.638   12.57   14.36   32.01
   33.17   39.47 0.62322D-09  1  0  0.01426  269.76  264.77 0.16847D+15  2.197   13.597   13.025   15.621   33.579   12.58   14.37   32.34
   33.49   39.86 0.61735D-09  1  0  0.01430  269.72  264.75 0.16826D+15  2.197   13.466   12.894   15.566   33.521   12.60   14.38   32.66
   33.81   40.25 0.61160D-09  1  0  0.01434  269.69  264.73 0.16806D+15  2.197   13.338   12.766   15.512   33.463   12.62   14.39   32.98
   34.13   40.64 0.60595D-09  1  0  0.01438  269.65  264.71 0.16786D+15  2.198   13.212   12.640   15.459   33.405   12.63   14.40   33.30
   34.45   41.02 0.60042D-09  1  0  0.01442  269.61  264.69 0.16767D+15  2.198   13.088   12.517   15.406   33.348   12.65   14.41   33.62
   34.78   41.41 0.59498D-09  1  0  0.01446  269.57  264.67 0.16747D+15  2.198   12.967   12.396   15.353   33.292   12.67   14.42   33.95
   35.10   41.80 0.58964D-09  1  0  0.01450  269.54  264.65 0.16728D+15  2.199   12.848   12.277   15.301   33.236   12.68   14.43   34.27
   35.42   42.19 0.58441D-09  1  0  0.01454  269.50  264.63 0.16709D+15  2.199   12.731   12.160   15.249   33.180   12.70   14.44   34.59
   35.74   42.58 0.57926D-09  1  0  0.01458  269.46  264.61 0.16690D+15  2.199   12.616   12.045   15.198   33.125   12.71   14.45   34.91
   36.06   42.96 0.57421D-09  1  0  0.01462  269.43  264.59 0.16671D+15  2.199   12.503   11.932   15.147   33.070   12.73   14.46   35.23
   36.39   43.35 0.56925D-09  1  0  0.01466  269.39  264.57 0.16653D+15  2.200   12.393   11.822   15.097   33.016   12.74   14.47   35.56
   36.71   43.74 0.56437D-09  1  0  0.01471  269.35  264.55 0.16635D+15  2.200   12.284   11.713   15.047   32.962   12.76   14.48   35.88
   37.03   44.13 0.55958D-09  1  0  0.01475  269.31  264.53 0.16617D+15  2.200   12.177   11.606   14.997   32.909   12.77   14.49   36.20
   37.35   44.52 0.55487D-09  1  0  0.01479  269.28  264.50 0.16599D+15  2.201   12.072   11.501   14.948   32.856   12.79   14.50   36.52
   37.67   44.90 0.55024D-09  1  0  0.01483  269.24  264.48 0.16581D+15  2.201   11.969   11.398   14.899   32.804   12.80   14.51   36.84
   38.00   45.29 0.54569D-09  1  0  0.01487  269.20  264.46 0.16564D+15  2.201   11.867   11.296   14.851   32.751   12.82   14.52   37.17
   38.32   45.68 0.54122D-09  1  0  0.01492  269.16  264.44 0.16547D+15  2.202   11.767   11.197   14.803   32.700   12.83   14.53   37.49
   38.64   46.07 0.53682D-09  1  0  0.01496  269.13  264.42 0.16529D+15  2.202   11.669   11.098   14.755   32.648   12.85   14.55   37.81
   38.96   46.46 0.53249D-09  1  0  0.01500  269.09  264.40 0.16513D+15  2.202   11.572   11.002   14.708   32.597   12.86   14.56   38.13
   39.28   46.84 0.52824D-09  1  0  0.01505  269.05  264.37 0.16496D+15  2.203   11.477   10.907   14.661   32.547   12.88   14.57   38.45
   39.61   47.23 0.52405D-09  1  0  0.01509  269.01  264.35 0.16479D+15  2.203   11.384   10.814   14.614   32.497   12.89   14.58   38.78
   39.93   47.62 0.51994D-09  1  0  0.01513  268.97  264.33 0.16463D+15  2.203   11.292   10.722   14.568   32.447   12.91   14.59   39.10
   40.25   48.01 0.51588D-09  1  0  0.01518  268.94  264.30 0.16447D+15  2.204   11.201   10.631   14.522   32.397   12.92   14.60   39.42
   40.57   48.40 0.51190D-09  1  0  0.01522  268.90  264.28 0.16431D+15  2.204   11.112   10.542   14.476   32.348   12.93   14.61   39.74
   40.89   48.79 0.50797D-09  1  0  0.01527  268.86  264.26 0.16415D+15  2.204   11.025   10.455   14.430   32.299   12.95   14.62   40.06
   41.22   49.17 0.50411D-09  1  0  0.01531  268.82  264.24 0.16399D+15  2.205   10.938   10.368   14.385   32.251   12.96   14.63   40.39
   41.54   49.56 0.50030D-09  1  0  0.01536  268.78  264.21 0.16383D+15  2.205   10.853   10.283   14.341   32.202   12.98   14.64   40.71
   41.86   49.95 0.49656D-09  1  0  0.01540  268.74  264.19 0.16368D+15  2.205   10.770   10.200   14.296   32.154   12.99   14.65   41.03
   42.18   50.34 0.49287D-09  1  0  0.01545  268.70  264.17 0.16353D+15  2.206   10.687   10.118   14.252   32.107   13.00   14.66   41.35
   42.50   50.73 0.48924D-09  1  0  0.01549  268.67  264.14 0.16338D+15  2.206   10.606   10.036   14.208   32.060   13.02   14.67   41.68
   42.83   51.11 0.48566D-09  1  0  0.01554  268.63  264.12 0.16323D+15  2.206   10.526    9.957   14.164   32.013   13.03   14.69   42.00
   43.15   51.50 0.48214D-09  1  0  0.01558  268.59  264.09 0.16308D+15  2.207   10.448    9.878   14.121   31.966   13.04   14.70   42.32
   43.47   51.89 0.47867D-09  1  0  0.01563  268.55  264.07 0.16294D+15  2.207   10.370    9.800   14.078   31.919   13.06   14.71   42.64
   43.79   52.28 0.47524D-09  1  0  0.01568  268.51  264.05 0.16279D+15  2.207   10.294    9.724   14.035   31.873   13.07   14.72   42.96
   44.11   52.67 0.47187D-09  1  0  0.01572  268.47  264.02 0.16265D+15  2.208   10.218    9.649   13.992   31.827   13.08   14.73   43.29
   44.44   53.06 0.46855D-09  1  0  0.01577  268.43  264.00 0.16251D+15  2.208   10.144    9.575   13.950   31.782   13.10   14.74   43.61
   44.76   53.44 0.46528D-09  1  0  0.01582  268.39  263.97 0.16237D+15  2.208   10.071    9.502   13.908   31.736   13.11   14.75   43.93
   45.08   53.83 0.46205D-09  1  0  0.01587  268.35  263.95 0.16223D+15  2.209    9.999    9.429   13.866   31.691   13.12   14.76   44.25
   45.40   54.22 0.45887D-09  1  0  0.01591  268.31  263.92 0.16209D+15  2.209    9.927    9.358   13.824   31.646   13.13   14.77   44.58
   45.72   54.61 0.45573D-09  1  0  0.01596  268.28  263.90 0.16196D+15  2.209    9.857    9.288   13.783   31.602   13.15   14.78   44.90
   46.05   55.00 0.45264D-09  1  0  0.01601  268.24  263.87 0.16183D+15  2.210    9.788    9.219   13.741   31.558   13.16   14.80   45.22
   46.37   55.39 0.44959D-09  1  0  0.01606  268.20  263.85 0.16169D+15  2.210    9.720    9.151   13.700   31.513   13.17   14.81   45.54
   46.69   55.77 0.44658D-09  1  0  0.01611  268.16  263.82 0.16156D+15  2.210    9.653    9.084   13.660   31.470   13.18   14.82   45.87
   47.01   56.16 0.44362D-09  1  0  0.01616  268.12  263.80 0.16143D+15  2.211    9.586    9.018   13.619   31.426   13.20   14.83   46.19
   47.33   56.55 0.44069D-09  1  0  0.01621  268.08  263.77 0.16131D+15  2.211    9.521    8.952   13.579   31.383   13.21   14.84   46.51
   47.66   56.94 0.43780D-09  1  0  0.01626  268.04  263.75 0.16118D+15  2.211    9.456    8.888   13.539   31.339   13.22   14.85   46.83
   47.98   57.33 0.43496D-09  1  0  0.01631  268.00  263.72 0.16105D+15  2.212    9.393    8.824   13.499   31.296   13.23   14.86   47.15
   48.30   57.72 0.43215D-09  1  0  0.01636  267.96  263.70 0.16093D+15  2.212    9.330    8.761   13.459   31.254   13.24   14.87   47.48
   48.62   58.10 0.42937D-09  1  0  0.01641  267.92  263.67 0.16081D+15  2.213    9.268    8.699   13.419   31.211   13.26   14.89   47.80
   48.94   58.49 0.42664D-09  1  0  0.01646  267.88  263.65 0.16069D+15  2.213    9.207    8.638   13.380   31.169   13.27   14.90   48.12
   49.27   58.88 0.42394D-09  1  0  0.01651  267.84  263.62 0.16057D+15  2.213    9.146    8.578   13.341   31.127   13.28   14.91   48.44
   49.59   59.27 0.42127D-09  1  0  0.01656  267.80  263.59 0.16045D+15  2.214    9.086    8.518   13.302   31.085   13.29   14.92   48.77
   49.91   59.66 0.41864D-09  1  0  0.01662  267.75  263.57 0.16033D+15  2.214    9.028    8.460   13.263   31.043   13.30   14.93   49.09
   50.23   60.04 0.41605D-09  1  0  0.01667  267.71  263.54 0.16022D+15  2.214    8.969    8.402   13.224   31.002   13.32   14.94   49.41
   50.55   60.43 0.41348D-09  1  0  0.01672  267.67  263.51 0.16010D+15  2.215    8.912    8.344   13.186   30.960   13.33   14.95   49.73
   50.88   60.82 0.41095D-09  1  0  0.01677  267.63  263.49 0.15999D+15  2.215    8.855    8.288   13.147   30.919   13.34   14.96   50.06
   51.20   61.21 0.40845D-09  1  0  0.01683  267.59  263.46 0.15988D+15  2.215    8.799    8.232   13.109   30.878   13.35   14.98   50.38
   51.52   61.60 0.40598D-09  1  0  0.01688  267.55  263.43 0.15977D+15  2.216    8.744    8.177   13.071   30.837   13.36   14.99   50.70
   51.84   61.99 0.40355D-09  1  0  0.01693  267.51  263.41 0.15966D+15  2.216    8.690    8.122   13.033   30.797   13.37   15.00   51.02
   52.16   62.37 0.40114D-09  1  0  0.01699  267.47  263.38 0.15955D+15  2.216    8.636    8.068   12.995   30.756   13.39   15.01   51.35
   52.49   62.76 0.39876D-09  1  0  0.01704  267.43  263.35 0.15945D+15  2.217    8.582    8.015   12.958   30.716   13.40   15.02   51.67
   52.81   63.15 0.39641D-09  1  0  0.01710  267.39  263.33 0.15934D+15  2.217    8.530    7.962   12.920   30.676   13.41   15.03   51.99
   53.13   63.54 0.39409D-09  1  0  0.01715  267.34  263.30 0.15924D+15  2.217    8.478    7.911   12.883   30.636   13.42   15.04   52.31
   53.45   63.93 0.39180D-09  1  0  0.01721  267.30  263.27 0.15914D+15  2.218    8.426    7.859   12.846   30.596   13.43   15.06   52.64
   53.77   64.32 0.38953D-09  1  0  0.01727  267.26  263.24 0.15904D+15  2.218    8.376    7.809   12.809   30.557   13.44   15.07   52.96
   54.10   64.70 0.38730D-09  1  0  0.01732  267.22  263.21 0.15894D+15  2.219    8.326    7.759   12.772   30.517   13.45   15.08   53.28
   54.42   65.09 0.38509D-09  1  0  0.01738  267.18  263.19 0.15884D+15  2.219    8.276    7.709   12.735   30.478   13.46   15.09   53.60
   54.74   65.48 0.38290D-09  1  0  0.01743  267.14  263.16 0.15874D+15  2.219    8.227    7.660   12.699   30.439   13.48   15.10   53.93
   55.06   65.87 0.38074D-09  1  0  0.01749  267.09  263.13 0.15865D+15  2.220    8.179    7.612   12.662   30.400   13.49   15.11   54.25
   55.38   66.26 0.37861D-09  1  0  0.01755  267.05  263.10 0.15855D+15  2.220    8.131    7.564   12.626   30.361   13.50   15.13   54.57
   55.71   66.65 0.37650D-09  1  0  0.01761  267.01  263.07 0.15846D+15  2.220    8.083    7.517   12.590   30.322   13.51   15.14   54.89
   56.03   67.04 0.37441D-09  1  0  0.01767  266.97  263.05 0.15837D+15  2.221    8.037    7.470   12.553   30.283   13.52   15.15   55.22
   56.35   67.42 0.37235D-09  1  0  0.01772  266.93  263.02 0.15828D+15  2.221    7.990    7.424   12.517   30.245   13.53   15.16   55.54
   56.67   67.81 0.37031D-09  1  0  0.01778  266.88  262.99 0.15819D+15  2.221    7.945    7.378   12.481   30.206   13.54   15.17   55.86
   56.99   68.20 0.36829D-09  1  0  0.01784  266.84  262.96 0.15810D+15  2.222    7.899    7.333   12.446   30.168   13.55   15.18   56.18
   57.32   68.59 0.36630D-09  1  0  0.01790  266.80  262.93 0.15801D+15  2.222    7.855    7.289   12.410   30.130   13.56   15.20   56.51
   57.64   68.98 0.36433D-09  1  0  0.01796  266.75  262.90 0.15793D+15  2.223    7.811    7.244   12.374   30.092   13.57   15.21   56.83
   57.96   69.37 0.36238D-09  1  0  0.01802  266.71  262.87 0.15784D+15  2.223    7.767    7.201   12.339   30.054   13.58   15.22   57.15
   58.28   69.75 0.36046D-09  1  0  0.01808  266.67  262.84 0.15776D+15  2.223    7.724    7.158   12.303   30.017   13.59   15.23   57.47
   58.60   70.14 0.35855D-09  1  0  0.01815  266.63  262.81 0.15768D+15  2.224    7.681    7.115   12.268   29.979   13.61   15.24   57.80
   58.93   70.53 0.35667D-09  1  0  0.01821  266.58  262.78 0.15760D+15  2.224    7.638    7.073   12.233   29.942   13.62   15.25   58.12
   59.25   70.92 0.35480D-09  1  0  0.01827  266.54  262.75 0.15752D+15  2.224    7.597    7.031   12.198   29.904   13.63   15.27   58.44
   59.57   71.31 0.35296D-09  1  0  0.01833  266.50  262.73 0.15744D+15  2.225    7.555    6.990   12.163   29.867   13.64   15.28   58.76
   59.89   71.70 0.35113D-09  1  0  0.01840  266.45  262.70 0.15736D+15  2.225    7.514    6.949   12.128   29.830   13.65   15.29   59.09
   60.21   72.08 0.34933D-09  1  0  0.01846  266.41  262.67 0.15729D+15  2.226    7.474    6.908   12.093   29.793   13.66   15.30   59.41
   60.54   72.47 0.34754D-09  1  0  0.01852  266.36  262.64 0.15721D+15  2.226    7.434    6.868   12.058   29.756   13.67   15.31   59.73
   60.86   72.86 0.34578D-09  1  0  0.01859  266.32  262.61 0.15714D+15  2.226    7.394    6.829   12.023   29.719   13.68   15.32   60.05
   61.18   73.25 0.34403D-09  1  0  0.01865  266.28  262.57 0.15707D+15  2.227    7.355    6.789   11.989   29.682   13.69   15.34   60.38
   61.50   73.64 0.34230D-09  1  0  0.01872  266.23  262.54 0.15700D+15  2.227    7.316    6.751   11.954   29.646   13.70   15.35   60.70
   61.82   74.03 0.34059D-09  1  0  0.01878  266.19  262.51 0.15693D+15  2.228    7.277    6.712   11.920   29.609   13.71   15.36   61.02
   62.15   74.42 0.33889D-09  1  0  0.01885  266.14  262.48 0.15686D+15  2.228    7.239    6.674   11.885   29.573   13.72   15.37   61.34
   62.47   74.80 0.33722D-09  1  0  0.01891  266.10  262.45 0.15680D+15  2.228    7.202    6.637   11.851   29.536   13.73   15.38   61.67
   62.79   75.19 0.33556D-09  1  0  0.01898  266.06  262.42 0.15673D+15  2.229    7.164    6.599   11.817   29.500   13.74   15.40   61.99
   63.11   75.58 0.33392D-09  1  0  0.01905  266.01  262.39 0.15667D+15  2.229    7.127    6.563   11.782   29.464   13.75   15.41   62.31
   63.43   75.97 0.33229D-09  1  0  0.01912  265.97  262.36 0.15661D+15  2.229    7.091    6.526   11.748   29.428   13.76   15.42   62.64
   63.76   76.36 0.33068D-09  1  0  0.01918  265.92  262.33 0.15655D+15  2.230    7.054    6.490   11.714   29.392   13.77   15.43   62.96
   64.08   76.75 0.32909D-09  1  0  0.01925  265.88  262.30 0.15649D+15  2.230    7.019    6.454   11.680   29.356   13.78   15.44   63.28
   64.40   77.13 0.32751D-09  1  0  0.01932  265.83  262.27 0.15643D+15  2.231    6.983    6.419   11.646   29.320   13.79   15.46   63.60
   64.72   77.52 0.32595D-09  1  0  0.01939  265.79  262.23 0.15637D+15  2.231    6.948    6.384   11.612   29.284   13.80   15.47   63.93
   65.04   77.91 0.32440D-09  1  0  0.01946  265.74  262.20 0.15631D+15  2.231    6.913    6.349   11.578   29.248   13.81   15.48   64.25
   65.37   78.30 0.32287D-09  1  0  0.01953  265.70  262.17 0.15626D+15  2.232    6.879    6.315   11.544   29.213   13.82   15.49   64.57
   65.69   78.69 0.32136D-09  1  0  0.01960  265.65  262.14 0.15621D+15  2.232    6.845    6.281   11.511   29.177   13.83   15.50   64.89
   66.01   79.08 0.31986D-09  1  0  0.01967  265.60  262.11 0.15615D+15  2.233    6.811    6.247   11.477   29.142   13.84   15.52   65.22
   66.33   79.47 0.31837D-09  1  0  0.01975  265.56  262.07 0.15610D+15  2.233    6.777    6.214   11.443   29.106   13.85   15.53   65.54
   66.65   79.85 0.31690D-09  1  0  0.01982  265.51  262.04 0.15605D+15  2.233    6.744    6.181   11.410   29.071   13.86   15.54   65.86
   66.98   80.24 0.31544D-09  1  0  0.01989  265.47  262.01 0.15601D+15  2.234    6.711    6.148   11.376   29.036   13.87   15.55   66.19
   67.30   80.63 0.31400D-09  1  0  0.01996  265.42  261.98 0.15596D+15  2.234    6.679    6.115   11.342   29.000   13.88   15.57   66.51
   67.62   81.02 0.31257D-09  1  0  0.02004  265.37  261.94 0.15591D+15  2.235    6.647    6.083   11.309   28.965   13.89   15.58   66.83
   67.94   81.41 0.31115D-09  1  0  0.02011  265.33  261.91 0.15587D+15  2.235    6.615    6.051   11.275   28.930   13.90   15.59   67.15
   68.26   81.80 0.30975D-09  1  0  0.02019  265.28  261.88 0.15583D+15  2.235    6.583    6.020   11.242   28.895   13.91   15.60   67.48
   68.59   82.19 0.30836D-09  1  0  0.02026  265.23  261.85 0.15579D+15  2.236    6.552    5.989   11.208   28.860   13.92   15.62   67.80
   68.91   82.57 0.30698D-09  1  0  0.02034  265.19  261.81 0.15575D+15  2.236    6.521    5.958   11.175   28.825   13.93   15.63   68.12
   69.23   82.96 0.30562D-09  1  0  0.02041  265.14  261.78 0.15571D+15  2.237    6.490    5.927   11.141   28.790   13.94   15.64   68.45
   69.55   83.35 0.30427D-09  1  0  0.02049  265.09  261.75 0.15567D+15  2.237    6.459    5.897   11.108   28.755   13.95   15.65   68.77
   69.87   83.74 0.30293D-09  1  0  0.02057  265.05  261.71 0.15563D+15  2.237    6.429    5.866   11.075   28.720   13.96   15.67   69.09
   70.20   84.13 0.30160D-09  1  0  0.02065  265.00  261.68 0.15560D+15  2.238    6.399    5.837   11.041   28.686   13.97   15.68   69.41
   70.52   84.52 0.30029D-09  1  0  0.02073  264.95  261.65 0.15557D+15  2.238    6.370    5.807   11.008   28.651   13.98   15.69   69.74
   70.84   84.91 0.29899D-09  1  0  0.02081  264.90  261.61 0.15554D+15  2.239    6.340    5.778   10.975   28.616   13.99   15.70   70.06
   71.16   85.29 0.29770D-09  1  0  0.02089  264.86  261.58 0.15551D+15  2.239    6.311    5.749   10.941   28.581   14.00   15.72   70.38
   71.48   85.68 0.29642D-09  1  0  0.02097  264.81  261.54 0.15548D+15  2.240    6.282    5.720   10.908   28.547   14.01   15.73   70.71
   71.81   86.07 0.29515D-09  1  0  0.02105  264.76  261.51 0.15545D+15  2.240    6.253    5.691   10.875   28.512   14.02   15.74   71.03
   72.13   86.46 0.29389D-09  1  0  0.02113  264.71  261.47 0.15542D+15  2.240    6.225    5.663   10.842   28.478   14.03   15.75   71.35
   72.45   86.85 0.29265D-09  1  0  0.02121  264.66  261.44 0.15540D+15  2.241    6.197    5.635   10.808   28.443   14.04   15.77   71.67
   72.77   87.24 0.29141D-09  1  0  0.02129  264.62  261.41 0.15538D+15  2.241    6.169    5.607   10.775   28.409   14.05   15.78   72.00
   73.09   87.63 0.29019D-09  1  0  0.02138  264.57  261.37 0.15536D+15  2.242    6.141    5.580   10.742   28.374   14.06   15.79   72.32
   73.42   88.02 0.28898D-09  1  0  0.02146  264.52  261.34 0.15534D+15  2.242    6.114    5.552   10.709   28.340   14.07   15.81   72.64
   73.74   88.40 0.28778D-09  1  0  0.02155  264.47  261.30 0.15532D+15  2.243    6.087    5.525   10.675   28.305   14.08   15.82   72.97
   74.06   88.79 0.28659D-09  1  0  0.02163  264.42  261.27 0.15530D+15  2.243    6.060    5.498   10.642   28.271   14.09   15.83   73.29
   74.38   89.18 0.28541D-09  1  0  0.02172  264.37  261.23 0.15529D+15  2.243    6.033    5.472   10.609   28.237   14.10   15.84   73.61
   74.70   89.57 0.28423D-09  1  0  0.02180  264.32  261.19 0.15527D+15  2.244    6.007    5.445   10.576   28.202   14.11   15.86   73.93
   75.03   89.96 0.28307D-09  1  0  0.02189  264.27  261.16 0.15526D+15  2.244    5.980    5.419   10.542   28.168   14.12   15.87   74.26
   75.35   90.35 0.28192D-09  1  0  0.02198  264.22  261.12 0.15525D+15  2.245    5.954    5.393   10.509   28.134   14.13   15.88   74.58
   75.67   90.74 0.28078D-09  1  0  0.02207  264.17  261.09 0.15524D+15  2.245    5.928    5.367   10.476   28.099   14.14   15.90   74.90
   75.99   91.12 0.27965D-09  1  0  0.02216  264.12  261.05 0.15523D+15  2.246    5.903    5.342   10.442   28.065   14.15   15.91   75.23
   76.31   91.51 0.27853D-09  1  0  0.02225  264.07  261.02 0.15523D+15  2.246    5.877    5.317   10.409   28.031   14.16   15.92   75.55
   76.64   91.90 0.27742D-09  1  0  0.02234  264.02  260.98 0.15522D+15  2.246    5.852    5.292   10.376   27.997   14.17   15.94   75.87
   76.96   92.29 0.27631D-09  1  0  0.02243  263.97  260.94 0.15522D+15  2.247    5.827    5.267   10.342   27.962   14.18   15.95   76.20
   77.28   92.68 0.27522D-09  1  0  0.02252  263.92  260.91 0.15522D+15  2.247    5.802    5.242   10.309   27.928   14.19   15.96   76.52
   77.60   93.07 0.27414D-09  1  0  0.02261  263.87  260.87 0.15522D+15  2.248    5.778    5.217   10.275   27.894   14.20   15.98   76.84
   77.92   93.46 0.27306D-09  1  0  0.02271  263.82  260.83 0.15522D+15  2.248    5.753    5.193   10.242   27.860   14.21   15.99   77.17
   78.25   93.85 0.27199D-09  1  0  0.02280  263.77  260.80 0.15522D+15  2.249    5.729    5.169   10.209   27.826   14.22   16.00   77.49
   78.57   94.23 0.27094D-09  1  0  0.02290  263.72  260.76 0.15523D+15  2.249    5.705    5.145   10.175   27.791   14.23   16.02   77.81
   78.89   94.62 0.26989D-09  1  0  0.02299  263.67  260.72 0.15524D+15  2.250    5.681    5.121   10.142   27.757   14.24   16.03   78.13
   79.21   95.01 0.26885D-09  1  0  0.02309  263.61  260.68 0.15525D+15  2.250    5.657    5.098   10.108   27.723   14.25   16.05   78.46
   79.53   95.40 0.26781D-09  1  0  0.02319  263.56  260.65 0.15526D+15  2.250    5.634    5.074   10.074   27.689   14.26   16.06   78.78
   79.86   95.79 0.26679D-09  1  0  0.02328  263.51  260.61 0.15527D+15  2.251    5.611    5.051   10.041   27.654   14.27   16.07   79.10
   80.18   96.18 0.26577D-09  1  0  0.02338  263.46  260.57 0.15528D+15  2.251    5.588    5.028   10.007   27.620   14.28   16.09   79.43
   80.50   96.57 0.26477D-09  1  0  0.02348  263.41  260.53 0.15530D+15  2.252    5.565    5.006    9.973   27.586   14.29   16.10   79.75
   80.82   96.96 0.26377D-09  1  0  0.02358  263.35  260.49 0.15532D+15  2.252    5.542    4.983    9.940   27.552   14.30   16.11   80.07
   81.14   97.34 0.26278D-09  1  0  0.02368  263.30  260.46 0.15534D+15  2.253    5.519    4.960    9.906   27.517   14.31   16.13   80.40
   81.47   97.73 0.26179D-09  1  0  0.02379  263.25  260.42 0.15536D+15  2.253    5.497    4.938    9.872   27.483   14.32   16.14   80.72
   81.79   98.12 0.26082D-09  1  0  0.02389  263.19  260.38 0.15538D+15  2.254    5.475    4.916    9.838   27.449   14.33   16.16   81.04
   82.11   98.51 0.25985D-09  1  0  0.02399  263.14  260.34 0.15541D+15  2.254    5.453    4.894    9.804   27.415   14.34   16.17   81.37
   82.43   98.90 0.25889D-09  1  0  0.02410  263.09  260.30 0.15544D+15  2.255    5.431    4.872    9.770   27.380   14.35   16.19   81.69
   82.75   99.29 0.25793D-09  1  0  0.02420  263.03  260.26 0.15547D+15  2.255    5.409    4.851    9.736   27.346   14.36   16.20   82.01
   83.08   99.68 0.25699D-09  1  0  0.02431  262.98  260.22 0.15550D+15  2.256    5.387    4.829    9.702   27.311   14.37   16.21   82.34
   83.40  100.07 0.25605D-09  1  0  0.02442  262.93  260.18 0.15553D+15  2.256    5.366    4.808    9.668   27.277   14.38   16.23   82.66
   83.72  100.46 0.25512D-09  1  0  0.02453  262.87  260.14 0.15557D+15  2.257    5.345    4.787    9.633   27.243   14.39   16.24   82.98
   84.04  100.84 0.25419D-09  1  0  0.02464  262.82  260.10 0.15560D+15  2.257    5.324    4.766    9.599   27.208   14.40   16.26   83.31
   84.36  101.23 0.25328D-09  1  0  0.02475  262.76  260.06 0.15564D+15  2.257    5.303    4.745    9.565   27.174   14.41   16.27   83.63
   84.69  101.62 0.25237D-09  1  0  0.02486  262.71  260.02 0.15568D+15  2.258    5.282    4.724    9.530   27.139   14.42   16.29   83.95
   85.01  102.01 0.25146D-09  1  0  0.02497  262.65  259.98 0.15573D+15  2.258    5.261    4.704    9.496   27.104   14.43   16.30   84.28
   85.33  102.40 0.25057D-09  1  0  0.02508  262.60  259.94 0.15577D+15  2.259    5.241    4.683    9.461   27.070   14.44   16.32   84.60
   85.65  102.79 0.24968D-09  1  0  0.02519  262.54  259.90 0.15582D+15  2.259    5.220    4.663    9.426   27.035   14.45   16.33   84.92
   85.97  103.18 0.24880D-09  1  0  0.02531  262.49  259.86 0.15587D+15  2.260    5.200    4.643    9.392   27.000   14.46   16.35   85.25
   86.30  103.57 0.24792D-09  1  0  0.02543  262.43  259.82 0.15592D+15  2.260    5.180    4.623    9.357   26.966   14.47   16.36   85.57
   86.62  103.96 0.24705D-09  1  0  0.02554  262.37  259.78 0.15598D+15  2.261    5.160    4.603    9.322   26.931   14.48   16.38   85.89
   86.94  104.34 0.24619D-09  1  0  0.02566  262.32  259.74 0.15603D+15  2.261    5.141    4.584    9.287   26.896   14.49   16.39   86.22
   87.26  104.73 0.24533D-09  1  0  0.02578  262.26  259.70 0.15609D+15  2.262    5.121    4.564    9.252   26.861   14.50   16.41   86.54
   87.58  105.12 0.24448D-09  1  0  0.02590  262.20  259.66 0.15615D+15  2.262    5.101    4.545    9.217   26.826   14.52   16.42   86.86
   87.91  105.51 0.24363D-09  1  0  0.02602  262.15  259.61 0.15622D+15  2.263    5.082    4.526    9.181   26.791   14.53   16.44   87.19
   88.23  105.90 0.24280D-09  1  0  0.02614  262.09  259.57 0.15628D+15  2.263    5.063    4.507    9.146   26.756   14.54   16.45   87.51
   88.55  106.29 0.24196D-09  1  0  0.02627  262.03  259.53 0.15635D+15  2.264    5.044    4.488    9.110   26.721   14.55   16.47   87.84
   88.87  106.68 0.24114D-09  1  0  0.02639  261.97  259.49 0.15642D+15  2.264    5.025    4.469    9.075   26.686   14.56   16.49   88.16
   89.19  107.07 0.24032D-09  1  0  0.02652  261.92  259.44 0.15649D+15  2.265    5.006    4.450    9.039   26.651   14.57   16.50   88.48
   89.52  107.46 0.23950D-09  1  0  0.02664  261.86  259.40 0.15657D+15  2.265    4.987    4.432    9.003   26.615   14.58   16.52   88.81
   89.84  107.85 0.23870D-09  1  0  0.02677  261.80  259.36 0.15665D+15  2.266    4.969    4.413    8.968   26.580   14.59   16.53   89.13
   90.16  108.24 0.23789D-09  1  0  0.02690  261.74  259.32 0.15673D+15  2.266    4.950    4.395    8.932   26.545   14.60   16.55   89.45
   90.48  108.62 0.23710D-09  1  0  0.02703  261.68  259.27 0.15681D+15  2.267    4.932    4.377    8.896   26.509   14.61   16.56   89.78
   90.80  109.01 0.23631D-09  1  0  0.02716  261.62  259.23 0.15690D+15  2.268    4.914    4.359    8.859   26.473   14.62   16.58   90.10
   91.13  109.40 0.23552D-09  1  0  0.02729  261.56  259.18 0.15699D+15  2.268    4.895    4.341    8.823   26.438   14.63   16.60   90.43
   91.45  109.79 0.23474D-09  1  0  0.02743  261.50  259.14 0.15708D+15  2.269    4.877    4.323    8.787   26.402   14.65   16.61   90.75
   91.77  110.18 0.23397D-09  1  0  0.02756  261.44  259.10 0.15717D+15  2.269    4.860    4.305    8.750   26.366   14.66   16.63   91.07
   92.09  110.57 0.23320D-09  1  0  0.02770  261.38  259.05 0.15727D+15  2.270    4.842    4.287    8.713   26.330   14.67   16.65   91.40
   92.41  110.96 0.23243D-09  1  0  0.02784  261.32  259.01 0.15737D+15  2.270    4.824    4.270    8.676   26.294   14.68   16.66   91.72
   92.74  111.35 0.23167D-09  1  0  0.02798  261.26  258.96 0.15747D+15  2.271    4.807    4.253    8.640   26.258   14.69   16.68   92.04
   93.06  111.74 0.23092D-09  1  0  0.02812  261.20  258.92 0.15758D+15  2.271    4.789    4.235    8.602   26.222   14.70   16.70   92.37
   93.38  112.13 0.23017D-09  1  0  0.02826  261.14  258.87 0.15769D+15  2.272    4.772    4.218    8.565   26.186   14.71   16.72   92.69
   93.70  112.52 0.22943D-09  1  0  0.02840  261.07  258.83 0.15780D+15  2.272    4.755    4.201    8.528   26.150   14.73   16.73   93.02
   94.02  112.91 0.22869D-09  1  0  0.02855  261.01  258.78 0.15792D+15  2.273    4.738    4.184    8.490   26.113   14.74   16.75   93.34
   94.35  113.30 0.22796D-09  1  0  0.02869  260.95  258.73 0.15803D+15  2.273    4.721    4.167    8.453   26.077   14.75   16.77   93.66
   94.67  113.68 0.22723D-09  1  0  0.02884  260.89  258.69 0.15816D+15  2.274    4.704    4.151    8.415   26.040   14.76   16.78   93.99
   94.99  114.07 0.22651D-09  1  0  0.02899  260.82  258.64 0.15828D+15  2.275    4.687    4.134    8.377   26.003   14.77   16.80   94.31
   95.31  114.46 0.22579D-09  1  0  0.02914  260.76  258.60 0.15841D+15  2.275    4.671    4.118    8.339   25.966   14.78   16.82   94.64
   95.63  114.85 0.22508D-09  1  0  0.02929  260.70  258.55 0.15854D+15  2.276    4.654    4.101    8.300   25.929   14.80   16.84   94.96
   95.96  115.24 0.22437D-09  1  0  0.02944  260.63  258.50 0.15867D+15  2.276    4.638    4.085    8.262   25.892   14.81   16.86   95.28
   96.28  115.63 0.22367D-09  1  0  0.02960  260.57  258.45 0.15881D+15  2.277    4.621    4.069    8.223   25.855   14.82   16.87   95.61
   96.60  116.02 0.22297D-09  1  0  0.02975  260.50  258.41 0.15895D+15  2.277    4.605    4.053    8.185   25.818   14.83   16.89   95.93
   96.92  116.41 0.22228D-09  1  0  0.02991  260.44  258.36 0.15910D+15  2.278    4.589    4.037    8.146   25.780   14.85   16.91   96.26
   97.24  116.80 0.22159D-09  1  0  0.03007  260.37  258.31 0.15925D+15  2.279    4.573    4.021    8.107   25.743   14.86   16.93   96.58
   97.57  117.19 0.22090D-09  1  0  0.03023  260.31  258.26 0.15940D+15  2.279    4.557    4.005    8.067   25.705   14.87   16.95   96.91
   97.89  117.58 0.22022D-09  1  0  0.03040  260.24  258.21 0.15956D+15  2.280    4.541    3.989    8.028   25.667   14.88   16.97   97.23
   98.21  117.97 0.21955D-09  1  0  0.03056  260.18  258.17 0.15972D+15  2.280    4.525    3.974    7.988   25.629   14.89   16.99   97.56
   98.53  118.36 0.21887D-09  1  0  0.03073  260.11  258.12 0.15988D+15  2.281    4.510    3.958    7.948   25.591   14.91   17.01   97.88
   98.85  118.75 0.21821D-09  1  0  0.03090  260.04  258.07 0.16005D+15  2.282    4.494    3.943    7.908   25.553   14.92   17.02   98.20
   99.18  119.14 0.21754D-09  1  0  0.03106  259.97  258.02 0.16022D+15  2.282    4.478    3.927    7.868   25.515   14.93   17.04   98.53
   99.50  119.53 0.21689D-09  1  0  0.03124  259.91  257.97 0.16040D+15  2.283    4.463    3.912    7.827   25.476   14.95   17.06   98.85
   99.82  119.92 0.21623D-09  1  0  0.03141  259.84  257.92 0.16058D+15  2.283    4.448    3.897    7.787   25.438   14.96   17.08   99.18
  100.14  120.31 0.21558D-09  1  0  0.03159  259.77  257.87 0.16077D+15  2.284    4.432    3.882    7.746   25.399   14.97   17.10   99.50
  100.46  120.70 0.21494D-09  1  0  0.03176  259.70  257.82 0.16095D+15  2.285    4.417    3.867    7.705   25.360   14.99   17.12   99.83
  100.79  121.09 0.21430D-09  1  0  0.03194  259.63  257.77 0.16115D+15  2.285    4.402    3.852    7.663   25.321   15.00   17.14  100.15
  101.11  121.48 0.21366D-09  1  0  0.03212  259.56  257.71 0.16135D+15  2.286    4.387    3.837    7.622   25.281   15.01   17.16  100.48
  101.43  121.87 0.21302D-09  1  0  0.03231  259.49  257.66 0.16155D+15  2.286    4.372    3.823    7.580   25.242   15.03   17.19  100.80
  101.75  122.26 0.21240D-09  1  0  0.03249  259.42  257.61 0.16176D+15  2.287    4.358    3.808    7.538   25.202   15.04   17.21  101.13
  102.07  122.64 0.21177D-09  1  0  0.03268  259.35  257.56 0.16197D+15  2.288    4.343    3.794    7.496   25.162   15.05   17.23  101.45
  102.40  123.03 0.21115D-09  1  0  0.03287  259.28  257.51 0.16219D+15  2.288    4.328    3.779    7.453   25.122   15.07   17.25  101.78
  102.72  123.42 0.21053D-09  1  0  0.03306  259.21  257.45 0.16241D+15  2.289    4.314    3.765    7.411   25.082   15.08   17.27  102.10
  103.04  123.81 0.20992D-09  1  0  0.03325  259.13  257.40 0.16264D+15  2.290    4.299    3.750    7.368   25.042   15.10   17.29  102.43
  103.36  124.20 0.20931D-09  1  0  0.03345  259.06  257.35 0.16287D+15  2.290    4.285    3.736    7.324   25.001   15.11   17.31  102.75
  103.68  124.59 0.20870D-09  1  0  0.03365  258.99  257.29 0.16311D+15  2.291    4.270    3.722    7.281   24.961   15.12   17.34  103.08
  104.01  124.99 0.20810D-09  1  0  0.03385  258.92  257.24 0.16335D+15  2.292    4.256    3.708    7.237   24.920   15.14   17.36  103.40
  104.33  125.38 0.20750D-09  1  0  0.03405  258.84  257.18 0.16360D+15  2.292    4.242    3.694    7.193   24.879   15.15   17.38  103.73
  104.65  125.77 0.20691D-09  1  0  0.03425  258.77  257.13 0.16386D+15  2.293    4.228    3.680    7.149   24.837   15.17   17.40  104.05
  104.97  126.16 0.20631D-09  1  0  0.03446  258.69  257.08 0.16412D+15  2.294    4.214    3.666    7.104   24.796   15.18   17.43  104.38
  105.29  126.55 0.20573D-09  1  0  0.03467  258.62  257.02 0.16438D+15  2.294    4.200    3.652    7.059   24.754   15.20   17.45  104.71
  105.62  126.94 0.20514D-09  1  0  0.03488  258.54  256.96 0.16465D+15  2.295    4.186    3.639    7.014   24.712   15.21   17.47  105.03
  105.94  127.33 0.20456D-09  1  0  0.03510  258.46  256.91 0.16493D+15  2.296    4.172    3.625    6.969   24.670   15.23   17.50  105.36
  106.26  127.72 0.20399D-09  1  0  0.03531  258.39  256.85 0.16522D+15  2.296    4.159    3.612    6.923   24.627   15.24   17.52  105.68
  106.58  128.11 0.20341D-09  1  0  0.03553  258.31  256.79 0.16551D+15  2.297    4.145    3.598    6.877   24.584   15.26   17.54  106.01
  106.90  128.50 0.20284D-09  1  0  0.03576  258.23  256.74 0.16581D+15  2.298    4.131    3.585    6.830   24.542   15.27   17.57  106.34
  107.23  128.89 0.20228D-09  1  0  0.03598  258.15  256.68 0.16611D+15  2.298    4.118    3.571    6.783   24.498   15.29   17.59  106.66
  107.55  129.28 0.20171D-09  1  0  0.03621  258.07  256.62 0.16642D+15  2.299    4.104    3.558    6.736   24.455   15.31   17.62  106.99
  107.87  129.67 0.20115D-09  1  0  0.03644  257.99  256.56 0.16674D+15  2.300    4.091    3.545    6.689   24.411   15.32   17.64  107.31
  108.19  130.06 0.20060D-09  1  0  0.03667  257.91  256.50 0.16707D+15  2.301    4.077    3.532    6.641   24.367   15.34   17.67  107.64
  108.51  130.45 0.20004D-09  1  0  0.03691  257.83  256.45 0.16740D+15  2.301    4.064    3.519    6.593   24.323   15.36   17.69  107.97
  108.84  130.84 0.19949D-09  1  0  0.03715  257.75  256.39 0.16774D+15  2.302    4.051    3.506    6.544   24.279   15.37   17.72  108.29
  109.16  131.23 0.19895D-09  1  0  0.03739  257.67  256.33 0.16809D+15  2.303    4.038    3.493    6.496   24.234   15.39   17.75  108.62
  109.48  131.62 0.19840D-09  1  0  0.03764  257.58  256.27 0.16845D+15  2.303    4.025    3.480    6.446   24.189   15.41   17.77  108.95
  109.80  132.02 0.19786D-09  1  0  0.03789  257.50  256.20 0.16881D+15  2.304    4.012    3.467    6.397   24.143   15.42   17.80  109.28
  110.12  132.41 0.19733D-09  1  0  0.03814  257.42  256.14 0.16918D+15  2.305    3.999    3.454    6.347   24.098   15.44   17.83  109.60
  110.45  132.80 0.19679D-09  1  0  0.03839  257.33  256.08 0.16956D+15  2.306    3.986    3.442    6.296   24.052   15.46   17.85  109.93
  110.77  133.19 0.19626D-09  1  0  0.03865  257.25  256.02 0.16995D+15  2.306    3.973    3.429    6.246   24.005   15.48   17.88  110.26
  111.09  133.58 0.19574D-09  1  0  0.03891  257.16  255.96 0.17035D+15  2.307    3.960    3.416    6.194   23.959   15.50   17.91  110.58
  111.41  133.97 0.19521D-09  1  0  0.03918  257.07  255.89 0.17076D+15  2.308    3.947    3.404    6.143   23.912   15.51   17.94  110.91
  111.73  134.36 0.19469D-09  1  0  0.03945  256.99  255.83 0.17118D+15  2.309    3.935    3.391    6.091   23.865   15.53   17.97  111.24
  112.06  134.76 0.19417D-09  1  0  0.03972  256.90  255.77 0.17161D+15  2.310    3.922    3.379    6.038   23.817   15.55   18.00  111.57
  112.38  135.15 0.19366D-09  1  0  0.04000  256.81  255.70 0.17204D+15  2.310    3.909    3.367    5.985   23.769   15.57   18.03  111.90
  112.70  135.54 0.19314D-09  1  0  0.04028  256.72  255.64 0.17249D+15  2.311    3.897    3.354    5.932   23.721   15.59   18.06  112.23
  113.02  135.93 0.19263D-09  1  0  0.04056  256.63  255.57 0.17295D+15  2.312    3.884    3.342    5.878   23.672   15.61   18.09  112.55
  113.34  136.32 0.19213D-09  1  0  0.04085  256.54  255.50 0.17342D+15  2.313    3.872    3.330    5.823   23.623   15.63   18.12  112.88
  113.67  136.72 0.19162D-09  1  0  0.04114  256.44  255.44 0.17389D+15  2.314    3.860    3.318    5.769   23.574   15.65   18.15  113.21
  113.99  137.11 0.19112D-09  1  0  0.04143  256.35  255.37 0.17439D+15  2.315    3.847    3.306    5.713   23.524   15.67   18.18  113.54
  114.31  137.50 0.19062D-09  1  0  0.04173  256.26  255.30 0.17489D+15  2.315    3.835    3.294    5.657   23.474   15.69   18.21  113.87
  114.63  137.89 0.19013D-09  1  0  0.04204  256.16  255.23 0.17540D+15  2.316    3.823    3.282    5.601   23.423   15.71   18.24  114.20
  114.95  138.29 0.18964D-09  1  0  0.04235  256.07  255.16 0.17593D+15  2.317    3.810    3.270    5.544   23.372   15.73   18.28  114.53
  115.28  138.68 0.18915D-09  1  0  0.04266  255.97  255.09 0.17647D+15  2.318    3.798    3.258    5.487   23.321   15.75   18.31  114.86
  115.60  139.07 0.18866D-09  1  0  0.04298  255.87  255.02 0.17702D+15  2.319    3.786    3.246    5.429   23.269   15.78   18.34  115.19
  115.92  139.47 0.18818D-09  1  0  0.04330  255.77  254.95 0.17758D+15  2.320    3.774    3.234    5.370   23.217   15.80   18.38  115.52
  116.24  139.86 0.18769D-09  1  0  0.04362  255.68  254.88 0.17816D+15  2.321    3.762    3.223    5.311   23.164   15.82   18.41  115.85
  116.56  140.25 0.18721D-09  1  0  0.04396  255.58  254.81 0.17875D+15  2.321    3.750    3.211    5.251   23.111   15.84   18.45  116.18
  116.89  140.65 0.18674D-09  1  0  0.04429  255.47  254.74 0.17936D+15  2.322    3.738    3.199    5.191   23.057   15.87   18.48  116.52
  117.21  141.04 0.18626D-09  1  0  0.04463  255.37  254.66 0.17998D+15  2.323    3.726    3.188    5.130   23.003   15.89   18.52  116.85
  117.53  141.44 0.18579D-09  1  0  0.04498  255.27  254.59 0.18062D+15  2.324    3.715    3.176    5.068   22.949   15.91   18.56  117.18
  117.85  141.83 0.18533D-09  1  0  0.04533  255.16  254.51 0.18127D+15  2.325    3.703    3.165    5.006   22.893   15.94   18.60  117.51
  118.17  142.23 0.18486D-09  1  0  0.04569  255.06  254.44 0.18194D+15  2.326    3.691    3.153    4.943   22.838   15.96   18.63  117.85
  118.50  142.62 0.18440D-09  1  0  0.04605  254.95  254.36 0.18263D+15  2.327    3.679    3.142    4.879   22.782   15.99   18.67  118.18
  118.82  143.02 0.18394D-09  1  0  0.04642  254.84  254.29 0.18334D+15  2.328    3.667    3.130    4.815   22.725   16.01   18.71  118.52
  119.14  143.41 0.18348D-09  1  0  0.04679  254.74  254.21 0.18406D+15  2.329    3.656    3.119    4.750   22.668   16.04   18.75  118.85
  119.46  143.81 0.18302D-09  1  0  0.04717  254.63  254.13 0.18480D+15  2.330    3.644    3.108    4.684   22.610   16.06   18.79  119.19
  119.78  144.21 0.18257D-09  1  0  0.04756  254.51  254.05 0.18556D+15  2.331    3.633    3.096    4.618   22.551   16.09   18.83  119.52
  120.11  144.60 0.18212D-09  1  0  0.04795  254.40  253.97 0.18634D+15  2.332    3.621    3.085    4.551   22.492   16.12   18.88  119.86
  120.43  145.00 0.18167D-09  1  0  0.04835  254.29  253.89 0.18714D+15  2.333    3.609    3.074    4.483   22.433   16.14   18.92  120.20
  120.75  145.40 0.18122D-09  1  0  0.04875  254.17  253.81 0.18796D+15  2.334    3.598    3.063    4.414   22.372   16.17   18.96  120.53
  121.07  145.80 0.18078D-09  1  0  0.04917  254.06  253.72 0.18880D+15  2.335    3.586    3.052    4.344   22.311   16.20   19.01  120.87
  121.39  146.19 0.18034D-09  1  0  0.04958  253.94  253.64 0.18967D+15  2.336    3.575    3.041    4.274   22.250   16.23   19.05  121.21
  121.72  146.59 0.17990D-09  1  0  0.05001  253.82  253.55 0.19055D+15  2.337    3.564    3.030    4.203   22.188   16.26   19.10  121.55
  122.04  146.99 0.17946D-09  1  0  0.05044  253.70  253.47 0.19147D+15  2.339    3.552    3.019    4.131   22.125   16.29   19.15  121.89
  122.36  147.39 0.17903D-09  1  0  0.05088  253.58  253.38 0.19241D+15  2.340    3.541    3.007    4.057   22.061   16.32   19.19  122.24
  122.68  147.79 0.17859D-09  1  0  0.05133  253.45  253.30 0.19337D+15  2.341    3.529    2.997    3.984   21.997   16.35   19.24  122.58
  123.00  148.20 0.17817D-09  1  0  0.05179  253.33  253.21 0.19436D+15  2.342    3.518    2.986    3.909   21.932   16.38   19.29  122.92
  123.33  148.60 0.17774D-09  1  0  0.05225  253.20  253.12 0.19538D+15  2.343    3.507    2.975    3.833   21.866   16.41   19.34  123.27
  123.65  149.00 0.17731D-09  1  0  0.05272  253.07  253.03 0.19643D+15  2.344    3.496    2.964    3.756   21.799   16.44   19.39  123.62
  123.97  149.41 0.17689D-09  1  0  0.05320  252.94  252.93 0.19750D+15  2.345    3.484    2.953    3.678   21.732   16.48   19.45  123.97
  124.29  149.80 0.17647D-09  1  0  0.05369  252.81  252.84 0.19861D+15  2.347    3.473    2.942    3.599   21.664   16.51   19.50  124.29
  124.61  150.18 0.17605D-09  1  0  0.05418  252.67  252.75 0.19975D+15  2.348    3.462    2.931    3.519   21.595   16.55   19.55  124.61
  124.94  150.57 0.17563D-09  1  0  0.05469  252.54  252.65 0.20093D+15  2.349    3.451    2.920    3.438   21.525   16.58   19.61  124.94
  125.26  150.96 0.17522D-09  1  0  0.05521  252.40  252.56 0.20213D+15  2.350    3.439    2.910    3.356   21.454   16.62   19.67  125.26
  125.58  151.35 0.17481D-09  1  0  0.05573  252.26  252.46 0.20338D+15  2.352    3.428    2.899    3.273   21.382   16.65   19.73  125.58
  125.90  151.74 0.17440D-09  1  0  0.05627  252.12  252.36 0.20466D+15  2.353    3.417    2.888    3.188   21.310   16.69   19.79  125.90
  126.22  152.13 0.17399D-09  1  0  0.05681  251.97  252.26 0.20598D+15  2.354    3.406    2.877    3.103   21.236   16.73   19.85  126.22
  126.55  152.51 0.17358D-09  1  0  0.05737  251.83  252.16 0.20735D+15  2.356    3.395    2.867    3.016   21.162   16.77   19.91  126.55
  126.87  152.90 0.17318D-09  1  0  0.05793  251.68  252.05 0.20875D+15  2.357    3.383    2.856    2.928   21.086   16.81   19.97  126.87
  127.19  153.29 0.17278D-09  1  0  0.05851  251.53  251.95 0.21020D+15  2.358    3.372    2.845    2.838   21.009   16.85   20.04  127.19
  127.51  153.68 0.17238D-09  1  0  0.05910  251.38  251.84 0.21170D+15  2.360    3.361    2.834    2.747   20.932   16.89   20.10  127.51
  127.83  154.07 0.17198D-09  1  0  0.05970  251.22  251.73 0.21324D+15  2.361    3.350    2.824    2.655   20.853   16.93   20.17  127.83
  128.16  154.45 0.17158D-09  1  0  0.06031  251.06  251.63 0.21484D+15  2.363    3.339    2.813    2.562   20.773   16.98   20.24  128.16
  128.48  154.84 0.17119D-09  1  0  0.06093  250.90  251.51 0.21648D+15  2.364    3.328    2.802    2.467   20.692   17.02   20.31  128.48
  128.80  155.23 0.17080D-09  1  0  0.06157  250.74  251.40 0.21819D+15  2.366    3.316    2.792    2.370   20.610   17.07   20.39  128.80
  129.12  155.62 0.17041D-09  1  0  0.06222  250.57  251.29 0.21994D+15  2.367    3.305    2.781    2.272   20.526   17.11   20.46  129.12
  129.44  156.01 0.17002D-09  1  0  0.06289  250.40  251.17 0.22176D+15  2.369    3.294    2.770    2.172   20.442   17.16   20.54  129.44
  129.77  156.39 0.16963D-09  1  0  0.06356  250.23  251.05 0.22365D+15  2.370    3.283    2.760    2.071   20.356   17.21   20.62  129.77
  130.09  156.78 0.16925D-09  1  0  0.06426  250.05  250.93 0.22560D+15  2.372    3.272    2.749    1.968   20.269   17.26   20.70  130.09
  130.41  157.17 0.16887D-09  1  0  0.06496  249.88  250.81 0.22761D+15  2.374    3.260    2.738    1.863   20.180   17.31   20.78  130.41
  130.73  157.56 0.16849D-09  1  0  0.06569  249.69  250.69 0.22971D+15  2.375    3.249    2.728    1.757   20.090   17.36   20.87  130.73
  131.05  157.95 0.16811D-09  1  0  0.06643  249.51  250.56 0.23187D+15  2.377    3.238    2.717    1.649   19.998   17.42   20.95  131.05
  131.38  158.33 0.16773D-09  1  0  0.06718  249.32  250.43 0.23412D+15  2.379    3.227    2.706    1.539   19.905   17.47   21.04  131.38
  131.70  158.72 0.16736D-09  1  0  0.06795  249.13  250.30 0.23645D+15  2.381    3.215    2.696    1.427   19.811   17.53   21.14  131.70
  132.02  159.11 0.16699D-09  1  0  0.06874  248.93  250.17 0.23887D+15  2.382    3.204    2.685    1.313   19.715   17.59   21.23  132.02
  132.34  159.50 0.16661D-09  1  0  0.06955  248.73  250.04 0.24139D+15  2.384    3.193    2.674    1.196   19.617   17.65   21.33  132.34
  132.66  159.89 0.16625D-09  1  0  0.07038  248.53  249.90 0.24400D+15  2.386    3.181    2.664    1.078   19.518   17.71   21.43  132.66
  132.99  160.27 0.16588D-09  1  0  0.07123  248.32  249.76 0.24672D+15  2.388    3.170    2.653    0.958   19.416   17.77   21.54  132.99
  133.31  160.66 0.16551D-09  1  0  0.07209  248.11  249.61 0.24954D+15  2.390    3.158    2.642    0.835   19.314   17.84   21.64  133.31
  133.63  161.05 0.16515D-09  1  0  0.07298  247.89  249.47 0.25248D+15  2.392    3.147    2.631    0.710   19.209   17.90   21.75  133.63
  133.95  161.44 0.16479D-09  1  0  0.07389  247.67  249.32 0.25555D+15  2.394    3.135    2.620    0.583   19.102   17.97   21.87  133.95
  134.27  161.83 0.16443D-09  1  0  0.07482  247.44  249.17 0.25874D+15  2.396    3.124    2.609    0.453   18.993   18.04   21.99  134.27
  134.60  162.22 0.16407D-09  1  0  0.07578  247.21  249.01 0.26208D+15  2.399    3.112    2.598    0.321   18.883   18.12   22.11  134.60
  134.92  162.60 0.16371D-09  1  0  0.07676  246.97  248.86 0.26555D+15  2.401    3.100    2.587    0.186   18.770   18.19   22.24  134.92
  135.24  162.99 0.16336D-09  1  0  0.07776  246.72  248.70 0.26919D+15  2.403    3.088    2.576    0.048   18.655   18.27   22.37  135.24
  135.56  163.38 0.16300D-09  1  0  0.07879  246.47  248.33 0.27956D+15  2.406    3.076    2.565    0.000   18.615   18.51   22.37  135.56
  135.88  163.77 0.16265D-09  1  0  0.07985  246.22  248.19 0.28258D+15  2.408    3.064    2.554    0.000   18.615   18.57   22.34  135.88
  136.21  164.16 0.16230D-09  1  0  0.08094  245.96  248.05 0.28574D+15  2.410    3.052    2.543    0.000   18.615   18.63   22.32  136.21
  136.53  164.54 0.16195D-09  1  0  0.08205  245.69  247.91 0.28904D+15  2.413    3.040    2.532    0.000   18.615   18.69   22.29  136.53
  136.85  164.93 0.16161D-09  1  0  0.08320  245.41  247.76 0.29248D+15  2.416    3.028    2.520    0.000   18.615   18.76   22.27  136.85
  137.17  165.32 0.16126D-09  1  0  0.08438  245.13  247.61 0.29608D+15  2.418    3.016    2.509    0.000   18.615   18.82   22.24  137.17
  137.49  165.71 0.16092D-09  1  0  0.08559  244.84  247.46 0.29985D+15  2.421    3.003    2.498    0.000   18.615   18.89   22.21  137.49
  137.82  166.10 0.16057D-09  1  0  0.08684  244.54  247.31 0.30380D+15  2.424    2.991    2.486    0.000   18.615   18.96   22.19  137.82
  138.14  166.48 0.16023D-09  1  0  0.08812  244.23  247.15 0.30793D+15  2.427    2.978    2.474    0.000   18.615   19.03   22.16  138.14
  138.46  166.87 0.15990D-09  1  0  0.08944  243.91  246.98 0.31227D+15  2.430    2.965    2.463    0.000   18.615   19.10   22.13  138.46
  138.78  167.26 0.15956D-09  1  0  0.09080  243.59  246.82 0.31681D+15  2.433    2.953    2.451    0.000   18.615   19.18   22.10  138.78
  139.10  127.63 0.15922D-09  1  0  0.09220  243.25  246.65 0.32129D+15  2.436    2.939    2.439   -0.139   18.499   19.29   22.23   72.70
  139.43  149.09 0.15889D-09  1  0  0.09365  242.91  246.48 0.32631D+15  2.440    2.926    2.427   -0.302   18.364   19.38   22.39  107.99
  139.75  155.70 0.15856D-09  1  0  0.09514  242.55  246.30 0.33158D+15  2.443    2.913    2.415   -0.468   18.227   19.47   22.56  118.63
  140.07  159.06 0.15823D-09  1  0  0.09667  242.18  246.11 0.33714D+15  2.447    2.899    2.402   -0.639   18.085   19.57   22.73  123.88
  140.39  161.19 0.15790D-09  1  0  0.09826  241.80  245.92 0.34299D+15  2.451    2.886    2.390   -0.814   17.941   19.67   22.91  127.09
  140.71  162.71 0.15757D-09  1  0  0.09990  241.41  245.73 0.34916D+15  2.454    2.872    2.377   -0.993   17.793   19.78   23.10  129.30
  141.04  163.90 0.15724D-09  1  0  0.10160  241.00  245.53 0.35568D+15  2.458    2.858    2.364   -1.176   17.642   19.88   23.29  130.95
  141.36  164.88 0.15692D-09  1  0  0.10335  240.58  245.32 0.36258D+15  2.463    2.843    2.352   -1.364   17.487   20.00   23.50  132.26
  141.68  165.72 0.15659D-09  1  0  0.10516  240.14  245.11 0.36987D+15  2.467    2.829    2.338   -1.557   17.328   20.11   23.72  133.33
  142.00  166.47 0.15627D-09  1  0  0.10704  239.69  244.90 0.37760D+15  2.471    2.814    2.325   -1.755   17.165   20.23   23.94  134.25
  142.32  167.15 0.15595D-09  1  0  0.10898  239.22  244.67 0.38580D+15  2.476    2.799    2.311   -1.958   16.998   20.36   24.18  135.05
  142.65  167.77 0.15563D-09  1  0  0.11100  238.74  244.44 0.39451D+15  2.481    2.783    2.298   -2.166   16.827   20.49   24.43  135.76
  142.97  168.35 0.15532D-09  1  0  0.11309  238.23  244.21 0.40377D+15  2.486    2.767    2.284   -2.380   16.651   20.62   24.69  136.41
  143.29  168.90 0.15500D-09  1  0  0.11526  237.70  243.96 0.41363D+15  2.491    2.751    2.269   -2.599   16.471   20.77   24.97  137.00
  143.61  169.43 0.15468D-09  1  0  0.11751  237.15  243.71 0.42414D+15  2.497    2.735    2.255   -2.824   16.286   20.91   25.26  137.55
  143.93  169.93 0.15437D-09  1  0  0.11985  236.58  243.45 0.43536D+15  2.503    2.718    2.240   -3.056   16.097   21.07   25.57  138.07
  144.26  170.42 0.15406D-09  1  0  0.12229  235.99  243.18 0.44736D+15  2.509    2.701    2.224   -3.293   15.902   21.23   25.90  138.55
  144.58  170.89 0.15375D-09  1  0  0.12483  235.36  242.90 0.46022D+15  2.515    2.683    2.209   -3.537   15.703   21.39   26.24  139.01
  144.90  171.35 0.15344D-09  1  0  0.12747  234.71  242.62 0.47400D+15  2.522    2.665    2.193   -3.788   15.498   21.57   26.61  139.45
  145.22  171.80 0.15313D-09  1  0  0.13022  234.03  242.32 0.48882D+15  2.529    2.646    2.176   -4.046   15.287   21.75   27.00  139.87
  145.54  172.23 0.15283D-09  1  0  0.13310  233.31  242.02 0.50476D+15  2.537    2.626    2.159   -4.310   15.071   21.94   27.42  140.27
  145.87  172.66 0.15252D-09  1  0  0.13610  232.56  241.70 0.52195D+15  2.544    2.606    2.142   -4.582   14.849   22.13   27.86  140.66
  146.19  173.08 0.15222D-09  1  0  0.13925  231.77  241.37 0.54051D+15  2.553    2.586    2.124   -4.862   14.621   22.34   28.34  141.04
  146.51  173.49 0.15192D-09  1  0  0.14253  230.94  241.03 0.56060D+15  2.562    2.564    2.106   -5.149   14.387   22.56   28.84  141.40
  146.83  173.90 0.15161D-09  1  0  0.14598  230.07  240.68 0.58238D+15  2.571    2.542    2.086   -5.444   14.147   22.78   29.39  141.74
  147.15  174.29 0.15132D-09  1  0  0.14960  229.14  240.32 0.60604D+15  2.581    2.519    2.067   -5.748   13.900   23.01   29.97  142.08
  147.48  174.68 0.15102D-09  1  0  0.15339  228.16  239.94 0.63178D+15  2.592    2.495    2.046   -6.059   13.646   23.26   30.61  142.40
  147.80  175.06 0.15072D-09  1  0  0.15738  227.13  239.55 0.65987D+15  2.603    2.470    2.025   -6.379   13.387   23.51   31.29  142.72
  148.12  175.44 0.15042D-09  1  0  0.16159  226.03  239.14 0.69055D+15  2.615    2.444    2.002   -6.708   13.120   23.78   32.03  143.02
  148.44  175.81 0.15013D-09  1  0  0.16602  224.86  238.72 0.72416D+15  2.628    2.417    1.979   -7.045   12.846   24.05   32.83  143.31
  148.76  176.17 0.14984D-09  1  0  0.17070  223.61  238.29 0.76102D+15  2.643    2.388    1.954   -7.390   12.566   24.34   33.71  143.58
  149.09  176.52 0.14954D-09  1  0  0.17565  222.28  237.83 0.80155D+15  2.658    2.358    1.929   -7.745   12.279   24.63   34.67  143.84
  149.41  176.86 0.14925D-09  1  0  0.18090  220.85  237.37 0.84617D+15  2.674    2.326    1.902   -8.108   11.985   24.94   35.72  144.09
  149.73  180.45 0.14897D-09  0  0  0.18646  219.33  236.88 0.89538D+15  2.692    2.292    1.873   -8.331   11.805  149.73  149.73  149.73
  150.05  180.84 0.14868D-09  0  0  0.19237  217.68  236.38 0.94972D+15  2.712    2.256    1.843   -8.370   11.777  150.05  150.05  150.05
  150.37  181.23 0.14839D-09  0  0  0.19867  215.91  235.86 0.10098D+16  2.733    2.218    1.811   -8.411   11.746  150.37  150.37  150.37
  150.70  181.62 0.14810D-09  0  0  0.20539  214.00  235.33 0.10762D+16  2.757    2.177    1.777   -8.455   11.713  150.70  150.70  150.70
  151.02  182.00 0.14782D-09  0  0  0.21258  211.92  234.78 0.11495D+16  2.783    2.133    1.740   -8.502   11.678  151.02  151.02  151.02
  151.34  182.39 0.14754D-09  0  0  0.22029  209.66  234.22 0.12304D+16  2.812    2.086    1.701   -8.552   11.640  151.34  151.34  151.34
  151.66  182.78 0.14726D-09  0  0  0.22857  207.19  233.64 0.13194D+16  2.844    2.035    1.659   -8.606   11.600  151.66  151.66  151.66
  151.98  183.17 0.14697D-09  0  0  0.23749  204.48  233.06 0.14166D+16  2.880    1.980    1.613   -8.665   11.555  151.98  151.98  151.98
  152.31  183.56 0.14670D-09  0  0  0.24714  201.50  232.48 0.15218D+16  2.921    1.920    1.564   -8.728   11.507  152.31  152.31  152.31
  152.63  183.94 0.14642D-09  0  0  0.25760  198.21  231.91 0.16341D+16  2.968    1.854    1.509   -8.797   11.454  152.63  152.63  152.63
  152.95  184.33 0.14614D-09  0  0  0.26897  194.55  231.35 0.17512D+16  3.022    1.782    1.450   -8.872   11.396  152.95  152.95  152.95
  153.27  184.72 0.14586D-09  0  0  0.28139  190.46  230.82 0.18686D+16  3.085    1.702    1.384   -8.956   11.331  153.27  153.27  153.27
  153.59  185.11 0.14559D-09  0  0  0.29501  185.87  230.36 0.19787D+16  3.158    1.612    1.311   -9.048   11.260  153.59  153.59  153.59
  153.92  185.50 0.14532D-09  0  0  0.31000  180.68  229.99 0.20687D+16  3.246    1.512    1.229   -9.152   11.179  153.92  153.92  153.92
  154.24  185.89 0.14504D-09  0  0  0.32100  176.79  229.82 0.21046D+16  3.315    1.436    1.167   -9.230   11.118  154.24  154.24  154.24
  154.56  186.27 0.14477D-09  0  0  0.32100  176.79  229.82 0.20929D+16  3.315    1.434    1.164   -9.236   11.117  154.56  154.56  154.56
  154.88  186.66 0.14450D-09  0  0  0.32100  176.80  229.82 0.20812D+16  3.315    1.431    1.161   -9.242   11.116  154.88  154.88  154.88
  155.20  187.05 0.14423D-09  0  0  0.32100  176.81  229.82 0.20696D+16  3.315    1.429    1.159   -9.248   11.115  155.20  155.20  155.20
  155.53  187.44 0.14396D-09  0  0  0.32100  176.81  229.81 0.20580D+16  3.315    1.426    1.156   -9.253   11.114  155.53  155.53  155.53
  155.85  187.83 0.14370D-09  0  0  0.32100  176.82  229.81 0.20465D+16  3.315    1.424    1.154   -9.259   11.112  155.85  155.85  155.85
  156.17  188.21 0.14343D-09  0  0  0.32100  176.82  229.81 0.20351D+16  3.315    1.421    1.151   -9.265   11.111  156.17  156.17  156.17
  156.49  188.60 0.14317D-09  0  0  0.32100  176.83  229.81 0.20238D+16  3.315    1.419    1.148   -9.270   11.110  156.49  156.49  156.49
  156.81  188.99 0.14290D-09  0  0  0.32100  176.83  229.80 0.20125D+16  3.315    1.416    1.146   -9.276   11.109  156.81  156.81  156.81
  157.14  189.38 0.14264D-09  0  0  0.32100  176.84  229.80 0.20013D+16  3.315    1.414    1.143   -9.281   11.108  157.14  157.14  157.14
  157.46  189.77 0.14238D-09  0  0  0.32100  176.85  229.80 0.19902D+16  3.315    1.411    1.141   -9.287   11.107  157.46  157.46  157.46
  157.78  190.15 0.14212D-09  0  0  0.32100  176.85  229.80 0.19791D+16  3.315    1.409    1.138   -9.293   11.106  157.78  157.78  157.78
  158.10  190.54 0.14186D-09  0  0  0.32100  176.86  229.79 0.19681D+16  3.315    1.406    1.136   -9.298   11.105  158.10  158.10  158.10
  158.42  190.93 0.14160D-09  0  0  0.32100  176.86  229.79 0.19572D+16  3.314    1.404    1.133   -9.304   11.104  158.42  158.42  158.42
  158.75  191.32 0.14135D-09  0  0  0.32100  176.87  229.79 0.19463D+16  3.314    1.402    1.131   -9.309   11.103  158.75  158.75  158.75
  159.07  191.71 0.14109D-09  0  0  0.32100  176.88  229.78 0.19355D+16  3.314    1.399    1.129   -9.315   11.102  159.07  159.07  159.07
  159.39  192.09 0.14083D-09  0  0  0.32100  176.88  229.78 0.19248D+16  3.314    1.397    1.126   -9.321   11.100  159.39  159.39  159.39
  159.71  192.48 0.14058D-09  0  0  0.32100  176.89  229.78 0.19141D+16  3.314    1.394    1.124   -9.326   11.099  159.71  159.71  159.71
  160.03  192.87 0.14033D-09  0  0  0.32100  176.89  229.77 0.19035D+16  3.314    1.392    1.121   -9.332   11.098  160.03  160.03  160.03
  160.36  193.26 0.14008D-09  0  0  0.32100  176.90  229.77 0.18929D+16  3.314    1.390    1.119   -9.337   11.097  160.36  160.36  160.36
  160.68  193.65 0.13982D-09  0  0  0.32100  176.90  229.77 0.18825D+16  3.314    1.387    1.116   -9.343   11.096  160.68  160.68  160.68
  161.00  194.03 0.13957D-09  0  0  0.32100  176.91  229.76 0.18720D+16  3.314    1.385    1.114   -9.348   11.095  161.00  161.00  161.00
