R_tot = 1561.0 R_core =  1400.0  Tsurf =   100.00  g =  1.310
   zbot    P(MPa) Hint     conv melt pCLA   Tbot     Tm     etam        k   Fcond_bot Fcond_top   Fbot     Ftop    dlid z_topTBL z_botTBL
    0.00   -0.00 0.15434D-05  0  0  0.01105  273.24  261.57 0.32206D+15  2.167    0.000    0.000    0.000    0.000    0.00    0.00    0.00
    0.32    0.39 0.15437D-06  0  0  0.01108  273.21  266.66 0.18977D+15  2.167 1398.882 1398.305 1376.015 1421.168    0.32    0.32    0.32
    0.64    0.77 0.77200D-07  0  0  0.01110  273.18  267.46 0.17448D+15  2.167  699.459  698.882  676.586  721.748    0.64    0.64    0.64
    0.97    1.16 0.51477D-07  0  0  0.01113  273.15  267.97 0.16527D+15  2.168  466.317  465.740  443.438  488.610    0.97    0.97    0.97
    1.29    1.55 0.38616D-07  0  0  0.01115  273.12  268.35 0.15865D+15  2.168  349.747  349.170  326.861  372.043    1.29    1.29    1.29
    1.61    1.94 0.30899D-07  0  0  0.01118  273.08  268.65 0.15348D+15  2.168  279.804  279.227  256.912  302.103    1.61    1.61    1.61
    1.93    2.33 0.25755D-07  0  0  0.01120  273.05  268.91 0.14923D+15  2.168  233.176  232.599  210.278  255.478    1.93    1.93    1.93
    2.25    2.71 0.22080D-07  0  0  0.01123  273.02  269.12 0.14564D+15  2.169  199.870  199.293  176.965  222.175    2.25    2.25    2.25
    2.58    3.10 0.19324D-07  0  0  0.01125  272.99  269.31 0.14252D+15  2.169  174.890  174.313  151.979  197.199    2.58    2.58    2.58
    2.90    3.49 0.17180D-07  0  0  0.01128  272.96  269.48 0.13977D+15  2.169  155.462  154.885  132.545  177.773    2.90    2.90    2.90
    3.22    3.88 0.15466D-07  0  0  0.01131  272.93  269.63 0.13730D+15  2.170  139.919  139.342  116.995  162.234    3.22    3.22    3.22
    3.54    4.27 0.14062D-07  0  0  0.01133  272.89  269.76 0.13507D+15  2.170  127.202  126.625  104.272  149.520    3.54    3.54    3.54
    3.86    4.65 0.12893D-07  0  0  0.01136  272.86  269.89 0.13304D+15  2.170  116.604  116.028   93.668  138.926    3.86    3.86    3.86
    4.19    5.04 0.11904D-07  0  0  0.01138  272.83  270.00 0.13117D+15  2.170  107.637  107.061   84.695  129.962    4.19    4.19    4.19
    4.51    5.43 0.11056D-07  0  0  0.01141  272.80  270.10 0.12944D+15  2.171   99.951   99.374   77.002  122.279    4.51    4.51    4.51
    4.83    5.82 0.10321D-07  0  0  0.01144  272.77  270.20 0.12783D+15  2.171   93.290   92.713   70.335  115.621    4.83    4.83    4.83
    5.15    6.21 0.96779D-08  0  0  0.01146  272.74  270.29 0.12633D+15  2.171   87.461   86.884   64.500  109.795    5.15    5.15    5.15
    5.47    6.59 0.91105D-08  0  0  0.01149  272.70  270.38 0.12491D+15  2.171   82.318   81.742   59.350  104.655    5.47    5.47    5.47
    5.80    6.98 0.86062D-08  0  0  0.01151  272.67  270.45 0.12358D+15  2.172   77.746   77.170   54.772  100.087    5.80    5.80    5.80
    6.12    7.37 0.81549D-08  0  0  0.01154  272.64  270.53 0.12233D+15  2.172   73.656   73.080   50.676   96.000    6.12    6.12    6.12
    6.44    7.76 0.77487D-08  0  0  0.01157  272.61  270.60 0.12113D+15  2.172   69.975   69.398   46.988   92.322    6.44    6.44    6.44
    6.76    8.15 0.73813D-08  0  0  0.01159  272.57  270.66 0.12000D+15  2.173   66.644   66.068   43.651   88.994    6.76    6.76    6.76
    7.08    8.54 0.70472D-08  0  0  0.01162  272.54  270.73 0.11892D+15  2.173   63.616   63.040   40.617   85.969    7.08    7.08    7.08
    7.41    8.92 0.67422D-08  0  0  0.01165  272.51  270.78 0.11789D+15  2.173   60.851   60.275   37.846   83.208    7.41    7.41    7.41
    7.73    9.31 0.64626D-08  0  0  0.01168  272.48  270.84 0.11690D+15  2.173   58.317   57.741   35.305   80.677    7.73    7.73    7.73
    8.05    9.70 0.62054D-08  0  0  0.01170  272.45  270.89 0.11596D+15  2.174   55.985   55.409   32.967   78.348    8.05    8.05    8.05
    8.37   10.09 0.59680D-08  0  0  0.01173  272.41  270.94 0.11505D+15  2.174   53.833   53.257   30.808   76.199    8.37    8.37    8.37
    8.69   10.48 0.57481D-08  0  0  0.01176  272.38  270.99 0.11418D+15  2.174   51.840   51.264   28.809   74.210    8.69    8.69    8.69
    9.02   10.86 0.55440D-08  0  0  0.01179  272.35  271.03 0.11334D+15  2.174   49.990   49.414   26.952   72.362    9.02    9.02    9.02
    9.34   11.25 0.53539D-08  0  0  0.01181  272.31  271.08 0.11253D+15  2.175   48.267   47.691   25.223   70.643    9.34    9.34    9.34
    9.66   11.64 0.51765D-08  0  0  0.01184  272.28  271.12 0.11175D+15  2.175   46.659   46.083   23.609   69.038    9.66    9.66    9.66
    9.98   12.03 0.50106D-08  0  0  0.01187  272.25  271.16 0.11099D+15  2.175   45.154   44.579   22.098   67.537    9.98    9.98    9.98
   10.30   12.42 0.48550D-08  0  0  0.01190  272.22  271.19 0.11026D+15  2.176   43.744   43.168   20.681   66.130   10.30   10.30   10.30
   10.63   12.80 0.47088D-08  0  0  0.01193  272.18  271.23 0.10955D+15  2.176   42.419   41.844   19.350   64.808   10.63   10.63   10.63
   10.95   13.19 0.45713D-08  0  0  0.01195  272.15  271.26 0.10887D+15  2.176   41.172   40.597   18.097   63.564   10.95   10.95   10.95
   11.27   13.58 0.44416D-08  0  0  0.01198  272.12  271.29 0.10820D+15  2.176   39.997   39.421   16.915   62.392   11.27   11.27   11.27
   11.59   13.97 0.43191D-08  0  0  0.01201  272.09  271.32 0.10756D+15  2.177   38.886   38.311   15.798   61.285   11.59   11.59   11.59
   11.91   14.36 0.42033D-08  0  0  0.01204  272.05  271.35 0.10693D+15  2.177   37.836   37.261   14.741   60.238   11.91   11.91   11.91
   12.24   14.74 0.40935D-08  0  0  0.01207  272.02  271.38 0.10632D+15  2.177   36.841   36.266   13.740   59.246   12.24   12.24   12.24
   12.56   15.13 0.39894D-08  0  0  0.01210  271.99  271.41 0.10572D+15  2.178   35.897   35.321   12.789   58.305   12.56   12.56   12.56
   12.88   15.52 0.38904D-08  0  0  0.01213  271.95  271.43 0.10514D+15  2.178   35.000   34.425   11.886   57.411   12.88   12.88   12.88
   13.20   15.91 0.37963D-08  0  0  0.01216  271.92  271.46 0.10458D+15  2.178   34.147   33.572   11.026   56.561   13.20   13.20   13.20
   13.52   16.30 0.37067D-08  0  0  0.01219  271.89  271.48 0.10402D+15  2.178   33.334   32.759   10.207   55.752   13.52   13.52   13.52
   13.85   16.68 0.36212D-08  0  0  0.01222  271.85  271.50 0.10349D+15  2.179   32.559   31.984    9.426   54.981   13.85   13.85   13.85
   14.17   17.07 0.35397D-08  0  0  0.01224  271.82  271.52 0.10296D+15  2.179   31.820   31.245    8.680   54.244   14.17   14.17   14.17
   14.49   17.46 0.34617D-08  0  0  0.01227  271.79  271.54 0.10245D+15  2.179   31.113   30.538    7.967   53.541   14.49   14.49   14.49
   14.81   17.85 0.33872D-08  0  0  0.01230  271.75  271.56 0.10195D+15  2.180   30.437   29.862    7.285   52.868   14.81   14.81   14.81
   15.13   18.24 0.33158D-08  0  0  0.01233  271.72  271.58 0.10146D+15  2.180   29.790   29.215    6.631   52.224   15.13   15.13   15.13
   15.46   18.63 0.32474D-08  0  0  0.01236  271.69  271.60 0.10098D+15  2.180   29.170   28.595    6.005   51.607   15.46   15.46   15.46
   15.78   19.01 0.31818D-08  0  0  0.01239  271.65  271.62 0.10051D+15  2.180   28.575   28.000    5.403   51.015   15.78   15.78   15.78
   16.10   19.40 0.31188D-08  0  0  0.01243  271.62  271.63 0.10005D+15  2.181   28.004   27.429    4.826   50.447   16.10   16.10   16.10
   16.42   19.79 0.30583D-08  0  0  0.01246  271.59  271.65 0.99596D+14  2.181   27.455   26.880    4.271   49.902   16.42   16.42   16.42
   16.74   20.18 0.30001D-08  0  0  0.01249  271.55  271.66 0.99154D+14  2.181   26.927   26.353    3.737   49.377   16.74   16.74   16.74
   17.07   20.57 0.29441D-08  0  0  0.01252  271.52  271.67 0.98721D+14  2.182   26.420   25.845    3.222   48.873   17.07   17.07   17.07
   17.39   20.95 0.28902D-08  0  0  0.01255  271.48  271.69 0.98296D+14  2.182   25.931   25.356    2.727   48.387   17.39   17.39   17.39
   17.71   21.34 0.28382D-08  0  0  0.01258  271.45  271.70 0.97880D+14  2.182   25.459   24.885    2.249   47.919   17.71   17.71   17.71
   18.03   21.73 0.27881D-08  0  0  0.01261  271.42  271.71 0.97471D+14  2.182   25.005   24.431    1.789   47.468   18.03   18.03   18.03
   18.35   22.12 0.27397D-08  1  0  0.01264  271.38  271.72 0.97069D+14  2.183   24.567   23.992    1.419   47.107    9.14   13.99   18.35
   18.68   22.51 0.26931D-08  1  0  0.01267  271.35  271.73 0.96675D+14  2.183   24.143   23.569    1.318   47.008    9.16   13.90   18.68
   19.00   22.90 0.26480D-08  1  0  0.01271  271.31  271.74 0.96287D+14  2.183   23.734   23.160    1.219   46.910    9.18   13.83   19.00
   19.32   23.28 0.26044D-08  1  0  0.01274  271.28  271.75 0.95907D+14  2.184   23.339   22.765    1.122   46.815    9.19   13.75   19.32
   19.64   23.67 0.25622D-08  1  0  0.01277  271.25  271.76 0.95532D+14  2.184   22.957   22.383    1.026   46.721    9.20   13.68   19.64
   19.96   24.06 0.25214D-08  1  0  0.01280  271.21  271.77 0.95164D+14  2.184   22.587   22.013    0.932   46.629    9.22   13.61   19.96
   20.29   24.45 0.24819D-08  1  0  0.01283  271.18  271.77 0.94802D+14  2.184   22.228   21.654    0.840   46.539    9.23   13.55   20.29
   20.61   24.84 0.24436D-08  1  0  0.01287  271.14  271.78 0.94446D+14  2.185   21.881   21.307    0.749   46.450    9.25   13.49   20.61
   20.93   25.22 0.24065D-08  1  0  0.01290  271.11  271.79 0.94096D+14  2.185   21.545   20.971    0.659   46.362    9.26   13.44   20.93
   21.25   25.61 0.23706D-08  1  0  0.01293  271.07  271.79 0.93751D+14  2.185   21.218   20.645    0.571   46.276    9.27   13.38   21.25
   21.57   26.00 0.23357D-08  1  0  0.01296  271.04  271.80 0.93412D+14  2.186   20.902   20.328    0.484   46.191    9.29   13.33   21.57
   21.90   26.39 0.23018D-08  1  0  0.01300  271.01  271.80 0.93077D+14  2.186   20.595   20.021    0.399   46.108    9.30   13.28   21.90
   22.22   26.78 0.22689D-08  1  0  0.01303  270.97  271.81 0.92748D+14  2.186   20.296   19.723    0.314   46.026    9.31   13.24   22.22
   22.54   27.17 0.22370D-08  1  0  0.01306  270.94  271.81 0.92423D+14  2.187   20.006   19.433    0.231   45.945    9.33   13.20   22.54
   22.86   27.55 0.22059D-08  1  0  0.01310  270.90  271.82 0.92104D+14  2.187   19.725   19.151    0.149   45.866    9.34   13.16   22.86
   23.18   27.94 0.21757D-08  1  0  0.01313  270.87  271.82 0.91789D+14  2.187   19.451   18.877    0.069   45.787    9.35   13.12   23.18
   23.51   28.33 0.21464D-08  1  0  0.01317  270.83  268.29 0.12977D+15  2.187   19.185   18.611   -1.350   44.411   10.36   13.66   23.51
   23.83   28.72 0.21178D-08  1  0  0.01320  270.80  268.32 0.12887D+15  2.188   18.925   18.352   -1.379   44.384   10.36   13.59   23.83
   24.15   29.11 0.20900D-08  1  0  0.01323  270.76  268.36 0.12798D+15  2.188   18.673   18.100   -1.407   44.357   10.37   13.52   24.15
   24.47   29.49 0.20629D-08  1  0  0.01327  270.73  268.40 0.12710D+15  2.188   18.428   17.854   -1.434   44.331   10.37   13.45   24.47
   24.79   29.88 0.20365D-08  1  0  0.01330  270.69  268.44 0.12623D+15  2.189   18.188   17.615   -1.461   44.306   10.37   13.39   24.79
   25.12   30.27 0.20109D-08  1  0  0.01334  270.66  268.47 0.12538D+15  2.189   17.955   17.382   -1.486   44.282   10.37   13.32   25.12
   25.44   30.66 0.19858D-08  1  0  0.01337  270.62  268.51 0.12453D+15  2.189   17.728   17.155   -1.512   44.258   10.37   13.27   25.44
   25.76   31.05 0.19614D-08  1  0  0.01341  270.59  268.54 0.12370D+15  2.190   17.506   16.933   -1.536   44.235   10.37   13.21   25.76
   26.08   31.43 0.19376D-08  1  0  0.01344  270.55  268.58 0.12288D+15  2.190   17.290   16.717   -1.560   44.212   10.37   13.15   26.08
   26.40   31.82 0.19144D-08  1  0  0.01348  270.52  268.61 0.12207D+15  2.190   17.080   16.507   -1.583   44.190   10.37   13.10   26.40
   26.73   32.21 0.18917D-08  1  0  0.01351  270.48  268.65 0.12127D+15  2.190   16.874   16.301   -1.606   44.169   10.38   13.05   26.73
   27.05   32.60 0.18695D-08  1  0  0.01355  270.44  268.68 0.12048D+15  2.191   16.673   16.100   -1.628   44.148   10.38   13.00   27.05
   27.37   32.99 0.18479D-08  1  0  0.01358  270.41  268.71 0.11971D+15  2.191   16.477   15.904   -1.650   44.128   10.38   12.95   27.37
   27.69   33.37 0.18268D-08  1  0  0.01362  270.37  268.75 0.11894D+15  2.191   16.285   15.713   -1.671   44.108   10.38   12.91   27.69
   28.01   33.76 0.18062D-08  1  0  0.01366  270.34  268.78 0.11818D+15  2.192   16.098   15.525   -1.692   44.089   10.38   12.87   28.01
   28.34   34.15 0.17860D-08  1  0  0.01369  270.30  268.81 0.11743D+15  2.192   15.915   15.343   -1.712   44.070   10.38   12.82   28.34
   28.66   34.54 0.17663D-08  1  0  0.01373  270.27  268.84 0.11669D+15  2.192   15.736   15.164   -1.731   44.052   10.38   12.78   28.66
   28.98   34.93 0.17471D-08  1  0  0.01377  270.23  268.87 0.11595D+15  2.193   15.561   14.989   -1.751   44.034   10.38   12.74   28.98
   29.30   35.31 0.17282D-08  1  0  0.01380  270.19  268.90 0.11523D+15  2.193   15.390   14.818   -1.769   44.017   10.38   12.71   29.30
   29.62   35.70 0.17098D-08  1  0  0.01384  270.16  268.93 0.11452D+15  2.193   15.223   14.651   -1.788   44.000   10.38   12.67   29.62
   29.95   36.09 0.16918D-08  1  0  0.01388  270.12  268.96 0.11381D+15  2.194   15.059   14.487   -1.805   43.984   10.38   12.63   29.95
   30.27   36.48 0.16741D-08  1  0  0.01391  270.09  268.99 0.11311D+15  2.194   14.899   14.327   -1.823   43.968   10.37   12.60   30.27
   30.59   36.87 0.16569D-08  1  0  0.01395  270.05  269.02 0.11242D+15  2.194   14.742   14.170   -1.840   43.952   10.37   12.57   30.59
   30.91   37.26 0.16399D-08  1  0  0.01399  270.01  269.05 0.11174D+15  2.194   14.589   14.017   -1.857   43.937   10.37   12.53   30.91
   31.23   37.64 0.16234D-08  1  0  0.01403  269.98  269.08 0.11107D+15  2.195   14.438   13.866   -1.873   43.922   10.37   12.50   31.23
   31.56   38.03 0.16071D-08  1  0  0.01407  269.94  269.11 0.11040D+15  2.195   14.291   13.719   -1.889   43.907   10.37   12.47   31.56
   31.88   38.42 0.15912D-08  1  0  0.01411  269.90  269.14 0.10975D+15  2.195   14.147   13.575   -1.904   43.893   10.37   12.44   31.88
   32.20   38.81 0.15756D-08  1  0  0.01414  269.87  269.16 0.10910D+15  2.196   14.005   13.433   -1.920   43.879   10.37   12.41   32.20
   32.52   39.20 0.15604D-08  1  0  0.01418  269.83  269.19 0.10845D+15  2.196   13.866   13.294   -1.935   43.866   10.37   12.39   32.52
   32.84   39.58 0.15454D-08  1  0  0.01422  269.80  269.22 0.10782D+15  2.196   13.730   13.159   -1.949   43.853   10.37   12.36   32.84
   33.17   39.97 0.15307D-08  1  0  0.01426  269.76  269.24 0.10719D+15  2.197   13.597   13.025   -1.963   43.840   10.37   12.33   33.17
   33.49   40.36 0.15163D-08  1  0  0.01430  269.72  269.27 0.10656D+15  2.197   13.466   12.894   -1.977   43.827   10.36   12.31   33.49
   33.81   40.75 0.15022D-08  1  0  0.01434  269.69  269.29 0.10595D+15  2.197   13.338   12.766   -1.991   43.815   10.36   12.28   33.81
   34.13   41.14 0.14883D-08  1  0  0.01438  269.65  269.32 0.10534D+15  2.198   13.212   12.640   -2.005   43.803   10.36   12.26   34.13
   34.45   41.52 0.14747D-08  1  0  0.01442  269.61  269.34 0.10474D+15  2.198   13.088   12.517   -2.018   43.791   10.36   12.23   34.45
   34.78   41.91 0.14614D-08  1  0  0.01446  269.57  269.37 0.10414D+15  2.198   12.967   12.396   -2.030   43.780   10.36   12.21   34.78
   35.10   42.30 0.14483D-08  1  0  0.01450  269.54  269.39 0.10355D+15  2.199   12.848   12.277   -2.043   43.768   10.36   12.19   35.10
   35.42   42.69 0.14354D-08  1  0  0.01454  269.50  269.42 0.10297D+15  2.199   12.731   12.160   -2.055   43.758   10.35   12.17   35.42
   35.74   43.08 0.14227D-08  1  0  0.01458  269.46  269.44 0.10239D+15  2.199   12.616   12.045   -2.067   43.747   10.35   12.15   35.74
   36.06   43.44 0.14103D-08  1  0  0.01462  269.43  269.46 0.10182D+15  2.199   12.503   11.932   -2.079   43.736   10.35   12.12   36.02
   36.39   43.78 0.13981D-08  1  0  0.01466  269.39  269.49 0.10126D+15  2.200   12.393   11.822   -2.091   43.726   10.35   12.10   36.26
   36.71   44.12 0.13862D-08  1  0  0.01471  269.35  269.51 0.10070D+15  2.200   12.284   11.713   -2.102   43.716   10.35   12.08   36.51
   37.03   44.47 0.13744D-08  1  0  0.01475  269.31  269.53 0.10014D+15  2.200   12.177   11.606   -2.113   43.706   10.34   12.06   36.76
   37.35   44.81 0.13628D-08  1  0  0.01479  269.28  269.55 0.99594D+14  2.201   12.072   11.501   -2.124   43.697   10.34   12.05   37.01
   37.67   45.16 0.13515D-08  1  0  0.01483  269.24  269.58 0.99052D+14  2.201   11.969   11.398   -2.135   43.688   10.34   12.03   37.26
   38.00   45.50 0.13403D-08  1  0  0.01487  269.20  269.60 0.98515D+14  2.201   11.867   11.296   -2.145   43.678   10.34   12.01   37.51
   38.32   45.85 0.13293D-08  1  0  0.01492  269.16  269.62 0.97983D+14  2.202   11.767   11.197   -2.156   43.669   10.33   11.99   37.77
   38.64   46.20 0.13185D-08  1  0  0.01496  269.13  269.64 0.97456D+14  2.202   11.669   11.098   -2.166   43.661   10.33   11.97   38.02
   38.96   46.54 0.13079D-08  1  0  0.01500  269.09  269.66 0.96935D+14  2.202   11.572   11.002   -2.176   43.652   10.33   11.96   38.28
   39.28   46.89 0.12974D-08  1  1  0.01505  269.05  269.68 0.96419D+14  2.203   11.477   10.907   -2.185   43.644   10.33   11.94   38.53
   39.61   47.24 0.12871D-08  1  1  0.01509  269.01  269.70 0.95908D+14  2.203   11.384   10.814   -2.195   43.636   10.32   11.92   38.79
   39.93   47.59 0.12770D-08  1  1  0.01513  268.97  269.72 0.95401D+14  2.203   11.292   10.722   -2.204   43.628   10.32   11.91   39.05
   40.25   47.94 0.12671D-08  1  1  0.01518  268.94  269.74 0.94900D+14  2.204   11.201   10.631   -2.214   43.620   10.32   11.89   39.30
   40.57   48.29 0.12573D-08  1  1  0.01522  268.90  269.76 0.94403D+14  2.204   11.112   10.542   -2.223   43.612   10.32   11.88   39.56
   40.89   48.64 0.12476D-08  1  1  0.01527  268.86  269.78 0.93912D+14  2.204   11.025   10.455   -2.232   43.605   10.31   11.86   39.82
   41.22   48.99 0.12382D-08  1  1  0.01531  268.82  269.80 0.93424D+14  2.205   10.938   10.368   -2.240   43.597   10.31   11.85   40.08
   41.54   49.34 0.12288D-08  1  1  0.01536  268.78  269.82 0.92942D+14  2.205   10.853   10.283   -2.249   43.590   10.31   11.83   40.34
   41.86   49.69 0.12196D-08  1  1  0.01540  268.74  269.83 0.92464D+14  2.205   10.770   10.200   -2.257   43.583   10.31   11.82   40.60
   42.18   50.04 0.12106D-08  1  1  0.01545  268.70  269.85 0.91990D+14  2.206   10.687   10.118   -2.266   43.576   10.30   11.81   40.86
   42.50   50.39 0.12016D-08  1  1  0.01549  268.67  269.87 0.91521D+14  2.206   10.606   10.036   -2.274   43.569   10.30   11.79   41.13
   42.83   50.75 0.11929D-08  1  1  0.01554  268.63  269.89 0.91056D+14  2.206   10.526    9.957   -2.282   43.562   10.30   11.78   41.39
   43.15   51.10 0.11842D-08  1  1  0.01558  268.59  269.91 0.90595D+14  2.207   10.448    9.878   -2.290   43.556   10.29   11.77   41.65
   43.47   51.45 0.11757D-08  1  1  0.01563  268.55  269.92 0.90138D+14  2.207   10.370    9.800   -2.297   43.550   10.29   11.75   41.91
   43.79   51.81 0.11673D-08  1  1  0.01568  268.51  269.94 0.89686D+14  2.207   10.294    9.724   -2.305   43.543   10.29   11.74   42.18
   44.11   52.16 0.11590D-08  1  1  0.01572  268.47  269.96 0.89238D+14  2.208   10.218    9.649   -2.312   43.537   10.28   11.73   42.44
   44.44   52.51 0.11508D-08  1  1  0.01577  268.43  269.97 0.88794D+14  2.208   10.144    9.575   -2.320   43.531   10.28   11.72   42.71
   44.76   52.87 0.11428D-08  1  1  0.01582  268.39  269.99 0.88353D+14  2.208   10.071    9.502   -2.327   43.525   10.28   11.70   42.97
   45.08   53.22 0.11349D-08  1  1  0.01587  268.35  270.00 0.87917D+14  2.209    9.999    9.429   -2.334   43.519   10.27   11.69   43.24
   45.40   53.58 0.11270D-08  1  1  0.01591  268.31  270.02 0.87484D+14  2.209    9.927    9.358   -2.341   43.514   10.27   11.68   43.51
   45.72   53.93 0.11193D-08  1  1  0.01596  268.28  270.03 0.87056D+14  2.209    9.857    9.288   -2.348   43.508   10.27   11.67   43.77
   46.05   54.29 0.11117D-08  1  1  0.01601  268.24  270.05 0.86631D+14  2.210    9.788    9.219   -2.355   43.502   10.26   11.66   44.04
   46.37   54.64 0.11043D-08  1  1  0.01606  268.20  270.06 0.86209D+14  2.210    9.720    9.151   -2.362   43.497   10.26   11.65   44.31
   46.69   55.00 0.10969D-08  1  1  0.01611  268.16  270.08 0.85792D+14  2.210    9.653    9.084   -2.369   43.492   10.26   11.64   44.58
   47.01   55.35 0.10896D-08  1  1  0.01616  268.12  270.09 0.85378D+14  2.211    9.586    9.018   -2.375   43.486   10.25   11.63   44.84
   47.33   55.71 0.10824D-08  1  1  0.01621  268.08  270.11 0.84967D+14  2.211    9.521    8.952   -2.382   43.481   10.25   11.62   45.11
   47.66   56.07 0.10753D-08  1  1  0.01626  268.04  270.12 0.84560D+14  2.211    9.456    8.888   -2.388   43.476   10.25   11.61   45.38
   47.98   56.42 0.10683D-08  1  1  0.01631  268.00  270.13 0.84157D+14  2.212    9.393    8.824   -2.394   43.471   10.24   11.60   45.65
   48.30   56.78 0.10614D-08  1  1  0.01636  267.96  270.15 0.83757D+14  2.212    9.330    8.761   -2.400   43.466   10.24   11.59   45.92
   48.62   57.14 0.10546D-08  1  1  0.01641  267.92  270.16 0.83360D+14  2.213    9.268    8.699   -2.407   43.462   10.24   11.58   46.19
   48.94   57.49 0.10479D-08  1  1  0.01646  267.88  270.17 0.82967D+14  2.213    9.207    8.638   -2.413   43.457   10.23   11.57   46.46
   49.27   57.85 0.10413D-08  1  1  0.01651  267.84  270.19 0.82577D+14  2.213    9.146    8.578   -2.419   43.452   10.23   11.56   46.73
   49.59   58.21 0.10347D-08  1  1  0.01656  267.80  270.20 0.82190D+14  2.214    9.086    8.518   -2.425   43.448   10.23   11.55   47.00
   49.91   58.56 0.10282D-08  1  1  0.01662  267.75  270.21 0.81806D+14  2.214    9.028    8.460   -2.430   43.443   10.22   11.54   47.28
   50.23   58.92 0.10219D-08  1  1  0.01667  267.71  270.22 0.81426D+14  2.214    8.969    8.402   -2.436   43.439   10.22   11.53   47.55
   50.55   59.28 0.10156D-08  1  1  0.01672  267.67  270.24 0.81048D+14  2.215    8.912    8.344   -2.442   43.434   10.22   11.52   47.82
   50.88   59.64 0.10094D-08  1  1  0.01677  267.63  270.25 0.80674D+14  2.215    8.855    8.288   -2.448   43.430   10.21   11.51   48.09
   51.20   60.00 0.10032D-08  1  1  0.01683  267.59  270.26 0.80303D+14  2.215    8.799    8.232   -2.453   43.426   10.21   11.50   48.37
   51.52   60.36 0.99715D-09  1  1  0.01688  267.55  270.27 0.79935D+14  2.216    8.744    8.177   -2.459   43.421   10.21   11.50   48.64
   51.84   60.71 0.99116D-09  1  1  0.01693  267.51  270.28 0.79570D+14  2.216    8.690    8.122   -2.464   43.417   10.20   11.49   48.91
   52.16   61.07 0.98525D-09  1  1  0.01699  267.47  270.29 0.79207D+14  2.216    8.636    8.068   -2.470   43.413   10.20   11.48   49.18
   52.49   61.43 0.97941D-09  1  1  0.01704  267.43  270.30 0.78848D+14  2.217    8.582    8.015   -2.475   43.409   10.19   11.47   49.46
   52.81   61.79 0.97364D-09  1  1  0.01710  267.39  270.31 0.78491D+14  2.217    8.530    7.962   -2.480   43.405   10.19   11.46   49.73
   53.13   62.15 0.96794D-09  1  1  0.01715  267.34  270.32 0.78138D+14  2.217    8.478    7.911   -2.486   43.401   10.19   11.46   50.01
   53.45   62.51 0.96231D-09  1  1  0.01721  267.30  270.33 0.77787D+14  2.218    8.426    7.859   -2.491   43.397   10.18   11.45   50.28
   53.77   62.87 0.95675D-09  1  1  0.01727  267.26  270.34 0.77439D+14  2.218    8.376    7.809   -2.496   43.393   10.18   11.44   50.56
   54.10   63.23 0.95125D-09  1  1  0.01732  267.22  270.35 0.77093D+14  2.219    8.326    7.759   -2.501   43.390   10.17   11.43   50.83
   54.42   63.59 0.94582D-09  1  1  0.01738  267.18  270.36 0.76751D+14  2.219    8.276    7.709   -2.507   43.386   10.17   11.42   51.11
   54.74   63.95 0.94046D-09  1  1  0.01743  267.14  270.37 0.76411D+14  2.219    8.227    7.660   -2.512   43.382   10.17   11.42   51.38
   55.06   64.31 0.93515D-09  1  1  0.01749  267.09  270.38 0.76073D+14  2.220    8.179    7.612   -2.517   43.378   10.16   11.41   51.66
   55.38   64.67 0.92991D-09  1  1  0.01755  267.05  270.39 0.75739D+14  2.220    8.131    7.564   -2.522   43.375   10.16   11.40   51.93
   55.71   65.03 0.92473D-09  1  1  0.01761  267.01  270.40 0.75407D+14  2.220    8.083    7.517   -2.527   43.371   10.16   11.40   52.21
   56.03   65.39 0.91960D-09  1  1  0.01767  266.97  270.41 0.75077D+14  2.221    8.037    7.470   -2.532   43.367   10.15   11.39   52.49
   56.35   65.75 0.91454D-09  1  1  0.01772  266.93  270.42 0.74750D+14  2.221    7.990    7.424   -2.537   43.364   10.15   11.38   52.76
   56.67   66.11 0.90953D-09  1  1  0.01778  266.88  270.42 0.74425D+14  2.221    7.945    7.378   -2.542   43.360   10.14   11.38   53.04
   56.99   66.47 0.90458D-09  1  1  0.01784  266.84  270.43 0.74103D+14  2.222    7.899    7.333   -2.547   43.357   10.14   11.37   53.32
   57.32   66.84 0.89969D-09  1  1  0.01790  266.80  270.44 0.73784D+14  2.222    7.855    7.289   -2.551   43.353   10.14   11.36   53.60
   57.64   67.20 0.89485D-09  1  1  0.01796  266.75  270.45 0.73466D+14  2.223    7.811    7.244   -2.556   43.350   10.13   11.36   53.87
   57.96   67.56 0.89006D-09  1  1  0.01802  266.71  270.45 0.73151D+14  2.223    7.767    7.201   -2.561   43.346   10.13   11.35   54.15
   58.28   67.92 0.88533D-09  1  1  0.01808  266.67  270.46 0.72839D+14  2.223    7.724    7.158   -2.566   43.343   10.12   11.34   54.43
   58.60   68.28 0.88065D-09  1  1  0.01815  266.63  270.47 0.72529D+14  2.224    7.681    7.115   -2.571   43.339   10.12   11.34   54.71
   58.93   68.64 0.87602D-09  1  1  0.01821  266.58  270.48 0.72221D+14  2.224    7.638    7.073   -2.576   43.336   10.12   11.33   54.99
   59.25   69.01 0.87144D-09  1  1  0.01827  266.54  270.48 0.71915D+14  2.224    7.597    7.031   -2.580   43.332   10.11   11.32   55.26
   59.57   69.37 0.86691D-09  1  1  0.01833  266.50  270.49 0.71612D+14  2.225    7.555    6.990   -2.585   43.329   10.11   11.32   55.54
   59.89   69.73 0.86243D-09  1  1  0.01840  266.45  270.49 0.71311D+14  2.225    7.514    6.949   -2.590   43.326   10.10   11.31   55.82
   60.21   70.09 0.85800D-09  1  1  0.01846  266.41  270.50 0.71012D+14  2.226    7.474    6.908   -2.595   43.322   10.10   11.31   56.10
   60.54   70.46 0.85361D-09  1  1  0.01852  266.36  270.51 0.70715D+14  2.226    7.434    6.868   -2.599   43.319   10.10   11.30   56.38
   60.86   70.82 0.84928D-09  1  1  0.01859  266.32  270.51 0.70421D+14  2.226    7.394    6.829   -2.604   43.316   10.09   11.30   56.66
   61.18   71.18 0.84498D-09  1  1  0.01865  266.28  270.52 0.70129D+14  2.227    7.355    6.789   -2.609   43.312   10.09   11.29   56.94
   61.50   71.54 0.84073D-09  1  1  0.01872  266.23  270.52 0.69838D+14  2.227    7.316    6.751   -2.614   43.309   10.08   11.28   57.22
   61.82   71.91 0.83653D-09  1  1  0.01878  266.19  270.53 0.69550D+14  2.228    7.277    6.712   -2.618   43.306   10.08   11.28   57.50
   62.15   72.27 0.83237D-09  1  1  0.01885  266.14  270.53 0.69264D+14  2.228    7.239    6.674   -2.623   43.302   10.08   11.27   57.78
   62.47   72.63 0.82825D-09  1  1  0.01891  266.10  270.54 0.68980D+14  2.228    7.202    6.637   -2.628   43.299   10.07   11.27   58.07
   62.79   73.00 0.82418D-09  1  1  0.01898  266.06  270.54 0.68698D+14  2.229    7.164    6.599   -2.633   43.295   10.07   11.26   58.35
   63.11   73.36 0.82014D-09  1  1  0.01905  266.01  270.55 0.68419D+14  2.229    7.127    6.563   -2.638   43.292   10.06   11.26   58.63
   63.43   73.72 0.81615D-09  1  1  0.01912  265.97  270.55 0.68141D+14  2.229    7.091    6.526   -2.642   43.289   10.06   11.25   58.91
   63.76   74.09 0.81220D-09  1  1  0.01918  265.92  270.55 0.67865D+14  2.230    7.054    6.490   -2.647   43.285   10.06   11.25   59.19
   64.08   74.45 0.80829D-09  1  1  0.01925  265.88  270.56 0.67591D+14  2.230    7.019    6.454   -2.652   43.282   10.05   11.24   59.47
   64.40   74.82 0.80441D-09  1  1  0.01932  265.83  270.56 0.67319D+14  2.231    6.983    6.419   -2.657   43.279   10.05   11.24   59.76
   64.72   75.18 0.80058D-09  1  1  0.01939  265.79  270.57 0.67049D+14  2.231    6.948    6.384   -2.662   43.275   10.04   11.23   60.04
   65.04   75.55 0.79678D-09  1  1  0.01946  265.74  270.57 0.66781D+14  2.231    6.913    6.349   -2.666   43.272   10.04   11.23   60.32
   65.37   75.91 0.79302D-09  1  1  0.01953  265.70  270.57 0.66514D+14  2.232    6.879    6.315   -2.671   43.268   10.03   11.22   60.60
   65.69   76.27 0.78930D-09  1  1  0.01960  265.65  270.58 0.66250D+14  2.232    6.845    6.281   -2.676   43.265   10.03   11.22   60.89
   66.01   76.64 0.78561D-09  1  1  0.01967  265.60  270.58 0.65987D+14  2.233    6.811    6.247   -2.681   43.261   10.03   11.21   61.17
   66.33   77.00 0.78196D-09  1  1  0.01975  265.56  270.58 0.65727D+14  2.233    6.777    6.214   -2.686   43.258   10.02   11.21   61.46
   66.65   77.37 0.77835D-09  1  1  0.01982  265.51  270.58 0.65468D+14  2.233    6.744    6.181   -2.691   43.255   10.02   11.21   61.74
   66.98   77.74 0.77477D-09  1  1  0.01989  265.47  270.59 0.65211D+14  2.234    6.711    6.148   -2.696   43.251   10.01   11.20   62.02
   67.30   78.10 0.77122D-09  1  1  0.01996  265.42  270.59 0.64955D+14  2.234    6.679    6.115   -2.701   43.248   10.01   11.20   62.31
   67.62   78.47 0.76771D-09  1  1  0.02004  265.37  270.59 0.64702D+14  2.235    6.647    6.083   -2.706   43.244   10.01   11.19   62.59
   67.94   78.83 0.76423D-09  1  1  0.02011  265.33  270.59 0.64450D+14  2.235    6.615    6.051   -2.711   43.240   10.00   11.19   62.88
   68.26   79.20 0.76079D-09  1  1  0.02019  265.28  270.59 0.64200D+14  2.235    6.583    6.020   -2.716   43.237   10.00   11.18   63.16
   68.59   79.56 0.75737D-09  1  1  0.02026  265.23  270.59 0.63952D+14  2.236    6.552    5.989   -2.721   43.233    9.99   11.18   63.45
   68.91   79.93 0.75399D-09  1  1  0.02034  265.19  270.60 0.63705D+14  2.236    6.521    5.958   -2.727   43.230    9.99   11.18   63.73
   69.23   80.30 0.75064D-09  1  1  0.02041  265.14  270.60 0.63460D+14  2.237    6.490    5.927   -2.732   43.226    9.99   11.17   64.02
   69.55   80.66 0.74732D-09  1  1  0.02049  265.09  270.60 0.63217D+14  2.237    6.459    5.897   -2.737   43.222    9.98   11.17   64.31
   69.87   81.03 0.74404D-09  1  1  0.02057  265.05  270.60 0.62975D+14  2.237    6.429    5.866   -2.742   43.218    9.98   11.16   64.59
   70.20   81.40 0.74078D-09  1  1  0.02065  265.00  270.60 0.62735D+14  2.238    6.399    5.837   -2.748   43.215    9.97   11.16   64.88
   70.52   81.76 0.73755D-09  1  1  0.02073  264.95  270.60 0.62497D+14  2.238    6.370    5.807   -2.753   43.211    9.97   11.16   65.17
   70.84   82.13 0.73435D-09  1  1  0.02081  264.90  270.60 0.62260D+14  2.239    6.340    5.778   -2.758   43.207    9.96   11.15   65.45
   71.16   82.50 0.73118D-09  1  1  0.02089  264.86  270.60 0.62025D+14  2.239    6.311    5.749   -2.764   43.203    9.96   11.15   65.74
   71.48   82.86 0.72804D-09  1  1  0.02097  264.81  270.60 0.61792D+14  2.240    6.282    5.720   -2.769   43.199    9.96   11.14   66.03
   71.81   83.23 0.72493D-09  1  1  0.02105  264.76  270.60 0.61560D+14  2.240    6.253    5.691   -2.775   43.195    9.95   11.14   66.32
   72.13   83.60 0.72184D-09  1  1  0.02113  264.71  270.60 0.61330D+14  2.240    6.225    5.663   -2.780   43.191    9.95   11.14   66.60
   72.45   83.97 0.71878D-09  1  1  0.02121  264.66  270.60 0.61101D+14  2.241    6.197    5.635   -2.786   43.187    9.94   11.13   66.89
   72.77   84.34 0.71575D-09  1  1  0.02129  264.62  270.60 0.60874D+14  2.241    6.169    5.607   -2.792   43.183    9.94   11.13   67.18
   73.09   84.70 0.71275D-09  1  1  0.02138  264.57  270.60 0.60648D+14  2.242    6.141    5.580   -2.797   43.179    9.94   11.13   67.47
   73.42   85.07 0.70977D-09  1  1  0.02146  264.52  270.59 0.60424D+14  2.242    6.114    5.552   -2.803   43.175    9.93   11.12   67.76
   73.74   85.44 0.70682D-09  1  1  0.02155  264.47  270.59 0.60201D+14  2.243    6.087    5.525   -2.809   43.171    9.93   11.12   68.05
   74.06   85.81 0.70390D-09  1  1  0.02163  264.42  270.59 0.59980D+14  2.243    6.060    5.498   -2.815   43.166    9.92   11.12   68.34
   74.38   86.18 0.70100D-09  1  1  0.02172  264.37  270.59 0.59760D+14  2.243    6.033    5.472   -2.821   43.162    9.92   11.11   68.63
   74.70   86.55 0.69812D-09  1  1  0.02180  264.32  270.59 0.59542D+14  2.244    6.007    5.445   -2.827   43.158    9.91   11.11   68.92
   75.03   86.92 0.69527D-09  1  1  0.02189  264.27  270.59 0.59325D+14  2.244    5.980    5.419   -2.833   43.153    9.91   11.11   69.21
   75.35   87.29 0.69244D-09  1  1  0.02198  264.22  270.58 0.59110D+14  2.245    5.954    5.393   -2.839   43.149    9.91   11.10   69.50
   75.67   87.65 0.68964D-09  1  1  0.02207  264.17  270.58 0.58896D+14  2.245    5.928    5.367   -2.846   43.144    9.90   11.10   69.79
   75.99   88.02 0.68686D-09  1  1  0.02216  264.12  270.58 0.58684D+14  2.246    5.903    5.342   -2.852   43.140    9.90   11.10   70.08
   76.31   88.39 0.68411D-09  1  1  0.02225  264.07  270.58 0.58473D+14  2.246    5.877    5.317   -2.858   43.135    9.89   11.09   70.37
   76.64   88.76 0.68138D-09  1  1  0.02234  264.02  270.57 0.58263D+14  2.246    5.852    5.292   -2.865   43.130    9.89   11.09   70.67
   76.96   89.13 0.67867D-09  1  1  0.02243  263.97  270.57 0.58055D+14  2.247    5.827    5.267   -2.871   43.126    9.89   11.09   70.96
   77.28   89.50 0.67598D-09  1  1  0.02252  263.92  270.57 0.57848D+14  2.247    5.802    5.242   -2.878   43.121    9.88   11.09   71.25
   77.60   89.87 0.67332D-09  1  1  0.02261  263.87  270.56 0.57643D+14  2.248    5.778    5.217   -2.884   43.116    9.88   11.08   71.54
   77.92   90.25 0.67068D-09  1  1  0.02271  263.82  270.56 0.57438D+14  2.248    5.753    5.193   -2.891   43.111    9.87   11.08   71.84
   78.25   90.62 0.66806D-09  1  1  0.02280  263.77  270.56 0.57236D+14  2.249    5.729    5.169   -2.898   43.106    9.87   11.08   72.13
   78.57   90.99 0.66546D-09  1  1  0.02290  263.72  270.55 0.57034D+14  2.249    5.705    5.145   -2.905   43.101    9.87   11.07   72.42
   78.89   91.36 0.66288D-09  1  1  0.02299  263.67  270.55 0.56834D+14  2.250    5.681    5.121   -2.912   43.096    9.86   11.07   72.72
   79.21   91.73 0.66033D-09  1  1  0.02309  263.61  270.55 0.56636D+14  2.250    5.657    5.098   -2.919   43.091    9.86   11.07   73.01
   79.53   92.10 0.65779D-09  1  1  0.02319  263.56  270.54 0.56438D+14  2.250    5.634    5.074   -2.926   43.085    9.85   11.07   73.31
   79.86   92.47 0.65527D-09  1  1  0.02328  263.51  270.54 0.56242D+14  2.251    5.611    5.051   -2.933   43.080    9.85   11.06   73.60
   80.18   92.85 0.65278D-09  1  1  0.02338  263.46  270.53 0.56047D+14  2.251    5.588    5.028   -2.940   43.074    9.85   11.06   73.90
   80.50   93.22 0.65031D-09  1  1  0.02348  263.41  270.53 0.55854D+14  2.252    5.565    5.006   -2.948   43.069    9.84   11.06   74.19
   80.82   93.59 0.64785D-09  1  1  0.02358  263.35  270.52 0.55662D+14  2.252    5.542    4.983   -2.955   43.063    9.84   11.06   74.49
   81.14   93.96 0.64542D-09  1  1  0.02368  263.30  270.52 0.55471D+14  2.253    5.519    4.960   -2.963   43.058    9.83   11.05   74.78
   81.47   94.34 0.64300D-09  1  1  0.02379  263.25  270.51 0.55281D+14  2.253    5.497    4.938   -2.971   43.052    9.83   11.05   75.08
   81.79   94.71 0.64060D-09  1  1  0.02389  263.19  270.51 0.55093D+14  2.254    5.475    4.916   -2.978   43.046    9.83   11.05   75.38
   82.11   95.08 0.63822D-09  1  1  0.02399  263.14  270.50 0.54905D+14  2.254    5.453    4.894   -2.986   43.040    9.82   11.05   75.67
   82.43   95.45 0.63586D-09  1  1  0.02410  263.09  270.49 0.54720D+14  2.255    5.431    4.872   -2.994   43.034    9.82   11.04   75.97
   82.75   95.83 0.63352D-09  1  1  0.02420  263.03  270.49 0.54535D+14  2.255    5.409    4.851   -3.002   43.028    9.81   11.04   76.27
   83.08   96.20 0.63120D-09  1  1  0.02431  262.98  270.48 0.54351D+14  2.256    5.387    4.829   -3.011   43.022    9.81   11.04   76.57
   83.40   96.58 0.62889D-09  1  1  0.02442  262.93  270.48 0.54169D+14  2.256    5.366    4.808   -3.019   43.016    9.81   11.04   76.87
   83.72   96.95 0.62661D-09  1  1  0.02453  262.87  270.47 0.53988D+14  2.257    5.345    4.787   -3.027   43.009    9.80   11.04   77.17
   84.04   97.32 0.62434D-09  1  1  0.02464  262.82  270.46 0.53808D+14  2.257    5.324    4.766   -3.036   43.003    9.80   11.03   77.46
   84.36   97.70 0.62209D-09  1  1  0.02475  262.76  270.46 0.53630D+14  2.257    5.303    4.745   -3.044   42.996    9.79   11.03   77.76
   84.69   98.07 0.61985D-09  1  1  0.02486  262.71  270.45 0.53453D+14  2.258    5.282    4.724   -3.053   42.990    9.79   11.03   78.06
   85.01   98.45 0.61763D-09  1  1  0.02497  262.65  270.44 0.53276D+14  2.258    5.261    4.704   -3.062   42.983    9.79   11.03   78.36
   85.33   98.82 0.61543D-09  1  1  0.02508  262.60  270.43 0.53101D+14  2.259    5.241    4.683   -3.071   42.976    9.78   11.03   78.66
   85.65   99.20 0.61325D-09  1  1  0.02519  262.54  270.43 0.52928D+14  2.259    5.220    4.663   -3.080   42.969    9.78   11.03   78.97
   85.97   99.57 0.61108D-09  1  1  0.02531  262.49  270.42 0.52755D+14  2.260    5.200    4.643   -3.089   42.962    9.77   11.02   79.27
   86.30   99.95 0.60893D-09  1  1  0.02543  262.43  270.41 0.52583D+14  2.260    5.180    4.623   -3.099   42.955    9.77   11.02   79.57
   86.62  100.33 0.60679D-09  1  1  0.02554  262.37  270.40 0.52413D+14  2.261    5.160    4.603   -3.108   42.948    9.77   11.02   79.87
   86.94  100.70 0.60467D-09  1  1  0.02566  262.32  270.39 0.52244D+14  2.261    5.141    4.584   -3.118   42.941    9.76   11.02   80.17
   87.26  101.08 0.60256D-09  1  1  0.02578  262.26  270.39 0.52076D+14  2.262    5.121    4.564   -3.127   42.933    9.76   11.02   80.48
   87.58  101.46 0.60047D-09  1  1  0.02590  262.20  270.38 0.51909D+14  2.262    5.101    4.545   -3.137   42.926    9.75   11.02   80.78
   87.91  101.83 0.59840D-09  1  1  0.02602  262.15  270.37 0.51743D+14  2.263    5.082    4.526   -3.147   42.918    9.75   11.01   81.08
   88.23  102.21 0.59634D-09  1  1  0.02614  262.09  270.36 0.51579D+14  2.263    5.063    4.507   -3.157   42.910    9.75   11.01   81.39
   88.55  102.59 0.59430D-09  1  1  0.02627  262.03  270.35 0.51415D+14  2.264    5.044    4.488   -3.168   42.902    9.74   11.01   81.69
   88.87  102.96 0.59227D-09  1  1  0.02639  261.97  270.34 0.51253D+14  2.264    5.025    4.469   -3.178   42.894    9.74   11.01   81.99
   89.19  103.34 0.59026D-09  1  1  0.02652  261.92  270.33 0.51092D+14  2.265    5.006    4.450   -3.189   42.886    9.74   11.01   82.30
   89.52  103.72 0.58826D-09  1  1  0.02664  261.86  270.32 0.50932D+14  2.265    4.987    4.432   -3.199   42.878    9.73   11.01   82.61
   89.84  104.10 0.58627D-09  1  1  0.02677  261.80  270.31 0.50773D+14  2.266    4.969    4.413   -3.210   42.869    9.73   11.01   82.91
   90.16  104.48 0.58430D-09  1  1  0.02690  261.74  270.30 0.50615D+14  2.266    4.950    4.395   -3.221   42.861    9.72   11.01   83.22
   90.48  104.86 0.58234D-09  1  1  0.02703  261.68  270.29 0.50458D+14  2.267    4.932    4.377   -3.232   42.852    9.72   11.00   83.52
   90.80  105.23 0.58040D-09  1  1  0.02716  261.62  270.28 0.50302D+14  2.268    4.914    4.359   -3.244   42.843    9.72   11.00   83.83
   91.13  105.61 0.57847D-09  1  1  0.02729  261.56  270.27 0.50148D+14  2.268    4.895    4.341   -3.255   42.834    9.71   11.00   84.14
   91.45  105.99 0.57656D-09  1  1  0.02743  261.50  270.26 0.49994D+14  2.269    4.877    4.323   -3.267   42.825    9.71   11.00   84.45
   91.77  106.37 0.57465D-09  1  1  0.02756  261.44  270.25 0.49842D+14  2.269    4.860    4.305   -3.279   42.816    9.71   11.00   84.75
   92.09  106.75 0.57276D-09  1  1  0.02770  261.38  270.24 0.49690D+14  2.270    4.842    4.287   -3.291   42.807    9.70   11.00   85.06
   92.41  107.13 0.57089D-09  1  1  0.02784  261.32  270.22 0.49540D+14  2.270    4.824    4.270   -3.303   42.797    9.70   11.00   85.37
   92.74  107.51 0.56903D-09  1  1  0.02798  261.26  270.21 0.49391D+14  2.271    4.807    4.253   -3.315   42.788    9.70   11.00   85.68
   93.06  107.89 0.56718D-09  1  1  0.02812  261.20  270.20 0.49243D+14  2.271    4.789    4.235   -3.328   42.778    9.69   11.00   85.99
   93.38  108.28 0.56534D-09  1  1  0.02826  261.14  270.19 0.49096D+14  2.272    4.772    4.218   -3.340   42.768    9.69   11.00   86.30
   93.70  108.66 0.56352D-09  1  1  0.02840  261.07  270.18 0.48950D+14  2.272    4.755    4.201   -3.353   42.758    9.68   11.00   86.61
   94.02  109.04 0.56170D-09  1  1  0.02855  261.01  270.16 0.48805D+14  2.273    4.738    4.184   -3.366   42.748    9.68   11.00   86.92
   94.35  109.42 0.55990D-09  1  1  0.02869  260.95  270.15 0.48661D+14  2.273    4.721    4.167   -3.380   42.737    9.68   11.00   87.23
   94.67  109.80 0.55812D-09  1  1  0.02884  260.89  270.14 0.48518D+14  2.274    4.704    4.151   -3.393   42.727    9.67   10.99   87.54
   94.99  110.18 0.55634D-09  1  1  0.02899  260.82  270.13 0.48376D+14  2.275    4.687    4.134   -3.407   42.716    9.67   10.99   87.86
   95.31  110.57 0.55458D-09  1  1  0.02914  260.76  270.11 0.48236D+14  2.275    4.671    4.118   -3.421   42.705    9.67   10.99   88.17
   95.63  110.95 0.55283D-09  1  1  0.02929  260.70  270.10 0.48096D+14  2.276    4.654    4.101   -3.435   42.694    9.66   10.99   88.48
   95.96  111.33 0.55109D-09  1  1  0.02944  260.63  270.09 0.47958D+14  2.276    4.638    4.085   -3.449   42.683    9.66   10.99   88.79
   96.28  111.71 0.54936D-09  1  1  0.02960  260.57  270.07 0.47820D+14  2.277    4.621    4.069   -3.463   42.671    9.66   10.99   89.11
   96.60  112.10 0.54765D-09  1  1  0.02975  260.50  270.06 0.47684D+14  2.277    4.605    4.053   -3.478   42.660    9.65   10.99   89.42
   96.92  112.48 0.54594D-09  1  1  0.02991  260.44  270.04 0.47548D+14  2.278    4.589    4.037   -3.493   42.648    9.65   10.99   89.74
   97.24  112.86 0.54425D-09  1  1  0.03007  260.37  270.03 0.47414D+14  2.279    4.573    4.021   -3.508   42.636    9.65   10.99   90.05
   97.57  113.25 0.54257D-09  1  1  0.03023  260.31  270.02 0.47280D+14  2.279    4.557    4.005   -3.523   42.624    9.64   10.99   90.37
   97.89  113.63 0.54090D-09  1  1  0.03040  260.24  270.00 0.47148D+14  2.280    4.541    3.989   -3.539   42.612    9.64   10.99   90.68
   98.21  114.02 0.53924D-09  1  1  0.03056  260.18  269.99 0.47017D+14  2.280    4.525    3.974   -3.555   42.599    9.64   10.99   91.00
   98.53  114.40 0.53759D-09  1  1  0.03073  260.11  269.97 0.46887D+14  2.281    4.510    3.958   -3.571   42.586    9.63   10.99   91.32
   98.85  114.79 0.53595D-09  1  1  0.03090  260.04  269.95 0.46758D+14  2.282    4.494    3.943   -3.587   42.574    9.63   10.99   91.63
   99.18  115.17 0.53432D-09  1  1  0.03106  259.97  269.94 0.46629D+14  2.282    4.478    3.927   -3.604   42.560    9.63   10.99   91.95
   99.50  115.56 0.53270D-09  1  1  0.03124  259.91  269.92 0.46502D+14  2.283    4.463    3.912   -3.620   42.547    9.62   10.99   92.27
   99.82  115.94 0.53110D-09  1  1  0.03141  259.84  269.91 0.46376D+14  2.283    4.448    3.897   -3.637   42.534    9.62   10.99   92.59
  100.14  116.33 0.52950D-09  1  1  0.03159  259.77  269.89 0.46251D+14  2.284    4.432    3.882   -3.655   42.520    9.62   11.00   92.91
  100.46  116.72 0.52792D-09  1  1  0.03176  259.70  269.87 0.46128D+14  2.285    4.417    3.867   -3.672   42.506    9.61   11.00   93.23
  100.79  117.10 0.52634D-09  1  1  0.03194  259.63  269.86 0.46005D+14  2.285    4.402    3.852   -3.690   42.492    9.61   11.00   93.55
  101.11  117.49 0.52477D-09  1  1  0.03212  259.56  269.84 0.45883D+14  2.286    4.387    3.837   -3.708   42.477    9.61   11.00   93.87
  101.43  117.88 0.52322D-09  1  1  0.03231  259.49  269.82 0.45762D+14  2.286    4.372    3.823   -3.726   42.463    9.61   11.00   94.19
  101.75  118.27 0.52167D-09  1  1  0.03249  259.42  269.81 0.45642D+14  2.287    4.358    3.808   -3.745   42.448    9.60   11.00   94.51
  102.07  118.65 0.52014D-09  1  1  0.03268  259.35  269.79 0.45524D+14  2.288    4.343    3.794   -3.764   42.433    9.60   11.00   94.83
  102.40  119.04 0.51861D-09  1  1  0.03287  259.28  269.77 0.45406D+14  2.288    4.328    3.779   -3.783   42.418    9.60   11.00   95.15
  102.72  119.43 0.51709D-09  1  1  0.03306  259.21  269.75 0.45289D+14  2.289    4.314    3.765   -3.803   42.402    9.59   11.00   95.47
  103.04  119.82 0.51559D-09  1  1  0.03325  259.13  269.73 0.45174D+14  2.290    4.299    3.750   -3.822   42.386    9.59   11.00   95.79
  103.36  120.21 0.51409D-09  1  1  0.03345  259.06  269.71 0.45059D+14  2.290    4.285    3.736   -3.842   42.370    9.59   11.00   96.12
  103.68  120.60 0.51260D-09  1  1  0.03365  258.99  269.70 0.44946D+14  2.291    4.270    3.722   -3.863   42.354    9.58   11.01   96.44
  104.01  120.98 0.51112D-09  1  1  0.03385  258.92  269.68 0.44834D+14  2.292    4.256    3.708   -3.884   42.337    9.58   11.01   96.77
  104.33  121.37 0.50965D-09  1  1  0.03405  258.84  269.66 0.44722D+14  2.292    4.242    3.694   -3.905   42.321    9.58   11.01   97.09
  104.65  121.76 0.50819D-09  1  1  0.03425  258.77  269.64 0.44612D+14  2.293    4.228    3.680   -3.926   42.303    9.58   11.01   97.41
  104.97  122.15 0.50674D-09  1  1  0.03446  258.69  269.62 0.44503D+14  2.294    4.214    3.666   -3.948   42.286    9.57   11.01   97.74
  105.29  122.54 0.50529D-09  1  1  0.03467  258.62  269.60 0.44395D+14  2.294    4.200    3.652   -3.970   42.268    9.57   11.01   98.07
  105.62  122.93 0.50386D-09  1  1  0.03488  258.54  269.58 0.44288D+14  2.295    4.186    3.639   -3.992   42.250    9.57   11.01   98.39
  105.94  123.33 0.50243D-09  1  1  0.03510  258.46  269.56 0.44182D+14  2.296    4.172    3.625   -4.015   42.232    9.57   11.02   98.72
  106.26  123.72 0.50102D-09  1  1  0.03531  258.39  269.54 0.44078D+14  2.296    4.159    3.612   -4.038   42.214    9.56   11.02   99.04
  106.58  124.11 0.49961D-09  1  1  0.03553  258.31  269.51 0.43974D+14  2.297    4.145    3.598   -4.061   42.195    9.56   11.02   99.37
  106.90  124.50 0.49821D-09  1  1  0.03576  258.23  269.49 0.43871D+14  2.298    4.131    3.585   -4.085   42.176    9.56   11.02   99.70
  107.23  124.89 0.49682D-09  1  1  0.03598  258.15  269.47 0.43770D+14  2.298    4.118    3.571   -4.109   42.156    9.56   11.02  100.03
  107.55  125.28 0.49544D-09  1  1  0.03621  258.07  269.45 0.43670D+14  2.299    4.104    3.558   -4.134   42.137    9.55   11.03  100.36
  107.87  125.68 0.49406D-09  1  1  0.03644  257.99  269.43 0.43570D+14  2.300    4.091    3.545   -4.159   42.117    9.55   11.03  100.69
  108.19  126.07 0.49269D-09  1  1  0.03667  257.91  269.41 0.43472D+14  2.301    4.077    3.532   -4.184   42.096    9.55   11.03  101.02
  108.51  126.46 0.49134D-09  1  1  0.03691  257.83  269.38 0.43375D+14  2.301    4.064    3.519   -4.210   42.075    9.55   11.03  101.35
  108.84  126.85 0.48999D-09  1  1  0.03715  257.75  269.36 0.43279D+14  2.302    4.051    3.506   -4.236   42.054    9.54   11.04  101.68
  109.16  127.25 0.48864D-09  1  1  0.03739  257.67  269.34 0.43185D+14  2.303    4.038    3.493   -4.263   42.033    9.54   11.04  102.01
  109.48  127.64 0.48731D-09  1  1  0.03764  257.58  269.31 0.43091D+14  2.303    4.025    3.480   -4.290   42.011    9.54   11.04  102.34
  109.80  128.03 0.48598D-09  1  1  0.03789  257.50  269.29 0.42999D+14  2.304    4.012    3.467   -4.318   41.989    9.54   11.04  102.67
  110.12  128.43 0.48466D-09  1  1  0.03814  257.42  269.26 0.42908D+14  2.305    3.999    3.454   -4.346   41.967    9.53   11.05  103.00
  110.45  128.82 0.48335D-09  1  1  0.03839  257.33  269.24 0.42818D+14  2.306    3.986    3.442   -4.374   41.944    9.53   11.05  103.33
  110.77  129.22 0.48205D-09  1  1  0.03865  257.25  269.21 0.42729D+14  2.306    3.973    3.429   -4.403   41.920    9.53   11.05  103.67
  111.09  129.61 0.48075D-09  1  1  0.03891  257.16  269.19 0.42641D+14  2.307    3.960    3.416   -4.432   41.897    9.53   11.06  104.00
  111.41  130.01 0.47947D-09  1  1  0.03918  257.07  269.16 0.42555D+14  2.308    3.947    3.404   -4.462   41.873    9.53   11.06  104.33
  111.73  130.40 0.47818D-09  1  1  0.03945  256.99  269.14 0.42470D+14  2.309    3.935    3.391   -4.492   41.848    9.53   11.06  104.67
  112.06  130.80 0.47691D-09  1  1  0.03972  256.90  269.11 0.42386D+14  2.310    3.922    3.379   -4.523   41.824    9.52   11.07  105.00
  112.38  131.19 0.47565D-09  1  1  0.04000  256.81  269.09 0.42303D+14  2.310    3.909    3.367   -4.554   41.798    9.52   11.07  105.33
  112.70  131.59 0.47439D-09  1  1  0.04028  256.72  269.06 0.42222D+14  2.311    3.897    3.354   -4.586   41.773    9.52   11.07  105.67
  113.02  131.99 0.47314D-09  1  1  0.04056  256.63  269.03 0.42141D+14  2.312    3.884    3.342   -4.619   41.747    9.52   11.08  106.01
  113.34  132.38 0.47189D-09  1  1  0.04085  256.54  269.00 0.42063D+14  2.313    3.872    3.330   -4.652   41.720    9.52   11.08  106.34
  113.67  132.78 0.47065D-09  1  1  0.04114  256.44  268.98 0.41985D+14  2.314    3.860    3.318   -4.685   41.693    9.52   11.09  106.68
  113.99  133.18 0.46942D-09  1  1  0.04143  256.35  268.95 0.41909D+14  2.315    3.847    3.306   -4.719   41.665    9.51   11.09  107.01
  114.31  133.57 0.46820D-09  1  1  0.04173  256.26  268.92 0.41834D+14  2.315    3.835    3.294   -4.754   41.638    9.51   11.10  107.35
  114.63  133.97 0.46698D-09  1  1  0.04204  256.16  268.89 0.41760D+14  2.316    3.823    3.282   -4.789   41.609    9.51   11.10  107.69
  114.95  134.37 0.46577D-09  1  1  0.04235  256.07  268.86 0.41688D+14  2.317    3.810    3.270   -4.825   41.580    9.51   11.10  108.03
  115.28  134.77 0.46457D-09  1  1  0.04266  255.97  268.83 0.41617D+14  2.318    3.798    3.258   -4.861   41.551    9.51   11.11  108.36
  115.60  135.16 0.46337D-09  1  1  0.04298  255.87  268.80 0.41548D+14  2.319    3.786    3.246   -4.898   41.521    9.51   11.11  108.70
  115.92  135.56 0.46218D-09  1  1  0.04330  255.77  268.77 0.41479D+14  2.320    3.774    3.234   -4.936   41.490    9.51   11.12  109.04
  116.24  135.96 0.46100D-09  1  1  0.04362  255.68  268.74 0.41413D+14  2.321    3.762    3.223   -4.975   41.459    9.50   11.12  109.38
  116.56  136.36 0.45983D-09  1  1  0.04396  255.58  268.71 0.41348D+14  2.321    3.750    3.211   -5.014   41.428    9.50   11.13  109.72
  116.89  136.76 0.45866D-09  1  1  0.04429  255.47  268.68 0.41284D+14  2.322    3.738    3.199   -5.053   41.396    9.50   11.14  110.06
  117.21  137.16 0.45749D-09  1  1  0.04463  255.37  268.65 0.41222D+14  2.323    3.726    3.188   -5.094   41.363    9.50   11.14  110.40
  117.53  137.56 0.45634D-09  1  1  0.04498  255.27  268.61 0.41161D+14  2.324    3.715    3.176   -5.135   41.330    9.50   11.15  110.74
  117.85  137.96 0.45519D-09  1  1  0.04533  255.16  268.58 0.41102D+14  2.325    3.703    3.165   -5.177   41.296    9.50   11.15  111.08
  118.17  138.36 0.45404D-09  1  1  0.04569  255.06  268.55 0.41044D+14  2.326    3.691    3.153   -5.219   41.262    9.50   11.16  111.42
  118.50  138.76 0.45290D-09  1  1  0.04605  254.95  268.51 0.40988D+14  2.327    3.679    3.142   -5.263   41.227    9.50   11.17  111.76
  118.82  139.16 0.45177D-09  1  1  0.04642  254.84  268.48 0.40934D+14  2.328    3.667    3.130   -5.307   41.191    9.50   11.17  112.11
  119.14  139.56 0.45065D-09  1  1  0.04679  254.74  268.44 0.40881D+14  2.329    3.656    3.119   -5.352   41.155    9.50   11.18  112.45
  119.46  139.96 0.44953D-09  1  1  0.04717  254.63  268.41 0.40830D+14  2.330    3.644    3.108   -5.398   41.118    9.50   11.19  112.79
  119.78  140.36 0.44841D-09  1  1  0.04756  254.51  268.37 0.40780D+14  2.331    3.633    3.096   -5.444   41.080    9.50   11.19  113.13
  120.11  140.76 0.44730D-09  1  1  0.04795  254.40  268.34 0.40733D+14  2.332    3.621    3.085   -5.492   41.042    9.50   11.20  113.48
  120.43  141.16 0.44620D-09  1  1  0.04835  254.29  268.30 0.40687D+14  2.333    3.609    3.074   -5.540   41.002    9.50   11.21  113.82
  120.75  141.56 0.44511D-09  1  1  0.04875  254.17  268.26 0.40643D+14  2.334    3.598    3.063   -5.589   40.963    9.50   11.22  114.16
  121.07  141.96 0.44402D-09  1  1  0.04917  254.06  268.23 0.40600D+14  2.335    3.586    3.052   -5.639   40.922    9.50   11.22  114.51
  121.39  142.36 0.44293D-09  1  1  0.04958  253.94  268.19 0.40560D+14  2.336    3.575    3.041   -5.691   40.881    9.50   11.23  114.85
  121.72  142.76 0.44185D-09  1  1  0.05001  253.82  268.15 0.40521D+14  2.337    3.564    3.030   -5.743   40.839    9.50   11.24  115.20
  122.04  143.17 0.44078D-09  1  1  0.05044  253.70  268.11 0.40485D+14  2.339    3.552    3.019   -5.796   40.796    9.50   11.25  115.54
  122.36  143.57 0.43972D-09  1  1  0.05088  253.58  268.07 0.40450D+14  2.340    3.541    3.007   -5.850   40.752    9.50   11.26  115.89
  122.68  143.97 0.43865D-09  1  1  0.05133  253.45  268.03 0.40417D+14  2.341    3.529    2.997   -5.905   40.708    9.50   11.27  116.23
  123.00  144.37 0.43760D-09  1  1  0.05179  253.33  267.99 0.40387D+14  2.342    3.518    2.986   -5.961   40.662    9.50   11.28  116.58
  123.33  144.78 0.43655D-09  1  1  0.05225  253.20  267.95 0.40358D+14  2.343    3.507    2.975   -6.018   40.616    9.50   11.29  116.93
  123.65  145.18 0.43550D-09  1  1  0.05272  253.07  267.91 0.40332D+14  2.344    3.496    2.964   -6.076   40.569    9.50   11.30  117.27
  123.97  145.58 0.43446D-09  1  1  0.05320  252.94  267.86 0.40308D+14  2.345    3.484    2.953   -6.136   40.521    9.50   11.31  117.62
  124.29  145.98 0.43343D-09  1  1  0.05369  252.81  267.82 0.40286D+14  2.347    3.473    2.942   -6.196   40.472    9.50   11.32  117.96
  124.61  146.39 0.43240D-09  1  1  0.05418  252.67  267.78 0.40267D+14  2.348    3.462    2.931   -6.258   40.422    9.51   11.33  118.31
  124.94  146.79 0.43138D-09  1  1  0.05469  252.54  267.73 0.40249D+14  2.349    3.451    2.920   -6.321   40.371    9.51   11.34  118.66
  125.26  147.19 0.43036D-09  1  1  0.05521  252.40  267.69 0.40235D+14  2.350    3.439    2.910   -6.386   40.319    9.51   11.35  119.01
  125.58  147.60 0.42935D-09  1  1  0.05573  252.26  267.64 0.40223D+14  2.352    3.428    2.899   -6.451   40.266    9.51   11.36  119.35
  125.90  148.00 0.42834D-09  1  1  0.05627  252.12  267.60 0.40213D+14  2.353    3.417    2.888   -6.518   40.211    9.51   11.37  119.70
  126.22  148.40 0.42734D-09  1  1  0.05681  251.97  267.55 0.40206D+14  2.354    3.406    2.877   -6.587   40.156    9.51   11.39  120.05
  126.55  148.81 0.42634D-09  1  1  0.05737  251.83  267.50 0.40201D+14  2.356    3.395    2.867   -6.656   40.100    9.52   11.40  120.40
  126.87  149.21 0.42535D-09  1  1  0.05793  251.68  267.45 0.40200D+14  2.357    3.383    2.856   -6.727   40.042    9.52   11.41  120.75
  127.19  149.62 0.42436D-09  1  1  0.05851  251.53  267.40 0.40201D+14  2.358    3.372    2.845   -6.800   39.984    9.52   11.42  121.09
  127.51  150.02 0.42338D-09  1  1  0.05910  251.38  267.35 0.40205D+14  2.360    3.361    2.834   -6.874   39.924    9.52   11.44  121.44
  127.83  150.42 0.42240D-09  1  1  0.05970  251.22  267.30 0.40213D+14  2.361    3.350    2.824   -6.950   39.863    9.53   11.45  121.79
  128.16  150.83 0.42143D-09  1  1  0.06031  251.06  267.25 0.40223D+14  2.363    3.339    2.813   -7.027   39.800    9.53   11.47  122.14
  128.48  151.23 0.42047D-09  1  1  0.06093  250.90  267.20 0.40236D+14  2.364    3.328    2.802   -7.106   39.736    9.53   11.48  122.49
  128.80  151.64 0.41950D-09  1  1  0.06157  250.74  267.14 0.40253D+14  2.366    3.316    2.792   -7.187   39.671    9.53   11.50  122.84
  129.12  152.04 0.41855D-09  1  1  0.06222  250.57  267.09 0.40273D+14  2.367    3.305    2.781   -7.269   39.604    9.54   11.51  123.19
  129.44  152.45 0.41759D-09  1  0  0.06289  250.40  267.03 0.40297D+14  2.369    3.294    2.770   -7.353   39.536    9.54   11.53  123.54
  129.77  152.85 0.41664D-09  1  0  0.06356  250.23  266.98 0.40324D+14  2.370    3.283    2.760   -7.439   39.467    9.55   11.55  123.89
  130.09  153.26 0.41570D-09  1  0  0.06426  250.05  266.92 0.40356D+14  2.372    3.272    2.749   -7.527   39.396    9.55   11.56  124.24
  130.41  153.66 0.41476D-09  1  0  0.06496  249.88  266.86 0.40390D+14  2.374    3.260    2.738   -7.617   39.323    9.55   11.58  124.59
  130.73  154.07 0.41383D-09  1  0  0.06569  249.69  266.80 0.40429D+14  2.375    3.249    2.728   -7.709   39.249    9.56   11.60  124.94
  131.05  154.47 0.41290D-09  1  0  0.06643  249.51  266.74 0.40472D+14  2.377    3.238    2.717   -7.803   39.173    9.56   11.62  125.29
  131.38  154.88 0.41198D-09  1  0  0.06718  249.32  266.68 0.40520D+14  2.379    3.227    2.706   -7.899   39.095    9.57   11.64  125.64
  131.70  155.28 0.41106D-09  1  0  0.06795  249.13  266.61 0.40571D+14  2.381    3.215    2.696   -7.997   39.016    9.57   11.66  125.99
  132.02  155.69 0.41014D-09  1  0  0.06874  248.93  266.55 0.40628D+14  2.382    3.204    2.685   -8.098   38.935    9.58   11.68  126.34
  132.34  156.09 0.40923D-09  1  0  0.06955  248.73  266.49 0.40689D+14  2.384    3.193    2.674   -8.201   38.851    9.58   11.70  126.69
  132.66  156.50 0.40832D-09  1  0  0.07038  248.53  266.42 0.40755D+14  2.386    3.181    2.664   -8.306   38.766    9.59   11.72  127.04
  132.99  156.90 0.40742D-09  1  0  0.07123  248.32  266.35 0.40826D+14  2.388    3.170    2.653   -8.414   38.679    9.59   11.74  127.39
  133.31  157.31 0.40652D-09  1  0  0.07209  248.11  266.28 0.40902D+14  2.390    3.158    2.642   -8.524   38.590    9.60   11.77  127.74
  133.63  157.71 0.40563D-09  1  0  0.07298  247.89  266.21 0.40984D+14  2.392    3.147    2.631   -8.637   38.499    9.61   11.79  128.09
  133.95  158.12 0.40474D-09  1  0  0.07389  247.67  266.14 0.41072D+14  2.394    3.135    2.620   -8.753   38.405    9.61   11.81  128.44
  134.27  158.52 0.40385D-09  1  0  0.07482  247.44  266.07 0.41165D+14  2.396    3.124    2.609   -8.872   38.309    9.62   11.84  128.79
  134.60  158.93 0.40297D-09  1  0  0.07578  247.21  265.99 0.41265D+14  2.399    3.112    2.598   -8.993   38.211    9.63   11.87  129.14
  134.92  159.33 0.40210D-09  1  0  0.07676  246.97  265.92 0.41372D+14  2.401    3.100    2.587   -9.118   38.111    9.64   11.89  129.49
  135.24  159.74 0.40122D-09  1  0  0.07776  246.72  265.84 0.41485D+14  2.403    3.088    2.576   -9.246   38.008    9.64   11.92  129.84
  135.56  160.14 0.40036D-09  1  0  0.07879  246.47  265.76 0.41605D+14  2.406    3.076    2.565   -9.377   37.902    9.65   11.95  130.19
  135.88  160.55 0.39949D-09  1  0  0.07985  246.22  265.68 0.41733D+14  2.408    3.064    2.554   -9.511   37.794    9.66   11.98  130.54
  136.21  160.95 0.39863D-09  1  0  0.08094  245.96  265.60 0.41868D+14  2.410    3.052    2.543   -9.649   37.682    9.67   12.01  130.89
  136.53  161.36 0.39778D-09  1  0  0.08205  245.69  265.51 0.42011D+14  2.413    3.040    2.532   -9.790   37.568    9.68   12.04  131.24
  136.85  161.76 0.39693D-09  1  0  0.08320  245.41  265.43 0.42163D+14  2.416    3.028    2.520   -9.935   37.451    9.69   12.08  131.59
  137.17  162.17 0.39608D-09  1  0  0.08438  245.13  265.34 0.42323D+14  2.418    3.016    2.509  -10.084   37.331    9.70   12.11  131.94
  137.49  162.57 0.39523D-09  1  0  0.08559  244.84  265.25 0.42493D+14  2.421    3.003    2.498  -10.237   37.208    9.71   12.15  132.29
  137.82  162.98 0.39439D-09  1  0  0.08684  244.54  265.15 0.42673D+14  2.424    2.991    2.486  -10.394   37.081    9.72   12.18  132.64
  138.14  163.38 0.39356D-09  1  0  0.08812  244.23  265.06 0.42862D+14  2.427    2.978    2.474  -10.555   36.951    9.73   12.22  132.99
  138.46  163.78 0.39273D-09  1  0  0.08944  243.91  264.96 0.43063D+14  2.430    2.965    2.463  -10.721   36.817    9.74   12.26  133.34
  138.78  164.19 0.39190D-09  1  0  0.09080  243.59  264.86 0.43274D+14  2.433    2.953    2.451  -10.891   36.680    9.75   12.30  133.68
  139.10  164.59 0.39107D-09  1  0  0.09220  243.25  264.76 0.43498D+14  2.436    2.939    2.439  -11.066   36.539    9.77   12.35  134.03
  139.43  165.00 0.39025D-09  1  0  0.09365  242.91  264.66 0.43734D+14  2.440    2.926    2.427  -11.246   36.394    9.78   12.39  134.38
  139.75  165.40 0.38944D-09  1  0  0.09514  242.55  264.55 0.43983D+14  2.443    2.913    2.415  -11.432   36.244    9.79   12.44  134.73
  140.07  165.80 0.38863D-09  1  0  0.09667  242.18  264.44 0.44246D+14  2.447    2.899    2.402  -11.622   36.091    9.81   12.49  135.07
  140.39  166.20 0.38782D-09  1  0  0.09826  241.80  264.33 0.44523D+14  2.451    2.886    2.390  -11.818   35.933    9.82   12.54  135.42
  140.71  166.61 0.38701D-09  1  0  0.09990  241.41  264.21 0.44816D+14  2.454    2.872    2.377  -12.020   35.770    9.84   12.59  135.76
  141.04  167.01 0.38621D-09  1  0  0.10160  241.00  264.09 0.45125D+14  2.458    2.858    2.364  -12.228   35.602    9.85   12.64  136.11
  141.36  167.41 0.38541D-09  1  0  0.10335  240.58  263.97 0.45452D+14  2.463    2.843    2.352  -12.442   35.430    9.87   12.70  136.45
  141.68  167.81 0.38462D-09  1  0  0.10516  240.14  263.85 0.45796D+14  2.467    2.829    2.338  -12.663   35.252    9.89   12.76  136.80
  142.00  168.21 0.38383D-09  1  0  0.10704  239.69  263.72 0.46161D+14  2.471    2.814    2.325  -12.890   35.069    9.90   12.82  137.14
  142.32  168.61 0.38304D-09  1  0  0.10898  239.22  263.59 0.46545D+14  2.476    2.799    2.311  -13.125   34.880    9.92   12.89  137.48
  142.65  169.01 0.38226D-09  1  0  0.11100  238.74  263.45 0.46952D+14  2.481    2.783    2.298  -13.367   34.685    9.94   12.95  137.82
  142.97  169.41 0.38148D-09  1  0  0.11309  238.23  263.31 0.47382D+14  2.486    2.767    2.284  -13.616   34.484    9.96   13.02  138.16
  143.29  169.81 0.38070D-09  1  0  0.11526  237.70  263.17 0.47836D+14  2.491    2.751    2.269  -13.873   34.277    9.98   13.10  138.50
  143.61  170.21 0.37993D-09  1  0  0.11751  237.15  263.02 0.48317D+14  2.497    2.735    2.255  -14.139   34.064   10.00   13.17  138.84
  143.93  170.60 0.37916D-09  1  0  0.11985  236.58  262.86 0.48826D+14  2.503    2.718    2.240  -14.413   33.843   10.02   13.26  139.18
  144.26  171.00 0.37839D-09  1  0  0.12229  235.99  262.71 0.49364D+14  2.509    2.701    2.224  -14.696   33.615   10.04   13.34  139.51
  144.58  171.39 0.37763D-09  1  0  0.12483  235.36  262.54 0.49935D+14  2.515    2.683    2.209  -14.989   33.380   10.06   13.43  139.85
  144.90  171.79 0.37687D-09  1  0  0.12747  234.71  262.38 0.50539D+14  2.522    2.665    2.193  -15.291   33.137   10.09   13.52  140.18
  145.22  172.18 0.37611D-09  1  0  0.13022  234.03  262.20 0.51180D+14  2.529    2.646    2.176  -15.603   32.885   10.11   13.62  140.51
  145.54  172.58 0.37536D-09  1  0  0.13310  233.31  262.03 0.51860D+14  2.537    2.626    2.159  -15.926   32.626   10.13   13.72  140.84
  145.87  172.97 0.37461D-09  1  0  0.13610  232.56  261.84 0.52581D+14  2.544    2.606    2.142  -16.260   32.358   10.16   13.83  141.17
  146.19  173.36 0.37387D-09  1  0  0.13925  231.77  261.65 0.53347D+14  2.553    2.586    2.124  -16.605   32.080   10.18   13.95  141.49
  146.51  173.75 0.37313D-09  1  0  0.14253  230.94  261.46 0.54160D+14  2.562    2.564    2.106  -16.962   31.793   10.21   14.07  141.82
  146.83  174.13 0.37239D-09  1  0  0.14598  230.07  261.25 0.55024D+14  2.571    2.542    2.086  -17.331   31.496   10.23   14.20  142.14
  147.15  174.52 0.37165D-09  1  0  0.14960  229.14  261.04 0.55943D+14  2.581    2.519    2.067  -17.713   31.190   10.26   14.33  142.46
  147.48  174.90 0.37092D-09  1  0  0.15339  228.16  260.83 0.56919D+14  2.592    2.495    2.046  -18.108   30.872   10.28   14.48  142.77
  147.80  175.28 0.37019D-09  1  0  0.15738  227.13  260.60 0.57957D+14  2.603    2.470    2.025  -18.517   30.544   10.31   14.63  143.08
  148.12  175.66 0.36946D-09  1  0  0.16159  226.03  260.37 0.59060D+14  2.615    2.444    2.002  -18.940   30.205   10.33   14.79  143.39
  148.44  176.04 0.36874D-09  1  0  0.16602  224.86  260.14 0.60233D+14  2.628    2.417    1.979  -19.377   29.854   10.35   14.96  143.69
  148.76  176.41 0.36802D-09  1  0  0.17070  223.61  259.89 0.61479D+14  2.643    2.388    1.954  -19.829   29.491   10.37   15.14  143.99
  149.09  176.78 0.36730D-09  1  0  0.17565  222.28  259.64 0.62801D+14  2.658    2.358    1.929  -20.295   29.117   10.39   15.33  144.28
  149.41  177.15 0.36659D-09  1  0  0.18090  220.85  259.38 0.64203D+14  2.674    2.326    1.902  -20.777   28.730   10.40   15.54  144.57
  149.73  177.51 0.36588D-09  1  0  0.18646  219.33  259.12 0.65685D+14  2.692    2.292    1.873  -21.274   28.332   10.41   15.76  144.85
  150.05  177.87 0.36517D-09  1  0  0.19237  217.68  258.84 0.67250D+14  2.712    2.256    1.843  -21.786   27.921   10.42   15.99  145.12
  150.37  178.23 0.36447D-09  1  0  0.19867  215.91  258.57 0.68893D+14  2.733    2.218    1.811  -22.313   27.499   10.42   16.23  145.39
  150.70  178.57 0.36377D-09  1  0  0.20539  214.00  258.29 0.70610D+14  2.757    2.177    1.777  -22.854   27.066   10.41   16.49  145.64
  151.02  178.91 0.36307D-09  1  0  0.21258  211.92  258.00 0.72390D+14  2.783    2.133    1.740  -23.407   26.623   10.38   16.77  145.88
  151.34  179.24 0.36237D-09  1  0  0.22029  209.66  257.72 0.74215D+14  2.812    2.086    1.701  -23.972   26.172   10.35   17.06  146.11
  151.66  182.78 0.36168D-09  0  0  0.22857  207.19  257.44 0.76055D+14  2.844    2.035    1.659  -24.102   26.074  151.66  151.66  151.66
  151.98  183.17 0.36099D-09  0  0  0.23749  204.48  257.17 0.77865D+14  2.880    1.980    1.613  -24.165   26.032  151.98  151.98  151.98
  152.31  183.56 0.36030D-09  0  0  0.24714  201.50  256.92 0.79580D+14  2.921    1.920    1.564  -24.233   25.986  152.31  152.31  152.31
  152.63  183.94 0.35962D-09  0  0  0.25760  198.21  256.70 0.81101D+14  2.968    1.854    1.509  -24.306   25.935  152.63  152.63  152.63
  152.95  184.33 0.35894D-09  0  0  0.26897  194.55  256.51 0.82286D+14  3.022    1.782    1.450  -24.386   25.879  152.95  152.95  152.95
  153.27  184.72 0.35826D-09  0  0  0.28139  190.46  256.39 0.82931D+14  3.085    1.702    1.384  -24.474   25.816  153.27  153.27  153.27
  153.59  185.11 0.35759D-09  0  0  0.29501  185.87  256.35 0.82752D+14  3.158    1.612    1.311  -24.572   25.747  153.59  153.59  153.59
  153.92  185.50 0.35692D-09  0  0  0.31000  180.68  256.46 0.81350D+14  3.246    1.512    1.229  -24.679   25.668  153.92  153.92  153.92
  154.24  185.89 0.35625D-09  0  0  0.32100  176.79  256.64 0.79309D+14  3.315    1.436    1.167  -24.763   25.610  154.24  154.24  154.24
  154.56  186.27 0.35558D-09  0  0  0.32100  176.79  256.63 0.78870D+14  3.315    1.434    1.164  -24.773   25.610  154.56  154.56  154.56
  154.88  186.66 0.35492D-09  0  0  0.32100  176.80  256.63 0.78434D+14  3.315    1.431    1.161  -24.783   25.611  154.88  154.88  154.88
  155.20  187.05 0.35426D-09  0  0  0.32100  176.81  256.63 0.78000D+14  3.315    1.429    1.159  -24.794   25.612  155.20  155.20  155.20
  155.53  187.44 0.35360D-09  0  0  0.32100  176.81  256.62 0.77568D+14  3.315    1.426    1.156  -24.804   25.613  155.53  155.53  155.53
  155.85  187.83 0.35294D-09  0  0  0.32100  176.82  256.62 0.77140D+14  3.315    1.424    1.154  -24.814   25.614  155.85  155.85  155.85
  156.17  188.21 0.35229D-09  0  0  0.32100  176.82  256.62 0.76714D+14  3.315    1.421    1.151  -24.824   25.615  156.17  156.17  156.17
  156.49  188.60 0.35164D-09  0  0  0.32100  176.83  256.61 0.76291D+14  3.315    1.419    1.148  -24.835   25.616  156.49  156.49  156.49
  156.81  188.99 0.35099D-09  0  0  0.32100  176.83  256.61 0.75870D+14  3.315    1.416    1.146  -24.845   25.617  156.81  156.81  156.81
  157.14  189.38 0.35035D-09  0  0  0.32100  176.84  256.61 0.75452D+14  3.315    1.414    1.143  -24.855   25.618  157.14  157.14  157.14
  157.46  189.77 0.34971D-09  0  0  0.32100  176.85  256.60 0.75036D+14  3.315    1.411    1.141  -24.865   25.619  157.46  157.46  157.46
  157.78  190.15 0.34907D-09  0  0  0.32100  176.85  256.60 0.74623D+14  3.315    1.409    1.138  -24.876   25.620  157.78  157.78  157.78
  158.10  190.54 0.34843D-09  0  0  0.32100  176.86  256.59 0.74213D+14  3.315    1.406    1.136  -24.886   25.621  158.10  158.10  158.10
  158.42  190.93 0.34780D-09  0  0  0.32100  176.86  256.59 0.73805D+14  3.314    1.404    1.133  -24.896   25.622  158.42  158.42  158.42
  158.75  191.32 0.34716D-09  0  0  0.32100  176.87  256.59 0.73399D+14  3.314    1.402    1.131  -24.906   25.623  158.75  158.75  158.75
  159.07  191.71 0.34654D-09  0  0  0.32100  176.88  256.58 0.72996D+14  3.314    1.399    1.129  -24.916   25.624  159.07  159.07  159.07
  159.39  192.09 0.34591D-09  0  0  0.32100  176.88  256.58 0.72596D+14  3.314    1.397    1.126  -24.926   25.625  159.39  159.39  159.39
  159.71  192.48 0.34528D-09  0  0  0.32100  176.89  256.57 0.72197D+14  3.314    1.394    1.124  -24.937   25.626  159.71  159.71  159.71
  160.03  192.87 0.34466D-09  0  0  0.32100  176.89  256.57 0.71801D+14  3.314    1.392    1.121  -24.947   25.627  160.03  160.03  160.03
  160.36  193.26 0.34404D-09  0  0  0.32100  176.90  256.56 0.71408D+14  3.314    1.390    1.119  -24.957   25.628  160.36  160.36  160.36
  160.68  193.65 0.34343D-09  0  0  0.32100  176.90  256.56 0.71017D+14  3.314    1.387    1.116  -24.967   25.629  160.68  160.68  160.68
  161.00  194.03 0.34282D-09  0  0  0.32100  176.91  256.55 0.70628D+14  3.314    1.385    1.114  -24.977   25.630  161.00  161.00  161.00
