R_tot = 1561.0 R_core =  1400.0  Tsurf =   100.00  g =  1.310
     Pint       etaref      pCLA conv P(MPa)   zbot     %vol    Tbot     Tm      TH2O      Fbot     Ftop     dlid   T_core
 0.00000D+00 0.32000D+15   0.0300  1  146.75  123.593  0.10732  243.65  233.16  259.17    7.485    6.347   48.68  1501.55
 0.12500D+11 0.32000D+15   0.0300  1  146.41  123.209  0.10616  243.97  234.07  259.23    7.475    6.750   49.97  1501.54
 0.25000D+11 0.32000D+15   0.0300  1  145.39  122.269  0.10342  244.71  235.33  259.36    7.462    7.155   47.41  1501.62
 0.37500D+11 0.32000D+15   0.0300  1  144.30  121.292  0.10071  245.44  236.54  259.50    7.449    7.561   45.12  1501.70
 0.50000D+11 0.32000D+15   0.0300  1  143.17  120.278  0.09804  246.17  237.69  259.64    7.435    7.966   43.07  1501.78
 0.62500D+11 0.32000D+15   0.0300  1  141.98  119.225  0.09541  246.88  238.80  259.78    7.421    8.372   41.21  1501.86
 0.75000D+11 0.32000D+15   0.0300  1  140.74  118.134  0.09282  247.59  239.88  259.93    7.408    8.778   39.53  1501.94
 0.87500D+11 0.32000D+15   0.0300  1  139.45  117.003  0.09029  248.28  240.91  260.09    7.393    9.184   37.99  1502.01
 0.10000D+12 0.32000D+15   0.0300  1  138.10  115.831  0.08779  248.97  241.91  260.25    7.379    9.590   36.57  1502.09
 0.11250D+12 0.32000D+15   0.0300  1  136.70  114.618  0.08535  249.64  242.88  260.41    7.364    9.997   35.28  1502.16
 0.12500D+12 0.32000D+15   0.0300  1  135.24  113.360  0.08295  250.31  243.82  260.58    7.350   10.403   34.08  1502.24
 0.13750D+12 0.32000D+15   0.0300  1  133.72  112.058  0.08060  250.97  244.73  260.76    7.334   10.810   32.97  1502.31
 0.15000D+12 0.32000D+15   0.0300  1  132.14  110.710  0.07831  251.61  245.62  260.94    7.319   11.216   31.94  1502.38
 0.16250D+12 0.32000D+15   0.0300  1  130.51  109.314  0.07606  252.25  246.49  261.13    7.303   11.623   30.98  1502.45
 0.17500D+12 0.32000D+15   0.0300  1  128.81  107.869  0.07385  252.88  247.33  261.32    7.287   12.030   30.09  1502.52
 0.18750D+12 0.32000D+15   0.0300  1  127.05  106.373  0.07170  253.50  248.16  261.51    7.270   12.437   29.25  1502.59
 0.20000D+12 0.32000D+15   0.0300  1  125.22  104.826  0.06960  254.12  248.96  261.72    7.253   12.843   28.47  1502.66
 0.21250D+12 0.32000D+15   0.0300  1  123.33  103.226  0.06755  254.72  249.75  261.92    7.236   13.250   27.73  1502.73
 0.22500D+12 0.32000D+15   0.0300  1  121.37  101.572  0.06554  255.32  250.52  262.14    7.218   13.657   27.04  1502.79
 0.23750D+12 0.32000D+15   0.0300  1  119.34   99.863  0.06359  255.91  251.27  262.36    7.200   14.065   26.39  1502.86
 0.25000D+12 0.32000D+15   0.0300  1  117.25   98.099  0.06169  256.49  252.00  262.58    7.182   14.472   25.77  1502.92
 0.26250D+12 0.32000D+15   0.0300  1  115.08   96.278  0.05984  257.06  252.72  262.81    7.162   14.879   25.19  1502.99
 0.27500D+12 0.32000D+15   0.0300  1  112.85   94.402  0.05804  257.63  253.43  263.05    7.143   15.286   24.64  1503.05
 0.28750D+12 0.32000D+15   0.0300  1  110.55   92.470  0.05629  258.19  254.12  263.29    7.123   15.693   24.12  1503.11
 0.30000D+12 0.32000D+15   0.0300  1  108.18   90.482  0.05459  258.74  254.80  263.53    7.102   16.100   23.62  1503.17
 0.31250D+12 0.32000D+15   0.0300  1  105.74   88.441  0.05295  259.28  255.46  263.78    7.082   16.507   23.15  1503.23
 0.32500D+12 0.32000D+15   0.0300  1  103.24   86.346  0.05136  259.82  256.10  264.04    7.060   16.914   22.70  1503.29
 0.33750D+12 0.32000D+15   0.0300  1  100.68   84.202  0.04982  260.34  256.74  264.30    7.038   17.321   22.27  1503.34
 0.35000D+12 0.32000D+15   0.0300  1   98.05   82.009  0.04834  260.86  257.35  264.56    7.016   17.728   21.86  1503.40
 0.36250D+12 0.32000D+15   0.0300  1   95.38   79.772  0.04691  261.37  257.96  264.83    6.993   18.135   21.47  1503.45
 0.37500D+12 0.32000D+15   0.0300  1   92.65   77.494  0.04554  261.87  258.55  265.10    6.970   18.542   21.10  1503.50
 0.38750D+12 0.32000D+15   0.0300  1   89.88   75.179  0.04422  262.35  259.12  265.37    6.947   18.949   20.74  1503.55
 0.40000D+12 0.32000D+15   0.0300  1   87.06   72.833  0.04295  262.83  259.68  265.64    6.923   19.355   20.40  1503.60
 0.41250D+12 0.32000D+15   0.0300  1   84.22   70.461  0.04174  263.30  260.22  265.92    6.899   19.762   20.07  1503.65
 0.42500D+12 0.32000D+15   0.0300  1   81.35   68.070  0.04058  263.76  260.75  266.19    6.875   20.168   19.75  1503.69
 0.43750D+12 0.32000D+15   0.0300  1   78.47   65.665  0.03947  264.20  261.26  266.46    6.850   20.574   19.44  1503.74
 0.45000D+12 0.32000D+15   0.0300  1   75.57   63.254  0.03842  264.63  261.76  266.73    6.826   20.980   19.15  1503.78
 0.46250D+12 0.32000D+15   0.0300  1   72.68   60.843  0.03742  265.05  262.24  267.00    6.801   21.386   18.86  1503.82
 0.47500D+12 0.32000D+15   0.0300  1   69.79   58.441  0.03647  265.46  262.70  267.27    6.777   21.791   18.59  1503.86
 0.48750D+12 0.32000D+15   0.0300  1   66.93   56.054  0.03557  265.85  263.14  267.53    6.753   22.197   18.32  1503.90
 0.50000D+12 0.32000D+15   0.0300  1   64.09   53.690  0.03472  266.23  263.57  267.79    6.728   22.602   18.06  1503.93
 0.51250D+12 0.32000D+15   0.0300  1   61.28   51.355  0.03391  266.60  263.98  268.04    6.705   23.008   17.81  1503.97
 0.52500D+12 0.32000D+15   0.0300  1   58.52   49.058  0.03316  266.95  264.37  268.29    6.681   23.413   17.57  1504.00
 0.53750D+12 0.32000D+15   0.0300  1   55.81   46.803  0.03244  267.29  264.74  268.53    6.658   23.818   17.33  1504.03
 0.55000D+12 0.32000D+15   0.0300  1   53.16   44.598  0.03177  267.61  265.10  268.76    6.635   24.223   17.10  1504.06
 0.56250D+12 0.32000D+15   0.0300  1   50.57   42.448  0.03114  267.92  265.44  268.98    6.613   24.628   16.87  1504.09
 0.57500D+12 0.32000D+15   0.0300  1   48.05   40.357  0.03055  268.22  265.76  269.20    6.591   25.033   16.65  1504.10
 0.58750D+12 0.32000D+15   0.0300  1   45.62   38.330  0.03000  268.50  266.07  269.41    6.570   25.438   16.43  1504.12
 0.60000D+12 0.32000D+15   0.0300  1   43.26   36.371  0.02948  268.76  266.35  269.62    6.550   25.843   16.22  1504.14
 0.61250D+12 0.32000D+15   0.0300  1   40.98   34.481  0.02900  269.02  266.63  269.81    6.530   26.247   16.02  1504.15
 0.62500D+12 0.32000D+15   0.0300  1   38.79   32.662  0.02855  269.26  266.88  269.99    6.511   26.652   15.81  1504.16
 0.63750D+12 0.32000D+15   0.0300  1   36.69   30.917  0.02812  269.48  267.13  270.17    6.492   27.057   15.62  1504.17
 0.65000D+12 0.32000D+15   0.0300  1   34.68   29.247  0.02773  269.70  267.35  270.34    6.474   27.461   15.42  1504.18
 0.66250D+12 0.32000D+15   0.0300  1   32.76   27.652  0.02737  269.90  267.57  270.50    6.457   27.865   15.23  1504.19
 0.67500D+12 0.32000D+15   0.0300  1   30.93   26.135  0.02703  270.09  267.76  270.65    6.439   28.269   15.05  1504.20
 0.68750D+12 0.32000D+15   0.0300  0   30.33   25.169  0.02682  270.21  267.94  270.75    6.399   28.647   25.17  1504.21
 0.70000D+12 0.32000D+15   0.0300  0   29.99   24.887  0.02675  270.24  268.08  270.77    6.397   29.055   24.89  1504.22
 0.71250D+12 0.32000D+15   0.0300  0   29.66   24.611  0.02669  270.28  268.22  270.80    6.394   29.463   24.61  1504.23
 0.72500D+12 0.32000D+15   0.0300  0   29.33   24.341  0.02664  270.31  268.36  270.83    6.392   29.871   24.34  1504.23
 0.73750D+12 0.32000D+15   0.0300  0   29.02   24.077  0.02658  270.34  268.50  270.86    6.389   30.279   24.08  1504.24
 0.75000D+12 0.32000D+15   0.0300  0   28.70   23.818  0.02652  270.38  268.64  270.88    6.387   30.687   23.82  1504.24
 0.76250D+12 0.32000D+15   0.0300  0   28.40   23.565  0.02647  270.41  268.78  270.91    6.384   31.094   23.57  1504.25
 0.77500D+12 0.32000D+15   0.0300  0   28.10   23.317  0.02642  270.44  268.91  270.93    6.382   31.502   23.32  1504.25
 0.78750D+12 0.32000D+15   0.0300  0   27.81   23.075  0.02637  270.47  269.04  270.95    6.380   31.910   23.07  1504.26
 0.80000D+12 0.32000D+15   0.0300  0   27.52   22.837  0.02632  270.50  269.17  270.98    6.378   32.318   22.84  1504.26
 0.81250D+12 0.32000D+15   0.0300  0   27.24   22.604  0.02627  270.52  269.30  271.00    6.375   32.726   22.60  1504.27
 0.82500D+12 0.32000D+15   0.0300  0   26.97   22.376  0.02622  270.55  269.43  271.02    6.373   33.134   22.38  1504.27
 0.83750D+12 0.32000D+15   0.0300  0   26.70   22.152  0.02617  270.58  269.56  271.05    6.371   33.542   22.15  1504.27
 0.85000D+12 0.32000D+15   0.0300  0   26.43   21.933  0.02613  270.61  269.68  271.07    6.369   33.950   21.93  1504.28
 0.86250D+12 0.32000D+15   0.0300  0   26.17   21.718  0.02608  270.63  269.81  271.09    6.367   34.358   21.72  1504.28
 0.87500D+12 0.32000D+15   0.0300  0   25.92   21.507  0.02604  270.66  269.93  271.11    6.365   34.766   21.51  1504.28
 0.88750D+12 0.32000D+15   0.0300  0   25.67   21.300  0.02600  270.68  270.05  271.13    6.363   35.174   21.30  1504.28
 0.90000D+12 0.32000D+15   0.0300  0   25.42   21.097  0.02595  270.71  270.17  271.15    6.361   35.582   21.10  1504.29
 0.91250D+12 0.32000D+15   0.0300  0   25.18   20.898  0.02591  270.73  270.29  271.17    6.359   35.990   20.90  1504.29
 0.92500D+12 0.32000D+15   0.0300  0   24.95   20.703  0.02587  270.75  270.41  271.19    6.358   36.398   20.70  1504.29
 0.93750D+12 0.32000D+15   0.0300  0   24.72   20.511  0.02583  270.78  270.53  271.21    6.356   36.806   20.51  1504.30
 0.95000D+12 0.32000D+15   0.0300  0   24.49   20.323  0.02580  270.80  270.64  271.23    6.354   37.214   20.32  1504.30
 0.96250D+12 0.32000D+15   0.0300  0   24.27   20.138  0.02576  270.82  270.76  271.24    6.352   37.623   20.14  1504.30
 0.97500D+12 0.32000D+15   0.0300  0   24.05   19.956  0.02572  270.84  270.87  271.26    6.351   38.031   19.96  1504.30
 0.98750D+12 0.32000D+15   0.0300  0   23.83   19.778  0.02569  270.86  270.98  271.28    6.349   38.439   19.78  1504.31
 0.10000D+13 0.32000D+15   0.0300  0   23.62   19.603  0.02565  270.88  271.09  271.30    6.347   38.847   19.60  1504.31
 0.10125D+13 0.32000D+15   0.0300  0   23.42   19.431  0.02562  270.91  271.20  271.31    6.346   39.255   19.43  1504.31
 0.10250D+13 0.32000D+15   0.0300  0   23.21   19.262  0.02558  270.93  271.31  271.33    6.344   39.663   19.26  1504.31
 0.10375D+13 0.32000D+15   0.0300  0   23.01   19.096  0.02555  270.94  266.68  271.35    6.343   40.071   19.10  1504.32
 0.10500D+13 0.32000D+15   0.0300  0   22.81   18.932  0.02552  270.96  266.78  271.36    6.341   40.479   18.93  1504.32
 0.10625D+13 0.32000D+15   0.0300  0   22.62   18.771  0.02548  270.98  266.88  271.38    6.340   40.887   18.77  1504.32
 0.10750D+13 0.32000D+15   0.0300  0   22.43   18.614  0.02545  271.00  266.98  271.39    6.338   41.295   18.61  1504.32
 0.10875D+13 0.32000D+15   0.0300  0   22.24   18.458  0.02542  271.02  267.08  271.41    6.337   41.703   18.46  1504.32
 0.11000D+13 0.32000D+15   0.0300  0   22.06   18.305  0.02539  271.04  267.18  271.42    6.336   42.111   18.31  1504.33
 0.11125D+13 0.32000D+15   0.0300  0   21.88   18.155  0.02536  271.06  267.28  271.44    6.334   42.519   18.16  1504.33
 0.11250D+13 0.32000D+15   0.0300  0   21.70   18.007  0.02533  271.07  267.37  271.45    6.333   42.927   18.01  1504.33
 0.11375D+13 0.32000D+15   0.0300  0   21.52   17.862  0.02530  271.09  267.47  271.47    6.332   43.336   17.86  1504.33
 0.11500D+13 0.32000D+15   0.0300  0   21.35   17.719  0.02528  271.11  267.57  271.48    6.330   43.744   17.72  1504.34
 0.11625D+13 0.32000D+15   0.0300  0   21.18   17.578  0.02525  271.12  267.66  271.49    6.329   44.152   17.58  1504.34
 0.11750D+13 0.32000D+15   0.0300  0   21.02   17.439  0.02522  271.14  267.75  271.51    6.328   44.560   17.44  1504.34
 0.11875D+13 0.32000D+15   0.0300  0   20.85   17.303  0.02520  271.16  267.85  271.52    6.327   44.968   17.30  1504.34
 0.12000D+13 0.32000D+15   0.0300  0   20.69   17.169  0.02517  271.17  267.94  271.53    6.325   45.376   17.17  1504.34
 0.12125D+13 0.32000D+15   0.0300  0   20.53   17.036  0.02514  271.19  268.03  271.55    6.324   45.784   17.04  1504.34
 0.12250D+13 0.32000D+15   0.0300  0   20.37   16.906  0.02512  271.20  268.13  271.56    6.323   46.192   16.91  1504.35
 0.12375D+13 0.32000D+15   0.0300  0   20.22   16.778  0.02509  271.22  268.22  271.57    6.322   46.600   16.78  1504.35
 0.12500D+13 0.32000D+15   0.0300  0   20.07   16.651  0.02507  271.23  268.31  271.58    6.321   47.009   16.65  1504.35
 0.12625D+13 0.32000D+15   0.0300  0   19.92   16.527  0.02504  271.25  268.40  271.59    6.320   47.417   16.53  1504.35
 0.12750D+13 0.32000D+15   0.0300  0   19.77   16.404  0.02502  271.26  268.49  271.61    6.318   47.825   16.40  1504.35
 0.12875D+13 0.32000D+15   0.0300  0   19.62   16.283  0.02500  271.27  268.58  271.62    6.317   48.233   16.28  1504.36
 0.13000D+13 0.32000D+15   0.0300  0   19.48   16.164  0.02498  271.29  268.67  271.63    6.316   48.641   16.16  1504.36
 0.13125D+13 0.32000D+15   0.0300  0   19.34   16.047  0.02495  271.30  268.75  271.64    6.315   49.049   16.05  1504.36
 0.13250D+13 0.32000D+15   0.0300  0   19.20   15.931  0.02493  271.32  268.84  271.65    6.314   49.457   15.93  1504.36
 0.13375D+13 0.32000D+15   0.0300  0   19.06   15.817  0.02491  271.33  268.93  271.66    6.313   49.865   15.82  1504.36
 0.13500D+13 0.32000D+15   0.0300  0   18.93   15.705  0.02489  271.34  269.01  271.67    6.312   50.274   15.70  1504.36
 0.13625D+13 0.32000D+15   0.0300  0   18.79   15.594  0.02487  271.35  269.10  271.69    6.311   50.682   15.59  1504.37
 0.13750D+13 0.32000D+15   0.0300  0   18.66   15.485  0.02485  271.37  269.19  271.70    6.310   51.090   15.48  1504.37
 0.13875D+13 0.32000D+15   0.0300  0   18.53   15.377  0.02483  271.38  269.27  271.71    6.309   51.498   15.38  1504.37
 0.14000D+13 0.32000D+15   0.0300  0   18.40   15.271  0.02481  271.39  269.36  271.72    6.308   51.906   15.27  1504.37
 0.14125D+13 0.32000D+15   0.0300  0   18.28   15.166  0.02479  271.40  269.44  271.73    6.307   52.314   15.17  1504.37
 0.14250D+13 0.32000D+15   0.0300  0   18.15   15.062  0.02477  271.42  269.52  271.74    6.306   52.722   15.06  1504.37
 0.14375D+13 0.32000D+15   0.0300  0   18.03   14.960  0.02475  271.43  269.61  271.75    6.305   53.131   14.96  1504.37
 0.14500D+13 0.32000D+15   0.0300  0   17.91   14.860  0.02473  271.44  269.69  271.76    6.305   53.539   14.86  1504.38
 0.14625D+13 0.32000D+15   0.0300  0   17.79   14.761  0.02471  271.45  269.77  271.77    6.304   53.947   14.76  1504.38
 0.14750D+13 0.32000D+15   0.0300  0   17.67   14.663  0.02469  271.46  269.85  271.78    6.303   54.355   14.66  1504.38
 0.14875D+13 0.32000D+15   0.0300  0   17.55   14.566  0.02467  271.47  269.94  271.78    6.302   54.763   14.57  1504.38
 0.15000D+13 0.32000D+15   0.0300  0   17.44   14.470  0.02466  271.48  270.02  271.79    6.301   55.171   14.47  1504.38
 0.15125D+13 0.32000D+15   0.0300  0   17.32   14.376  0.02464  271.49  270.10  271.80    6.300   55.579   14.38  1504.38
 0.15250D+13 0.32000D+15   0.0300  0   17.21   14.283  0.02462  271.51  270.18  271.81    6.299   55.988   14.28  1504.38
 0.15375D+13 0.32000D+15   0.0300  0   17.10   14.192  0.02460  271.52  270.26  271.82    6.299   56.396   14.19  1504.38
 0.15500D+13 0.32000D+15   0.0300  0   16.99   14.101  0.02459  271.53  270.34  271.83    6.298   56.804   14.10  1504.39
 0.15625D+13 0.32000D+15   0.0300  0   16.88   14.012  0.02457  271.54  270.41  271.84    6.297   57.212   14.01  1504.39
 0.15750D+13 0.32000D+15   0.0300  0   16.78   13.923  0.02455  271.55  270.49  271.85    6.296   57.620   13.92  1504.39
 0.15875D+13 0.32000D+15   0.0300  0   16.67   13.836  0.02454  271.56  270.57  271.85    6.296   58.028   13.84  1504.39
 0.16000D+13 0.32000D+15   0.0300  0   16.57   13.750  0.02452  271.57  270.65  271.86    6.295   58.437   13.75  1504.39
 0.16125D+13 0.32000D+15   0.0300  0   16.47   13.665  0.02451  271.58  270.73  271.87    6.294   58.845   13.66  1504.39
 0.16250D+13 0.32000D+15   0.0300  0   16.37   13.581  0.02449  271.59  270.80  271.88    6.293   59.253   13.58  1504.39
 0.16375D+13 0.32000D+15   0.0300  0   16.27   13.498  0.02447  271.60  270.88  271.89    6.293   59.661   13.50  1504.39
 0.16500D+13 0.32000D+15   0.0300  0   16.17   13.416  0.02446  271.60  270.96  271.90    6.292   60.069   13.42  1504.40
 0.16625D+13 0.32000D+15   0.0300  0   16.07   13.335  0.02444  271.61  271.03  271.90    6.291   60.477   13.33  1504.40
 0.16750D+13 0.32000D+15   0.0300  0   15.97   13.255  0.02443  271.62  271.11  271.91    6.290   60.886   13.25  1504.40
 0.16875D+13 0.32000D+15   0.0300  0   15.88   13.176  0.02442  271.63  271.18  271.92    6.290   61.294   13.18  1504.40
 0.17000D+13 0.32000D+15   0.0300  0   15.78   13.097  0.02440  271.64  271.26  271.93    6.289   61.702   13.10  1504.40
 0.17125D+13 0.32000D+15   0.0300  0   15.69   13.020  0.02439  271.65  271.33  271.93    6.288   62.110   13.02  1504.40
 0.17250D+13 0.32000D+15   0.0300  0   15.60   12.944  0.02437  271.66  271.41  271.94    6.288   62.518   12.94  1504.40
 0.17375D+13 0.32000D+15   0.0300  0   15.51   12.868  0.02436  271.67  271.48  271.95    6.287   62.926   12.87  1504.40
 0.17500D+13 0.32000D+15   0.0300  0   15.42   12.794  0.02435  271.68  271.55  271.95    6.286   63.335   12.79  1504.40
 0.17625D+13 0.32000D+15   0.0300  0   15.33   12.720  0.02433  271.68  271.63  271.96    6.286   63.743   12.72  1504.41
 0.17750D+13 0.32000D+15   0.0300  0   15.24   12.647  0.02432  271.69  271.70  271.97    6.285   64.151   12.65  1504.41
 0.17875D+13 0.32000D+15   0.0300  0   15.15   12.575  0.02431  271.70  271.77  271.98    6.284   64.559   12.58  1504.41
 0.18000D+13 0.32000D+15   0.0300  0   15.07   12.504  0.02429  271.71  271.84  271.98    6.284   64.967   12.50  1504.41
 0.18125D+13 0.32000D+15   0.0300  0   14.98   12.434  0.02428  271.72  271.92  271.99    6.283   65.375   12.43  1504.41
 0.18250D+13 0.32000D+15   0.0300  0   14.90   12.364  0.02427  271.72  271.99  272.00    6.283   65.784   12.36  1504.41
 0.18375D+13 0.32000D+15   0.0300  0   14.82   12.295  0.02425  271.73  272.06  272.00    6.282   66.192   12.30  1504.41
 0.18500D+13 0.32000D+15   0.0300  0   14.73   12.227  0.02424  271.74  272.13  272.01    6.281   66.600   12.23  1504.41
 0.18625D+13 0.32000D+15   0.0300  0   14.65   12.160  0.02423  271.75  272.20  272.02    6.281   67.008   12.16  1504.41
 0.18750D+13 0.32000D+15   0.0300  0   14.57   12.093  0.02422  271.76  272.27  272.02    6.280   67.416   12.09  1504.41
 0.18875D+13 0.32000D+15   0.0300  0   14.49   12.027  0.02421  271.76  272.34  272.03    6.280   67.824   12.03  1504.42
 0.19000D+13 0.32000D+15   0.0300  0   14.41   11.962  0.02419  271.77  272.41  272.03    6.279   68.233   11.96  1504.42
 0.19125D+13 0.32000D+15   0.0300  0   14.34   11.898  0.02418  271.78  272.48  272.04    6.279   68.641   11.90  1504.42
 0.19250D+13 0.32000D+15   0.0300  0   14.26   11.834  0.02417  271.78  272.55  272.05    6.278   69.049   11.83  1504.42
 0.19375D+13 0.32000D+15   0.0300  0   14.18   11.771  0.02416  271.79  272.62  272.05    6.277   69.457   11.77  1504.42
 0.19500D+13 0.32000D+15   0.0300  0   14.11   11.708  0.02415  271.80  272.69  272.06    6.277   69.865   11.71  1504.42
 0.19625D+13 0.32000D+15   0.0300  0   14.03   11.646  0.02414  271.81  272.76  272.06    6.276   70.274   11.65  1504.42
 0.19750D+13 0.32000D+15   0.0300  0   13.96   11.585  0.02413  271.81  272.82  272.07    6.276   70.682   11.59  1504.42
 0.19875D+13 0.32000D+15   0.0300  0   13.89   11.525  0.02412  271.82  272.89  272.08    6.275   71.090   11.52  1504.42
 0.20000D+13 0.32000D+15   0.0300  0   13.82   11.465  0.02410  271.83  272.96  272.08    6.275   71.498   11.46  1504.42
 0.20125D+13 0.32000D+15   0.0300  0   13.74   11.406  0.02409  271.83  273.03  272.09    6.274   71.906   11.41  1504.42
 0.20250D+13 0.32000D+15   0.0300  0   13.67   11.347  0.02408  271.84  273.09  272.09    6.274   72.314   11.35  1504.43
 0.20375D+13 0.32000D+15   0.0300  0   13.60   11.289  0.02407  271.85  273.16  272.10    6.273   72.723   11.29  1504.43
 0.20500D+13 0.32000D+15   0.0300  0   13.53   11.232  0.02406  271.85  273.23  272.10    6.273   73.131   11.23  1504.43
 0.20625D+13 0.32000D+15   0.0300  0   13.47   11.175  0.02405  271.86  273.29  272.11    6.272   73.539   11.17  1504.43
 0.20750D+13 0.32000D+15   0.0300  0   13.40   11.118  0.02404  271.86  273.36  272.12    6.272   73.947   11.12  1504.43
 0.20875D+13 0.32000D+15   0.0300  0   13.33   11.063  0.02403  271.87  273.42  272.12    6.271   74.355   11.06  1504.43
 0.21000D+13 0.32000D+15   0.0300  0   13.26   11.008  0.02402  271.88  273.49  272.13    6.271   74.764   11.01  1504.43
 0.21125D+13 0.32000D+15   0.0300  0   13.20   10.953  0.02401  271.88  273.55  272.13    6.270   75.172   10.95  1504.43
 0.21250D+13 0.32000D+15   0.0300  0   13.13   10.899  0.02400  271.89  273.62  272.14    6.270   75.580   10.90  1504.43
 0.21375D+13 0.32000D+15   0.0300  0   13.07   10.845  0.02399  271.90  273.68  272.14    6.269   75.988   10.85  1504.43
 0.21500D+13 0.32000D+15   0.0300  0   13.00   10.792  0.02398  271.90  273.75  272.15    6.269   76.396   10.79  1504.43
 0.21625D+13 0.32000D+15   0.0300  0   12.94   10.740  0.02398  271.91  273.81  272.15    6.268   76.805   10.74  1504.43
 0.21750D+13 0.32000D+15   0.0300  0   12.88   10.688  0.02397  271.91  273.87  272.16    6.268   77.213   10.69  1504.43
 0.21875D+13 0.32000D+15   0.0300  0   12.82   10.636  0.02396  271.92  273.94  272.16    6.267   77.621   10.64  1504.44
 0.22000D+13 0.32000D+15   0.0300  0   12.75   10.585  0.02395  271.92  274.00  272.17    6.267   78.029   10.59  1504.44
 0.22125D+13 0.32000D+15   0.0300  0   12.69   10.535  0.02394  271.93  274.06  272.17    6.267   78.437   10.53  1504.44
 0.22250D+13 0.32000D+15   0.0300  0   12.63   10.485  0.02393  271.94  274.13  272.18    6.266   78.845   10.48  1504.44
 0.22375D+13 0.32000D+15   0.0300  0   12.57   10.435  0.02392  271.94  274.19  272.18    6.266   79.254   10.44  1504.44
 0.22500D+13 0.32000D+15   0.0300  0   12.51   10.386  0.02391  271.95  274.25  272.18    6.265   79.662   10.39  1504.44
 0.22625D+13 0.32000D+15   0.0300  0   12.46   10.337  0.02390  271.95  274.31  272.19    6.265   80.070   10.34  1504.44
 0.22750D+13 0.32000D+15   0.0300  0   12.40   10.289  0.02390  271.96  274.38  272.19    6.264   80.478   10.29  1504.44
 0.22875D+13 0.32000D+15   0.0300  0   12.34   10.241  0.02389  271.96  274.44  272.20    6.264   80.886   10.24  1504.44
 0.23000D+13 0.32000D+15   0.0300  0   12.28   10.194  0.02388  271.97  274.50  272.20    6.264   81.295   10.19  1504.44
 0.23125D+13 0.32000D+15   0.0300  0   12.23   10.147  0.02387  271.97  274.56  272.21    6.263   81.703   10.15  1504.44
 0.23250D+13 0.32000D+15   0.0300  0   12.17   10.101  0.02386  271.98  274.62  272.21    6.263   82.111   10.10  1504.44
 0.23375D+13 0.32000D+15   0.0300  0   12.12   10.055  0.02385  271.98  274.68  272.22    6.262   82.519   10.05  1504.44
 0.23500D+13 0.32000D+15   0.0300  0   12.06   10.009  0.02385  271.99  274.74  272.22    6.262   82.927   10.01  1504.44
 0.23625D+13 0.32000D+15   0.0300  0   12.01    9.964  0.02384  271.99  274.80  272.23    6.262   83.336    9.96  1504.44
 0.23750D+13 0.32000D+15   0.0300  0   11.95    9.919  0.02383  272.00  274.86  272.23    6.261   83.744    9.92  1504.45
 0.23875D+13 0.32000D+15   0.0300  0   11.90    9.875  0.02382  272.00  274.92  272.23    6.261   84.152    9.87  1504.45
 0.24000D+13 0.32000D+15   0.0300  0   11.85    9.831  0.02381  272.01  274.98  272.24    6.260   84.560    9.83  1504.45
 0.24125D+13 0.32000D+15   0.0300  0   11.79    9.787  0.02381  272.01  275.04  272.24    6.260   84.968    9.79  1504.45
 0.24250D+13 0.32000D+15   0.0300  0   11.74    9.744  0.02380  272.02  275.10  272.25    6.260   85.376    9.74  1504.45
 0.24375D+13 0.32000D+15   0.0300  0   11.69    9.701  0.02379  272.02  275.16  272.25    6.259   85.785    9.70  1504.45
 0.24500D+13 0.32000D+15   0.0300  0   11.64    9.659  0.02378  272.03  275.22  272.25    6.259   86.193    9.66  1504.45
 0.24625D+13 0.32000D+15   0.0300  0   11.59    9.617  0.02378  272.03  275.28  272.26    6.259   86.601    9.62  1504.45
 0.24750D+13 0.32000D+15   0.0300  0   11.54    9.575  0.02377  272.04  275.34  272.26    6.258   87.009    9.57  1504.45
 0.24875D+13 0.32000D+15   0.0300  0   11.49    9.533  0.02376  272.04  275.40  272.27    6.258   87.417    9.53  1504.45
 0.25000D+13 0.32000D+15   0.0300  0   11.44    9.492  0.02376  272.05  275.46  272.27    6.257   87.826    9.49  1504.45
 0.25125D+13 0.32000D+15   0.0300  0   11.39    9.452  0.02375  272.05  275.51  272.27    6.257   88.234    9.45  1504.45
 0.25250D+13 0.32000D+15   0.0300  0   11.34    9.411  0.02374  272.06  275.57  272.28    6.257   88.642    9.41  1504.45
 0.25375D+13 0.32000D+15   0.0300  0   11.29    9.371  0.02373  272.06  275.63  272.28    6.256   89.050    9.37  1504.45
 0.25500D+13 0.32000D+15   0.0300  0   11.24    9.332  0.02373  272.06  275.69  272.29    6.256   89.458    9.33  1504.45
 0.25625D+13 0.32000D+15   0.0300  0   11.20    9.293  0.02372  272.07  275.74  272.29    6.256   89.866    9.29  1504.45
 0.25750D+13 0.32000D+15   0.0300  0   11.15    9.254  0.02371  272.07  275.80  272.29    6.255   90.275    9.25  1504.45
 0.25875D+13 0.32000D+15   0.0300  0   11.10    9.215  0.02371  272.08  275.86  272.30    6.255   90.683    9.21  1504.46
 0.26000D+13 0.32000D+15   0.0300  0   11.06    9.177  0.02370  272.08  275.92  272.30    6.255   91.091    9.18  1504.46
 0.26125D+13 0.32000D+15   0.0300  0   11.01    9.139  0.02369  272.09  275.97  272.30    6.254   91.499    9.14  1504.46
 0.26250D+13 0.32000D+15   0.0300  0   10.97    9.101  0.02369  272.09  276.03  272.31    6.254   91.907    9.10  1504.46
 0.26375D+13 0.32000D+15   0.0300  0   10.92    9.063  0.02368  272.09  276.08  272.31    6.254   92.316    9.06  1504.46
 0.26500D+13 0.32000D+15   0.0300  0   10.88    9.026  0.02367  272.10  276.14  272.31    6.253   92.724    9.03  1504.46
 0.26625D+13 0.32000D+15   0.0300  0   10.83    8.990  0.02367  272.10  276.20  272.32    6.253   93.132    8.99  1504.46
 0.26750D+13 0.32000D+15   0.0300  0   10.79    8.953  0.02366  272.11  276.25  272.32    6.253   93.540    8.95  1504.46
 0.26875D+13 0.32000D+15   0.0300  0   10.74    8.917  0.02366  272.11  276.31  272.32    6.252   93.948    8.92  1504.46
 0.27000D+13 0.32000D+15   0.0300  0   10.70    8.881  0.02365  272.11  276.36  272.33    6.252   94.357    8.88  1504.46
 0.27125D+13 0.32000D+15   0.0300  0   10.66    8.845  0.02364  272.12  276.42  272.33    6.252   94.765    8.85  1504.46
 0.27250D+13 0.32000D+15   0.0300  0   10.62    8.810  0.02364  272.12  276.47  272.33    6.251   95.173    8.81  1504.46
 0.27375D+13 0.32000D+15   0.0300  0   10.57    8.775  0.02363  272.13  276.53  272.34    6.251   95.581    8.78  1504.46
 0.27500D+13 0.32000D+15   0.0300  0   10.53    8.740  0.02362  272.13  276.58  272.34    6.251   95.989    8.74  1504.46
 0.27625D+13 0.32000D+15   0.0300  0   10.49    8.706  0.02362  272.13  276.64  272.34    6.250   96.397    8.71  1504.46
 0.27750D+13 0.32000D+15   0.0300  0   10.45    8.672  0.02361  272.14  276.69  272.35    6.250   96.806    8.67  1504.46
 0.27875D+13 0.32000D+15   0.0300  0   10.41    8.638  0.02361  272.14  276.75  272.35    6.250   97.214    8.64  1504.46
 0.28000D+13 0.32000D+15   0.0300  0   10.37    8.604  0.02360  272.15  276.80  272.35    6.249   97.622    8.60  1504.46
 0.28125D+13 0.32000D+15   0.0300  0   10.33    8.571  0.02360  272.15  276.85  272.36    6.249   98.030    8.57  1504.46
 0.28250D+13 0.32000D+15   0.0300  0   10.29    8.537  0.02359  272.15  276.91  272.36    6.249   98.438    8.54  1504.46
 0.28375D+13 0.32000D+15   0.0300  0   10.25    8.505  0.02358  272.16  276.96  272.36    6.248   98.847    8.50  1504.47
 0.28500D+13 0.32000D+15   0.0300  0   10.21    8.472  0.02358  272.16  277.01  272.37    6.248   99.255    8.47  1504.47
 0.28625D+13 0.32000D+15   0.0300  0   10.17    8.439  0.02357  272.16  277.07  272.37    6.248   99.663    8.44  1504.47
 0.28750D+13 0.32000D+15   0.0300  0   10.13    8.407  0.02357  272.17  277.12  272.37    6.248  100.071    8.41  1504.47
 0.28875D+13 0.32000D+15   0.0300  0   10.09    8.375  0.02356  272.17  277.17  272.38    6.247  100.479    8.38  1504.47
 0.29000D+13 0.32000D+15   0.0300  0   10.05    8.344  0.02356  272.17  277.23  272.38    6.247  100.887    8.34  1504.47
 0.29125D+13 0.32000D+15   0.0300  0   10.02    8.312  0.02355  272.18  277.28  272.38    6.247  101.296    8.31  1504.47
 0.29250D+13 0.32000D+15   0.0300  0    9.98    8.281  0.02355  272.18  277.33  272.38    6.246  101.704    8.28  1504.47
 0.29375D+13 0.32000D+15   0.0300  0    9.94    8.250  0.02354  272.18  277.38  272.39    6.246  102.112    8.25  1504.47
 0.29500D+13 0.32000D+15   0.0300  0    9.90    8.219  0.02354  272.19  277.44  272.39    6.246  102.520    8.22  1504.47
 0.29625D+13 0.32000D+15   0.0300  0    9.87    8.189  0.02353  272.19  277.49  272.39    6.246  102.928    8.19  1504.47
 0.29750D+13 0.32000D+15   0.0300  0    9.83    8.159  0.02352  272.19  277.54  272.40    6.245  103.337    8.16  1504.47
 0.29875D+13 0.32000D+15   0.0300  0    9.79    8.128  0.02352  272.20  277.59  272.40    6.245  103.745    8.13  1504.47
 0.30000D+13 0.32000D+15   0.0300  0    9.76    8.099  0.02351  272.20  277.64  272.40    6.245  104.153    8.10  1504.47
