R_tot = 1561.0 R_core =  1400.0  Tsurf =   100.00  g =  1.310
     Pint       Hint       etaref      pCLA conv   zbot     %vol    Tbot     Tm      Fbot     Ftop     dlid
 0.74029D-09 0.86250D+12 0.32000D+15   0.0300  1   42.504  0.03116  267.91  269.02    0.092   28.254   14.70
 0.80447D-09 0.87500D+12 0.32000D+15   0.0300  1   39.606  0.03034  268.32  269.33    0.172   28.739   14.52
 0.87873D-09 0.88750D+12 0.32000D+15   0.0300  1   36.708  0.02957  268.72  269.61    0.270   29.241   14.33
 0.94803D-09 0.90000D+12 0.32000D+15   0.0300  1   34.454  0.02899  269.02  269.85    0.298   29.677   14.17
 0.10170D-08 0.91250D+12 0.32000D+15   0.0300  1   32.522  0.02851  269.27  270.06    0.295   30.083   14.01
 0.10947D-08 0.92500D+12 0.32000D+15   0.0300  1   30.590  0.02805  269.53  270.25    0.305   30.502   13.86
 0.11699D-08 0.93750D+12 0.32000D+15   0.0300  1   28.980  0.02767  269.73  270.42    0.279   30.885   13.72
 0.12120D-08 0.95000D+12 0.32000D+15   0.0300  1   28.336  0.02752  269.81  270.56    0.107   31.128   13.62
 0.59292D-09 0.96250D+12 0.32000D+15   0.0300  1   59.892  0.03704  265.22  267.35   -3.228   28.447   15.27
 0.62657D-09 0.97500D+12 0.32000D+15   0.0300  1   57.316  0.03604  265.65  267.58   -3.328   28.753   15.18
 0.65592D-09 0.98750D+12 0.32000D+15   0.0300  1   55.384  0.03532  265.96  267.79   -3.461   29.030   15.08
 0.68737D-09 0.10000D+13 0.32000D+15   0.0300  1   53.452  0.03463  266.27  267.98   -3.598   29.302   14.99
 0.71682D-09 0.10125D+13 0.32000D+15   0.0300  1   51.842  0.03408  266.52  268.16   -3.752   29.559   14.90
 0.74815D-09 0.10250D+13 0.32000D+15   0.0300  1   50.232  0.03354  266.77  268.33   -3.909   29.813   14.81
 0.78658D-09 0.10375D+13 0.32000D+15   0.0300  1   48.300  0.03291  267.07  268.48   -4.055   30.074   14.72
 0.81719D-09 0.10500D+13 0.32000D+15   0.0300  1   47.012  0.03251  267.26  268.64   -4.230   30.312   14.64
 0.84950D-09 0.10625D+13 0.32000D+15   0.0300  1   45.724  0.03211  267.45  268.78   -4.406   30.547   14.55
 0.88367D-09 0.10750D+13 0.32000D+15   0.0300  1   44.436  0.03172  267.64  268.92   -4.584   30.780   14.47
 0.92659D-09 0.10875D+13 0.32000D+15   0.0300  1   42.826  0.03125  267.87  269.04   -4.751   31.021   14.39
 0.96550D-09 0.11000D+13 0.32000D+15   0.0300  1   41.538  0.03088  268.05  269.16   -4.933   31.250   14.32
 0.99909D-09 0.11125D+13 0.32000D+15   0.0300  1   40.572  0.03061  268.19  269.28   -5.128   31.467   14.24
 0.10426D-08 0.11250D+13 0.32000D+15   0.0300  1   39.284  0.03026  268.37  269.38   -5.312   31.692   14.16
 0.10801D-08 0.11375D+13 0.32000D+15   0.0300  1   38.318  0.02999  268.50  269.49   -5.510   31.905   14.09
 0.11195D-08 0.11500D+13 0.32000D+15   0.0300  1   37.352  0.02974  268.63  269.60   -5.709   32.117   14.02
 0.11610D-08 0.11625D+13 0.32000D+15   0.0300  1   36.386  0.02948  268.76  269.70   -5.909   32.328   13.94
 0.12047D-08 0.11750D+13 0.32000D+15   0.0300  1   35.420  0.02924  268.89  269.79   -6.110   32.537   13.87
 0.12395D-08 0.11875D+13 0.32000D+15   0.0300  1   34.776  0.02907  268.98  269.90   -6.323   32.736   13.80
 0.12997D-08 0.12000D+13 0.32000D+15   0.0300  1   33.488  0.02875  269.15  269.95   -6.515   32.951   13.74
 0.13257D-08 0.12125D+13 0.32000D+15   0.0300  1   33.166  0.02867  269.19  270.08   -6.742   33.139   13.67
 0.13394D-08 0.12250D+13 0.32000D+15   0.0300  1   33.166  0.02867  269.19  270.23   -6.980   33.319   13.59
 0.13530D-08 0.12375D+13 0.32000D+15   0.0300  1   33.166  0.02867  269.19  270.38   -7.218   33.499   13.52
 0.13538D-08 0.12500D+13 0.32000D+15   0.0300  1   33.488  0.02875  269.15  270.57   -7.465   33.674   13.44
 0.13674D-08 0.12625D+13 0.32000D+15   0.0300  1   33.488  0.02875  269.15  270.72   -7.702   33.855   13.37
 0.13809D-08 0.12750D+13 0.32000D+15   0.0300  1   33.488  0.02875  269.15  270.87   -7.938   34.038   13.30
 0.13945D-08 0.12875D+13 0.32000D+15   0.0300  1   33.488  0.02875  269.15  271.03   -8.174   34.220   13.23
 0.14080D-08 0.13000D+13 0.32000D+15   0.0300  1   33.488  0.02875  269.15  271.18   -8.409   34.403   13.16
 0.14083D-08 0.13125D+13 0.32000D+15   0.0300  1   33.810  0.02883  269.11  271.36   -8.651   34.583   13.08
 0.14217D-08 0.13250D+13 0.32000D+15   0.0300  1   33.810  0.02883  269.11  271.52   -8.885   34.767   13.01
 0.14351D-08 0.13375D+13 0.32000D+15   0.0300  1   33.810  0.02883  269.11  271.67   -9.119   34.951   12.95
 0.14485D-08 0.13500D+13 0.32000D+15   0.0300  1   33.810  0.02883  269.11  271.82   -9.352   35.136   12.88
 0.14619D-08 0.13625D+13 0.32000D+15   0.0300  1   33.810  0.02883  269.11  271.97   -9.585   35.322   12.81
 0.14753D-08 0.13750D+13 0.32000D+15   0.0300  1   33.810  0.02883  269.11  272.13   -9.818   35.507   12.74
 0.14750D-08 0.13875D+13 0.32000D+15   0.0300  1   34.132  0.02891  269.06  272.31  -10.054   35.693   12.67
 0.14883D-08 0.14000D+13 0.32000D+15   0.0300  1   34.132  0.02891  269.06  272.47  -10.286   35.880   12.60
 0.15016D-08 0.14125D+13 0.32000D+15   0.0300  1   34.132  0.02891  269.06  272.62  -10.517   36.067   12.54
 0.15149D-08 0.14250D+13 0.32000D+15   0.0300  1   34.132  0.02891  269.06  272.77  -10.747   36.255   12.47
 0.15282D-08 0.14375D+13 0.32000D+15   0.0300  1   34.132  0.02891  269.06  272.92  -10.977   36.443   12.41
 0.15415D-08 0.14500D+13 0.32000D+15   0.0300  1   34.132  0.02891  269.06  273.07  -11.207   36.631   12.35
 0.15405D-08 0.14625D+13 0.32000D+15   0.0300  1   34.454  0.02899  269.02  273.26  -11.438   36.823   12.28
 0.15537D-08 0.14750D+13 0.32000D+15   0.0300  1   34.454  0.02899  269.02  273.41  -11.667   37.012   12.21
 0.15669D-08 0.14875D+13 0.32000D+15   0.0300  1   34.454  0.02899  269.02  273.56  -11.896   37.202   12.15
 0.15800D-08 0.15000D+13 0.32000D+15   0.0300  1   34.454  0.02899  269.02  273.71  -12.124   37.392   12.09
 0.15932D-08 0.15125D+13 0.32000D+15   0.0300  1   34.454  0.02899  269.02  273.86  -12.351   37.582   12.03
 0.16064D-08 0.15250D+13 0.32000D+15   0.0300  1   34.454  0.02899  269.02  274.01  -12.579   37.773   11.97
 0.16195D-08 0.15375D+13 0.32000D+15   0.0300  1   34.454  0.02899  269.02  274.16  -12.806   37.964   11.91
 0.16179D-08 0.15500D+13 0.32000D+15   0.0300  1   34.776  0.02907  268.98  274.34  -13.031   38.163   11.84
 0.16310D-08 0.15625D+13 0.32000D+15   0.0300  1   34.776  0.02907  268.98  274.49  -13.257   38.355   11.78
 0.16440D-08 0.15750D+13 0.32000D+15   0.0300  1   34.776  0.02907  268.98  274.64  -13.482   38.547   11.72
 0.16571D-08 0.15875D+13 0.32000D+15   0.0300  1   34.776  0.02907  268.98  274.79  -13.708   38.740   11.66
 0.16701D-08 0.16000D+13 0.32000D+15   0.0300  1   34.776  0.02907  268.98  274.94  -13.933   38.933   11.61
 0.16832D-08 0.16125D+13 0.32000D+15   0.0300  1   34.776  0.02907  268.98  275.09  -14.158   39.127   11.55
 0.16962D-08 0.16250D+13 0.32000D+15   0.0300  1   34.776  0.02907  268.98  275.23  -14.382   39.320   11.49
 0.17093D-08 0.16375D+13 0.32000D+15   0.0300  1   34.776  0.02907  268.98  275.38  -14.606   39.514   11.44
 0.17223D-08 0.16500D+13 0.32000D+15   0.0300  1   34.776  0.02907  268.98  275.53  -14.830   39.708   11.38
 0.17198D-08 0.16625D+13 0.32000D+15   0.0300  1   35.098  0.02915  268.93  275.72  -15.047   39.915   11.31
 0.17327D-08 0.16750D+13 0.32000D+15   0.0300  1   35.098  0.02915  268.93  275.86  -15.270   40.110   11.26
 0.17457D-08 0.16875D+13 0.32000D+15   0.0300  1   35.098  0.02915  268.93  276.01  -15.493   40.306   11.21
 0.17586D-08 0.17000D+13 0.32000D+15   0.0300  1   35.098  0.02915  268.93  276.15  -15.715   40.502   11.15
 0.17715D-08 0.17125D+13 0.32000D+15   0.0300  1   35.098  0.02915  268.93  276.30  -15.937   40.698   11.10
 0.17845D-08 0.17250D+13 0.32000D+15   0.0300  1   35.098  0.02915  268.93  276.44  -16.158   40.894   11.04
 0.17974D-08 0.17375D+13 0.32000D+15   0.0300  1   35.098  0.02915  268.93  276.59  -16.380   41.091   10.99
 0.18103D-08 0.17500D+13 0.32000D+15   0.0300  1   35.098  0.02915  268.93  276.73  -16.601   41.288   10.94
 0.18232D-08 0.17625D+13 0.32000D+15   0.0300  1   35.098  0.02915  268.93  276.88  -16.822   41.485   10.89
 0.18362D-08 0.17750D+13 0.32000D+15   0.0300  1   35.098  0.02915  268.93  277.02  -17.042   41.683   10.84
 0.18491D-08 0.17875D+13 0.32000D+15   0.0300  1   35.098  0.02915  268.93  277.16  -17.263   41.880   10.78
 0.18620D-08 0.18000D+13 0.32000D+15   0.0300  1   35.098  0.02915  268.93  277.31  -17.483   42.078   10.73
 0.18583D-08 0.18125D+13 0.32000D+15   0.0300  1   35.420  0.02924  268.89  277.50  -17.690   42.295   10.67
 0.18711D-08 0.18250D+13 0.32000D+15   0.0300  1   35.420  0.02924  268.89  277.64  -17.909   42.494   10.62
 0.18839D-08 0.18375D+13 0.32000D+15   0.0300  1   35.420  0.02924  268.89  277.78  -18.128   42.694   10.57
 0.18968D-08 0.18500D+13 0.32000D+15   0.0300  1   35.420  0.02924  268.89  277.92  -18.347   42.893   10.52
 0.19096D-08 0.18625D+13 0.32000D+15   0.0300  1   35.420  0.02924  268.89  278.07  -18.565   43.093   10.48
 0.19224D-08 0.18750D+13 0.32000D+15   0.0300  1   35.420  0.02924  268.89  278.21  -18.783   43.293   10.43
 0.19352D-08 0.18875D+13 0.32000D+15   0.0300  1   35.420  0.02924  268.89  278.35  -19.001   43.493   10.38
 0.19480D-08 0.19000D+13 0.32000D+15   0.0300  1   35.420  0.02924  268.89  278.49  -19.218   43.694   10.33
 0.19608D-08 0.19125D+13 0.32000D+15   0.0300  1   35.420  0.02924  268.89  278.63  -19.435   43.894   10.28
 0.19737D-08 0.19250D+13 0.32000D+15   0.0300  1   35.420  0.02924  268.89  278.77  -19.652   44.095   10.24
 0.19865D-08 0.19375D+13 0.32000D+15   0.0300  1   35.420  0.02924  268.89  278.91  -19.869   44.297   10.19
 0.19993D-08 0.19500D+13 0.32000D+15   0.0300  1   35.420  0.02924  268.89  279.05  -20.085   44.498   10.14
 0.20121D-08 0.19625D+13 0.32000D+15   0.0300  1   35.420  0.02924  268.89  279.19  -20.302   44.700   10.10
 0.20249D-08 0.19750D+13 0.32000D+15   0.0300  1   35.420  0.02924  268.89  279.33  -20.518   44.902   10.05
 0.20377D-08 0.19875D+13 0.32000D+15   0.0300  1   35.420  0.02924  268.89  279.47  -20.733   45.104   10.01
 0.20505D-08 0.20000D+13 0.32000D+15   0.0300  1   35.420  0.02924  268.89  279.60  -20.949   45.306    9.96
 0.20634D-08 0.20125D+13 0.32000D+15   0.0300  1   35.420  0.02924  268.89  279.74  -21.164   45.509    9.92
 0.20762D-08 0.20250D+13 0.32000D+15   0.0300  1   35.420  0.02924  268.89  279.88  -21.379   45.712    9.88
 0.20890D-08 0.20375D+13 0.32000D+15   0.0300  1   35.420  0.02924  268.89  280.02  -21.594   45.915    9.83
 0.21018D-08 0.20500D+13 0.32000D+15   0.0300  1   35.420  0.02924  268.89  280.15  -21.808   46.118    9.79
 0.21146D-08 0.20625D+13 0.32000D+15   0.0300  1   35.420  0.02924  268.89  280.29  -22.023   46.322    9.75
 0.21274D-08 0.20750D+13 0.32000D+15   0.0300  1   35.420  0.02924  268.89  280.43  -22.237   46.525    9.70
 0.21403D-08 0.20875D+13 0.32000D+15   0.0300  1   35.420  0.02924  268.89  280.56  -22.451   46.729    9.66
 0.21531D-08 0.21000D+13 0.32000D+15   0.0300  1   35.420  0.02924  268.89  280.70  -22.664   46.933    9.62
 0.21468D-08 0.21125D+13 0.32000D+15   0.0300  1   35.742  0.02932  268.85  280.89  -22.855   47.169    9.57
 0.21595D-08 0.21250D+13 0.32000D+15   0.0300  1   35.742  0.02932  268.85  281.03  -23.067   47.374    9.52
 0.21722D-08 0.21375D+13 0.32000D+15   0.0300  1   35.742  0.02932  268.85  281.16  -23.280   47.580    9.48
 0.21849D-08 0.21500D+13 0.32000D+15   0.0300  1   35.742  0.02932  268.85  281.29  -23.492   47.785    9.44
 0.21976D-08 0.21625D+13 0.32000D+15   0.0300  1   35.742  0.02932  268.85  281.43  -23.704   47.991    9.40
 0.22103D-08 0.21750D+13 0.32000D+15   0.0300  1   35.742  0.02932  268.85  281.56  -23.916   48.197    9.36
 0.22230D-08 0.21875D+13 0.32000D+15   0.0300  1   35.742  0.02932  268.85  281.70  -24.127   48.403    9.32
 0.22357D-08 0.22000D+13 0.32000D+15   0.0300  1   35.742  0.02932  268.85  281.83  -24.339   48.610    9.28
 0.22484D-08 0.22125D+13 0.32000D+15   0.0300  1   35.742  0.02932  268.85  281.96  -24.550   48.816    9.24
 0.22612D-08 0.22250D+13 0.32000D+15   0.0300  1   35.742  0.02932  268.85  282.10  -24.761   49.023    9.20
 0.22739D-08 0.22375D+13 0.32000D+15   0.0300  1   35.742  0.02932  268.85  282.23  -24.972   49.230    9.17
 0.22866D-08 0.22500D+13 0.32000D+15   0.0300  1   35.742  0.02932  268.85  282.36  -25.182   49.437    9.13
 0.22993D-08 0.22625D+13 0.32000D+15   0.0300  1   35.742  0.02932  268.85  282.49  -25.393   49.645    9.09
 0.23120D-08 0.22750D+13 0.32000D+15   0.0300  1   35.742  0.02932  268.85  282.62  -25.603   49.852    9.05
 0.23247D-08 0.22875D+13 0.32000D+15   0.0300  1   35.742  0.02932  268.85  282.76  -25.813   50.060    9.01
 0.23374D-08 0.23000D+13 0.32000D+15   0.0300  1   35.742  0.02932  268.85  282.89  -26.022   50.268    8.98
 0.23501D-08 0.23125D+13 0.32000D+15   0.0300  1   35.742  0.02932  268.85  283.02  -26.232   50.476    8.94
 0.23628D-08 0.23250D+13 0.32000D+15   0.0300  1   35.742  0.02932  268.85  283.15  -26.441   50.685    8.90
 0.23755D-08 0.23375D+13 0.32000D+15   0.0300  1   35.742  0.02932  268.85  283.28  -26.650   50.893    8.87
 0.23882D-08 0.23500D+13 0.32000D+15   0.0300  1   35.742  0.02932  268.85  283.41  -26.859   51.102    8.83
 0.24009D-08 0.23625D+13 0.32000D+15   0.0300  1   35.742  0.02932  268.85  283.54  -27.068   51.311    8.79
 0.24136D-08 0.23750D+13 0.32000D+15   0.0300  1   35.742  0.02932  268.85  283.67  -27.276   51.520    8.76
 0.24263D-08 0.23875D+13 0.32000D+15   0.0300  1   35.742  0.02932  268.85  283.80  -27.484   51.730    8.72
 0.24390D-08 0.24000D+13 0.32000D+15   0.0300  1   35.742  0.02932  268.85  283.93  -27.692   51.939    8.69
 0.24517D-08 0.24125D+13 0.32000D+15   0.0300  1   35.742  0.02932  268.85  284.05  -27.900   52.149    8.65
 0.24644D-08 0.24250D+13 0.32000D+15   0.0300  1   35.742  0.02932  268.85  284.18  -28.108   52.359    8.62
 0.24771D-08 0.24375D+13 0.32000D+15   0.0300  1   35.742  0.02932  268.85  284.31  -28.315   52.569    8.58
 0.24898D-08 0.24500D+13 0.32000D+15   0.0300  1   35.742  0.02932  268.85  284.44  -28.523   52.780    8.55
 0.25247D-08 0.24625D+13 0.32000D+15   0.0300  1   35.420  0.02924  268.89  284.50  -28.767   52.943    8.53
 0.25376D-08 0.24750D+13 0.32000D+15   0.0300  1   35.420  0.02924  268.89  284.63  -28.974   53.154    8.49
 0.25504D-08 0.24875D+13 0.32000D+15   0.0300  1   35.420  0.02924  268.89  284.75  -29.181   53.364    8.46
 0.25632D-08 0.25000D+13 0.32000D+15   0.0300  1   35.420  0.02924  268.89  284.88  -29.388   53.574    8.43
 0.25760D-08 0.25125D+13 0.32000D+15   0.0300  1   35.420  0.02924  268.89  285.00  -29.595   53.785    8.39
 0.25888D-08 0.25250D+13 0.32000D+15   0.0300  1   35.420  0.02924  268.89  285.13  -29.802   53.996    8.36
 0.26016D-08 0.25375D+13 0.32000D+15   0.0300  1   35.420  0.02924  268.89  285.25  -30.008   54.207    8.33
 0.26144D-08 0.25500D+13 0.32000D+15   0.0300  1   35.420  0.02924  268.89  285.38  -30.214   54.418    8.30
 0.26273D-08 0.25625D+13 0.32000D+15   0.0300  1   35.420  0.02924  268.89  285.50  -30.420   54.630    8.26
 0.26401D-08 0.25750D+13 0.32000D+15   0.0300  1   35.420  0.02924  268.89  285.63  -30.626   54.841    8.23
 0.26529D-08 0.25875D+13 0.32000D+15   0.0300  1   35.420  0.02924  268.89  285.75  -30.832   55.053    8.20
 0.26657D-08 0.26000D+13 0.32000D+15   0.0300  1   35.420  0.02924  268.89  285.88  -31.037   55.265    8.17
 0.26785D-08 0.26125D+13 0.32000D+15   0.0300  1   35.420  0.02924  268.89  286.00  -31.243   55.477    8.14
 0.26913D-08 0.26250D+13 0.32000D+15   0.0300  1   35.420  0.02924  268.89  286.12  -31.448   55.689    8.11
 0.27042D-08 0.26375D+13 0.32000D+15   0.0300  1   35.420  0.02924  268.89  286.25  -31.653   55.902    8.08
 0.27170D-08 0.26500D+13 0.32000D+15   0.0300  1   35.420  0.02924  268.89  286.37  -31.857   56.115    8.04
 0.27298D-08 0.26625D+13 0.32000D+15   0.0300  1   35.420  0.02924  268.89  286.49  -32.062   56.327    8.01
 0.27426D-08 0.26750D+13 0.32000D+15   0.0300  1   35.420  0.02924  268.89  286.62  -32.266   56.541    7.98
 0.27554D-08 0.26875D+13 0.32000D+15   0.0300  1   35.420  0.02924  268.89  286.74  -32.470   56.754    7.95
 0.27682D-08 0.27000D+13 0.32000D+15   0.0300  1   35.420  0.02924  268.89  286.86  -32.674   56.967    7.92
 0.27811D-08 0.27125D+13 0.32000D+15   0.0300  1   35.420  0.02924  268.89  286.98  -32.878   57.181    7.89
 0.27939D-08 0.27250D+13 0.32000D+15   0.0300  1   35.420  0.02924  268.89  287.10  -33.082   57.394    7.87
 0.28067D-08 0.27375D+13 0.32000D+15   0.0300  1   35.420  0.02924  268.89  287.22  -33.285   57.608    7.84
 0.28195D-08 0.27500D+13 0.32000D+15   0.0300  1   35.420  0.02924  268.89  287.34  -33.489   57.822    7.81
 0.28323D-08 0.27625D+13 0.32000D+15   0.0300  1   35.420  0.02924  268.89  287.47  -33.692   58.036    7.78
 0.28451D-08 0.27750D+13 0.32000D+15   0.0300  1   35.420  0.02924  268.89  287.59  -33.895   58.251    7.75
 0.28579D-08 0.27875D+13 0.32000D+15   0.0300  1   35.420  0.02924  268.89  287.71  -34.098   58.465    7.72
 0.28708D-08 0.28000D+13 0.32000D+15   0.0300  1   35.420  0.02924  268.89  287.83  -34.300   58.680    7.69
 0.28836D-08 0.28125D+13 0.32000D+15   0.0300  1   35.420  0.02924  268.89  287.95  -34.503   58.895    7.66
 0.28964D-08 0.28250D+13 0.32000D+15   0.0300  1   35.420  0.02924  268.89  288.06  -34.705   59.110    7.64
 0.29092D-08 0.28375D+13 0.32000D+15   0.0300  1   35.420  0.02924  268.89  288.18  -34.907   59.325    7.61
 0.29482D-08 0.28500D+13 0.32000D+15   0.0300  1   35.098  0.02915  268.93  288.23  -35.161   59.476    7.59
 0.29612D-08 0.28625D+13 0.32000D+15   0.0300  1   35.098  0.02915  268.93  288.35  -35.364   59.691    7.57
 0.29741D-08 0.28750D+13 0.32000D+15   0.0300  1   35.098  0.02915  268.93  288.46  -35.566   59.906    7.54
 0.29870D-08 0.28875D+13 0.32000D+15   0.0300  1   35.098  0.02915  268.93  288.58  -35.768   60.121    7.51
 0.29999D-08 0.29000D+13 0.32000D+15   0.0300  1   35.098  0.02915  268.93  288.70  -35.969   60.337    7.49
 0.30129D-08 0.29125D+13 0.32000D+15   0.0300  1   35.098  0.02915  268.93  288.82  -36.171   60.553    7.46
 0.30258D-08 0.29250D+13 0.32000D+15   0.0300  1   35.098  0.02915  268.93  288.93  -36.372   60.768    7.43
 0.30387D-08 0.29375D+13 0.32000D+15   0.0300  1   35.098  0.02915  268.93  289.05  -36.574   60.984    7.41
 0.30517D-08 0.29500D+13 0.32000D+15   0.0300  1   35.098  0.02915  268.93  289.17  -36.775   61.200    7.38
 0.30646D-08 0.29625D+13 0.32000D+15   0.0300  1   35.098  0.02915  268.93  289.28  -36.976   61.417    7.35
 0.30775D-08 0.29750D+13 0.32000D+15   0.0300  1   35.098  0.02915  268.93  289.40  -37.176   61.633    7.33
 0.30905D-08 0.29875D+13 0.32000D+15   0.0300  1   35.098  0.02915  268.93  289.52  -37.377   61.850    7.30
 0.31034D-08 0.30000D+13 0.32000D+15   0.0300  1   35.098  0.02915  268.93  289.63  -37.577   62.066    7.28
