R_tot = 1561.0 R_core =  1400.0  Tsurf =   100.00  g =  1.310
   zbot    P(MPa) Hint     conv melt pCLA   Tbot     Tm     etam        k   Fcond_bot Fcond_top   Fbot     Ftop    dlid z_topTBL z_botTBL
    0.00   -0.00 0.11024D-05  0  0  0.01105  273.24  261.57 0.32206D+15  2.167    0.000    0.000    0.000    0.000    0.00    0.00    0.00
    0.32    0.39 0.11026D-06  0  0  0.01108  273.21  265.33 0.21726D+15  2.167 1398.882 1398.305 1382.549 1414.636    0.32    0.32    0.32
    0.64    0.77 0.55143D-07  0  0  0.01110  273.18  265.94 0.20356D+15  2.167  699.459  698.882  683.121  715.215    0.64    0.64    0.64
    0.97    1.16 0.36770D-07  0  0  0.01113  273.15  266.33 0.19512D+15  2.168  466.317  465.740  449.975  482.076    0.97    0.97    0.97
    1.29    1.55 0.27583D-07  0  0  0.01115  273.12  266.62 0.18897D+15  2.168  349.747  349.170  333.400  365.507    1.29    1.29    1.29
    1.61    1.94 0.22071D-07  0  0  0.01118  273.08  266.85 0.18410D+15  2.168  279.804  279.227  263.453  295.567    1.61    1.61    1.61
    1.93    2.33 0.18396D-07  0  0  0.01120  273.05  267.04 0.18008D+15  2.168  233.176  232.599  216.820  248.941    1.93    1.93    1.93
    2.25    2.71 0.15771D-07  0  0  0.01123  273.02  267.20 0.17664D+15  2.169  199.870  199.293  183.509  215.637    2.25    2.25    2.25
    2.58    3.10 0.13803D-07  0  0  0.01125  272.99  267.34 0.17363D+15  2.169  174.890  174.313  158.525  190.660    2.58    2.58    2.58
    2.90    3.49 0.12272D-07  0  0  0.01128  272.96  267.46 0.17097D+15  2.169  155.462  154.885  139.092  171.234    2.90    2.90    2.90
    3.22    3.88 0.11047D-07  0  0  0.01131  272.93  267.57 0.16857D+15  2.170  139.919  139.342  123.545  155.693    3.22    3.22    3.22
    3.54    4.27 0.10045D-07  0  0  0.01133  272.89  267.67 0.16639D+15  2.170  127.202  126.625  110.823  142.979    3.54    3.54    3.54
    3.86    4.65 0.92095D-08  0  0  0.01136  272.86  267.77 0.16439D+15  2.170  116.604  116.028  100.221  132.383    3.86    3.86    3.86
    4.19    5.04 0.85028D-08  0  0  0.01138  272.83  267.85 0.16255D+15  2.170  107.637  107.061   91.250  123.419    4.19    4.19    4.19
    4.51    5.43 0.78971D-08  0  0  0.01141  272.80  267.92 0.16084D+15  2.171   99.951   99.374   83.559  115.735    4.51    4.51    4.51
    4.83    5.82 0.73721D-08  0  0  0.01144  272.77  268.00 0.15924D+15  2.171   93.290   92.713   76.893  109.076    4.83    4.83    4.83
    5.15    6.21 0.69128D-08  0  0  0.01146  272.74  268.06 0.15774D+15  2.171   87.461   86.884   71.060  103.249    5.15    5.15    5.15
    5.47    6.59 0.65075D-08  0  0  0.01149  272.70  268.12 0.15633D+15  2.171   82.318   81.742   65.912   98.109    5.47    5.47    5.47
    5.80    6.98 0.61473D-08  0  0  0.01151  272.67  268.18 0.15500D+15  2.172   77.746   77.170   61.336   93.539    5.80    5.80    5.80
    6.12    7.37 0.58249D-08  0  0  0.01154  272.64  268.23 0.15373D+15  2.172   73.656   73.080   57.241   89.451    6.12    6.12    6.12
    6.44    7.76 0.55348D-08  0  0  0.01157  272.61  268.28 0.15253D+15  2.172   69.975   69.398   53.556   85.772    6.44    6.44    6.44
    6.76    8.15 0.52723D-08  0  0  0.01159  272.57  268.32 0.15139D+15  2.173   66.644   66.068   50.220   82.444    6.76    6.76    6.76
    7.08    8.54 0.50337D-08  0  0  0.01162  272.54  268.37 0.15030D+15  2.173   63.616   63.040   47.188   79.418    7.08    7.08    7.08
    7.41    8.92 0.48159D-08  0  0  0.01165  272.51  268.41 0.14925D+15  2.173   60.851   60.275   44.419   76.656    7.41    7.41    7.41
    7.73    9.31 0.46162D-08  0  0  0.01168  272.48  268.44 0.14825D+15  2.173   58.317   57.741   41.880   74.124    7.73    7.73    7.73
    8.05    9.70 0.44324D-08  0  0  0.01170  272.45  268.48 0.14729D+15  2.174   55.985   55.409   39.544   71.794    8.05    8.05    8.05
    8.37   10.09 0.42628D-08  0  0  0.01173  272.41  268.51 0.14637D+15  2.174   53.833   53.257   37.387   69.644    8.37    8.37    8.37
    8.69   10.48 0.41058D-08  0  0  0.01176  272.38  268.54 0.14548D+15  2.174   51.840   51.264   35.389   67.654    8.69    8.69    8.69
    9.02   10.86 0.39600D-08  0  0  0.01179  272.35  268.57 0.14462D+15  2.174   49.990   49.414   33.534   65.806    9.02    9.02    9.02
    9.34   11.25 0.38242D-08  0  0  0.01181  272.31  268.60 0.14379D+15  2.175   48.267   47.691   31.807   64.085    9.34    9.34    9.34
    9.66   11.64 0.36975D-08  0  0  0.01184  272.28  268.63 0.14299D+15  2.175   46.659   46.083   30.194   62.479    9.66    9.66    9.66
    9.98   12.03 0.35790D-08  0  0  0.01187  272.25  268.65 0.14221D+15  2.175   45.154   44.579   28.685   60.977    9.98    9.98    9.98
   10.30   12.42 0.34679D-08  0  0  0.01190  272.22  268.68 0.14146D+15  2.176   43.744   43.168   27.271   59.569   10.30   10.30   10.30
   10.63   12.80 0.33635D-08  0  0  0.01193  272.18  268.70 0.14073D+15  2.176   42.419   41.844   25.941   58.247   10.63   10.63   10.63
   10.95   13.19 0.32652D-08  0  0  0.01195  272.15  268.72 0.14002D+15  2.176   41.172   40.597   24.690   57.002   10.95   10.95   10.95
   11.27   13.58 0.31726D-08  0  0  0.01198  272.12  268.74 0.13933D+15  2.176   39.997   39.421   23.510   55.829   11.27   11.27   11.27
   11.59   13.97 0.30851D-08  0  0  0.01201  272.09  268.76 0.13866D+15  2.177   38.886   38.311   22.395   54.721   11.59   11.59   11.59
   11.91   14.36 0.30023D-08  0  0  0.01204  272.05  268.77 0.13801D+15  2.177   37.836   37.261   21.340   53.673   11.91   11.91   11.91
   12.24   14.74 0.29239D-08  0  0  0.01207  272.02  268.79 0.13738D+15  2.177   36.841   36.266   20.340   52.680   12.24   12.24   12.24
   12.56   15.13 0.28495D-08  0  0  0.01210  271.99  268.80 0.13676D+15  2.178   35.897   35.321   19.391   51.738   12.56   12.56   12.56
   12.88   15.52 0.27789D-08  0  0  0.01213  271.95  268.82 0.13616D+15  2.178   35.000   34.425   18.490   50.844   12.88   12.88   12.88
   13.20   15.91 0.27117D-08  0  0  0.01216  271.92  268.83 0.13557D+15  2.178   34.147   33.572   17.632   49.993   13.20   13.20   13.20
   13.52   16.30 0.26476D-08  0  0  0.01219  271.89  268.84 0.13499D+15  2.178   33.334   32.759   16.815   49.183   13.52   13.52   13.52
   13.85   16.68 0.25866D-08  0  0  0.01222  271.85  268.85 0.13443D+15  2.179   32.559   31.984   16.036   48.410   13.85   13.85   13.85
   14.17   17.07 0.25283D-08  0  0  0.01224  271.82  268.87 0.13389D+15  2.179   31.820   31.245   15.292   47.673   14.17   14.17   14.17
   14.49   17.46 0.24727D-08  0  0  0.01227  271.79  268.88 0.13335D+15  2.179   31.113   30.538   14.580   46.969   14.49   14.49   14.49
   14.81   17.85 0.24194D-08  0  0  0.01230  271.75  268.88 0.13283D+15  2.180   30.437   29.862   13.900   46.295   14.81   14.81   14.81
   15.13   18.24 0.23684D-08  0  0  0.01233  271.72  268.89 0.13231D+15  2.180   29.790   29.215   13.248   45.650   15.13   15.13   15.13
   15.46   18.63 0.23196D-08  0  0  0.01236  271.69  268.90 0.13181D+15  2.180   29.170   28.595   12.623   45.032   15.46   15.46   15.46
   15.78   19.01 0.22727D-08  0  0  0.01239  271.65  268.91 0.13132D+15  2.180   28.575   28.000   12.024   44.440   15.78   15.78   15.78
   16.10   19.40 0.22277D-08  0  0  0.01243  271.62  268.91 0.13084D+15  2.181   28.004   27.429   11.448   43.871   16.10   16.10   16.10
   16.42   19.79 0.21845D-08  0  0  0.01246  271.59  268.92 0.13036D+15  2.181   27.455   26.880   10.895   43.324   16.42   16.42   16.42
   16.74   19.79 0.21429D-08  1  0  0.01249  271.55  268.92 0.12990D+15  2.181   26.927   26.353   10.543   42.976   10.04   14.46   16.10
   17.07   20.18 0.21029D-08  1  0  0.01252  271.52  268.93 0.12944D+15  2.182   26.420   25.845   10.432   42.863   10.07   14.39   16.42
   17.39   20.57 0.20644D-08  1  0  0.01255  271.48  268.93 0.12900D+15  2.182   25.931   25.356   10.323   42.752   10.09   14.33   16.75
   17.71   20.96 0.20273D-08  1  0  0.01258  271.45  268.94 0.12856D+15  2.182   25.459   24.885   10.217   42.644   10.11   14.27   17.07
   18.03   21.35 0.19915D-08  1  0  0.01261  271.42  268.94 0.12813D+15  2.182   25.005   24.431   10.112   42.537   10.13   14.21   17.39
   18.35   21.74 0.19570D-08  1  0  0.01264  271.38  268.94 0.12770D+15  2.183   24.567   23.992   10.009   42.433   10.15   14.16   17.72
   18.68   22.13 0.19236D-08  1  0  0.01267  271.35  268.94 0.12729D+15  2.183   24.143   23.569    9.909   42.331   10.17   14.11   18.04
   19.00   22.52 0.18914D-08  1  0  0.01271  271.31  268.95 0.12688D+15  2.183   23.734   23.160    9.810   42.230   10.19   14.06   18.37
   19.32   22.91 0.18603D-08  1  0  0.01274  271.28  268.95 0.12648D+15  2.184   23.339   22.765    9.713   42.132   10.21   14.02   18.70
   19.64   23.30 0.18302D-08  1  0  0.01277  271.25  268.95 0.12608D+15  2.184   22.957   22.383    9.618   42.035   10.23   13.98   19.02
   19.96   23.69 0.18010D-08  1  0  0.01280  271.21  268.95 0.12569D+15  2.184   22.587   22.013    9.524   41.940   10.25   13.94   19.35
   20.29   24.08 0.17728D-08  1  0  0.01283  271.18  268.95 0.12531D+15  2.184   22.228   21.654    9.432   41.846   10.27   13.90   19.67
   20.61   24.47 0.17454D-08  1  0  0.01287  271.14  268.95 0.12493D+15  2.185   21.881   21.307    9.342   41.754   10.29   13.87   20.00
   20.93   24.86 0.17190D-08  1  0  0.01290  271.11  268.94 0.12456D+15  2.185   21.545   20.971    9.253   41.664   10.31   13.84   20.32
   21.25   25.25 0.16933D-08  1  0  0.01293  271.07  268.94 0.12419D+15  2.185   21.218   20.645    9.165   41.575   10.32   13.81   20.65
   21.57   25.64 0.16683D-08  1  0  0.01296  271.04  268.94 0.12383D+15  2.186   20.902   20.328    9.079   41.487   10.34   13.78   20.97
   21.90   26.03 0.16441D-08  1  0  0.01300  271.01  268.94 0.12348D+15  2.186   20.595   20.021    8.994   41.401   10.36   13.75   21.30
   22.22   26.42 0.16206D-08  1  0  0.01303  270.97  268.94 0.12313D+15  2.186   20.296   19.723    8.911   41.316   10.37   13.73   21.62
   22.54   26.81 0.15978D-08  1  0  0.01306  270.94  268.93 0.12278D+15  2.187   20.006   19.433    8.828   41.233   10.39   13.70   21.95
   22.86   27.20 0.15756D-08  1  0  0.01310  270.90  268.93 0.12244D+15  2.187   19.725   19.151    8.747   41.151   10.41   13.68   22.28
   23.18   27.59 0.15541D-08  1  0  0.01313  270.87  268.93 0.12211D+15  2.187   19.451   18.877    8.667   41.070   10.42   13.66   22.60
   23.51   27.98 0.15331D-08  1  0  0.01317  270.83  268.92 0.12178D+15  2.187   19.185   18.611    8.589   40.990   10.44   13.64   22.93
   23.83   28.37 0.15127D-08  1  0  0.01320  270.80  268.92 0.12145D+15  2.188   18.925   18.352    8.511   40.911   10.46   13.62   23.25
   24.15   28.76 0.14928D-08  1  0  0.01323  270.76  268.91 0.12113D+15  2.188   18.673   18.100    8.435   40.833   10.47   13.60   23.58
   24.47   29.15 0.14735D-08  1  0  0.01327  270.73  268.91 0.12081D+15  2.188   18.428   17.854    8.359   40.757   10.49   13.58   23.91
   24.79   29.54 0.14547D-08  1  0  0.01330  270.69  268.90 0.12050D+15  2.189   18.188   17.615    8.284   40.681   10.50   13.57   24.23
   25.12   29.93 0.14363D-08  1  0  0.01334  270.66  268.90 0.12019D+15  2.189   17.955   17.382    8.211   40.606   10.52   13.55   24.56
   25.44   30.32 0.14184D-08  1  0  0.01337  270.62  268.89 0.11989D+15  2.189   17.728   17.155    8.138   40.533   10.53   13.54   24.88
   25.76   30.72 0.14010D-08  1  0  0.01341  270.59  268.88 0.11959D+15  2.190   17.506   16.933    8.067   40.460   10.55   13.52   25.21
   26.08   31.11 0.13840D-08  1  0  0.01344  270.55  268.88 0.11929D+15  2.190   17.290   16.717    7.996   40.388   10.56   13.51   25.54
   26.40   31.50 0.13674D-08  1  0  0.01348  270.52  268.87 0.11900D+15  2.190   17.080   16.507    7.926   40.318   10.57   13.50   25.86
   26.73   31.89 0.13512D-08  1  0  0.01351  270.48  268.86 0.11871D+15  2.190   16.874   16.301    7.857   40.248   10.59   13.49   26.19
   27.05   32.28 0.13354D-08  1  0  0.01355  270.44  268.85 0.11842D+15  2.191   16.673   16.100    7.789   40.179   10.60   13.48   26.52
   27.37   32.67 0.13200D-08  1  0  0.01358  270.41  268.85 0.11814D+15  2.191   16.477   15.904    7.721   40.110   10.62   13.47   26.84
   27.69   33.06 0.13049D-08  1  0  0.01362  270.37  268.84 0.11786D+15  2.191   16.285   15.713    7.654   40.043   10.63   13.46   27.17
   28.01   33.45 0.12901D-08  1  0  0.01366  270.34  268.83 0.11758D+15  2.192   16.098   15.525    7.588   39.976   10.64   13.45   27.50
   28.34   33.84 0.12757D-08  1  0  0.01369  270.30  268.82 0.11731D+15  2.192   15.915   15.343    7.523   39.910   10.66   13.44   27.82
   28.66   34.23 0.12617D-08  1  0  0.01373  270.27  268.81 0.11704D+15  2.192   15.736   15.164    7.459   39.845   10.67   13.43   28.15
   28.98   34.62 0.12479D-08  1  0  0.01377  270.23  268.80 0.11677D+15  2.193   15.561   14.989    7.395   39.781   10.68   13.42   28.48
   29.30   35.02 0.12345D-08  1  0  0.01380  270.19  268.79 0.11651D+15  2.193   15.390   14.818    7.332   39.717   10.69   13.42   28.81
   29.62   35.41 0.12213D-08  1  0  0.01384  270.16  268.78 0.11624D+15  2.193   15.223   14.651    7.269   39.654   10.71   13.41   29.13
   29.95   35.80 0.12084D-08  1  0  0.01388  270.12  268.77 0.11599D+15  2.194   15.059   14.487    7.208   39.591   10.72   13.40   29.46
   30.27   36.19 0.11958D-08  1  0  0.01391  270.09  268.76 0.11573D+15  2.194   14.899   14.327    7.147   39.530   10.73   13.40   29.79
   30.59   36.58 0.11835D-08  1  0  0.01395  270.05  268.75 0.11548D+15  2.194   14.742   14.170    7.086   39.469   10.74   13.39   30.11
   30.91   36.97 0.11714D-08  1  0  0.01399  270.01  268.74 0.11523D+15  2.194   14.589   14.017    7.026   39.408   10.76   13.39   30.44
   31.23   37.36 0.11595D-08  1  0  0.01403  269.98  268.73 0.11498D+15  2.195   14.438   13.866    6.967   39.348   10.77   13.38   30.77
   31.56   37.75 0.11480D-08  1  0  0.01407  269.94  268.72 0.11474D+15  2.195   14.291   13.719    6.908   39.289   10.78   13.38   31.10
   31.88   38.15 0.11366D-08  1  0  0.01411  269.90  268.71 0.11450D+15  2.195   14.147   13.575    6.850   39.230   10.79   13.37   31.42
   32.20   38.54 0.11255D-08  1  0  0.01414  269.87  268.70 0.11426D+15  2.196   14.005   13.433    6.792   39.172   10.80   13.37   31.75
   32.52   38.93 0.11145D-08  1  0  0.01418  269.83  268.69 0.11402D+15  2.196   13.866   13.294    6.735   39.115   10.81   13.37   32.08
   32.84   39.32 0.11039D-08  1  0  0.01422  269.80  268.68 0.11378D+15  2.196   13.730   13.159    6.678   39.058   10.82   13.36   32.41
   33.17   39.71 0.10934D-08  1  0  0.01426  269.76  268.66 0.11355D+15  2.197   13.597   13.025    6.622   39.001   10.84   13.36   32.74
   33.49   40.10 0.10831D-08  1  0  0.01430  269.72  268.65 0.11332D+15  2.197   13.466   12.894    6.566   38.945   10.85   13.36   33.06
   33.81   40.50 0.10730D-08  1  0  0.01434  269.69  268.64 0.11310D+15  2.197   13.338   12.766    6.511   38.890   10.86   13.36   33.39
   34.13   40.89 0.10631D-08  1  0  0.01438  269.65  268.63 0.11287D+15  2.198   13.212   12.640    6.456   38.835   10.87   13.36   33.72
   34.45   41.28 0.10534D-08  1  0  0.01442  269.61  268.61 0.11265D+15  2.198   13.088   12.517    6.402   38.780   10.88   13.35   34.05
   34.78   41.67 0.10438D-08  1  0  0.01446  269.57  268.60 0.11243D+15  2.198   12.967   12.396    6.348   38.726   10.89   13.35   34.38
   35.10   42.06 0.10345D-08  1  0  0.01450  269.54  268.59 0.11221D+15  2.199   12.848   12.277    6.295   38.673   10.90   13.35   34.71
   35.42   42.46 0.10253D-08  1  0  0.01454  269.50  268.57 0.11199D+15  2.199   12.731   12.160    6.242   38.619   10.91   13.35   35.03
   35.74   42.85 0.10162D-08  1  0  0.01458  269.46  268.56 0.11178D+15  2.199   12.616   12.045    6.189   38.567   10.92   13.35   35.36
   36.06   43.24 0.10074D-08  1  0  0.01462  269.43  268.55 0.11156D+15  2.199   12.503   11.932    6.137   38.515   10.93   13.35   35.69
   36.39   43.63 0.99868D-09  1  0  0.01466  269.39  268.53 0.11135D+15  2.200   12.393   11.822    6.085   38.463   10.94   13.35   36.02
   36.71   44.02 0.99012D-09  1  0  0.01471  269.35  268.52 0.11115D+15  2.200   12.284   11.713    6.034   38.411   10.95   13.35   36.35
   37.03   44.42 0.98172D-09  1  0  0.01475  269.31  268.51 0.11094D+15  2.200   12.177   11.606    5.983   38.360   10.96   13.35   36.68
   37.35   44.81 0.97346D-09  1  0  0.01479  269.28  268.49 0.11074D+15  2.201   12.072   11.501    5.933   38.310   10.97   13.35   37.01
   37.67   45.20 0.96534D-09  1  0  0.01483  269.24  268.48 0.11053D+15  2.201   11.969   11.398    5.882   38.260   10.98   13.35   37.34
   38.00   45.59 0.95735D-09  1  0  0.01487  269.20  268.46 0.11033D+15  2.201   11.867   11.296    5.833   38.210   10.99   13.35   37.67
   38.32   45.99 0.94951D-09  1  0  0.01492  269.16  268.45 0.11013D+15  2.202   11.767   11.197    5.783   38.160   11.00   13.35   38.00
   38.64   46.38 0.94179D-09  1  0  0.01496  269.13  268.43 0.10994D+15  2.202   11.669   11.098    5.734   38.111   11.01   13.35   38.33
   38.96   46.77 0.93420D-09  1  0  0.01500  269.09  268.42 0.10974D+15  2.202   11.572   11.002    5.685   38.062   11.02   13.35   38.65
   39.28   47.16 0.92674D-09  1  0  0.01505  269.05  268.40 0.10955D+15  2.203   11.477   10.907    5.637   38.014   11.03   13.35   38.98
   39.61   47.56 0.91939D-09  1  0  0.01509  269.01  268.38 0.10936D+15  2.203   11.384   10.814    5.588   37.966   11.03   13.35   39.31
   39.93   47.95 0.91217D-09  1  0  0.01513  268.97  268.37 0.10917D+15  2.203   11.292   10.722    5.541   37.918   11.04   13.36   39.64
   40.25   48.34 0.90506D-09  1  0  0.01518  268.94  268.35 0.10898D+15  2.204   11.201   10.631    5.493   37.871   11.05   13.36   39.97
   40.57   48.74 0.89806D-09  1  0  0.01522  268.90  268.34 0.10879D+15  2.204   11.112   10.542    5.446   37.824   11.06   13.36   40.30
   40.89   49.13 0.89118D-09  1  0  0.01527  268.86  268.32 0.10861D+15  2.204   11.025   10.455    5.399   37.777   11.07   13.36   40.63
   41.22   49.52 0.88440D-09  1  0  0.01531  268.82  268.30 0.10842D+15  2.205   10.938   10.368    5.352   37.731   11.08   13.36   40.97
   41.54   49.92 0.87773D-09  1  0  0.01536  268.78  268.29 0.10824D+15  2.205   10.853   10.283    5.306   37.685   11.09   13.36   41.30
   41.86   50.31 0.87115D-09  1  0  0.01540  268.74  268.27 0.10806D+15  2.205   10.770   10.200    5.260   37.639   11.10   13.37   41.63
   42.18   50.70 0.86468D-09  1  0  0.01545  268.70  268.25 0.10788D+15  2.206   10.687   10.118    5.214   37.593   11.11   13.37   41.96
   42.50   51.10 0.85831D-09  1  0  0.01549  268.67  268.24 0.10770D+15  2.206   10.606   10.036    5.168   37.548   11.11   13.37   42.29
   42.83   51.49 0.85204D-09  1  0  0.01554  268.63  268.22 0.10753D+15  2.206   10.526    9.957    5.123   37.503   11.12   13.37   42.62
   43.15   51.88 0.84585D-09  1  0  0.01558  268.59  268.20 0.10735D+15  2.207   10.448    9.878    5.078   37.458   11.13   13.38   42.95
   43.47   52.28 0.83976D-09  1  0  0.01563  268.55  268.18 0.10718D+15  2.207   10.370    9.800    5.033   37.414   11.14   13.38   43.28
   43.79   52.67 0.83376D-09  1  0  0.01568  268.51  268.17 0.10701D+15  2.207   10.294    9.724    4.988   37.370   11.15   13.38   43.61
   44.11   53.06 0.82785D-09  1  0  0.01572  268.47  268.15 0.10684D+15  2.208   10.218    9.649    4.944   37.326   11.15   13.38   43.94
   44.44   53.46 0.82202D-09  1  0  0.01577  268.43  268.13 0.10667D+15  2.208   10.144    9.575    4.900   37.282   11.16   13.39   44.28
   44.76   53.85 0.81628D-09  1  0  0.01582  268.39  268.11 0.10651D+15  2.208   10.071    9.502    4.856   37.239   11.17   13.39   44.61
   45.08   54.25 0.81062D-09  1  0  0.01587  268.35  268.09 0.10634D+15  2.209    9.999    9.429    4.812   37.196   11.18   13.39   44.94
   45.40   54.64 0.80503D-09  1  0  0.01591  268.31  268.08 0.10618D+15  2.209    9.927    9.358    4.769   37.153   11.19   13.40   45.27
   45.72   55.03 0.79953D-09  1  0  0.01596  268.28  268.06 0.10601D+15  2.209    9.857    9.288    4.726   37.110   11.19   13.40   45.60
   46.05   55.43 0.79411D-09  1  0  0.01601  268.24  268.04 0.10585D+15  2.210    9.788    9.219    4.683   37.068   11.20   13.40   45.94
   46.37   55.82 0.78876D-09  1  0  0.01606  268.20  268.02 0.10569D+15  2.210    9.720    9.151    4.640   37.026   11.21   13.41   46.27
   46.69   56.22 0.78348D-09  1  0  0.01611  268.16  268.00 0.10553D+15  2.210    9.653    9.084    4.597   36.984   11.22   13.41   46.60
   47.01   56.61 0.77827D-09  1  0  0.01616  268.12  267.98 0.10538D+15  2.211    9.586    9.018    4.555   36.942   11.23   13.41   46.93
   47.33   57.01 0.77314D-09  1  0  0.01621  268.08  267.96 0.10522D+15  2.211    9.521    8.952    4.513   36.901   11.23   13.42   47.27
   47.66   57.40 0.76808D-09  1  0  0.01626  268.04  267.94 0.10507D+15  2.211    9.456    8.888    4.471   36.859   11.24   13.42   47.60
   47.98   57.80 0.76308D-09  1  0  0.01631  268.00  267.92 0.10491D+15  2.212    9.393    8.824    4.429   36.818   11.25   13.42   47.93
   48.30   58.19 0.75815D-09  1  0  0.01636  267.96  267.90 0.10476D+15  2.212    9.330    8.761    4.387   36.777   11.26   13.43   48.27
   48.62   58.59 0.75329D-09  1  0  0.01641  267.92  267.88 0.10461D+15  2.213    9.268    8.699    4.346   36.737   11.26   13.43   48.60
   48.94   58.98 0.74849D-09  1  0  0.01646  267.88  267.86 0.10446D+15  2.213    9.207    8.638    4.304   36.696   11.27   13.44   48.94
   49.27   59.38 0.74375D-09  1  0  0.01651  267.84  267.84 0.10431D+15  2.213    9.146    8.578    4.263   36.656   11.28   13.44   49.27
   49.59   59.76 0.73908D-09  1  0  0.01656  267.80  267.82 0.10416D+15  2.214    9.086    8.518    4.222   36.616   11.28   13.44   49.59
   49.91   60.15 0.73446D-09  1  0  0.01662  267.75  267.80 0.10402D+15  2.214    9.028    8.460    4.181   36.576   11.29   13.45   49.91
   50.23   60.54 0.72990D-09  1  0  0.01667  267.71  267.78 0.10387D+15  2.214    8.969    8.402    4.141   36.536   11.30   13.45   50.23
   50.55   60.93 0.72541D-09  1  0  0.01672  267.67  267.76 0.10373D+15  2.215    8.912    8.344    4.100   36.496   11.31   13.46   50.55
   50.88   61.32 0.72097D-09  1  0  0.01677  267.63  267.74 0.10359D+15  2.215    8.855    8.288    4.060   36.457   11.31   13.46   50.88
   51.20   61.70 0.71658D-09  1  0  0.01683  267.59  267.72 0.10345D+15  2.215    8.799    8.232    4.020   36.418   11.32   13.47   51.20
   51.52   62.09 0.71225D-09  1  0  0.01688  267.55  267.70 0.10330D+15  2.216    8.744    8.177    3.979   36.379   11.33   13.47   51.52
   51.84   62.48 0.70797D-09  1  0  0.01693  267.51  267.68 0.10317D+15  2.216    8.690    8.122    3.940   36.340   11.33   13.47   51.84
   52.16   62.87 0.70375D-09  1  0  0.01699  267.47  267.66 0.10303D+15  2.216    8.636    8.068    3.900   36.301   11.34   13.48   52.16
   52.49   63.26 0.69958D-09  1  0  0.01704  267.43  267.63 0.10289D+15  2.217    8.582    8.015    3.860   36.263   11.35   13.48   52.49
   52.81   63.64 0.69546D-09  1  0  0.01710  267.39  267.61 0.10276D+15  2.217    8.530    7.962    3.821   36.224   11.35   13.49   52.81
   53.13   64.03 0.69139D-09  1  0  0.01715  267.34  267.59 0.10262D+15  2.217    8.478    7.911    3.781   36.186   11.36   13.49   53.13
   53.45   64.42 0.68737D-09  1  0  0.01721  267.30  267.57 0.10249D+15  2.218    8.426    7.859    3.742   36.148   11.37   13.50   53.45
   53.77   64.81 0.68339D-09  1  0  0.01727  267.26  267.55 0.10236D+15  2.218    8.376    7.809    3.703   36.110   11.37   13.50   53.77
   54.10   65.20 0.67947D-09  1  0  0.01732  267.22  267.52 0.10222D+15  2.219    8.326    7.759    3.664   36.072   11.38   13.51   54.10
   54.42   65.58 0.67559D-09  1  0  0.01738  267.18  267.50 0.10209D+15  2.219    8.276    7.709    3.625   36.034   11.39   13.51   54.42
   54.74   65.97 0.67175D-09  1  0  0.01743  267.14  267.48 0.10196D+15  2.219    8.227    7.660    3.586   35.997   11.39   13.52   54.74
   55.06   66.36 0.66796D-09  1  0  0.01749  267.09  267.46 0.10184D+15  2.220    8.179    7.612    3.547   35.959   11.40   13.52   55.06
   55.38   66.75 0.66422D-09  1  0  0.01755  267.05  267.43 0.10171D+15  2.220    8.131    7.564    3.509   35.922   11.41   13.53   55.38
   55.71   67.14 0.66052D-09  1  0  0.01761  267.01  267.41 0.10158D+15  2.220    8.083    7.517    3.470   35.885   11.41   13.53   55.71
   56.03   67.52 0.65686D-09  1  0  0.01767  266.97  267.39 0.10146D+15  2.221    8.037    7.470    3.432   35.848   11.42   13.54   56.03
   56.35   67.91 0.65324D-09  1  0  0.01772  266.93  267.37 0.10134D+15  2.221    7.990    7.424    3.394   35.811   11.43   13.54   56.35
   56.67   68.30 0.64967D-09  1  0  0.01778  266.88  267.34 0.10121D+15  2.221    7.945    7.378    3.356   35.774   11.43   13.55   56.67
   56.99   68.69 0.64613D-09  1  0  0.01784  266.84  267.32 0.10109D+15  2.222    7.899    7.333    3.318   35.737   11.44   13.55   56.99
   57.32   69.08 0.64264D-09  1  0  0.01790  266.80  267.30 0.10097D+15  2.222    7.855    7.289    3.280   35.701   11.45   13.56   57.32
   57.64   69.47 0.63918D-09  1  0  0.01796  266.75  267.27 0.10085D+15  2.223    7.811    7.244    3.242   35.664   11.45   13.56   57.64
   57.96   69.85 0.63576D-09  1  0  0.01802  266.71  267.25 0.10073D+15  2.223    7.767    7.201    3.204   35.628   11.46   13.57   57.96
   58.28   70.24 0.63238D-09  1  0  0.01808  266.67  267.22 0.10061D+15  2.223    7.724    7.158    3.166   35.592   11.47   13.58   58.28
   58.60   70.63 0.62904D-09  1  0  0.01815  266.63  267.20 0.10050D+15  2.224    7.681    7.115    3.129   35.556   11.47   13.58   58.60
   58.93   71.02 0.62573D-09  1  0  0.01821  266.58  267.18 0.10038D+15  2.224    7.638    7.073    3.091   35.520   11.48   13.59   58.93
   59.25   71.41 0.62246D-09  1  0  0.01827  266.54  267.15 0.10027D+15  2.224    7.597    7.031    3.054   35.484   11.48   13.59   59.25
   59.57   71.79 0.61922D-09  1  0  0.01833  266.50  267.13 0.10015D+15  2.225    7.555    6.990    3.016   35.448   11.49   13.60   59.57
   59.89   72.18 0.61602D-09  1  0  0.01840  266.45  267.10 0.10004D+15  2.225    7.514    6.949    2.979   35.412   11.50   13.60   59.89
   60.21   72.57 0.61286D-09  1  0  0.01846  266.41  267.08 0.99930D+14  2.226    7.474    6.908    2.942   35.377   11.50   13.61   60.21
   60.54   72.96 0.60972D-09  1  0  0.01852  266.36  267.05 0.99819D+14  2.226    7.434    6.868    2.905   35.341   11.51   13.61   60.54
   60.86   73.35 0.60663D-09  1  0  0.01859  266.32  267.03 0.99709D+14  2.226    7.394    6.829    2.867   35.306   11.51   13.62   60.86
   61.18   73.73 0.60356D-09  1  0  0.01865  266.28  267.00 0.99601D+14  2.227    7.355    6.789    2.830   35.271   11.52   13.63   61.18
   61.50   74.12 0.60052D-09  1  0  0.01872  266.23  266.98 0.99493D+14  2.227    7.316    6.751    2.793   35.235   11.53   13.63   61.50
   61.82   74.51 0.59752D-09  1  0  0.01878  266.19  266.95 0.99386D+14  2.228    7.277    6.712    2.757   35.200   11.53   13.64   61.82
   62.15   74.90 0.59455D-09  1  0  0.01885  266.14  266.93 0.99280D+14  2.228    7.239    6.674    2.720   35.165   11.54   13.64   62.15
   62.47   75.29 0.59161D-09  1  0  0.01891  266.10  266.90 0.99175D+14  2.228    7.202    6.637    2.683   35.130   11.54   13.65   62.47
   62.79   75.67 0.58870D-09  1  0  0.01898  266.06  266.88 0.99071D+14  2.229    7.164    6.599    2.646   35.095   11.55   13.66   62.79
   63.11   76.06 0.58582D-09  1  0  0.01905  266.01  266.85 0.98969D+14  2.229    7.127    6.563    2.609   35.060   11.56   13.66   63.11
   63.43   76.45 0.58296D-09  1  0  0.01912  265.97  266.82 0.98867D+14  2.229    7.091    6.526    2.573   35.026   11.56   13.67   63.43
   63.76   76.84 0.58014D-09  1  0  0.01918  265.92  266.80 0.98765D+14  2.230    7.054    6.490    2.536   34.991   11.57   13.67   63.76
   64.08   77.23 0.57735D-09  1  0  0.01925  265.88  266.77 0.98665D+14  2.230    7.019    6.454    2.500   34.956   11.57   13.68   64.08
   64.40   77.61 0.57458D-09  1  0  0.01932  265.83  266.75 0.98566D+14  2.231    6.983    6.419    2.463   34.922   11.58   13.69   64.40
   64.72   78.00 0.57184D-09  1  0  0.01939  265.79  266.72 0.98468D+14  2.231    6.948    6.384    2.427   34.887   11.58   13.69   64.72
   65.04   78.39 0.56913D-09  1  0  0.01946  265.74  266.69 0.98371D+14  2.231    6.913    6.349    2.390   34.853   11.59   13.70   65.04
   65.37   78.78 0.56644D-09  1  0  0.01953  265.70  266.67 0.98274D+14  2.232    6.879    6.315    2.354   34.818   11.60   13.70   65.37
   65.69   79.17 0.56379D-09  1  0  0.01960  265.65  266.64 0.98179D+14  2.232    6.845    6.281    2.317   34.784   11.60   13.71   65.69
   66.01   79.56 0.56115D-09  1  0  0.01967  265.60  266.61 0.98085D+14  2.233    6.811    6.247    2.281   34.750   11.61   13.72   66.01
   66.33   79.94 0.55855D-09  1  0  0.01975  265.56  266.59 0.97991D+14  2.233    6.777    6.214    2.245   34.716   11.61   13.72   66.33
   66.65   80.33 0.55596D-09  1  0  0.01982  265.51  266.56 0.97899D+14  2.233    6.744    6.181    2.208   34.682   11.62   13.73   66.65
   66.98   80.72 0.55341D-09  1  0  0.01989  265.47  266.53 0.97807D+14  2.234    6.711    6.148    2.172   34.647   11.63   13.74   66.98
   67.30   81.11 0.55087D-09  1  0  0.01996  265.42  266.50 0.97716D+14  2.234    6.679    6.115    2.136   34.613   11.63   13.74   67.30
   67.62   81.50 0.54837D-09  1  0  0.02004  265.37  266.48 0.97627D+14  2.235    6.647    6.083    2.100   34.579   11.64   13.75   67.62
   67.94   81.88 0.54588D-09  1  0  0.02011  265.33  266.45 0.97538D+14  2.235    6.615    6.051    2.064   34.546   11.64   13.76   67.94
   68.26   82.27 0.54342D-09  1  0  0.02019  265.28  266.42 0.97450D+14  2.235    6.583    6.020    2.027   34.512   11.65   13.76   68.26
   68.59   82.66 0.54098D-09  1  0  0.02026  265.23  266.39 0.97363D+14  2.236    6.552    5.989    1.991   34.478   11.65   13.77   68.59
   68.91   83.05 0.53857D-09  1  0  0.02034  265.19  266.36 0.97277D+14  2.236    6.521    5.958    1.955   34.444   11.66   13.78   68.91
   69.23   83.44 0.53617D-09  1  0  0.02041  265.14  266.34 0.97192D+14  2.237    6.490    5.927    1.919   34.410   11.66   13.78   69.23
   69.55   83.82 0.53380D-09  1  0  0.02049  265.09  266.31 0.97108D+14  2.237    6.459    5.897    1.883   34.377   11.67   13.79   69.55
   69.87   84.21 0.53145D-09  1  0  0.02057  265.05  266.28 0.97025D+14  2.237    6.429    5.866    1.847   34.343   11.68   13.80   69.87
   70.20   84.60 0.52913D-09  1  0  0.02065  265.00  266.25 0.96942D+14  2.238    6.399    5.837    1.811   34.309   11.68   13.80   70.20
   70.52   84.99 0.52682D-09  1  0  0.02073  264.95  266.22 0.96861D+14  2.238    6.370    5.807    1.775   34.276   11.69   13.81   70.52
   70.84   85.38 0.52454D-09  1  0  0.02081  264.90  266.19 0.96781D+14  2.239    6.340    5.778    1.739   34.242   11.69   13.82   70.84
   71.16   85.76 0.52227D-09  1  0  0.02089  264.86  266.16 0.96701D+14  2.239    6.311    5.749    1.703   34.208   11.70   13.82   71.16
   71.48   86.15 0.52003D-09  1  0  0.02097  264.81  266.13 0.96623D+14  2.240    6.282    5.720    1.666   34.175   11.70   13.83   71.48
   71.81   86.54 0.51781D-09  1  0  0.02105  264.76  266.11 0.96545D+14  2.240    6.253    5.691    1.630   34.141   11.71   13.84   71.81
   72.13   86.93 0.51560D-09  1  0  0.02113  264.71  266.08 0.96469D+14  2.240    6.225    5.663    1.594   34.108   11.71   13.85   72.13
   72.45   87.32 0.51342D-09  1  0  0.02121  264.66  266.05 0.96393D+14  2.241    6.197    5.635    1.558   34.074   11.72   13.85   72.45
   72.77   87.70 0.51125D-09  1  0  0.02129  264.62  266.02 0.96318D+14  2.241    6.169    5.607    1.522   34.041   11.73   13.86   72.77
   73.09   88.09 0.50911D-09  1  0  0.02138  264.57  265.99 0.96245D+14  2.242    6.141    5.580    1.486   34.008   11.73   13.87   73.09
   73.42   88.48 0.50698D-09  1  0  0.02146  264.52  265.96 0.96172D+14  2.242    6.114    5.552    1.450   33.974   11.74   13.87   73.42
   73.74   88.87 0.50487D-09  1  0  0.02155  264.47  265.93 0.96100D+14  2.243    6.087    5.525    1.414   33.941   11.74   13.88   73.74
   74.06   89.26 0.50278D-09  1  0  0.02163  264.42  265.90 0.96029D+14  2.243    6.060    5.498    1.377   33.907   11.75   13.89   74.06
   74.38   89.65 0.50071D-09  1  0  0.02172  264.37  265.87 0.95959D+14  2.243    6.033    5.472    1.341   33.874   11.75   13.90   74.38
   74.70   90.03 0.49866D-09  1  0  0.02180  264.32  265.84 0.95890D+14  2.244    6.007    5.445    1.305   33.841   11.76   13.90   74.70
   75.03   90.42 0.49662D-09  1  0  0.02189  264.27  265.80 0.95823D+14  2.244    5.980    5.419    1.269   33.807   11.76   13.91   75.03
   75.35   90.81 0.49460D-09  1  0  0.02198  264.22  265.77 0.95756D+14  2.245    5.954    5.393    1.233   33.774   11.77   13.92   75.35
   75.67   91.20 0.49260D-09  1  0  0.02207  264.17  265.74 0.95690D+14  2.245    5.928    5.367    1.196   33.741   11.78   13.93   75.67
   75.99   91.59 0.49062D-09  1  0  0.02216  264.12  265.71 0.95625D+14  2.246    5.903    5.342    1.160   33.707   11.78   13.93   75.99
   76.31   91.97 0.48865D-09  1  0  0.02225  264.07  265.68 0.95561D+14  2.246    5.877    5.317    1.124   33.674   11.79   13.94   76.31
   76.64   92.36 0.48670D-09  1  0  0.02234  264.02  265.65 0.95497D+14  2.246    5.852    5.292    1.087   33.641   11.79   13.95   76.64
   76.96   92.75 0.48476D-09  1  0  0.02243  263.97  265.62 0.95435D+14  2.247    5.827    5.267    1.051   33.607   11.80   13.96   76.96
   77.28   93.14 0.48284D-09  1  0  0.02252  263.92  265.59 0.95374D+14  2.247    5.802    5.242    1.014   33.574   11.80   13.96   77.28
   77.60   93.53 0.48094D-09  1  0  0.02261  263.87  265.55 0.95314D+14  2.248    5.778    5.217    0.978   33.541   11.81   13.97   77.60
   77.92   93.91 0.47905D-09  1  0  0.02271  263.82  265.52 0.95255D+14  2.248    5.753    5.193    0.941   33.507   11.81   13.98   77.92
   78.25   94.30 0.47718D-09  1  0  0.02280  263.77  265.49 0.95197D+14  2.249    5.729    5.169    0.905   33.474   11.82   13.99   78.25
   78.57   94.69 0.47533D-09  1  0  0.02290  263.72  265.46 0.95140D+14  2.249    5.705    5.145    0.868   33.441   11.82   14.00   78.57
   78.89   95.08 0.47349D-09  1  0  0.02299  263.67  265.43 0.95084D+14  2.250    5.681    5.121    0.832   33.407   11.83   14.00   78.89
   79.21   95.47 0.47166D-09  1  0  0.02309  263.61  265.39 0.95029D+14  2.250    5.657    5.098    0.795   33.374   11.84   14.01   79.21
   79.53   95.85 0.46985D-09  1  0  0.02319  263.56  265.36 0.94975D+14  2.250    5.634    5.074    0.758   33.341   11.84   14.02   79.53
   79.86   96.24 0.46805D-09  1  0  0.02328  263.51  265.33 0.94922D+14  2.251    5.611    5.051    0.721   33.307   11.85   14.03   79.86
   80.18   96.63 0.46627D-09  1  0  0.02338  263.46  265.29 0.94871D+14  2.251    5.588    5.028    0.685   33.274   11.85   14.04   80.18
   80.50   97.02 0.46450D-09  1  0  0.02348  263.41  265.26 0.94820D+14  2.252    5.565    5.006    0.648   33.240   11.86   14.04   80.50
   80.82   97.41 0.46275D-09  1  0  0.02358  263.35  265.23 0.94770D+14  2.252    5.542    4.983    0.611   33.207   11.86   14.05   80.82
   81.14   97.79 0.46101D-09  1  0  0.02368  263.30  265.19 0.94721D+14  2.253    5.519    4.960    0.574   33.173   11.87   14.06   81.14
   81.47   98.18 0.45929D-09  1  0  0.02379  263.25  265.16 0.94674D+14  2.253    5.497    4.938    0.537   33.140   11.87   14.07   81.47
   81.79   98.57 0.45757D-09  1  0  0.02389  263.19  265.13 0.94627D+14  2.254    5.475    4.916    0.499   33.106   11.88   14.08   81.79
   82.11   98.96 0.45587D-09  1  0  0.02399  263.14  265.09 0.94582D+14  2.254    5.453    4.894    0.462   33.072   11.89   14.09   82.11
   82.43   99.35 0.45419D-09  1  0  0.02410  263.09  265.06 0.94538D+14  2.255    5.431    4.872    0.425   33.039   11.89   14.09   82.43
   82.75   99.74 0.45252D-09  1  0  0.02420  263.03  265.02 0.94494D+14  2.255    5.409    4.851    0.387   33.005   11.90   14.10   82.75
   83.08  100.12 0.45086D-09  1  0  0.02431  262.98  264.99 0.94452D+14  2.256    5.387    4.829    0.350   32.971   11.90   14.11   83.08
   83.40  100.51 0.44921D-09  1  0  0.02442  262.93  264.96 0.94411D+14  2.256    5.366    4.808    0.313   32.938   11.91   14.12   83.40
   83.72  100.90 0.44758D-09  1  0  0.02453  262.87  264.92 0.94371D+14  2.257    5.345    4.787    0.275   32.904   11.91   14.13   83.72
   84.04  101.29 0.44596D-09  1  0  0.02464  262.82  264.89 0.94333D+14  2.257    5.324    4.766    0.237   32.870   11.92   14.14   84.04
   84.36  101.68 0.44435D-09  1  0  0.02475  262.76  264.85 0.94295D+14  2.257    5.303    4.745    0.199   32.836   11.93   14.15   84.36
   84.69  102.06 0.44275D-09  1  0  0.02486  262.71  264.82 0.94259D+14  2.258    5.282    4.724    0.162   32.802   11.93   14.16   84.69
   85.01  102.45 0.44117D-09  1  0  0.02497  262.65  264.78 0.94223D+14  2.258    5.261    4.704    0.124   32.768   11.94   14.16   85.01
   85.33  102.84 0.43959D-09  1  0  0.02508  262.60  264.74 0.94189D+14  2.259    5.241    4.683    0.086   32.734   11.94   14.17   85.33
   85.65  103.23 0.43803D-09  1  0  0.02519  262.54  264.71 0.94156D+14  2.259    5.220    4.663    0.048   32.700   11.95   14.18   85.65
   85.97  103.62 0.43648D-09  1  0  0.02531  262.49  264.67 0.94125D+14  2.260    5.200    4.643    0.009   32.666   11.95   14.19   85.97
   86.30  104.00 0.43495D-09  1  0  0.02543  262.43  264.44 0.96054D+14  2.260    5.180    4.623    0.000   32.658   12.05   14.17   86.30
   86.62  104.39 0.43342D-09  1  0  0.02554  262.37  264.42 0.95838D+14  2.261    5.160    4.603    0.000   32.658   12.05   14.17   86.62
   86.94  104.78 0.43191D-09  1  0  0.02566  262.32  264.40 0.95624D+14  2.261    5.141    4.584    0.000   32.658   12.05   14.16   86.94
   87.26  105.17 0.43040D-09  1  0  0.02578  262.26  264.38 0.95412D+14  2.262    5.121    4.564    0.000   32.658   12.04   14.15   87.26
   87.58  105.56 0.42891D-09  1  0  0.02590  262.20  264.37 0.95201D+14  2.262    5.101    4.545    0.000   32.658   12.04   14.15   87.58
   87.91  105.94 0.42743D-09  1  0  0.02602  262.15  264.35 0.94991D+14  2.263    5.082    4.526    0.000   32.658   12.04   14.14   87.91
   88.23  106.33 0.42596D-09  1  0  0.02614  262.09  264.33 0.94783D+14  2.263    5.063    4.507    0.000   32.658   12.04   14.13   88.23
   88.55  106.72 0.42450D-09  1  0  0.02627  262.03  264.31 0.94577D+14  2.264    5.044    4.488    0.000   32.658   12.03   14.13   88.55
   88.87  107.11 0.42305D-09  1  0  0.02639  261.97  264.29 0.94372D+14  2.264    5.025    4.469    0.000   32.658   12.03   14.12   88.87
   89.19  107.50 0.42161D-09  1  0  0.02652  261.92  264.27 0.94169D+14  2.265    5.006    4.450    0.000   32.658   12.03   14.11   89.19
   89.52  107.88 0.42018D-09  1  0  0.02664  261.86  264.25 0.93967D+14  2.265    4.987    4.432    0.000   32.658   12.02   14.11   89.52
   89.84  108.27 0.41876D-09  1  0  0.02677  261.80  264.24 0.93767D+14  2.266    4.969    4.413    0.000   32.658   12.02   14.10   89.84
   90.16  108.66 0.41736D-09  1  0  0.02690  261.74  264.22 0.93568D+14  2.266    4.950    4.395    0.000   32.658   12.02   14.10   90.16
   90.48  109.05 0.41596D-09  1  0  0.02703  261.68  264.20 0.93371D+14  2.267    4.932    4.377    0.000   32.658   12.02   14.09   90.48
   90.80  109.44 0.41457D-09  1  0  0.02716  261.62  264.18 0.93176D+14  2.268    4.914    4.359    0.000   32.658   12.01   14.08   90.80
   91.13  109.83 0.41319D-09  1  0  0.02729  261.56  264.16 0.92982D+14  2.268    4.895    4.341    0.000   32.658   12.01   14.08   91.13
   91.45  110.21 0.41183D-09  1  0  0.02743  261.50  264.14 0.92789D+14  2.269    4.877    4.323    0.000   32.658   12.01   14.07   91.45
   91.77  110.60 0.41047D-09  1  0  0.02756  261.44  264.12 0.92598D+14  2.269    4.860    4.305    0.000   32.658   12.00   14.06   91.77
   92.09  110.99 0.40912D-09  1  0  0.02770  261.38  264.10 0.92409D+14  2.270    4.842    4.287    0.000   32.658   12.00   14.06   92.09
   92.41  111.38 0.40778D-09  1  0  0.02784  261.32  264.08 0.92221D+14  2.270    4.824    4.270    0.000   32.658   12.00   14.05   92.41
   92.74  111.77 0.40645D-09  1  0  0.02798  261.26  264.06 0.92035D+14  2.271    4.807    4.253    0.000   32.658   12.00   14.05   92.74
   93.06  112.15 0.40513D-09  1  0  0.02812  261.20  264.03 0.91851D+14  2.271    4.789    4.235    0.000   32.658   11.99   14.04   93.06
   93.38  112.54 0.40381D-09  1  0  0.02826  261.14  264.01 0.91668D+14  2.272    4.772    4.218    0.000   32.658   11.99   14.03   93.38
   93.70  112.93 0.40251D-09  1  0  0.02840  261.07  263.99 0.91486D+14  2.272    4.755    4.201    0.000   32.658   11.99   14.03   93.70
   94.02  113.32 0.40122D-09  1  0  0.02855  261.01  263.97 0.91306D+14  2.273    4.738    4.184    0.000   32.658   11.99   14.02   94.02
   94.35  113.71 0.39993D-09  1  0  0.02869  260.95  263.95 0.91128D+14  2.273    4.721    4.167    0.000   32.658   11.98   14.02   94.35
   94.67  114.09 0.39866D-09  1  0  0.02884  260.89  263.93 0.90951D+14  2.274    4.704    4.151    0.000   32.658   11.98   14.01   94.67
   94.99  114.48 0.39739D-09  1  0  0.02899  260.82  263.90 0.90776D+14  2.275    4.687    4.134    0.000   32.658   11.98   14.00   94.99
   95.31  114.87 0.39613D-09  1  0  0.02914  260.76  263.88 0.90603D+14  2.275    4.671    4.118    0.000   32.658   11.98   14.00   95.31
   95.63  115.26 0.39488D-09  1  0  0.02929  260.70  263.86 0.90431D+14  2.276    4.654    4.101    0.000   32.658   11.97   13.99   95.63
   95.96  115.65 0.39364D-09  1  0  0.02944  260.63  263.84 0.90261D+14  2.276    4.638    4.085    0.000   32.658   11.97   13.99   95.96
   96.28  116.03 0.39240D-09  1  0  0.02960  260.57  263.81 0.90092D+14  2.277    4.621    4.069    0.000   32.658   11.97   13.98   96.28
   96.60  116.42 0.39118D-09  1  0  0.02975  260.50  263.79 0.89926D+14  2.277    4.605    4.053    0.000   32.658   11.97   13.97   96.60
   96.92  116.81 0.38996D-09  1  0  0.02991  260.44  263.77 0.89760D+14  2.278    4.589    4.037    0.000   32.658   11.96   13.97   96.92
   97.24  117.20 0.38875D-09  1  0  0.03007  260.37  263.74 0.89597D+14  2.279    4.573    4.021    0.000   32.658   11.96   13.96   97.24
   97.57  117.59 0.38755D-09  1  0  0.03023  260.31  263.72 0.89435D+14  2.279    4.557    4.005    0.000   32.658   11.96   13.96   97.57
   97.89  117.97 0.38635D-09  1  0  0.03040  260.24  263.70 0.89274D+14  2.280    4.541    3.989    0.000   32.658   11.96   13.95   97.89
   98.21  118.36 0.38517D-09  1  0  0.03056  260.18  263.67 0.89116D+14  2.280    4.525    3.974    0.000   32.658   11.95   13.94   98.21
   98.53  118.75 0.38399D-09  1  0  0.03073  260.11  263.65 0.88959D+14  2.281    4.510    3.958    0.000   32.658   11.95   13.94   98.53
   98.85  119.14 0.38282D-09  1  0  0.03090  260.04  263.62 0.88804D+14  2.282    4.494    3.943    0.000   32.658   11.95   13.93   98.85
   99.18  119.53 0.38166D-09  1  0  0.03106  259.97  263.60 0.88650D+14  2.282    4.478    3.927    0.000   32.658   11.95   13.93   99.18
   99.50  119.91 0.38050D-09  1  0  0.03124  259.91  263.57 0.88498D+14  2.283    4.463    3.912    0.000   32.658   11.94   13.92   99.50
   99.82  120.30 0.37936D-09  1  0  0.03141  259.84  263.55 0.88348D+14  2.283    4.448    3.897    0.000   32.658   11.94   13.92   99.82
  100.14  120.69 0.37822D-09  1  0  0.03159  259.77  263.52 0.88200D+14  2.284    4.432    3.882    0.000   32.658   11.94   13.91  100.14
  100.46  121.08 0.37708D-09  1  0  0.03176  259.70  263.50 0.88053D+14  2.285    4.417    3.867    0.000   32.658   11.94   13.90  100.46
  100.79  121.47 0.37596D-09  1  0  0.03194  259.63  263.47 0.87908D+14  2.285    4.402    3.852    0.000   32.658   11.94   13.90  100.79
  101.11  121.86 0.37484D-09  1  0  0.03212  259.56  263.45 0.87765D+14  2.286    4.387    3.837    0.000   32.658   11.93   13.89  101.11
  101.43  122.24 0.37373D-09  1  0  0.03231  259.49  263.42 0.87624D+14  2.286    4.372    3.823    0.000   32.658   11.93   13.89  101.43
  101.75  122.63 0.37262D-09  1  0  0.03249  259.42  263.39 0.87484D+14  2.287    4.358    3.808    0.000   32.658   11.93   13.88  101.75
  102.07  123.02 0.37153D-09  1  0  0.03268  259.35  263.37 0.87347D+14  2.288    4.343    3.794    0.000   32.658   11.93   13.88  102.07
  102.40  123.41 0.37044D-09  1  0  0.03287  259.28  263.34 0.87211D+14  2.288    4.328    3.779    0.000   32.658   11.93   13.87  102.40
  102.72  123.80 0.36935D-09  1  0  0.03306  259.21  263.31 0.87077D+14  2.289    4.314    3.765    0.000   32.658   11.92   13.86  102.72
  103.04  124.18 0.36828D-09  1  0  0.03325  259.13  263.29 0.86945D+14  2.290    4.299    3.750    0.000   32.658   11.92   13.86  103.04
  103.36  124.57 0.36721D-09  1  0  0.03345  259.06  263.26 0.86815D+14  2.290    4.285    3.736    0.000   32.658   11.92   13.85  103.36
  103.68  124.96 0.36614D-09  1  0  0.03365  258.99  263.23 0.86686D+14  2.291    4.270    3.722    0.000   32.658   11.92   13.85  103.68
  104.01  125.35 0.36509D-09  1  0  0.03385  258.92  263.20 0.86560D+14  2.292    4.256    3.708    0.000   32.658   11.92   13.84  104.01
  104.33  125.74 0.36404D-09  1  0  0.03405  258.84  263.17 0.86435D+14  2.292    4.242    3.694    0.000   32.658   11.91   13.84  104.33
  104.65  126.12 0.36299D-09  1  0  0.03425  258.77  263.14 0.86313D+14  2.293    4.228    3.680    0.000   32.658   11.91   13.83  104.65
  104.97  126.51 0.36196D-09  1  0  0.03446  258.69  263.12 0.86192D+14  2.294    4.214    3.666    0.000   32.658   11.91   13.82  104.97
  105.29  126.90 0.36092D-09  1  0  0.03467  258.62  263.09 0.86074D+14  2.294    4.200    3.652    0.000   32.658   11.91   13.82  105.29
  105.62  127.29 0.35990D-09  1  0  0.03488  258.54  263.06 0.85957D+14  2.295    4.186    3.639    0.000   32.658   11.91   13.81  105.62
  105.94  127.68 0.35888D-09  1  0  0.03510  258.46  263.03 0.85842D+14  2.296    4.172    3.625    0.000   32.658   11.91   13.81  105.94
  106.26  128.06 0.35787D-09  1  0  0.03531  258.39  263.00 0.85730D+14  2.296    4.159    3.612    0.000   32.658   11.91   13.80  106.26
  106.58  128.45 0.35686D-09  1  0  0.03553  258.31  262.97 0.85619D+14  2.297    4.145    3.598    0.000   32.658   11.90   13.80  106.58
  106.90  128.84 0.35586D-09  1  0  0.03576  258.23  262.94 0.85511D+14  2.298    4.131    3.585    0.000   32.658   11.90   13.79  106.90
  107.23  129.23 0.35487D-09  1  0  0.03598  258.15  262.90 0.85405D+14  2.298    4.118    3.571    0.000   32.658   11.90   13.78  107.23
  107.55  129.62 0.35388D-09  1  0  0.03621  258.07  262.87 0.85301D+14  2.299    4.104    3.558    0.000   32.658   11.90   13.78  107.55
  107.87  130.00 0.35290D-09  1  0  0.03644  257.99  262.84 0.85199D+14  2.300    4.091    3.545    0.000   32.658   11.90   13.77  107.87
  108.19  130.39 0.35192D-09  1  0  0.03667  257.91  262.81 0.85099D+14  2.301    4.077    3.532    0.000   32.658   11.90   13.77  108.19
  108.51  130.78 0.35095D-09  1  0  0.03691  257.83  262.78 0.85002D+14  2.301    4.064    3.519    0.000   32.658   11.90   13.76  108.51
  108.84  131.17 0.34999D-09  1  0  0.03715  257.75  262.75 0.84907D+14  2.302    4.051    3.506    0.000   32.658   11.90   13.76  108.84
  109.16  131.56 0.34903D-09  1  0  0.03739  257.67  262.71 0.84814D+14  2.303    4.038    3.493    0.000   32.658   11.90   13.75  109.16
  109.48  131.95 0.34808D-09  1  0  0.03764  257.58  262.68 0.84723D+14  2.303    4.025    3.480    0.000   32.658   11.89   13.74  109.48
  109.80  132.33 0.34713D-09  1  0  0.03789  257.50  262.65 0.84635D+14  2.304    4.012    3.467    0.000   32.658   11.89   13.74  109.80
  110.12  132.72 0.34619D-09  1  0  0.03814  257.42  262.61 0.84549D+14  2.305    3.999    3.454    0.000   32.658   11.89   13.73  110.12
  110.45  133.11 0.34525D-09  1  0  0.03839  257.33  262.58 0.84466D+14  2.306    3.986    3.442    0.000   32.658   11.89   13.73  110.45
  110.77  133.50 0.34432D-09  1  0  0.03865  257.25  262.54 0.84385D+14  2.306    3.973    3.429    0.000   32.658   11.89   13.72  110.77
  111.09  133.89 0.34340D-09  1  0  0.03891  257.16  262.51 0.84306D+14  2.307    3.960    3.416    0.000   32.658   11.89   13.72  111.09
  111.41  134.27 0.34248D-09  1  0  0.03918  257.07  262.48 0.84230D+14  2.308    3.947    3.404    0.000   32.658   11.89   13.71  111.41
  111.73  134.66 0.34156D-09  1  0  0.03945  256.99  262.44 0.84157D+14  2.309    3.935    3.391    0.000   32.658   11.89   13.70  111.73
  112.06  135.05 0.34065D-09  1  0  0.03972  256.90  262.40 0.84086D+14  2.310    3.922    3.379    0.000   32.658   11.89   13.70  112.06
  112.38  135.44 0.33975D-09  1  0  0.04000  256.81  262.37 0.84018D+14  2.310    3.909    3.367    0.000   32.658   11.89   13.69  112.38
  112.70  135.83 0.33885D-09  1  0  0.04028  256.72  262.33 0.83952D+14  2.311    3.897    3.354    0.000   32.658   11.89   13.69  112.70
  113.02  136.21 0.33795D-09  1  0  0.04056  256.63  262.29 0.83890D+14  2.312    3.884    3.342    0.000   32.658   11.89   13.68  113.02
  113.34  136.60 0.33706D-09  1  0  0.04085  256.54  262.26 0.83830D+14  2.313    3.872    3.330    0.000   32.658   11.89   13.68  113.34
  113.67  136.99 0.33618D-09  1  0  0.04114  256.44  262.22 0.83773D+14  2.314    3.860    3.318    0.000   32.658   11.89   13.67  113.67
  113.99  137.38 0.33530D-09  1  0  0.04143  256.35  262.18 0.83719D+14  2.315    3.847    3.306    0.000   32.658   11.89   13.66  113.99
  114.31  137.77 0.33443D-09  1  0  0.04173  256.26  262.14 0.83668D+14  2.315    3.835    3.294    0.000   32.658   11.89   13.66  114.31
  114.63  138.15 0.33356D-09  1  0  0.04204  256.16  262.11 0.83619D+14  2.316    3.823    3.282    0.000   32.658   11.89   13.65  114.63
  114.95  138.54 0.33270D-09  1  0  0.04235  256.07  262.07 0.83574D+14  2.317    3.810    3.270    0.000   32.658   11.89   13.65  114.95
  115.28  138.93 0.33184D-09  1  0  0.04266  255.97  262.03 0.83532D+14  2.318    3.798    3.258    0.000   32.658   11.89   13.64  115.28
  115.60  139.32 0.33098D-09  1  0  0.04298  255.87  261.99 0.83493D+14  2.319    3.786    3.246    0.000   32.658   11.89   13.63  115.60
  115.92  139.71 0.33013D-09  1  0  0.04330  255.77  261.95 0.83451D+14  2.320    3.774    3.234   -0.003   32.655   12.08   13.63  115.92
  116.24 -136.15 0.32929D-09  1  0  0.04362  255.68  261.91 0.83419D+14  2.321    3.762    3.223   -0.047   32.618   12.08   13.64 -342.18
  116.56   16.46 0.32845D-09  1  0  0.04396  255.58  261.86 0.83390D+14  2.321    3.750    3.211   -0.091   32.580   12.08   13.66  -89.24
  116.89   60.78 0.32761D-09  1  0  0.04429  255.47  261.82 0.83364D+14  2.322    3.738    3.199   -0.136   32.542   12.09   13.67  -16.03
  117.21   82.04 0.32678D-09  1  0  0.04463  255.37  261.78 0.83342D+14  2.323    3.726    3.188   -0.181   32.503   12.09   13.68   18.94
  117.53   94.63 0.32595D-09  1  0  0.04498  255.27  261.74 0.83323D+14  2.324    3.715    3.176   -0.227   32.463   12.10   13.69   39.51
  117.85  103.02 0.32513D-09  1  0  0.04533  255.16  261.69 0.83308D+14  2.325    3.703    3.165   -0.274   32.423   12.10   13.70   53.11
  118.17  109.07 0.32431D-09  1  0  0.04569  255.06  261.65 0.83297D+14  2.326    3.691    3.153   -0.322   32.383   12.10   13.72   62.82
  118.50  113.66 0.32350D-09  1  0  0.04605  254.95  261.61 0.83289D+14  2.327    3.679    3.142   -0.370   32.342   12.11   13.73   70.12
  118.82  117.30 0.32269D-09  1  0  0.04642  254.84  261.56 0.83285D+14  2.328    3.667    3.130   -0.419   32.300   12.11   13.74   75.84
  119.14  120.28 0.32189D-09  1  0  0.04679  254.74  261.52 0.83286D+14  2.329    3.656    3.119   -0.468   32.258   12.12   13.76   80.47
  119.46  122.79 0.32109D-09  1  0  0.04717  254.63  261.47 0.83290D+14  2.330    3.644    3.108   -0.519   32.215   12.12   13.77   84.30
  119.78  124.93 0.32029D-09  1  0  0.04756  254.51  261.43 0.83299D+14  2.331    3.633    3.096   -0.570   32.172   12.13   13.79   87.53
  120.11  126.80 0.31950D-09  1  0  0.04795  254.40  261.38 0.83312D+14  2.332    3.621    3.085   -0.622   32.128   12.13   13.80   90.32
  120.43  128.46 0.31872D-09  1  0  0.04835  254.29  261.33 0.83329D+14  2.333    3.609    3.074   -0.674   32.083   12.14   13.82   92.74
  120.75  129.94 0.31793D-09  1  0  0.04875  254.17  261.28 0.83351D+14  2.334    3.598    3.063   -0.728   32.038   12.14   13.83   94.89
  121.07  131.29 0.31716D-09  1  0  0.04917  254.06  261.24 0.83377D+14  2.335    3.586    3.052   -0.782   31.992   12.15   13.85   96.80
  121.39  132.53 0.31638D-09  1  0  0.04958  253.94  261.19 0.83408D+14  2.336    3.575    3.041   -0.837   31.945   12.15   13.86   98.53
  121.72  133.67 0.31561D-09  1  0  0.05001  253.82  261.14 0.83444D+14  2.337    3.564    3.030   -0.893   31.898   12.16   13.88  100.10
  122.04  134.73 0.31484D-09  1  0  0.05044  253.70  261.09 0.83485D+14  2.339    3.552    3.019   -0.950   31.850   12.17   13.89  101.54
  122.36  135.72 0.31408D-09  1  0  0.05088  253.58  261.04 0.83531D+14  2.340    3.541    3.007   -1.008   31.801   12.17   13.91  102.86
  122.68  136.65 0.31332D-09  1  0  0.05133  253.45  260.98 0.83582D+14  2.341    3.529    2.997   -1.067   31.752   12.18   13.93  104.09
  123.00  137.54 0.31257D-09  1  0  0.05179  253.33  260.93 0.83639D+14  2.342    3.518    2.986   -1.127   31.701   12.19   13.95  105.24
  123.33  138.38 0.31182D-09  1  0  0.05225  253.20  260.88 0.83701D+14  2.343    3.507    2.975   -1.188   31.650   12.19   13.96  106.31
  123.65  139.18 0.31107D-09  1  0  0.05272  253.07  260.83 0.83769D+14  2.344    3.496    2.964   -1.249   31.598   12.20   13.98  107.33
  123.97  139.96 0.31033D-09  1  0  0.05320  252.94  260.77 0.83842D+14  2.345    3.484    2.953   -1.312   31.546   12.21   14.00  108.28
  124.29  140.70 0.30959D-09  1  0  0.05369  252.81  260.72 0.83922D+14  2.347    3.473    2.942   -1.376   31.492   12.21   14.02  109.19
  124.61  141.41 0.30886D-09  1  0  0.05418  252.67  260.66 0.84008D+14  2.348    3.462    2.931   -1.441   31.438   12.22   14.04  110.06
  124.94  142.11 0.30813D-09  1  0  0.05469  252.54  260.60 0.84100D+14  2.349    3.451    2.920   -1.507   31.382   12.23   14.06  110.88
  125.26  142.78 0.30740D-09  1  0  0.05521  252.40  260.55 0.84198D+14  2.350    3.439    2.910   -1.574   31.326   12.24   14.08  111.68
  125.58  143.43 0.30668D-09  1  0  0.05573  252.26  260.49 0.84304D+14  2.352    3.428    2.899   -1.643   31.269   12.25   14.10  112.44
  125.90  144.06 0.30596D-09  1  0  0.05627  252.12  260.43 0.84416D+14  2.353    3.417    2.888   -1.712   31.210   12.25   14.13  113.17
  126.22  144.68 0.30524D-09  1  0  0.05681  251.97  260.37 0.84536D+14  2.354    3.406    2.877   -1.783   31.151   12.26   14.15  113.88
  126.55  145.29 0.30453D-09  1  0  0.05737  251.83  260.31 0.84663D+14  2.356    3.395    2.867   -1.855   31.091   12.27   14.17  114.56
  126.87  145.88 0.30382D-09  1  0  0.05793  251.68  260.25 0.84798D+14  2.357    3.383    2.856   -1.929   31.030   12.28   14.19  115.22
  127.19  146.47 0.30312D-09  1  0  0.05851  251.53  260.19 0.84941D+14  2.358    3.372    2.845   -2.003   30.967   12.29   14.22  115.87
  127.51  147.04 0.30242D-09  1  0  0.05910  251.38  260.12 0.85091D+14  2.360    3.361    2.834   -2.080   30.904   12.30   14.24  116.49
  127.83  147.60 0.30172D-09  1  0  0.05970  251.22  260.06 0.85251D+14  2.361    3.350    2.824   -2.157   30.839   12.31   14.27  117.10
  128.16  148.15 0.30102D-09  1  0  0.06031  251.06  259.99 0.85419D+14  2.363    3.339    2.813   -2.236   30.774   12.32   14.29  117.70
  128.48  148.69 0.30033D-09  1  0  0.06093  250.90  259.93 0.85596D+14  2.364    3.328    2.802   -2.317   30.707   12.33   14.32  118.28
  128.80  149.23 0.29964D-09  1  0  0.06157  250.74  259.86 0.85782D+14  2.366    3.316    2.792   -2.399   30.638   12.35   14.35  118.84
  129.12  149.76 0.29896D-09  1  0  0.06222  250.57  259.79 0.85979D+14  2.367    3.305    2.781   -2.482   30.569   12.36   14.37  119.40
  129.44  150.28 0.29828D-09  1  0  0.06289  250.40  259.72 0.86185D+14  2.369    3.294    2.770   -2.568   30.498   12.37   14.40  119.94
  129.77  150.80 0.29760D-09  1  0  0.06356  250.23  259.65 0.86402D+14  2.370    3.283    2.760   -2.654   30.426   12.38   14.43  120.48
  130.09  151.31 0.29693D-09  1  0  0.06426  250.05  259.58 0.86629D+14  2.372    3.272    2.749   -2.743   30.353   12.39   14.46  121.00
  130.41  151.81 0.29626D-09  1  0  0.06496  249.88  259.51 0.86868D+14  2.374    3.260    2.738   -2.833   30.278   12.41   14.49  121.52
  130.73  152.31 0.29559D-09  1  0  0.06569  249.69  259.43 0.87119D+14  2.375    3.249    2.728   -2.926   30.201   12.42   14.52  122.03
  131.05  152.81 0.29493D-09  1  0  0.06643  249.51  259.36 0.87381D+14  2.377    3.238    2.717   -3.020   30.124   12.43   14.56  122.53
  131.38  153.30 0.29427D-09  1  0  0.06718  249.32  259.28 0.87657D+14  2.379    3.227    2.706   -3.116   30.044   12.45   14.59  123.02
  131.70  153.78 0.29361D-09  1  0  0.06795  249.13  259.20 0.87945D+14  2.381    3.215    2.696   -3.214   29.963   12.46   14.63  123.50
  132.02  154.27 0.29296D-09  1  0  0.06874  248.93  259.12 0.88247D+14  2.382    3.204    2.685   -3.314   29.880   12.48   14.66  123.98
  132.34  154.74 0.29231D-09  1  0  0.06955  248.73  259.04 0.88564D+14  2.384    3.193    2.674   -3.416   29.796   12.49   14.70  124.45
  132.66  155.22 0.29166D-09  1  0  0.07038  248.53  258.96 0.88895D+14  2.386    3.181    2.664   -3.521   29.710   12.51   14.73  124.92
  132.99  155.69 0.29101D-09  1  0  0.07123  248.32  258.87 0.89241D+14  2.388    3.170    2.653   -3.627   29.622   12.53   14.77  125.38
  133.31  156.16 0.29037D-09  1  0  0.07209  248.11  258.79 0.89604D+14  2.390    3.158    2.642   -3.736   29.532   12.54   14.81  125.83
  133.63  156.62 0.28973D-09  1  0  0.07298  247.89  258.70 0.89984D+14  2.392    3.147    2.631   -3.847   29.441   12.56   14.85  126.28
  133.95  157.09 0.28910D-09  1  0  0.07389  247.67  258.61 0.90381D+14  2.394    3.135    2.620   -3.961   29.347   12.58   14.90  126.73
  134.27  157.55 0.28847D-09  1  0  0.07482  247.44  258.52 0.90797D+14  2.396    3.124    2.609   -4.078   29.251   12.60   14.94  127.17
  134.60  158.00 0.28784D-09  1  0  0.07578  247.21  258.43 0.91232D+14  2.399    3.112    2.598   -4.197   29.154   12.62   14.99  127.61
  134.92  158.46 0.28721D-09  1  0  0.07676  246.97  258.34 0.91687D+14  2.401    3.100    2.587   -4.318   29.054   12.64   15.03  128.04
  135.24  158.91 0.28659D-09  1  0  0.07776  246.72  258.24 0.92163D+14  2.403    3.088    2.576   -4.443   28.951   12.66   15.08  128.47
  135.56  159.36 0.28597D-09  1  0  0.07879  246.47  258.14 0.92662D+14  2.406    3.076    2.565   -4.570   28.847   12.68   15.13  128.89
  135.88  159.81 0.28535D-09  1  0  0.07985  246.22  258.04 0.93183D+14  2.408    3.064    2.554   -4.701   28.740   12.70   15.18  129.31
  136.21  160.25 0.28474D-09  1  0  0.08094  245.96  257.94 0.93729D+14  2.410    3.052    2.543   -4.834   28.630   12.73   15.23  129.73
  136.53  160.70 0.28413D-09  1  0  0.08205  245.69  257.84 0.94301D+14  2.413    3.040    2.532   -4.971   28.518   12.75   15.29  130.14
  136.85  161.14 0.28352D-09  1  0  0.08320  245.41  257.73 0.94900D+14  2.416    3.028    2.520   -5.111   28.404   12.77   15.34  130.56
  137.17  161.58 0.28291D-09  1  0  0.08438  245.13  257.62 0.95527D+14  2.418    3.016    2.509   -5.254   28.286   12.80   15.40  130.96
  137.49  162.02 0.28231D-09  1  0  0.08559  244.84  257.51 0.96183D+14  2.421    3.003    2.498   -5.401   28.166   12.83   15.46  131.37
  137.82  162.45 0.28171D-09  1  0  0.08684  244.54  257.40 0.96872D+14  2.424    2.991    2.486   -5.552   28.043   12.85   15.53  131.77
  138.14  162.89 0.28111D-09  1  0  0.08812  244.23  257.28 0.97593D+14  2.427    2.978    2.474   -5.706   27.916   12.88   15.59  132.17
  138.46  163.32 0.28052D-09  1  0  0.08944  243.91  257.16 0.98350D+14  2.430    2.965    2.463   -5.865   27.787   12.91   15.66  132.56
  138.78  163.75 0.27993D-09  1  0  0.09080  243.59  257.04 0.99144D+14  2.433    2.953    2.451   -6.027   27.654   12.94   15.73  132.96
  139.10  164.18 0.27934D-09  1  0  0.09220  243.25  256.91 0.99976D+14  2.436    2.939    2.439   -6.194   27.518   12.97   15.80  133.35
  139.43  164.61 0.27875D-09  1  0  0.09365  242.91  256.78 0.10085D+15  2.440    2.926    2.427   -6.365   27.378   13.00   15.88  133.74
  139.75  165.03 0.27817D-09  1  0  0.09514  242.55  256.65 0.10177D+15  2.443    2.913    2.415   -6.541   27.235   13.03   15.95  134.12
  140.07  165.46 0.27759D-09  1  0  0.09667  242.18  256.52 0.10273D+15  2.447    2.899    2.402   -6.722   27.088   13.07   16.04  134.50
  140.39  165.88 0.27701D-09  1  0  0.09826  241.80  256.38 0.10375D+15  2.451    2.886    2.390   -6.907   26.937   13.10   16.12  134.88
  140.71  166.30 0.27644D-09  1  0  0.09990  241.41  256.24 0.10482D+15  2.454    2.872    2.377   -7.098   26.782   13.14   16.21  135.26
  141.04  166.72 0.27586D-09  1  0  0.10160  241.00  256.09 0.10594D+15  2.458    2.858    2.364   -7.293   26.623   13.18   16.30  135.64
  141.36  167.14 0.27529D-09  1  0  0.10335  240.58  255.94 0.10712D+15  2.463    2.843    2.352   -7.495   26.459   13.22   16.40  136.01
  141.68  167.56 0.27473D-09  1  0  0.10516  240.14  255.79 0.10837D+15  2.467    2.829    2.338   -7.701   26.291   13.26   16.50  136.38
  142.00  167.97 0.27416D-09  1  0  0.10704  239.69  255.63 0.10968D+15  2.471    2.814    2.325   -7.914   26.118   13.30   16.60  136.75
  142.32  168.39 0.27360D-09  1  0  0.10898  239.22  255.47 0.11107D+15  2.476    2.799    2.311   -8.133   25.940   13.34   16.71  137.11
  142.65  168.80 0.27304D-09  1  0  0.11100  238.74  255.30 0.11253D+15  2.481    2.783    2.298   -8.359   25.757   13.39   16.83  137.48
  142.97  169.21 0.27248D-09  1  0  0.11309  238.23  255.13 0.11408D+15  2.486    2.767    2.284   -8.591   25.568   13.43   16.95  137.84
  143.29  169.62 0.27193D-09  1  0  0.11526  237.70  254.95 0.11572D+15  2.491    2.751    2.269   -8.830   25.374   13.48   17.07  138.19
  143.61  170.03 0.27138D-09  1  0  0.11751  237.15  254.76 0.11745D+15  2.497    2.735    2.255   -9.076   25.175   13.53   17.20  138.55
  143.93  170.44 0.27083D-09  1  0  0.11985  236.58  254.58 0.11929D+15  2.503    2.718    2.240   -9.329   24.969   13.58   17.34  138.90
  144.26  170.84 0.27028D-09  1  0  0.12229  235.99  254.38 0.12123D+15  2.509    2.701    2.224   -9.591   24.758   13.63   17.49  139.25
  144.58  171.24 0.26974D-09  1  0  0.12483  235.36  254.18 0.12330D+15  2.515    2.683    2.209   -9.860   24.539   13.69   17.64  139.60
  144.90  171.65 0.26919D-09  1  0  0.12747  234.71  253.97 0.12549D+15  2.522    2.665    2.193  -10.138   24.314   13.75   17.80  139.94
  145.22  172.05 0.26865D-09  1  0  0.13022  234.03  253.76 0.12782D+15  2.529    2.646    2.176  -10.424   24.083   13.80   17.97  140.28
  145.54  172.44 0.26812D-09  1  0  0.13310  233.31  253.54 0.13030D+15  2.537    2.626    2.159  -10.720   23.844   13.87   18.15  140.62
  145.87  172.84 0.26758D-09  1  0  0.13610  232.56  253.31 0.13294D+15  2.544    2.606    2.142  -11.024   23.597   13.93   18.34  140.96
  146.19  173.23 0.26705D-09  1  0  0.13925  231.77  253.08 0.13576D+15  2.553    2.586    2.124  -11.339   23.343   13.99   18.54  141.29
  146.51  173.62 0.26652D-09  1  0  0.14253  230.94  252.83 0.13877D+15  2.562    2.564    2.106  -11.663   23.081   14.06   18.75  141.61
  146.83  174.01 0.26599D-09  1  0  0.14598  230.07  252.58 0.14199D+15  2.571    2.542    2.086  -11.998   22.810   14.13   18.98  141.94
  147.15  174.40 0.26546D-09  1  0  0.14960  229.14  252.32 0.14542D+15  2.581    2.519    2.067  -12.344   22.531   14.20   19.22  142.25
  147.48  174.78 0.26494D-09  1  0  0.15339  228.16  252.05 0.14910D+15  2.592    2.495    2.046  -12.700   22.244   14.27   19.47  142.57
  147.80  175.16 0.26442D-09  1  0  0.15738  227.13  251.77 0.15305D+15  2.603    2.470    2.025  -13.068   21.947   14.34   19.74  142.88
  148.12  175.54 0.26390D-09  1  0  0.16159  226.03  251.48 0.15728D+15  2.615    2.444    2.002  -13.448   21.641   14.42   20.03  143.18
  148.44  175.91 0.26339D-09  1  0  0.16602  224.86  251.18 0.16182D+15  2.628    2.417    1.979  -13.840   21.325   14.49   20.34  143.48
  148.76  176.28 0.26287D-09  1  0  0.17070  223.61  250.87 0.16669D+15  2.643    2.388    1.954  -14.243   21.000   14.56   20.67  143.77
  149.09  176.65 0.26236D-09  1  0  0.17565  222.28  250.56 0.17192D+15  2.658    2.358    1.929  -14.660   20.664   14.64   21.02  144.05
  149.41  177.01 0.26185D-09  1  0  0.18090  220.85  250.23 0.17755D+15  2.674    2.326    1.902  -15.088   20.319   14.71   21.40  144.33
  149.73  177.36 0.26134D-09  1  0  0.18646  219.33  249.89 0.18358D+15  2.692    2.292    1.873  -15.529   19.965   14.78   21.80  144.59
  150.05  177.71 0.26084D-09  1  0  0.19237  217.68  249.54 0.19006D+15  2.712    2.256    1.843  -15.983   19.600   14.84   22.24  144.85
  150.37  181.23 0.26033D-09  0  0  0.19867  215.91  249.18 0.19699D+15  2.733    2.218    1.811  -16.430   19.241  150.37  150.37  150.37
  150.70  181.62 0.25983D-09  0  0  0.20539  214.00  248.81 0.20440D+15  2.757    2.177    1.777  -16.476   19.209  150.70  150.70  150.70
  151.02  182.00 0.25933D-09  0  0  0.21258  211.92  248.44 0.21227D+15  2.783    2.133    1.740  -16.525   19.175  151.02  151.02  151.02
  151.34  182.39 0.25884D-09  0  0  0.22029  209.66  248.06 0.22060D+15  2.812    2.086    1.701  -16.578   19.138  151.34  151.34  151.34
  151.66  182.78 0.25834D-09  0  0  0.22857  207.19  247.68 0.22932D+15  2.844    2.035    1.659  -16.634   19.099  151.66  151.66  151.66
  151.98  183.17 0.25785D-09  0  0  0.23749  204.48  247.31 0.23833D+15  2.880    1.980    1.613  -16.695   19.055  151.98  151.98  151.98
  152.31  183.56 0.25736D-09  0  0  0.24714  201.50  246.94 0.24745D+15  2.921    1.920    1.564  -16.761   19.008  152.31  152.31  152.31
  152.63  183.94 0.25687D-09  0  0  0.25760  198.21  246.59 0.25639D+15  2.968    1.854    1.509  -16.832   18.956  152.63  152.63  152.63
  152.95  184.33 0.25639D-09  0  0  0.26897  194.55  246.28 0.26470D+15  3.022    1.782    1.450  -16.910   18.899  152.95  152.95  152.95
  153.27  184.72 0.25590D-09  0  0  0.28139  190.46  246.01 0.27169D+15  3.085    1.702    1.384  -16.996   18.836  153.27  153.27  153.27
  153.59  185.11 0.25542D-09  0  0  0.29501  185.87  245.82 0.27632D+15  3.158    1.612    1.311  -17.090   18.765  153.59  153.59  153.59
  153.92  185.50 0.25494D-09  0  0  0.31000  180.68  245.75 0.27708D+15  3.246    1.512    1.229  -17.196   18.685  153.92  153.92  153.92
  154.24  185.89 0.25446D-09  0  0  0.32100  176.79  245.79 0.27389D+15  3.315    1.436    1.167  -17.277   18.626  154.24  154.24  154.24
  154.56  186.27 0.25399D-09  0  0  0.32100  176.79  245.79 0.27237D+15  3.315    1.434    1.164  -17.285   18.626  154.56  154.56  154.56
  154.88  186.66 0.25351D-09  0  0  0.32100  176.80  245.79 0.27085D+15  3.315    1.431    1.161  -17.294   18.626  154.88  154.88  154.88
  155.20  187.05 0.25304D-09  0  0  0.32100  176.81  245.79 0.26935D+15  3.315    1.429    1.159  -17.302   18.625  155.20  155.20  155.20
  155.53  187.44 0.25257D-09  0  0  0.32100  176.81  245.78 0.26786D+15  3.315    1.426    1.156  -17.310   18.625  155.53  155.53  155.53
  155.85  187.83 0.25210D-09  0  0  0.32100  176.82  245.78 0.26637D+15  3.315    1.424    1.154  -17.318   18.625  155.85  155.85  155.85
  156.17  188.21 0.25163D-09  0  0  0.32100  176.82  245.78 0.26490D+15  3.315    1.421    1.151  -17.326   18.625  156.17  156.17  156.17
  156.49  188.60 0.25117D-09  0  0  0.32100  176.83  245.78 0.26343D+15  3.315    1.419    1.148  -17.334   18.625  156.49  156.49  156.49
  156.81  188.99 0.25071D-09  0  0  0.32100  176.83  245.77 0.26197D+15  3.315    1.416    1.146  -17.342   18.625  156.81  156.81  156.81
  157.14  189.38 0.25025D-09  0  0  0.32100  176.84  245.77 0.26053D+15  3.315    1.414    1.143  -17.350   18.625  157.14  157.14  157.14
  157.46  189.77 0.24979D-09  0  0  0.32100  176.85  245.77 0.25909D+15  3.315    1.411    1.141  -17.358   18.625  157.46  157.46  157.46
  157.78  190.15 0.24933D-09  0  0  0.32100  176.85  245.76 0.25766D+15  3.315    1.409    1.138  -17.366   18.625  157.78  157.78  157.78
  158.10  190.54 0.24888D-09  0  0  0.32100  176.86  245.76 0.25623D+15  3.315    1.406    1.136  -17.374   18.625  158.10  158.10  158.10
  158.42  190.93 0.24843D-09  0  0  0.32100  176.86  245.75 0.25482D+15  3.314    1.404    1.133  -17.382   18.625  158.42  158.42  158.42
  158.75  191.32 0.24797D-09  0  0  0.32100  176.87  245.75 0.25341D+15  3.314    1.402    1.131  -17.390   18.625  158.75  158.75  158.75
  159.07  191.71 0.24753D-09  0  0  0.32100  176.88  245.75 0.25202D+15  3.314    1.399    1.129  -17.398   18.625  159.07  159.07  159.07
  159.39  192.09 0.24708D-09  0  0  0.32100  176.88  245.74 0.25063D+15  3.314    1.397    1.126  -17.406   18.625  159.39  159.39  159.39
  159.71  192.48 0.24663D-09  0  0  0.32100  176.89  245.74 0.24925D+15  3.314    1.394    1.124  -17.414   18.625  159.71  159.71  159.71
  160.03  192.87 0.24619D-09  0  0  0.32100  176.89  245.73 0.24788D+15  3.314    1.392    1.121  -17.421   18.625  160.03  160.03  160.03
  160.36  193.26 0.24575D-09  0  0  0.32100  176.90  245.73 0.24652D+15  3.314    1.390    1.119  -17.429   18.625  160.36  160.36  160.36
  160.68  193.65 0.24531D-09  0  0  0.32100  176.90  245.72 0.24516D+15  3.314    1.387    1.116  -17.437   18.625  160.68  160.68  160.68
  161.00  194.03 0.24487D-09  0  0  0.32100  176.91  245.72 0.24381D+15  3.314    1.385    1.114  -17.445   18.625  161.00  161.00  161.00
