R_tot = 1561.0 R_core =  1400.0  Tsurf =   100.00  g =  1.310
     Pint       Hint       etaref      pCLA conv   zbot     %vol    Tbot     Tm      Fbot     Ftop     dlid
 0.35344D-09 0.96250D+12 0.10000D+15   0.0200  1  103.362  0.04478  257.78  261.95    0.000   31.433   12.45
 0.38259D-09 0.97500D+12 0.10000D+15   0.0200  1   96.278  0.03961  259.54  262.86    0.000   31.841   12.35
 0.40668D-09 0.98750D+12 0.10000D+15   0.0200  1   91.448  0.03669  260.62  263.46    0.000   32.249   12.27
 0.50911D-09 0.10000D+13 0.10000D+15   0.0200  1   73.094  0.02858  264.06  265.65    0.997   33.564   11.85
 0.56553D-09 0.10125D+13 0.10000D+15   0.0200  1   66.332  0.02639  265.14  266.43    1.563   34.499   11.66
 0.61554D-09 0.10250D+13 0.10000D+15   0.0200  1   61.502  0.02501  265.87  266.97    1.889   35.218   11.51
 0.66315D-09 0.10375D+13 0.10000D+15   0.0200  1   57.638  0.02400  266.43  267.40    2.103   35.833   11.38
 0.71344D-09 0.10500D+13 0.10000D+15   0.0200  1   54.096  0.02314  266.93  267.78    2.286   36.421   11.25
 0.76137D-09 0.10625D+13 0.10000D+15   0.0200  1   51.198  0.02248  267.33  268.09    2.396   36.940   11.14
 0.80979D-09 0.10750D+13 0.10000D+15   0.0200  1   48.622  0.02192  267.67  268.37    2.473   37.428   11.04
 0.86359D-09 0.10875D+13 0.10000D+15   0.0200  1   46.046  0.02139  268.01  268.64    2.561   37.927   10.93
 0.91714D-09 0.11000D+13 0.10000D+15   0.0200  1   43.792  0.02094  268.30  268.88    2.614   38.393   10.84
 0.96916D-09 0.11125D+13 0.10000D+15   0.0200  1   41.860  0.02057  268.55  269.09    2.630   38.823   10.75
 0.10262D-08 0.11250D+13 0.10000D+15   0.0200  1   39.928  0.02021  268.79  269.29    2.656   39.262   10.65
 0.10801D-08 0.11375D+13 0.10000D+15   0.0200  1   38.318  0.01992  268.99  269.46    2.641   39.661   10.57
 0.11485D-08 0.11500D+13 0.10000D+15   0.0200  1   36.386  0.01959  269.22  269.65    2.687   40.120   10.48
 0.12026D-08 0.11625D+13 0.10000D+15   0.0200  1   35.098  0.01937  269.38  269.80    2.636   40.483   10.40
 0.12726D-08 0.11750D+13 0.10000D+15   0.0200  1   33.488  0.01910  269.57  269.95    2.649   40.910   10.32
 0.13365D-08 0.11875D+13 0.10000D+15   0.0200  1   32.200  0.01889  269.73  270.09    2.614   41.288   10.24
 0.14057D-08 0.12000D+13 0.10000D+15   0.0200  1   30.912  0.01869  269.88  270.23    2.588   41.675   10.16
 0.14808D-08 0.12125D+13 0.10000D+15   0.0200  1   29.624  0.01848  270.03  270.35    2.570   42.071   10.08
 0.15628D-08 0.12250D+13 0.10000D+15   0.0200  1   28.336  0.01829  270.18  270.47    2.563   42.476   10.00
 0.16334D-08 0.12375D+13 0.10000D+15   0.0200  1   27.370  0.01814  270.29  270.58    2.497   42.824    9.94
 0.17300D-08 0.12500D+13 0.10000D+15   0.0200  1   26.082  0.01795  270.44  270.69    2.510   43.249    9.86
 0.18134D-08 0.12625D+13 0.10000D+15   0.0200  1   25.116  0.01781  270.55  270.79    2.461   43.613    9.79
 0.19034D-08 0.12750D+13 0.10000D+15   0.0200  1   24.150  0.01767  270.66  270.88    2.420   43.984    9.72
 0.19739D-08 0.12875D+13 0.10000D+15   0.0200  1   23.506  0.01758  270.73  270.97    2.308   44.286    9.66
 0.20772D-08 0.13000D+13 0.10000D+15   0.0200  1   22.540  0.01745  270.84  271.06    2.283   44.672    9.59
 0.21897D-08 0.13125D+13 0.10000D+15   0.0200  1   21.574  0.01731  270.95  271.14    2.269   45.069    9.51
 0.22776D-08 0.13250D+13 0.10000D+15   0.0200  1   20.930  0.01723  271.02  271.22    2.175   45.389    9.45
 0.23711D-08 0.13375D+13 0.10000D+15   0.0200  1   20.286  0.01714  271.09  271.30    2.087   45.713    9.40
 0.25114D-08 0.13500D+13 0.10000D+15   0.0200  1   19.320  0.01701  271.20  271.36    2.102   46.138    9.32
 0.26209D-08 0.13625D+13 0.10000D+15   0.0200  1   18.676  0.01692  271.27  271.43    2.030   46.478    9.26
 0.26908D-08 0.13750D+13 0.10000D+15   0.0200  1   18.354  0.01688  271.30  271.50    1.861   46.722    9.22
 0.27153D-08 0.13875D+13 0.10000D+15   0.0200  1   18.354  0.01688  271.30  271.58    1.590   46.865    9.19
 0.26931D-08 0.14000D+13 0.10000D+15   0.0200  1   18.676  0.01692  271.27  271.68    1.216   46.908    9.17
 0.27171D-08 0.14125D+13 0.10000D+15   0.0200  1   18.676  0.01692  271.27  271.76    0.945   47.051    9.15
 0.27412D-08 0.14250D+13 0.10000D+15   0.0200  1   18.676  0.01692  271.27  271.84    0.673   47.194    9.12
 0.27652D-08 0.14375D+13 0.10000D+15   0.0200  1   18.676  0.01692  271.27  271.92    0.401   47.337    9.09
 0.27892D-08 0.14500D+13 0.10000D+15   0.0200  1   18.676  0.01692  271.27  272.00    0.129   47.480    9.06
 0.15405D-08 0.14625D+13 0.10000D+15   0.0200  1   34.454  0.01926  269.46  269.88   -3.302   44.604   10.16
 0.15826D-08 0.14750D+13 0.10000D+15   0.0200  1   33.810  0.01915  269.54  269.95   -3.501   44.819   10.12
 0.16264D-08 0.14875D+13 0.10000D+15   0.0200  1   33.166  0.01905  269.61  270.01   -3.702   45.032   10.08
 0.16718D-08 0.15000D+13 0.10000D+15   0.0200  1   32.522  0.01894  269.69  270.08   -3.902   45.245   10.04
 0.17191D-08 0.15125D+13 0.10000D+15   0.0200  1   31.878  0.01884  269.77  270.14   -4.104   45.457   10.01
 0.17683D-08 0.15250D+13 0.10000D+15   0.0200  1   31.234  0.01874  269.84  270.19   -4.306   45.667    9.97
 0.18196D-08 0.15375D+13 0.10000D+15   0.0200  1   30.590  0.01863  269.92  270.25   -4.509   45.877    9.93
 0.18535D-08 0.15500D+13 0.10000D+15   0.0200  1   30.268  0.01858  269.95  270.33   -4.724   46.076    9.89
 0.19083D-08 0.15625D+13 0.10000D+15   0.0200  1   29.624  0.01848  270.03  270.38   -4.928   46.284    9.86
 0.19655D-08 0.15750D+13 0.10000D+15   0.0200  1   28.980  0.01839  270.10  270.42   -5.133   46.491    9.82
 0.20029D-08 0.15875D+13 0.10000D+15   0.0200  1   28.658  0.01834  270.14  270.49   -5.350   46.688    9.78
 0.20642D-08 0.16000D+13 0.10000D+15   0.0200  1   28.014  0.01824  270.22  270.53   -5.556   46.894    9.75
 0.21041D-08 0.16125D+13 0.10000D+15   0.0200  1   27.692  0.01819  270.25  270.60   -5.775   47.089    9.71
 0.21700D-08 0.16250D+13 0.10000D+15   0.0200  1   27.048  0.01809  270.33  270.63   -5.982   47.292    9.68
 0.22126D-08 0.16375D+13 0.10000D+15   0.0200  1   26.726  0.01805  270.36  270.70   -6.201   47.486    9.64
 0.22836D-08 0.16500D+13 0.10000D+15   0.0200  1   26.082  0.01795  270.44  270.72   -6.410   47.688    9.61
 0.23292D-08 0.16625D+13 0.10000D+15   0.0200  1   25.760  0.01790  270.48  270.78   -6.630   47.880    9.58
 0.24058D-08 0.16750D+13 0.10000D+15   0.0200  1   25.116  0.01781  270.55  270.79   -6.840   48.080    9.55
 0.24548D-08 0.16875D+13 0.10000D+15   0.0200  1   24.794  0.01776  270.59  270.85   -7.061   48.271    9.51
 0.25050D-08 0.17000D+13 0.10000D+15   0.0200  1   24.472  0.01772  270.62  270.91   -7.284   48.461    9.48
 0.25565D-08 0.17125D+13 0.10000D+15   0.0200  1   24.150  0.01767  270.66  270.97   -7.507   48.650    9.45
 0.26446D-08 0.17250D+13 0.10000D+15   0.0200  1   23.506  0.01758  270.73  270.96   -7.718   48.847    9.42
 0.27002D-08 0.17375D+13 0.10000D+15   0.0200  1   23.184  0.01754  270.77  271.01   -7.942   49.035    9.38
 0.27574D-08 0.17500D+13 0.10000D+15   0.0200  1   22.862  0.01749  270.80  271.06   -8.166   49.222    9.35
 0.28162D-08 0.17625D+13 0.10000D+15   0.0200  1   22.540  0.01745  270.84  271.11   -8.391   49.408    9.32
 0.28766D-08 0.17750D+13 0.10000D+15   0.0200  1   22.218  0.01740  270.87  271.15   -8.617   49.594    9.29
 0.29389D-08 0.17875D+13 0.10000D+15   0.0200  1   21.896  0.01736  270.91  271.19   -8.843   49.779    9.26
 0.29594D-08 0.18000D+13 0.10000D+15   0.0200  1   21.896  0.01736  270.91  271.30   -9.081   49.956    9.23
 0.29800D-08 0.18125D+13 0.10000D+15   0.0200  1   21.896  0.01736  270.91  271.40   -9.318   50.133    9.19
 0.30005D-08 0.18250D+13 0.10000D+15   0.0200  1   21.896  0.01736  270.91  271.50   -9.556   50.311    9.16
 0.30211D-08 0.18375D+13 0.10000D+15   0.0200  1   21.896  0.01736  270.91  271.60   -9.793   50.488    9.13
 0.30417D-08 0.18500D+13 0.10000D+15   0.0200  1   21.896  0.01736  270.91  271.70  -10.030   50.666    9.10
 0.30622D-08 0.18625D+13 0.10000D+15   0.0200  1   21.896  0.01736  270.91  271.80  -10.266   50.845    9.06
 0.30828D-08 0.18750D+13 0.10000D+15   0.0200  1   21.896  0.01736  270.91  271.90  -10.502   51.023    9.03
 0.31033D-08 0.18875D+13 0.10000D+15   0.0200  1   21.896  0.01736  270.91  272.00  -10.738   51.202    9.00
 0.31239D-08 0.19000D+13 0.10000D+15   0.0200  1   21.896  0.01736  270.91  272.10  -10.974   51.381    8.97
 0.31444D-08 0.19125D+13 0.10000D+15   0.0200  1   21.896  0.01736  270.91  272.20  -11.209   51.561    8.94
 0.31650D-08 0.19250D+13 0.10000D+15   0.0200  1   21.896  0.01736  270.91  272.30  -11.444   51.740    8.91
 0.31400D-08 0.19375D+13 0.10000D+15   0.0200  1   22.218  0.01740  270.87  272.47  -11.682   51.922    8.87
 0.31603D-08 0.19500D+13 0.10000D+15   0.0200  1   22.218  0.01740  270.87  272.57  -11.916   52.103    8.84
 0.31805D-08 0.19625D+13 0.10000D+15   0.0200  1   22.218  0.01740  270.87  272.67  -12.149   52.285    8.81
 0.32008D-08 0.19750D+13 0.10000D+15   0.0200  1   22.218  0.01740  270.87  272.77  -12.383   52.466    8.78
 0.32210D-08 0.19875D+13 0.10000D+15   0.0200  1   22.218  0.01740  270.87  272.87  -12.616   52.648    8.75
 0.32413D-08 0.20000D+13 0.10000D+15   0.0200  1   22.218  0.01740  270.87  272.97  -12.848   52.830    8.72
 0.32615D-08 0.20125D+13 0.10000D+15   0.0200  1   22.218  0.01740  270.87  273.07  -13.081   53.012    8.69
 0.32818D-08 0.20250D+13 0.10000D+15   0.0200  1   22.218  0.01740  270.87  273.17  -13.313   53.195    8.66
 0.33021D-08 0.20375D+13 0.10000D+15   0.0200  1   22.218  0.01740  270.87  273.27  -13.545   53.377    8.63
 0.33223D-08 0.20500D+13 0.10000D+15   0.0200  1   22.218  0.01740  270.87  273.37  -13.777   53.560    8.60
 0.33426D-08 0.20625D+13 0.10000D+15   0.0200  1   22.218  0.01740  270.87  273.47  -14.009   53.744    8.57
 0.33628D-08 0.20750D+13 0.10000D+15   0.0200  1   22.218  0.01740  270.87  273.57  -14.240   53.927    8.54
 0.33355D-08 0.20875D+13 0.10000D+15   0.0200  1   22.540  0.01745  270.84  273.74  -14.464   54.123    8.51
 0.33554D-08 0.21000D+13 0.10000D+15   0.0200  1   22.540  0.01745  270.84  273.84  -14.694   54.308    8.48
 0.33754D-08 0.21125D+13 0.10000D+15   0.0200  1   22.540  0.01745  270.84  273.94  -14.924   54.493    8.45
 0.33954D-08 0.21250D+13 0.10000D+15   0.0200  1   22.540  0.01745  270.84  274.04  -15.154   54.678    8.42
 0.34153D-08 0.21375D+13 0.10000D+15   0.0200  1   22.540  0.01745  270.84  274.14  -15.383   54.863    8.39
 0.34353D-08 0.21500D+13 0.10000D+15   0.0200  1   22.540  0.01745  270.84  274.24  -15.612   55.049    8.37
 0.34553D-08 0.21625D+13 0.10000D+15   0.0200  1   22.540  0.01745  270.84  274.34  -15.841   55.235    8.34
 0.34753D-08 0.21750D+13 0.10000D+15   0.0200  1   22.540  0.01745  270.84  274.44  -16.070   55.421    8.31
 0.34952D-08 0.21875D+13 0.10000D+15   0.0200  1   22.540  0.01745  270.84  274.54  -16.298   55.607    8.28
 0.35152D-08 0.22000D+13 0.10000D+15   0.0200  1   22.540  0.01745  270.84  274.64  -16.527   55.794    8.25
 0.35352D-08 0.22125D+13 0.10000D+15   0.0200  1   22.540  0.01745  270.84  274.74  -16.755   55.981    8.23
 0.35552D-08 0.22250D+13 0.10000D+15   0.0200  1   22.540  0.01745  270.84  274.84  -16.982   56.168    8.20
 0.35751D-08 0.22375D+13 0.10000D+15   0.0200  1   22.540  0.01745  270.84  274.93  -17.210   56.355    8.17
 0.35951D-08 0.22500D+13 0.10000D+15   0.0200  1   22.540  0.01745  270.84  275.03  -17.437   56.542    8.14
 0.36151D-08 0.22625D+13 0.10000D+15   0.0200  1   22.540  0.01745  270.84  275.13  -17.664   56.730    8.12
 0.35846D-08 0.22750D+13 0.10000D+15   0.0200  1   22.862  0.01749  270.80  275.31  -17.873   56.942    8.08
 0.36043D-08 0.22875D+13 0.10000D+15   0.0200  1   22.862  0.01749  270.80  275.41  -18.099   57.131    8.06
 0.36240D-08 0.23000D+13 0.10000D+15   0.0200  1   22.862  0.01749  270.80  275.50  -18.325   57.320    8.03
 0.36437D-08 0.23125D+13 0.10000D+15   0.0200  1   22.862  0.01749  270.80  275.60  -18.551   57.510    8.00
 0.36634D-08 0.23250D+13 0.10000D+15   0.0200  1   22.862  0.01749  270.80  275.70  -18.776   57.699    7.98
 0.36831D-08 0.23375D+13 0.10000D+15   0.0200  1   22.862  0.01749  270.80  275.80  -19.001   57.889    7.95
 0.37028D-08 0.23500D+13 0.10000D+15   0.0200  1   22.862  0.01749  270.80  275.90  -19.226   58.078    7.93
 0.37225D-08 0.23625D+13 0.10000D+15   0.0200  1   22.862  0.01749  270.80  275.99  -19.451   58.269    7.90
 0.37422D-08 0.23750D+13 0.10000D+15   0.0200  1   22.862  0.01749  270.80  276.09  -19.675   58.459    7.87
 0.37619D-08 0.23875D+13 0.10000D+15   0.0200  1   22.862  0.01749  270.80  276.19  -19.899   58.649    7.85
 0.37815D-08 0.24000D+13 0.10000D+15   0.0200  1   22.862  0.01749  270.80  276.29  -20.123   58.840    7.82
 0.38012D-08 0.24125D+13 0.10000D+15   0.0200  1   22.862  0.01749  270.80  276.38  -20.347   59.031    7.80
 0.38209D-08 0.24250D+13 0.10000D+15   0.0200  1   22.862  0.01749  270.80  276.48  -20.571   59.222    7.77
 0.38406D-08 0.24375D+13 0.10000D+15   0.0200  1   22.862  0.01749  270.80  276.58  -20.795   59.413    7.75
 0.38603D-08 0.24500D+13 0.10000D+15   0.0200  1   22.862  0.01749  270.80  276.67  -21.018   59.604    7.72
 0.38800D-08 0.24625D+13 0.10000D+15   0.0200  1   22.862  0.01749  270.80  276.77  -21.241   59.796    7.70
 0.38997D-08 0.24750D+13 0.10000D+15   0.0200  1   22.862  0.01749  270.80  276.87  -21.464   59.988    7.67
 0.39194D-08 0.24875D+13 0.10000D+15   0.0200  1   22.862  0.01749  270.80  276.96  -21.686   60.180    7.65
 0.39391D-08 0.25000D+13 0.10000D+15   0.0200  1   22.862  0.01749  270.80  277.06  -21.909   60.372    7.62
 0.39046D-08 0.25125D+13 0.10000D+15   0.0200  1   23.184  0.01754  270.77  277.24  -22.099   60.605    7.59
 0.39241D-08 0.25250D+13 0.10000D+15   0.0200  1   23.184  0.01754  270.77  277.34  -22.321   60.798    7.57
 0.39435D-08 0.25375D+13 0.10000D+15   0.0200  1   23.184  0.01754  270.77  277.43  -22.542   60.991    7.54
 0.39629D-08 0.25500D+13 0.10000D+15   0.0200  1   23.184  0.01754  270.77  277.53  -22.763   61.185    7.52
 0.39823D-08 0.25625D+13 0.10000D+15   0.0200  1   23.184  0.01754  270.77  277.63  -22.984   61.379    7.50
 0.40018D-08 0.25750D+13 0.10000D+15   0.0200  1   23.184  0.01754  270.77  277.72  -23.204   61.573    7.47
 0.40212D-08 0.25875D+13 0.10000D+15   0.0200  1   23.184  0.01754  270.77  277.82  -23.425   61.767    7.45
 0.40406D-08 0.26000D+13 0.10000D+15   0.0200  1   23.184  0.01754  270.77  277.91  -23.645   61.962    7.43
 0.40600D-08 0.26125D+13 0.10000D+15   0.0200  1   23.184  0.01754  270.77  278.01  -23.865   62.157    7.40
 0.40795D-08 0.26250D+13 0.10000D+15   0.0200  1   23.184  0.01754  270.77  278.10  -24.085   62.351    7.38
 0.40989D-08 0.26375D+13 0.10000D+15   0.0200  1   23.184  0.01754  270.77  278.20  -24.305   62.546    7.36
 0.41183D-08 0.26500D+13 0.10000D+15   0.0200  1   23.184  0.01754  270.77  278.29  -24.524   62.741    7.33
 0.41377D-08 0.26625D+13 0.10000D+15   0.0200  1   23.184  0.01754  270.77  278.39  -24.744   62.937    7.31
 0.41572D-08 0.26750D+13 0.10000D+15   0.0200  1   23.184  0.01754  270.77  278.48  -24.963   63.132    7.29
 0.41766D-08 0.26875D+13 0.10000D+15   0.0200  1   23.184  0.01754  270.77  278.58  -25.182   63.328    7.27
 0.41960D-08 0.27000D+13 0.10000D+15   0.0200  1   23.184  0.01754  270.77  278.67  -25.401   63.524    7.24
 0.42155D-08 0.27125D+13 0.10000D+15   0.0200  1   23.184  0.01754  270.77  278.76  -25.619   63.720    7.22
 0.42349D-08 0.27250D+13 0.10000D+15   0.0200  1   23.184  0.01754  270.77  278.86  -25.838   63.916    7.20
 0.42543D-08 0.27375D+13 0.10000D+15   0.0200  1   23.184  0.01754  270.77  278.95  -26.056   64.112    7.18
 0.42737D-08 0.27500D+13 0.10000D+15   0.0200  1   23.184  0.01754  270.77  279.05  -26.274   64.309    7.15
 0.42932D-08 0.27625D+13 0.10000D+15   0.0200  1   23.184  0.01754  270.77  279.14  -26.492   64.505    7.13
 0.43126D-08 0.27750D+13 0.10000D+15   0.0200  1   23.184  0.01754  270.77  279.23  -26.710   64.702    7.11
 0.43320D-08 0.27875D+13 0.10000D+15   0.0200  1   23.184  0.01754  270.77  279.33  -26.928   64.899    7.09
 0.43514D-08 0.28000D+13 0.10000D+15   0.0200  1   23.184  0.01754  270.77  279.42  -27.145   65.096    7.07
 0.43709D-08 0.28125D+13 0.10000D+15   0.0200  1   23.184  0.01754  270.77  279.51  -27.363   65.294    7.05
 0.43903D-08 0.28250D+13 0.10000D+15   0.0200  1   23.184  0.01754  270.77  279.61  -27.580   65.491    7.03
 0.44097D-08 0.28375D+13 0.10000D+15   0.0200  1   23.184  0.01754  270.77  279.70  -27.797   65.689    7.00
 0.44291D-08 0.28500D+13 0.10000D+15   0.0200  1   23.184  0.01754  270.77  279.79  -28.013   65.887    6.98
 0.44486D-08 0.28625D+13 0.10000D+15   0.0200  1   23.184  0.01754  270.77  279.88  -28.230   66.085    6.96
 0.44680D-08 0.28750D+13 0.10000D+15   0.0200  1   23.184  0.01754  270.77  279.98  -28.447   66.283    6.94
 0.44269D-08 0.28875D+13 0.10000D+15   0.0200  1   23.506  0.01758  270.73  280.17  -28.609   66.545    6.91
 0.44460D-08 0.29000D+13 0.10000D+15   0.0200  1   23.506  0.01758  270.73  280.26  -28.824   66.744    6.89
 0.44652D-08 0.29125D+13 0.10000D+15   0.0200  1   23.506  0.01758  270.73  280.35  -29.039   66.944    6.87
 0.44844D-08 0.29250D+13 0.10000D+15   0.0200  1   23.506  0.01758  270.73  280.44  -29.255   67.143    6.85
 0.45035D-08 0.29375D+13 0.10000D+15   0.0200  1   23.506  0.01758  270.73  280.54  -29.469   67.343    6.83
 0.45227D-08 0.29500D+13 0.10000D+15   0.0200  1   23.506  0.01758  270.73  280.63  -29.684   67.543    6.81
 0.45418D-08 0.29625D+13 0.10000D+15   0.0200  1   23.506  0.01758  270.73  280.72  -29.899   67.743    6.79
 0.45610D-08 0.29750D+13 0.10000D+15   0.0200  1   23.506  0.01758  270.73  280.81  -30.113   67.943    6.77
 0.45802D-08 0.29875D+13 0.10000D+15   0.0200  1   23.506  0.01758  270.73  280.90  -30.328   68.143    6.75
 0.45993D-08 0.30000D+13 0.10000D+15   0.0200  1   23.506  0.01758  270.73  280.99  -30.542   68.344    6.73
