R_tot = 1561.0 R_core =  1400.0  Tsurf =   100.00  g =  1.310
     Pint       etaref      pCLA conv P(MPa)   zbot     %vol    Tbot     Tm      TH2O      Fbot     Ftop     dlid   T_core
 0.00000D+00 0.10000D+15   0.0150  1  172.07  144.470  0.12396  235.58  225.54  256.09    7.707    6.346   45.93  1500.66
 0.15000D+11 0.10000D+15   0.0150  1  171.79  144.122  0.12126  236.24  226.87  256.14    7.720    6.850   45.91  1500.69
 0.30000D+11 0.10000D+15   0.0150  1  171.34  143.647  0.11776  237.09  228.30  256.21    7.735    7.357   43.03  1500.78
 0.45000D+11 0.10000D+15   0.0150  1  170.85  143.149  0.11430  237.94  229.66  256.29    7.751    7.864   40.52  1500.86
 0.60000D+11 0.10000D+15   0.0150  1  170.32  142.627  0.11088  238.76  230.95  256.37    7.768    8.373   38.30  1500.94
 0.75000D+11 0.10000D+15   0.0150  1  169.75  142.081  0.10751  239.58  232.19  256.46    7.787    8.883   36.33  1501.03
 0.90000D+11 0.10000D+15   0.0150  1  169.14  141.509  0.10419  240.38  233.37  256.54    7.806    9.394   34.56  1501.11
 0.10500D+12 0.10000D+15   0.0150  1  168.49  140.911  0.10093  241.16  234.50  256.63    7.826    9.906   32.97  1501.19
 0.12000D+12 0.10000D+15   0.0150  1  167.80  140.284  0.09772  241.93  235.59  256.73    7.847   10.419   31.53  1501.27
 0.13500D+12 0.10000D+15   0.0150  1  167.07  139.627  0.09457  242.68  236.64  256.83    7.868   10.932   30.23  1501.35
 0.15000D+12 0.10000D+15   0.0150  1  166.30  138.938  0.09148  243.43  237.65  256.93    7.890   11.447   29.03  1501.43
 0.16500D+12 0.10000D+15   0.0150  1  165.48  138.216  0.08843  244.15  238.64  257.04    7.913   11.962   27.94  1501.50
 0.18000D+12 0.10000D+15   0.0150  1  164.62  137.458  0.08545  244.87  239.59  257.16    7.936   12.478   26.93  1501.58
 0.19500D+12 0.10000D+15   0.0150  1  163.71  136.661  0.08252  245.57  240.51  257.28    7.959   12.994   26.00  1501.66
 0.21000D+12 0.10000D+15   0.0150  1  162.74  135.825  0.07965  246.27  241.41  257.40    7.982   13.511   25.14  1501.73
 0.22500D+12 0.10000D+15   0.0150  1  161.72  134.945  0.07684  246.95  242.29  257.53    8.005   14.028   24.34  1501.81
 0.24000D+12 0.10000D+15   0.0150  1  160.65  134.021  0.07409  247.62  243.14  257.67    8.027   14.546   23.59  1501.88
 0.25500D+12 0.10000D+15   0.0150  1  159.51  133.048  0.07139  248.28  243.98  257.81    8.049   15.063   22.90  1501.95
 0.27000D+12 0.10000D+15   0.0150  1  158.31  132.026  0.06876  248.93  244.79  257.96    8.070   15.580   22.25  1502.02
 0.28500D+12 0.10000D+15   0.0150  1  157.05  130.950  0.06619  249.57  245.59  258.12    8.090   16.097   21.65  1502.10
 0.30000D+12 0.10000D+15   0.0150  1  155.72  129.819  0.06368  250.20  246.37  258.28    8.109   16.614   21.08  1502.17
 0.31500D+12 0.10000D+15   0.0150  1  154.31  128.630  0.06123  250.82  247.13  258.46    8.126   17.129   20.55  1502.24
 0.33000D+12 0.10000D+15   0.0150  1  152.83  127.380  0.05886  251.44  247.88  258.63    8.142   17.644   20.05  1502.31
 0.34500D+12 0.10000D+15   0.0150  1  151.28  126.067  0.05654  252.04  248.61  258.82    8.155   18.158   19.58  1502.38
 0.36000D+12 0.10000D+15   0.0150  1  149.64  124.689  0.05430  252.64  249.33  259.02    8.166   18.670   19.13  1502.45
 0.37500D+12 0.10000D+15   0.0150  1  147.92  123.242  0.05213  253.23  250.04  259.22    8.175   19.182   18.71  1502.51
 0.39000D+12 0.10000D+15   0.0150  1  146.11  121.725  0.05002  253.82  250.74  259.44    8.181   19.692   18.32  1502.58
 0.40500D+12 0.10000D+15   0.0150  1  144.22  120.136  0.04799  254.39  251.42  259.66    8.185   20.200   17.94  1502.65
 0.42000D+12 0.10000D+15   0.0150  1  142.23  118.471  0.04602  254.96  252.09  259.89    8.186   20.707   17.59  1502.72
 0.43500D+12 0.10000D+15   0.0150  1  140.15  116.731  0.04413  255.52  252.76  260.13    8.185   21.213   17.25  1502.78
 0.45000D+12 0.10000D+15   0.0150  1  137.98  114.912  0.04231  256.08  253.41  260.37    8.182   21.717   16.93  1502.85
 0.46500D+12 0.10000D+15   0.0150  1  135.71  113.013  0.04055  256.63  254.05  260.63    8.175   22.220   16.63  1502.91
 0.48000D+12 0.10000D+15   0.0150  1  133.34  111.033  0.03887  257.17  254.68  260.90    8.167   22.722   16.34  1502.98
 0.49500D+12 0.10000D+15   0.0150  1  130.87  108.971  0.03725  257.71  255.30  261.17    8.157   23.223   16.07  1503.04
 0.51000D+12 0.10000D+15   0.0150  1  128.30  106.826  0.03570  258.25  255.92  261.45    8.145   23.724   15.80  1503.11
 0.52500D+12 0.10000D+15   0.0150  1  125.63  104.599  0.03422  258.78  256.52  261.75    8.131   24.223   15.55  1503.17
 0.54000D+12 0.10000D+15   0.0150  1  122.86  102.291  0.03281  259.30  257.12  262.04    8.116   24.722   15.31  1503.23
 0.55500D+12 0.10000D+15   0.0150  1  119.99   99.902  0.03145  259.82  257.71  262.35    8.100   25.222   15.08  1503.29
 0.57000D+12 0.10000D+15   0.0150  1  117.03   97.434  0.03017  260.34  258.28  262.67    8.083   25.721   14.86  1503.35
 0.58500D+12 0.10000D+15   0.0150  1  113.98   94.892  0.02894  260.84  258.85  262.99    8.066   26.220   14.65  1503.41
 0.60000D+12 0.10000D+15   0.0150  1  110.84   92.278  0.02778  261.35  259.41  263.31    8.049   26.720   14.45  1503.47
 0.61500D+12 0.10000D+15   0.0150  1  107.61   89.597  0.02667  261.84  259.96  263.64    8.031   27.220   14.25  1503.52
 0.63000D+12 0.10000D+15   0.0150  1  104.32   86.855  0.02563  262.33  260.49  263.98    8.014   27.722   14.06  1503.58
 0.64500D+12 0.10000D+15   0.0150  1  100.96   84.059  0.02464  262.81  261.02  264.32    7.998   28.224   13.88  1503.63
 0.66000D+12 0.10000D+15   0.0150  1   97.54   81.217  0.02371  263.29  261.53  264.66    7.983   28.728   13.70  1503.68
 0.67500D+12 0.10000D+15   0.0150  1   94.07   78.336  0.02283  263.75  262.03  265.00    7.969   29.233   13.53  1503.73
 0.69000D+12 0.10000D+15   0.0150  1   90.57   75.426  0.02200  264.21  262.52  265.34    7.957   29.740   13.36  1503.78
 0.70500D+12 0.10000D+15   0.0150  1   87.05   72.497  0.02122  264.66  262.99  265.68    7.947   30.249   13.20  1503.83
 0.72000D+12 0.10000D+15   0.0150  1   83.51   69.559  0.02049  265.09  263.45  266.02    7.939   30.760   13.04  1503.88
 0.73500D+12 0.10000D+15   0.0150  1   79.97   66.621  0.01981  265.52  263.90  266.35    7.933   31.274   12.89  1503.92
 0.75000D+12 0.10000D+15   0.0150  1   76.45   63.695  0.01917  265.93  264.32  266.68    7.930   31.789   12.73  1503.96
 0.76500D+12 0.10000D+15   0.0150  1   72.95   60.791  0.01857  266.33  264.73  267.01    7.930   32.307   12.58  1504.00
 0.78000D+12 0.10000D+15   0.0150  1   69.49   57.920  0.01802  266.72  265.13  267.32    7.933   32.828   12.44  1504.04
 0.79500D+12 0.10000D+15   0.0150  1   66.08   55.091  0.01750  267.09  265.50  267.63    7.939   33.351   12.29  1504.08
 0.81000D+12 0.10000D+15   0.0150  1   62.73   52.313  0.01701  267.45  265.86  267.94    7.949   33.878   12.15  1504.12
 0.82500D+12 0.10000D+15   0.0150  1   59.46   49.596  0.01657  267.79  266.20  268.23    7.962   34.407   12.01  1504.15
 0.84000D+12 0.10000D+15   0.0150  1   56.27   46.949  0.01615  268.12  266.52  268.51    7.980   34.939   11.87  1504.19
 0.85500D+12 0.10000D+15   0.0150  1   53.17   44.377  0.01576  268.44  266.83  268.78    8.001   35.474   11.73  1504.22
 0.87000D+12 0.10000D+15   0.0150  1   50.17   41.889  0.01540  268.74  267.12  269.04    8.025   36.013   11.60  1504.25
 0.88500D+12 0.10000D+15   0.0150  1   47.27   39.490  0.01507  269.03  267.39  269.29    8.054   36.554   11.46  1504.28
 0.90000D+12 0.10000D+15   0.0150  1   44.49   37.185  0.01477  269.30  267.64  269.53    8.086   37.098   11.33  1504.31
 0.91500D+12 0.10000D+15   0.0150  1   41.83   34.978  0.01449  269.55  267.87  269.76    8.122   37.644   11.20  1504.33
 0.93000D+12 0.10000D+15   0.0150  1   39.29   32.872  0.01422  269.79  268.09  269.97    8.161   38.192   11.07  1504.36
 0.94500D+12 0.10000D+15   0.0150  1   36.87   30.870  0.01399  270.02  268.29  270.18    8.202   38.743   10.94  1504.38
 0.96000D+12 0.10000D+15   0.0150  1   34.58   28.972  0.01377  270.23  268.48  270.37    8.246   39.294   10.81  1504.40
 0.97500D+12 0.10000D+15   0.0150  1   32.42   27.180  0.01356  270.43  268.65  270.55    8.292   39.847   10.69  1504.42
 0.99000D+12 0.10000D+15   0.0150  1   30.38   25.492  0.01338  270.62  268.81  270.71    8.339   40.400   10.57  1504.44
 0.10050D+13 0.10000D+15   0.0150  1   28.47   23.907  0.01321  270.79  268.95  270.87    8.386   40.952   10.44  1504.46
 0.10200D+13 0.10000D+15   0.0150  1   26.68   22.422  0.01305  270.95  269.09  271.02    8.433   41.504   10.33  1504.47
 0.10350D+13 0.10000D+15   0.0150  1   25.00   21.036  0.01291  271.10  269.21  271.16    8.480   42.054   10.21  1504.48
 0.10500D+13 0.10000D+15   0.0150  1   23.44   19.744  0.01278  271.24  269.32  271.28    8.525   42.601   10.09  1504.50
 0.10650D+13 0.10000D+15   0.0150  1   22.37   18.854  0.01269  271.33  269.42  271.37    8.472   43.049   10.00  1504.51
 0.10800D+13 0.10000D+15   0.0150  1   21.81   18.383  0.01265  271.38  269.53  271.41    8.298   43.374    9.93  1504.52
 0.10950D+13 0.10000D+15   0.0150  1   21.34   17.995  0.01261  271.42  269.63  271.45    8.102   43.676    9.87  1504.53
 0.11100D+13 0.10000D+15   0.0150  1   20.96   17.674  0.01258  271.45  269.73  271.48    7.886   43.958    9.81  1504.54
 0.11250D+13 0.10000D+15   0.0150  1   20.65   17.417  0.01255  271.48  269.83  271.51    7.650   44.220    9.75  1504.55
 0.11400D+13 0.10000D+15   0.0150  1   20.42   17.217  0.01253  271.50  269.93  271.53    7.397   44.464    9.70  1504.56
 0.11550D+13 0.10000D+15   0.0150  0   20.55   17.053  0.01252  271.52  270.03  271.54    7.303   44.864   17.05  1504.57
 0.11700D+13 0.10000D+15   0.0150  0   20.36   16.891  0.01250  271.54  270.13  271.56    7.309   45.361   16.89  1504.57
 0.11850D+13 0.10000D+15   0.0150  0   20.16   16.734  0.01249  271.55  270.23  271.57    7.315   45.858   16.73  1504.58
 0.12000D+13 0.10000D+15   0.0150  0   19.98   16.579  0.01247  271.57  270.33  271.59    7.320   46.355   16.58  1504.58
