R_tot = 1561.0 R_core =  1400.0  Tsurf =   100.00  g =  1.310
   zbot    P(MPa) Hint     conv melt pCLA   Tbot     Tm     etam        k   Fcond_bot Fcond_top   Fbot     Ftop    dlid z_topTBL z_botTBL
    0.00   -0.00 0.11024D-05  0  0  0.01105  273.24  261.57 0.10306D+15  2.167    0.000    0.000    0.000    0.000    0.00    0.00    0.00
    0.32    0.39 0.11026D-06  0  0  0.01108  273.21  264.46 0.76028D+14  2.167 1398.882 1398.305 1382.549 1414.636    0.32    0.32    0.32
    0.64    0.77 0.55143D-07  0  0  0.01110  273.18  264.94 0.72197D+14  2.167  699.459  698.882  683.121  715.215    0.64    0.64    0.64
    0.97    1.16 0.36770D-07  0  0  0.01113  273.15  265.24 0.69800D+14  2.168  466.317  465.740  449.975  482.076    0.97    0.97    0.97
    1.29    1.55 0.27583D-07  0  0  0.01115  273.12  265.46 0.68031D+14  2.168  349.747  349.170  333.400  365.507    1.29    1.29    1.29
    1.61    1.94 0.22071D-07  0  0  0.01118  273.08  265.64 0.66623D+14  2.168  279.804  279.227  263.453  295.567    1.61    1.61    1.61
    1.93    2.33 0.18396D-07  0  0  0.01120  273.05  265.78 0.65450D+14  2.168  233.176  232.599  216.820  248.941    1.93    1.93    1.93
    2.25    2.71 0.15771D-07  0  0  0.01123  273.02  265.91 0.64442D+14  2.169  199.870  199.293  183.509  215.637    2.25    2.25    2.25
    2.58    3.10 0.13803D-07  0  0  0.01125  272.99  266.01 0.63558D+14  2.169  174.890  174.313  158.525  190.660    2.58    2.58    2.58
    2.90    3.49 0.12272D-07  0  0  0.01128  272.96  266.11 0.62769D+14  2.169  155.462  154.885  139.092  171.234    2.90    2.90    2.90
    3.22    3.88 0.11047D-07  0  0  0.01131  272.93  266.19 0.62058D+14  2.170  139.919  139.342  123.545  155.693    3.22    3.22    3.22
    3.54    4.27 0.10045D-07  0  0  0.01133  272.89  266.26 0.61409D+14  2.170  127.202  126.625  110.823  142.979    3.54    3.54    3.54
    3.86    4.65 0.92095D-08  0  0  0.01136  272.86  266.33 0.60813D+14  2.170  116.604  116.028  100.221  132.383    3.86    3.86    3.86
    4.19    5.04 0.85028D-08  0  0  0.01138  272.83  266.39 0.60261D+14  2.170  107.637  107.061   91.250  123.419    4.19    4.19    4.19
    4.51    5.43 0.78971D-08  0  0  0.01141  272.80  266.45 0.59747D+14  2.171   99.951   99.374   83.559  115.735    4.51    4.51    4.51
    4.83    5.82 0.73721D-08  0  0  0.01144  272.77  266.50 0.59266D+14  2.171   93.290   92.713   76.893  109.076    4.83    4.83    4.83
    5.15    6.21 0.69128D-08  0  0  0.01146  272.74  266.55 0.58814D+14  2.171   87.461   86.884   71.060  103.249    5.15    5.15    5.15
    5.47    6.59 0.65075D-08  0  0  0.01149  272.70  266.59 0.58388D+14  2.171   82.318   81.742   65.912   98.109    5.47    5.47    5.47
    5.80    6.98 0.61473D-08  0  0  0.01151  272.67  266.63 0.57984D+14  2.172   77.746   77.170   61.336   93.539    5.80    5.80    5.80
    6.12    7.37 0.58249D-08  0  0  0.01154  272.64  266.66 0.57601D+14  2.172   73.656   73.080   57.241   89.451    6.12    6.12    6.12
    6.44    7.76 0.55348D-08  0  0  0.01157  272.61  266.70 0.57237D+14  2.172   69.975   69.398   53.556   85.772    6.44    6.44    6.44
    6.76    8.15 0.52723D-08  0  0  0.01159  272.57  266.73 0.56889D+14  2.173   66.644   66.068   50.220   82.444    6.76    6.76    6.76
    7.08    8.54 0.50337D-08  0  0  0.01162  272.54  266.76 0.56556D+14  2.173   63.616   63.040   47.188   79.418    7.08    7.08    7.08
    7.41    8.92 0.48159D-08  0  0  0.01165  272.51  266.78 0.56238D+14  2.173   60.851   60.275   44.419   76.656    7.41    7.41    7.41
    7.73    9.31 0.46162D-08  0  0  0.01168  272.48  266.81 0.55932D+14  2.173   58.317   57.741   41.880   74.124    7.73    7.73    7.73
    8.05    9.70 0.44324D-08  0  0  0.01170  272.45  266.83 0.55638D+14  2.174   55.985   55.409   39.544   71.794    8.05    8.05    8.05
    8.37   10.09 0.42628D-08  0  0  0.01173  272.41  266.85 0.55355D+14  2.174   53.833   53.257   37.387   69.644    8.37    8.37    8.37
    8.69   10.48 0.41058D-08  0  0  0.01176  272.38  266.87 0.55082D+14  2.174   51.840   51.264   35.389   67.654    8.69    8.69    8.69
    9.02   10.86 0.39600D-08  0  0  0.01179  272.35  266.89 0.54818D+14  2.174   49.990   49.414   33.534   65.806    9.02    9.02    9.02
    9.34   11.25 0.38242D-08  0  0  0.01181  272.31  266.91 0.54563D+14  2.175   48.267   47.691   31.807   64.085    9.34    9.34    9.34
    9.66   11.64 0.36975D-08  0  0  0.01184  272.28  266.92 0.54316D+14  2.175   46.659   46.083   30.194   62.479    9.66    9.66    9.66
    9.98   12.03 0.35790D-08  0  0  0.01187  272.25  266.94 0.54077D+14  2.175   45.154   44.579   28.685   60.977    9.98    9.98    9.98
   10.30   12.42 0.34679D-08  0  0  0.01190  272.22  266.95 0.53846D+14  2.176   43.744   43.168   27.271   59.569   10.30   10.30   10.30
   10.63   12.80 0.33635D-08  0  0  0.01193  272.18  266.96 0.53621D+14  2.176   42.419   41.844   25.941   58.247   10.63   10.63   10.63
   10.95   12.88 0.32652D-08  1  0  0.01195  272.15  266.97 0.53402D+14  2.176   41.172   40.597   25.676   57.975    7.50    9.78   10.42
   11.27   13.27 0.31726D-08  1  0  0.01198  272.12  266.98 0.53189D+14  2.176   39.997   39.421   25.432   57.724    7.53    9.75   10.74
   11.59   13.65 0.30851D-08  1  0  0.01201  272.09  266.99 0.52982D+14  2.177   38.886   38.311   25.197   57.481    7.56    9.72   11.07
   11.91   14.04 0.30023D-08  1  0  0.01204  272.05  267.00 0.52781D+14  2.177   37.836   37.261   24.968   57.246    7.59    9.69   11.39
   12.24   14.43 0.29239D-08  1  0  0.01207  272.02  267.01 0.52585D+14  2.177   36.841   36.266   24.747   57.018    7.61    9.67   11.71
   12.56   14.82 0.28495D-08  1  0  0.01210  271.99  267.01 0.52393D+14  2.178   35.897   35.321   24.532   56.797    7.64    9.65   12.03
   12.88   15.20 0.27789D-08  1  0  0.01213  271.95  267.02 0.52206D+14  2.178   35.000   34.425   24.324   56.581    7.67    9.63   12.35
   13.20   15.59 0.27117D-08  1  0  0.01216  271.92  267.02 0.52024D+14  2.178   34.147   33.572   24.121   56.372    7.69    9.62   12.67
   13.52   15.98 0.26476D-08  1  0  0.01219  271.89  267.03 0.51846D+14  2.178   33.334   32.759   23.924   56.169    7.72    9.60   13.00
   13.85   16.37 0.25866D-08  1  0  0.01222  271.85  267.03 0.51671D+14  2.179   32.559   31.984   23.732   55.970    7.74    9.59   13.32
   14.17   16.76 0.25283D-08  1  0  0.01224  271.82  267.03 0.51501D+14  2.179   31.820   31.245   23.545   55.777    7.76    9.58   13.64
   14.49   17.14 0.24727D-08  1  0  0.01227  271.79  267.04 0.51334D+14  2.179   31.113   30.538   23.363   55.589    7.79    9.57   13.96
   14.81   17.53 0.24194D-08  1  0  0.01230  271.75  267.04 0.51171D+14  2.180   30.437   29.862   23.185   55.405    7.81    9.56   14.28
   15.13   17.92 0.23684D-08  1  0  0.01233  271.72  267.04 0.51011D+14  2.180   29.790   29.215   23.012   55.226    7.83    9.56   14.60
   15.46   18.31 0.23196D-08  1  0  0.01236  271.69  267.04 0.50855D+14  2.180   29.170   28.595   22.843   55.050    7.85    9.55   14.93
   15.78   18.70 0.22727D-08  1  0  0.01239  271.65  267.04 0.50701D+14  2.180   28.575   28.000   22.678   54.879    7.87    9.54   15.25
   16.10   19.08 0.22277D-08  1  0  0.01243  271.62  267.04 0.50551D+14  2.181   28.004   27.429   22.516   54.712    7.90    9.54   15.57
   16.42   19.47 0.21845D-08  1  0  0.01246  271.59  267.04 0.50403D+14  2.181   27.455   26.880   22.358   54.548    7.92    9.54   15.89
   16.74   19.86 0.21429D-08  1  0  0.01249  271.55  267.03 0.50259D+14  2.181   26.927   26.353   22.204   54.388    7.94    9.53   16.21
   17.07   20.25 0.21029D-08  1  0  0.01252  271.52  267.03 0.50117D+14  2.182   26.420   25.845   22.053   54.231    7.96    9.53   16.54
   17.39   20.64 0.20644D-08  1  0  0.01255  271.48  267.03 0.49977D+14  2.182   25.931   25.356   21.904   54.077    7.98    9.53   16.86
   17.71   21.03 0.20273D-08  1  0  0.01258  271.45  267.03 0.49840D+14  2.182   25.459   24.885   21.759   53.926    7.99    9.53   17.18
   18.03   21.41 0.19915D-08  1  0  0.01261  271.42  267.02 0.49705D+14  2.182   25.005   24.431   21.617   53.778    8.01    9.53   17.50
   18.35   21.80 0.19570D-08  1  0  0.01264  271.38  267.02 0.49573D+14  2.183   24.567   23.992   21.478   53.633    8.03    9.53   17.83
   18.68   22.19 0.19236D-08  1  0  0.01267  271.35  267.01 0.49443D+14  2.183   24.143   23.569   21.341   53.491    8.05    9.53   18.15
   19.00   22.58 0.18914D-08  1  0  0.01271  271.31  267.01 0.49315D+14  2.183   23.734   23.160   21.207   53.351    8.07    9.53   18.47
   19.32   22.97 0.18603D-08  1  0  0.01274  271.28  267.00 0.49189D+14  2.184   23.339   22.765   21.075   53.214    8.08    9.54   18.79
   19.64   23.35 0.18302D-08  1  0  0.01277  271.25  267.00 0.49065D+14  2.184   22.957   22.383   20.946   53.080    8.10    9.54   19.11
   19.96   23.74 0.18010D-08  1  0  0.01280  271.21  266.99 0.48943D+14  2.184   22.587   22.013   20.819   52.947    8.12    9.54   19.44
   20.29   24.13 0.17728D-08  1  0  0.01283  271.18  266.99 0.48823D+14  2.184   22.228   21.654   20.694   52.817    8.14    9.54   19.76
   20.61   24.52 0.17454D-08  1  0  0.01287  271.14  266.98 0.48705D+14  2.185   21.881   21.307   20.571   52.689    8.15    9.55   20.08
   20.93   24.91 0.17190D-08  1  0  0.01290  271.11  266.97 0.48589D+14  2.185   21.545   20.971   20.451   52.564    8.17    9.55   20.40
   21.25   25.30 0.16933D-08  1  0  0.01293  271.07  266.97 0.48474D+14  2.185   21.218   20.645   20.332   52.440    8.18    9.55   20.73
   21.57   25.68 0.16683D-08  1  0  0.01296  271.04  266.96 0.48362D+14  2.186   20.902   20.328   20.216   52.318    8.20    9.56   21.05
   21.90   26.07 0.16441D-08  1  0  0.01300  271.01  266.95 0.48250D+14  2.186   20.595   20.021   20.101   52.198    8.22    9.56   21.37
   22.22   26.46 0.16206D-08  1  0  0.01303  270.97  266.94 0.48141D+14  2.186   20.296   19.723   19.988   52.080    8.23    9.56   21.69
   22.54   26.85 0.15978D-08  1  0  0.01306  270.94  266.93 0.48033D+14  2.187   20.006   19.433   19.876   51.964    8.25    9.57   22.02
   22.86   27.24 0.15756D-08  1  0  0.01310  270.90  266.92 0.47926D+14  2.187   19.725   19.151   19.767   51.850    8.26    9.57   22.34
   23.18   27.63 0.15541D-08  1  0  0.01313  270.87  266.91 0.47821D+14  2.187   19.451   18.877   19.659   51.737    8.27    9.58   22.66
   23.51   28.01 0.15331D-08  1  0  0.01317  270.83  266.91 0.47717D+14  2.187   19.185   18.611   19.552   51.625    8.29    9.58   22.98
   23.83   28.40 0.15127D-08  1  0  0.01320  270.80  266.90 0.47615D+14  2.188   18.925   18.352   19.447   51.516    8.30    9.59   23.31
   24.15   28.79 0.14928D-08  1  0  0.01323  270.76  266.89 0.47514D+14  2.188   18.673   18.100   19.344   51.408    8.32    9.59   23.63
   24.47   29.18 0.14735D-08  1  0  0.01327  270.73  266.88 0.47415D+14  2.188   18.428   17.854   19.242   51.301    8.33    9.60   23.95
   24.79   29.57 0.14547D-08  1  0  0.01330  270.69  266.86 0.47317D+14  2.189   18.188   17.615   19.141   51.196    8.34    9.60   24.27
   25.12   29.96 0.14363D-08  1  0  0.01334  270.66  266.85 0.47220D+14  2.189   17.955   17.382   19.042   51.092    8.36    9.61   24.60
   25.44   30.35 0.14184D-08  1  0  0.01337  270.62  266.84 0.47124D+14  2.189   17.728   17.155   18.944   50.990    8.37    9.62   24.92
   25.76   30.73 0.14010D-08  1  0  0.01341  270.59  266.83 0.47029D+14  2.190   17.506   16.933   18.848   50.888    8.38    9.62   25.24
   26.08   31.12 0.13840D-08  1  0  0.01344  270.55  266.82 0.46936D+14  2.190   17.290   16.717   18.752   50.788    8.40    9.63   25.56
   26.40   31.51 0.13674D-08  1  0  0.01348  270.52  266.81 0.46844D+14  2.190   17.080   16.507   18.658   50.690    8.41    9.63   25.89
   26.73   31.90 0.13512D-08  1  0  0.01351  270.48  266.80 0.46753D+14  2.190   16.874   16.301   18.565   50.592    8.42    9.64   26.21
   27.05   32.29 0.13354D-08  1  0  0.01355  270.44  266.78 0.46663D+14  2.191   16.673   16.100   18.473   50.496    8.44    9.65   26.53
   27.37   32.68 0.13200D-08  1  0  0.01358  270.41  266.77 0.46574D+14  2.191   16.477   15.904   18.382   50.401    8.45    9.65   26.86
   27.69   33.06 0.13049D-08  1  0  0.01362  270.37  266.76 0.46486D+14  2.191   16.285   15.713   18.293   50.307    8.46    9.66   27.18
   28.01   33.45 0.12901D-08  1  0  0.01366  270.34  266.75 0.46400D+14  2.192   16.098   15.525   18.204   50.214    8.47    9.67   27.50
   28.34   33.84 0.12757D-08  1  0  0.01369  270.30  266.73 0.46314D+14  2.192   15.915   15.343   18.117   50.122    8.48    9.67   27.82
   28.66   34.23 0.12617D-08  1  0  0.01373  270.27  266.72 0.46229D+14  2.192   15.736   15.164   18.030   50.032    8.50    9.68   28.15
   28.98   34.62 0.12479D-08  1  0  0.01377  270.23  266.71 0.46145D+14  2.193   15.561   14.989   17.944   49.942    8.51    9.69   28.47
   29.30   35.01 0.12345D-08  1  0  0.01380  270.19  266.69 0.46063D+14  2.193   15.390   14.818   17.860   49.853    8.52    9.69   28.79
   29.62   35.40 0.12213D-08  1  0  0.01384  270.16  266.68 0.45981D+14  2.193   15.223   14.651   17.776   49.765    8.53    9.70   29.11
   29.95   35.78 0.12084D-08  1  0  0.01388  270.12  266.66 0.45900D+14  2.194   15.059   14.487   17.693   49.678    8.54    9.71   29.44
   30.27   36.17 0.11958D-08  1  0  0.01391  270.09  266.65 0.45820D+14  2.194   14.899   14.327   17.611   49.592    8.55    9.71   29.76
   30.59   36.56 0.11835D-08  1  0  0.01395  270.05  266.63 0.45740D+14  2.194   14.742   14.170   17.530   49.507    8.56    9.72   30.08
   30.91   36.95 0.11714D-08  1  0  0.01399  270.01  266.62 0.45662D+14  2.194   14.589   14.017   17.449   49.423    8.58    9.73   30.41
   31.23   37.34 0.11595D-08  1  0  0.01403  269.98  266.61 0.45585D+14  2.195   14.438   13.866   17.370   49.339    8.59    9.73   30.73
   31.56   37.73 0.11480D-08  1  0  0.01407  269.94  266.59 0.45508D+14  2.195   14.291   13.719   17.291   49.257    8.60    9.74   31.05
   31.88   38.12 0.11366D-08  1  0  0.01411  269.90  266.57 0.45432D+14  2.195   14.147   13.575   17.213   49.175    8.61    9.75   31.37
   32.20   38.50 0.11255D-08  1  0  0.01414  269.87  266.56 0.45357D+14  2.196   14.005   13.433   17.136   49.094    8.62    9.75   31.70
   32.52   38.89 0.11145D-08  1  0  0.01418  269.83  266.54 0.45283D+14  2.196   13.866   13.294   17.059   49.014    8.63    9.76   32.02
   32.84   39.28 0.11039D-08  1  0  0.01422  269.80  266.53 0.45210D+14  2.196   13.730   13.159   16.984   48.934    8.64    9.77   32.34
   33.17   39.67 0.10934D-08  1  0  0.01426  269.76  266.51 0.45137D+14  2.197   13.597   13.025   16.909   48.855    8.65    9.77   32.67
   33.49   40.06 0.10831D-08  1  0  0.01430  269.72  266.50 0.45065D+14  2.197   13.466   12.894   16.834   48.777    8.66    9.78   32.99
   33.81   40.45 0.10730D-08  1  0  0.01434  269.69  266.48 0.44994D+14  2.197   13.338   12.766   16.760   48.700    8.67    9.79   33.31
   34.13   40.84 0.10631D-08  1  0  0.01438  269.65  266.46 0.44923D+14  2.198   13.212   12.640   16.687   48.623    8.68    9.80   33.64
   34.45   41.23 0.10534D-08  1  0  0.01442  269.61  266.45 0.44854D+14  2.198   13.088   12.517   16.615   48.547    8.69    9.80   33.96
   34.78   41.61 0.10438D-08  1  0  0.01446  269.57  266.43 0.44785D+14  2.198   12.967   12.396   16.543   48.472    8.70    9.81   34.28
   35.10   42.00 0.10345D-08  1  0  0.01450  269.54  266.41 0.44716D+14  2.199   12.848   12.277   16.472   48.397    8.71    9.82   34.60
   35.42   42.39 0.10253D-08  1  0  0.01454  269.50  266.39 0.44649D+14  2.199   12.731   12.160   16.401   48.323    8.72    9.82   34.93
   35.74   42.78 0.10162D-08  1  0  0.01458  269.46  266.38 0.44582D+14  2.199   12.616   12.045   16.331   48.250    8.73    9.83   35.25
   36.06   43.17 0.10074D-08  1  0  0.01462  269.43  266.36 0.44515D+14  2.199   12.503   11.932   16.262   48.177    8.74    9.84   35.57
   36.39   43.56 0.99868D-09  1  0  0.01466  269.39  266.34 0.44450D+14  2.200   12.393   11.822   16.193   48.105    8.75    9.85   35.90
   36.71   43.95 0.99012D-09  1  0  0.01471  269.35  266.32 0.44385D+14  2.200   12.284   11.713   16.125   48.033    8.76    9.85   36.22
   37.03   44.33 0.98172D-09  1  0  0.01475  269.31  266.31 0.44320D+14  2.200   12.177   11.606   16.057   47.962    8.77    9.86   36.54
   37.35   44.72 0.97346D-09  1  0  0.01479  269.28  266.29 0.44256D+14  2.201   12.072   11.501   15.990   47.891    8.77    9.87   36.87
   37.67   45.11 0.96534D-09  1  0  0.01483  269.24  266.27 0.44193D+14  2.201   11.969   11.398   15.923   47.821    8.78    9.88   37.19
   38.00   45.50 0.95735D-09  1  0  0.01487  269.20  266.25 0.44131D+14  2.201   11.867   11.296   15.857   47.752    8.79    9.88   37.51
   38.32   45.89 0.94951D-09  1  0  0.01492  269.16  266.23 0.44069D+14  2.202   11.767   11.197   15.791   47.683    8.80    9.89   37.84
   38.64   46.28 0.94179D-09  1  0  0.01496  269.13  266.21 0.44007D+14  2.202   11.669   11.098   15.726   47.614    8.81    9.90   38.16
   38.96   46.67 0.93420D-09  1  0  0.01500  269.09  266.19 0.43947D+14  2.202   11.572   11.002   15.661   47.547    8.82    9.90   38.48
   39.28   47.06 0.92674D-09  1  0  0.01505  269.05  266.17 0.43886D+14  2.203   11.477   10.907   15.597   47.479    8.83    9.91   38.80
   39.61   47.44 0.91939D-09  1  0  0.01509  269.01  266.16 0.43827D+14  2.203   11.384   10.814   15.533   47.412    8.84    9.92   39.13
   39.93   47.83 0.91217D-09  1  0  0.01513  268.97  266.14 0.43768D+14  2.203   11.292   10.722   15.469   47.346    8.84    9.93   39.45
   40.25   48.22 0.90506D-09  1  0  0.01518  268.94  266.12 0.43709D+14  2.204   11.201   10.631   15.406   47.280    8.85    9.93   39.77
   40.57   48.61 0.89806D-09  1  0  0.01522  268.90  266.10 0.43651D+14  2.204   11.112   10.542   15.344   47.214    8.86    9.94   40.10
   40.89   49.00 0.89118D-09  1  0  0.01527  268.86  266.08 0.43594D+14  2.204   11.025   10.455   15.281   47.149    8.87    9.95   40.42
   41.22   49.39 0.88440D-09  1  0  0.01531  268.82  266.06 0.43537D+14  2.205   10.938   10.368   15.220   47.084    8.88    9.96   40.74
   41.54   49.78 0.87773D-09  1  0  0.01536  268.78  266.04 0.43481D+14  2.205   10.853   10.283   15.158   47.020    8.89    9.96   41.07
   41.86   50.17 0.87115D-09  1  0  0.01540  268.74  266.02 0.43425D+14  2.205   10.770   10.200   15.097   46.956    8.89    9.97   41.39
   42.18   50.56 0.86468D-09  1  0  0.01545  268.70  266.00 0.43369D+14  2.206   10.687   10.118   15.036   46.892    8.90    9.98   41.71
   42.50   50.94 0.85831D-09  1  0  0.01549  268.67  265.98 0.43315D+14  2.206   10.606   10.036   14.976   46.829    8.91    9.99   42.04
   42.83   51.33 0.85204D-09  1  0  0.01554  268.63  265.95 0.43260D+14  2.206   10.526    9.957   14.916   46.767    8.92    9.99   42.36
   43.15   51.72 0.84585D-09  1  0  0.01558  268.59  265.93 0.43207D+14  2.207   10.448    9.878   14.857   46.704    8.93   10.00   42.68
   43.47   52.11 0.83976D-09  1  0  0.01563  268.55  265.91 0.43153D+14  2.207   10.370    9.800   14.798   46.642    8.93   10.01   43.01
   43.79   52.50 0.83376D-09  1  0  0.01568  268.51  265.89 0.43100D+14  2.207   10.294    9.724   14.739   46.581    8.94   10.01   43.33
   44.11   52.89 0.82785D-09  1  0  0.01572  268.47  265.87 0.43048D+14  2.208   10.218    9.649   14.680   46.520    8.95   10.02   43.65
   44.44   53.28 0.82202D-09  1  0  0.01577  268.43  265.85 0.42996D+14  2.208   10.144    9.575   14.622   46.459    8.96   10.03   43.98
   44.76   53.67 0.81628D-09  1  0  0.01582  268.39  265.83 0.42945D+14  2.208   10.071    9.502   14.564   46.399    8.97   10.04   44.30
   45.08   54.06 0.81062D-09  1  0  0.01587  268.35  265.81 0.42894D+14  2.209    9.999    9.429   14.507   46.338    8.97   10.04   44.62
   45.40   54.44 0.80503D-09  1  0  0.01591  268.31  265.78 0.42843D+14  2.209    9.927    9.358   14.449   46.279    8.98   10.05   44.95
   45.72   54.83 0.79953D-09  1  0  0.01596  268.28  265.76 0.42793D+14  2.209    9.857    9.288   14.392   46.219    8.99   10.06   45.27
   46.05   55.22 0.79411D-09  1  0  0.01601  268.24  265.74 0.42744D+14  2.210    9.788    9.219   14.336   46.160    9.00   10.07   45.59
   46.37   55.61 0.78876D-09  1  0  0.01606  268.20  265.72 0.42695D+14  2.210    9.720    9.151   14.279   46.101    9.00   10.07   45.92
   46.69   56.00 0.78348D-09  1  0  0.01611  268.16  265.70 0.42646D+14  2.210    9.653    9.084   14.223   46.043    9.01   10.08   46.24
   47.01   56.39 0.77827D-09  1  0  0.01616  268.12  265.67 0.42598D+14  2.211    9.586    9.018   14.167   45.985    9.02   10.09   46.56
   47.33   56.78 0.77314D-09  1  0  0.01621  268.08  265.65 0.42550D+14  2.211    9.521    8.952   14.112   45.927    9.03   10.10   46.89
   47.66   57.17 0.76808D-09  1  0  0.01626  268.04  265.63 0.42503D+14  2.211    9.456    8.888   14.057   45.869    9.03   10.10   47.21
   47.98   57.56 0.76308D-09  1  0  0.01631  268.00  265.61 0.42456D+14  2.212    9.393    8.824   14.002   45.812    9.04   10.11   47.53
   48.30   57.94 0.75815D-09  1  0  0.01636  267.96  265.58 0.42410D+14  2.212    9.330    8.761   13.947   45.755    9.05   10.12   47.86
   48.62   58.33 0.75329D-09  1  0  0.01641  267.92  265.56 0.42364D+14  2.213    9.268    8.699   13.892   45.698    9.05   10.13   48.18
   48.94   58.72 0.74849D-09  1  0  0.01646  267.88  265.54 0.42318D+14  2.213    9.207    8.638   13.838   45.642    9.06   10.13   48.50
   49.27   59.11 0.74375D-09  1  0  0.01651  267.84  265.51 0.42273D+14  2.213    9.146    8.578   13.784   45.585    9.07   10.14   48.83
   49.59   59.50 0.73908D-09  1  0  0.01656  267.80  265.49 0.42228D+14  2.214    9.086    8.518   13.730   45.530    9.08   10.15   49.15
   49.91   59.89 0.73446D-09  1  0  0.01662  267.75  265.47 0.42184D+14  2.214    9.028    8.460   13.677   45.474    9.08   10.16   49.47
   50.23   60.28 0.72990D-09  1  0  0.01667  267.71  265.44 0.42140D+14  2.214    8.969    8.402   13.624   45.419    9.09   10.16   49.80
   50.55   60.67 0.72541D-09  1  0  0.01672  267.67  265.42 0.42096D+14  2.215    8.912    8.344   13.571   45.363    9.10   10.17   50.12
   50.88   61.06 0.72097D-09  1  0  0.01677  267.63  265.40 0.42053D+14  2.215    8.855    8.288   13.518   45.308    9.10   10.18   50.45
   51.20   61.45 0.71658D-09  1  0  0.01683  267.59  265.37 0.42011D+14  2.215    8.799    8.232   13.465   45.254    9.11   10.18   50.77
   51.52   61.83 0.71225D-09  1  0  0.01688  267.55  265.35 0.41968D+14  2.216    8.744    8.177   13.413   45.199    9.12   10.19   51.09
   51.84   62.22 0.70797D-09  1  0  0.01693  267.51  265.32 0.41926D+14  2.216    8.690    8.122   13.360   45.145    9.12   10.20   51.42
   52.16   62.61 0.70375D-09  1  0  0.01699  267.47  265.30 0.41885D+14  2.216    8.636    8.068   13.308   45.091    9.13   10.21   51.74
   52.49   63.00 0.69958D-09  1  0  0.01704  267.43  265.27 0.41844D+14  2.217    8.582    8.015   13.256   45.038    9.14   10.21   52.06
   52.81   63.39 0.69546D-09  1  0  0.01710  267.39  265.25 0.41803D+14  2.217    8.530    7.962   13.205   44.984    9.14   10.22   52.39
   53.13   63.78 0.69139D-09  1  0  0.01715  267.34  265.22 0.41763D+14  2.217    8.478    7.911   13.153   44.931    9.15   10.23   52.71
   53.45   64.17 0.68737D-09  1  0  0.01721  267.30  265.20 0.41723D+14  2.218    8.426    7.859   13.102   44.878    9.16   10.24   53.03
   53.77   64.56 0.68339D-09  1  0  0.01727  267.26  265.17 0.41683D+14  2.218    8.376    7.809   13.051   44.825    9.16   10.24   53.36
   54.10   64.95 0.67947D-09  1  0  0.01732  267.22  265.15 0.41644D+14  2.219    8.326    7.759   13.000   44.772    9.17   10.25   53.68
   54.42   65.34 0.67559D-09  1  0  0.01738  267.18  265.12 0.41605D+14  2.219    8.276    7.709   12.949   44.720    9.18   10.26   54.01
   54.74   65.73 0.67175D-09  1  0  0.01743  267.14  265.10 0.41567D+14  2.219    8.227    7.660   12.898   44.667    9.18   10.27   54.33
   55.06   66.11 0.66796D-09  1  0  0.01749  267.09  265.07 0.41529D+14  2.220    8.179    7.612   12.848   44.615    9.19   10.27   54.65
   55.38   66.50 0.66422D-09  1  0  0.01755  267.05  265.05 0.41491D+14  2.220    8.131    7.564   12.798   44.563    9.20   10.28   54.98
   55.71   66.89 0.66052D-09  1  0  0.01761  267.01  265.02 0.41454D+14  2.220    8.083    7.517   12.748   44.512    9.20   10.29   55.30
   56.03   67.28 0.65686D-09  1  0  0.01767  266.97  265.00 0.41417D+14  2.221    8.037    7.470   12.698   44.460    9.21   10.30   55.62
   56.35   67.67 0.65324D-09  1  0  0.01772  266.93  264.97 0.41380D+14  2.221    7.990    7.424   12.648   44.409    9.21   10.30   55.95
   56.67   68.06 0.64967D-09  1  0  0.01778  266.88  264.94 0.41344D+14  2.221    7.945    7.378   12.598   44.358    9.22   10.31   56.27
   56.99   68.45 0.64613D-09  1  0  0.01784  266.84  264.92 0.41309D+14  2.222    7.899    7.333   12.548   44.306    9.23   10.32   56.60
   57.32   68.84 0.64264D-09  1  0  0.01790  266.80  264.89 0.41273D+14  2.222    7.855    7.289   12.499   44.256    9.23   10.33   56.92
   57.64   69.23 0.63918D-09  1  0  0.01796  266.75  264.86 0.41238D+14  2.223    7.811    7.244   12.450   44.205    9.24   10.33   57.24
   57.96   69.62 0.63576D-09  1  0  0.01802  266.71  264.84 0.41203D+14  2.223    7.767    7.201   12.401   44.154    9.25   10.34   57.57
   58.28   70.01 0.63238D-09  1  0  0.01808  266.67  264.81 0.41169D+14  2.223    7.724    7.158   12.352   44.104    9.25   10.35   57.89
   58.60   70.40 0.62904D-09  1  0  0.01815  266.63  264.78 0.41135D+14  2.224    7.681    7.115   12.303   44.054    9.26   10.36   58.21
   58.93   70.78 0.62573D-09  1  0  0.01821  266.58  264.76 0.41101D+14  2.224    7.638    7.073   12.254   44.004    9.26   10.36   58.54
   59.25   71.17 0.62246D-09  1  0  0.01827  266.54  264.73 0.41068D+14  2.224    7.597    7.031   12.205   43.954    9.27   10.37   58.86
   59.57   71.56 0.61922D-09  1  0  0.01833  266.50  264.70 0.41035D+14  2.225    7.555    6.990   12.157   43.904    9.28   10.38   59.19
   59.89   71.95 0.61602D-09  1  0  0.01840  266.45  264.68 0.41003D+14  2.225    7.514    6.949   12.108   43.854    9.28   10.39   59.51
   60.21   72.34 0.61286D-09  1  0  0.01846  266.41  264.65 0.40971D+14  2.226    7.474    6.908   12.060   43.805    9.29   10.39   59.83
   60.54   72.73 0.60972D-09  1  0  0.01852  266.36  264.62 0.40939D+14  2.226    7.434    6.868   12.012   43.756    9.30   10.40   60.16
   60.86   73.12 0.60663D-09  1  0  0.01859  266.32  264.59 0.40907D+14  2.226    7.394    6.829   11.963   43.706    9.30   10.41   60.48
   61.18   73.51 0.60356D-09  1  0  0.01865  266.28  264.57 0.40876D+14  2.227    7.355    6.789   11.915   43.657    9.31   10.42   60.81
   61.50   73.90 0.60052D-09  1  0  0.01872  266.23  264.54 0.40846D+14  2.227    7.316    6.751   11.867   43.608    9.31   10.42   61.13
   61.82   74.29 0.59752D-09  1  0  0.01878  266.19  264.51 0.40815D+14  2.228    7.277    6.712   11.820   43.559    9.32   10.43   61.45
   62.15   74.68 0.59455D-09  1  0  0.01885  266.14  264.48 0.40785D+14  2.228    7.239    6.674   11.772   43.511    9.32   10.44   61.78
   62.47   75.07 0.59161D-09  1  0  0.01891  266.10  264.45 0.40756D+14  2.228    7.202    6.637   11.724   43.462    9.33   10.45   62.10
   62.79   75.46 0.58870D-09  1  0  0.01898  266.06  264.43 0.40726D+14  2.229    7.164    6.599   11.676   43.414    9.34   10.45   62.43
   63.11   75.85 0.58582D-09  1  0  0.01905  266.01  264.40 0.40697D+14  2.229    7.127    6.563   11.629   43.365    9.34   10.46   62.75
   63.43   76.23 0.58296D-09  1  0  0.01912  265.97  264.37 0.40669D+14  2.229    7.091    6.526   11.581   43.317    9.35   10.47   63.08
   63.76   76.62 0.58014D-09  1  0  0.01918  265.92  264.34 0.40641D+14  2.230    7.054    6.490   11.534   43.269    9.35   10.48   63.40
   64.08   77.01 0.57735D-09  1  0  0.01925  265.88  264.31 0.40613D+14  2.230    7.019    6.454   11.487   43.221    9.36   10.48   63.72
   64.40   77.40 0.57458D-09  1  0  0.01932  265.83  264.28 0.40585D+14  2.231    6.983    6.419   11.440   43.173    9.37   10.49   64.05
   64.72   77.79 0.57184D-09  1  0  0.01939  265.79  264.25 0.40558D+14  2.231    6.948    6.384   11.392   43.125    9.37   10.50   64.37
   65.04   78.18 0.56913D-09  1  0  0.01946  265.74  264.22 0.40531D+14  2.231    6.913    6.349   11.345   43.077    9.38   10.51   64.70
   65.37   78.57 0.56644D-09  1  0  0.01953  265.70  264.19 0.40505D+14  2.232    6.879    6.315   11.298   43.029    9.38   10.51   65.02
   65.69   78.96 0.56379D-09  1  0  0.01960  265.65  264.16 0.40479D+14  2.232    6.845    6.281   11.251   42.982    9.39   10.52   65.34
   66.01   79.35 0.56115D-09  1  0  0.01967  265.60  264.13 0.40453D+14  2.233    6.811    6.247   11.204   42.934    9.40   10.53   65.67
   66.33   79.74 0.55855D-09  1  0  0.01975  265.56  264.11 0.40428D+14  2.233    6.777    6.214   11.157   42.887    9.40   10.54   65.99
   66.65   80.13 0.55596D-09  1  0  0.01982  265.51  264.08 0.40403D+14  2.233    6.744    6.181   11.111   42.840    9.41   10.55   66.32
   66.98   80.52 0.55341D-09  1  0  0.01989  265.47  264.05 0.40378D+14  2.234    6.711    6.148   11.064   42.792    9.41   10.55   66.64
   67.30   80.91 0.55087D-09  1  0  0.01996  265.42  264.02 0.40354D+14  2.234    6.679    6.115   11.017   42.745    9.42   10.56   66.97
   67.62   81.30 0.54837D-09  1  0  0.02004  265.37  263.99 0.40330D+14  2.235    6.647    6.083   10.970   42.698    9.42   10.57   67.29
   67.94   81.69 0.54588D-09  1  0  0.02011  265.33  263.95 0.40307D+14  2.235    6.615    6.051   10.924   42.651    9.43   10.58   67.62
   68.26   82.08 0.54342D-09  1  0  0.02019  265.28  263.92 0.40283D+14  2.235    6.583    6.020   10.877   42.604    9.44   10.58   67.94
   68.59   82.47 0.54098D-09  1  0  0.02026  265.23  263.89 0.40261D+14  2.236    6.552    5.989   10.830   42.557    9.44   10.59   68.26
   68.91   82.86 0.53857D-09  1  0  0.02034  265.19  263.86 0.40238D+14  2.236    6.521    5.958   10.784   42.510    9.45   10.60   68.59
   69.23   83.24 0.53617D-09  1  0  0.02041  265.14  263.83 0.40216D+14  2.237    6.490    5.927   10.737   42.463    9.45   10.61   68.91
   69.55   83.63 0.53380D-09  1  0  0.02049  265.09  263.80 0.40194D+14  2.237    6.459    5.897   10.691   42.417    9.46   10.62   69.24
   69.87   84.02 0.53145D-09  1  0  0.02057  265.05  263.77 0.40173D+14  2.237    6.429    5.866   10.644   42.370    9.46   10.62   69.56
   70.20   84.41 0.52913D-09  1  0  0.02065  265.00  263.74 0.40152D+14  2.238    6.399    5.837   10.598   42.324    9.47   10.63   69.89
   70.52   84.80 0.52682D-09  1  0  0.02073  264.95  263.71 0.40131D+14  2.238    6.370    5.807   10.551   42.277    9.47   10.64   70.21
   70.84   85.19 0.52454D-09  1  0  0.02081  264.90  263.68 0.40111D+14  2.239    6.340    5.778   10.505   42.230    9.48   10.65   70.54
   71.16   85.58 0.52227D-09  1  0  0.02089  264.86  263.64 0.40091D+14  2.239    6.311    5.749   10.458   42.184    9.49   10.65   70.86
   71.48   85.97 0.52003D-09  1  0  0.02097  264.81  263.61 0.40072D+14  2.240    6.282    5.720   10.412   42.138    9.49   10.66   71.19
   71.81   86.36 0.51781D-09  1  0  0.02105  264.76  263.58 0.40053D+14  2.240    6.253    5.691   10.365   42.091    9.50   10.67   71.51
   72.13   86.75 0.51560D-09  1  0  0.02113  264.71  263.55 0.40034D+14  2.240    6.225    5.663   10.319   42.045    9.50   10.68   71.83
   72.45   87.14 0.51342D-09  1  0  0.02121  264.66  263.52 0.40015D+14  2.241    6.197    5.635   10.272   41.999    9.51   10.69   72.16
   72.77   87.53 0.51125D-09  1  0  0.02129  264.62  263.48 0.39997D+14  2.241    6.169    5.607   10.226   41.952    9.51   10.69   72.48
   73.09   87.92 0.50911D-09  1  0  0.02138  264.57  263.45 0.39980D+14  2.242    6.141    5.580   10.180   41.906    9.52   10.70   72.81
   73.42   88.31 0.50698D-09  1  0  0.02146  264.52  263.42 0.39963D+14  2.242    6.114    5.552   10.133   41.860    9.53   10.71   73.13
   73.74   88.70 0.50487D-09  1  0  0.02155  264.47  263.39 0.39946D+14  2.243    6.087    5.525   10.087   41.814    9.53   10.72   73.46
   74.06   89.09 0.50278D-09  1  0  0.02163  264.42  263.35 0.39929D+14  2.243    6.060    5.498   10.040   41.768    9.54   10.73   73.78
   74.38   89.48 0.50071D-09  1  0  0.02172  264.37  263.32 0.39913D+14  2.243    6.033    5.472    9.994   41.722    9.54   10.73   74.11
   74.70   89.87 0.49866D-09  1  0  0.02180  264.32  263.29 0.39898D+14  2.244    6.007    5.445    9.947   41.676    9.55   10.74   74.43
   75.03   90.26 0.49662D-09  1  0  0.02189  264.27  263.25 0.39882D+14  2.244    5.980    5.419    9.901   41.630    9.55   10.75   74.76
   75.35   90.65 0.49460D-09  1  0  0.02198  264.22  263.22 0.39868D+14  2.245    5.954    5.393    9.854   41.583    9.56   10.76   75.08
   75.67   91.04 0.49260D-09  1  0  0.02207  264.17  263.19 0.39853D+14  2.245    5.928    5.367    9.808   41.537    9.56   10.77   75.41
   75.99   91.43 0.49062D-09  1  0  0.02216  264.12  263.15 0.39839D+14  2.246    5.903    5.342    9.761   41.491    9.57   10.78   75.73
   76.31   91.82 0.48865D-09  1  0  0.02225  264.07  263.12 0.39825D+14  2.246    5.877    5.317    9.714   41.445    9.58   10.78   76.06
   76.64   92.21 0.48670D-09  1  0  0.02234  264.02  263.09 0.39812D+14  2.246    5.852    5.292    9.668   41.399    9.58   10.79   76.38
   76.96   92.60 0.48476D-09  1  0  0.02243  263.97  263.05 0.39799D+14  2.247    5.827    5.267    9.621   41.353    9.59   10.80   76.71
   77.28   92.99 0.48284D-09  1  0  0.02252  263.92  263.02 0.39787D+14  2.247    5.802    5.242    9.574   41.307    9.59   10.81   77.03
   77.60   93.38 0.48094D-09  1  0  0.02261  263.87  262.98 0.39775D+14  2.248    5.778    5.217    9.528   41.261    9.60   10.82   77.36
   77.92   93.77 0.47905D-09  1  0  0.02271  263.82  262.95 0.39763D+14  2.248    5.753    5.193    9.481   41.215    9.60   10.83   77.69
   78.25   94.16 0.47718D-09  1  0  0.02280  263.77  262.91 0.39752D+14  2.249    5.729    5.169    9.434   41.169    9.61   10.83   78.01
   78.57   94.55 0.47533D-09  1  0  0.02290  263.72  262.88 0.39741D+14  2.249    5.705    5.145    9.387   41.123    9.62   10.84   78.34
   78.89   94.94 0.47349D-09  1  0  0.02299  263.67  262.84 0.39731D+14  2.250    5.681    5.121    9.340   41.077    9.62   10.85   78.66
   79.21   95.33 0.47166D-09  1  0  0.02309  263.61  262.81 0.39721D+14  2.250    5.657    5.098    9.293   41.031    9.63   10.86   78.99
   79.53   95.72 0.46985D-09  1  0  0.02319  263.56  262.77 0.39712D+14  2.250    5.634    5.074    9.246   40.985    9.63   10.87   79.31
   79.86   96.11 0.46805D-09  1  0  0.02328  263.51  262.74 0.39703D+14  2.251    5.611    5.051    9.199   40.939    9.64   10.88   79.64
   80.18   96.50 0.46627D-09  1  0  0.02338  263.46  262.70 0.39694D+14  2.251    5.588    5.028    9.152   40.893    9.64   10.88   79.96
   80.50   96.89 0.46450D-09  1  0  0.02348  263.41  262.67 0.39686D+14  2.252    5.565    5.006    9.104   40.847    9.65   10.89   80.29
   80.82   97.28 0.46275D-09  1  0  0.02358  263.35  262.63 0.39678D+14  2.252    5.542    4.983    9.057   40.801    9.66   10.90   80.61
   81.14   97.67 0.46101D-09  1  0  0.02368  263.30  262.60 0.39671D+14  2.253    5.519    4.960    9.010   40.755    9.66   10.91   80.94
   81.47   98.06 0.45929D-09  1  0  0.02379  263.25  262.56 0.39664D+14  2.253    5.497    4.938    8.962   40.709    9.67   10.92   81.27
   81.79   98.45 0.45757D-09  1  0  0.02389  263.19  262.52 0.39658D+14  2.254    5.475    4.916    8.915   40.663    9.67   10.93   81.59
   82.11   98.84 0.45587D-09  1  0  0.02399  263.14  262.49 0.39652D+14  2.254    5.453    4.894    8.867   40.616    9.68   10.94   81.92
   82.43   99.23 0.45419D-09  1  0  0.02410  263.09  262.45 0.39647D+14  2.255    5.431    4.872    8.819   40.570    9.68   10.95   82.24
   82.75   99.62 0.45252D-09  1  0  0.02420  263.03  262.41 0.39642D+14  2.255    5.409    4.851    8.772   40.524    9.69   10.95   82.57
   83.08  100.01 0.45086D-09  1  0  0.02431  262.98  262.38 0.39637D+14  2.256    5.387    4.829    8.724   40.477    9.70   10.96   82.90
   83.40  100.41 0.44921D-09  1  0  0.02442  262.93  262.34 0.39633D+14  2.256    5.366    4.808    8.676   40.431    9.70   10.97   83.22
   83.72  100.80 0.44758D-09  1  0  0.02453  262.87  262.30 0.39630D+14  2.257    5.345    4.787    8.628   40.385    9.71   10.98   83.55
   84.04  101.19 0.44596D-09  1  0  0.02464  262.82  262.26 0.39627D+14  2.257    5.324    4.766    8.579   40.338    9.71   10.99   83.87
   84.36  101.58 0.44435D-09  1  0  0.02475  262.76  262.23 0.39625D+14  2.257    5.303    4.745    8.531   40.292    9.72   11.00   84.20
   84.69  101.97 0.44275D-09  1  0  0.02486  262.71  262.19 0.39623D+14  2.258    5.282    4.724    8.483   40.245    9.72   11.01   84.53
   85.01  102.36 0.44117D-09  1  0  0.02497  262.65  262.15 0.39621D+14  2.258    5.261    4.704    8.434   40.198    9.73   11.02   84.85
   85.33  102.75 0.43959D-09  1  0  0.02508  262.60  262.11 0.39620D+14  2.259    5.241    4.683    8.386   40.152    9.74   11.03   85.18
   85.65  103.14 0.43803D-09  1  0  0.02519  262.54  262.07 0.39620D+14  2.259    5.220    4.663    8.337   40.105    9.74   11.04   85.51
   85.97  103.53 0.43648D-09  1  0  0.02531  262.49  262.04 0.39620D+14  2.260    5.200    4.643    8.288   40.058    9.75   11.04   85.83
   86.30  103.92 0.43495D-09  1  0  0.02543  262.43  262.00 0.39620D+14  2.260    5.180    4.623    8.239   40.011    9.75   11.05   86.16
   86.62  104.31 0.43342D-09  1  0  0.02554  262.37  261.96 0.39622D+14  2.261    5.160    4.603    8.190   39.964    9.76   11.06   86.49
   86.94  104.70 0.43191D-09  1  0  0.02566  262.32  261.92 0.39623D+14  2.261    5.141    4.584    8.141   39.917    9.77   11.07   86.81
   87.26  105.09 0.43040D-09  1  0  0.02578  262.26  261.88 0.39625D+14  2.262    5.121    4.564    8.092   39.870    9.77   11.08   87.14
   87.58  105.49 0.42891D-09  1  0  0.02590  262.20  261.84 0.39628D+14  2.262    5.101    4.545    8.042   39.823    9.78   11.09   87.47
   87.91  105.88 0.42743D-09  1  0  0.02602  262.15  261.80 0.39632D+14  2.263    5.082    4.526    7.993   39.776    9.78   11.10   87.79
   88.23  106.27 0.42596D-09  1  0  0.02614  262.09  261.76 0.39636D+14  2.263    5.063    4.507    7.943   39.728    9.79   11.11   88.12
   88.55  106.66 0.42450D-09  1  0  0.02627  262.03  261.72 0.39640D+14  2.264    5.044    4.488    7.893   39.681    9.80   11.12   88.45
   88.87  107.05 0.42305D-09  1  0  0.02639  261.97  261.68 0.39645D+14  2.264    5.025    4.469    7.843   39.633    9.80   11.13   88.78
   89.19  107.44 0.42161D-09  1  0  0.02652  261.92  261.64 0.39651D+14  2.265    5.006    4.450    7.793   39.586    9.81   11.14   89.10
   89.52  107.83 0.42018D-09  1  0  0.02664  261.86  261.60 0.39657D+14  2.265    4.987    4.432    7.743   39.538    9.81   11.15   89.43
   89.84  108.22 0.41876D-09  1  0  0.02677  261.80  261.56 0.39664D+14  2.266    4.969    4.413    7.692   39.490    9.82   11.16   89.76
   90.16  108.62 0.41736D-09  1  0  0.02690  261.74  261.52 0.39671D+14  2.266    4.950    4.395    7.642   39.442    9.83   11.17   90.09
   90.48  109.01 0.41596D-09  1  0  0.02703  261.68  261.48 0.39680D+14  2.267    4.932    4.377    7.591   39.394    9.83   11.18   90.41
   90.80  109.40 0.41457D-09  1  0  0.02716  261.62  261.44 0.39688D+14  2.268    4.914    4.359    7.540   39.346    9.84   11.19   90.74
   91.13  109.79 0.41319D-09  1  0  0.02729  261.56  261.40 0.39698D+14  2.268    4.895    4.341    7.489   39.298    9.85   11.20   91.07
   91.45  110.18 0.41183D-09  1  0  0.02743  261.50  261.35 0.39708D+14  2.269    4.877    4.323    7.438   39.249    9.85   11.21   91.40
   91.77  110.57 0.41047D-09  1  0  0.02756  261.44  261.31 0.39718D+14  2.269    4.860    4.305    7.386   39.201    9.86   11.22   91.72
   92.09  110.97 0.40912D-09  1  0  0.02770  261.38  261.27 0.39730D+14  2.270    4.842    4.287    7.334   39.152    9.86   11.23   92.05
   92.41  111.36 0.40778D-09  1  0  0.02784  261.32  261.23 0.39742D+14  2.270    4.824    4.270    7.283   39.103    9.87   11.24   92.38
   92.74  111.75 0.40645D-09  1  0  0.02798  261.26  261.19 0.39754D+14  2.271    4.807    4.253    7.231   39.055    9.88   11.25   92.71
   93.06  112.14 0.40513D-09  1  0  0.02812  261.20  261.14 0.39768D+14  2.271    4.789    4.235    7.178   39.006    9.88   11.26   93.04
   93.38  112.53 0.40381D-09  1  0  0.02826  261.14  261.10 0.39782D+14  2.272    4.772    4.218    7.126   38.956    9.89   11.27   93.37
   93.70  112.93 0.40251D-09  1  0  0.02840  261.07  261.06 0.39796D+14  2.272    4.755    4.201    7.073   38.907    9.90   11.28   93.70
   94.02  113.32 0.40122D-09  1  0  0.02855  261.01  261.01 0.39812D+14  2.273    4.738    4.184    7.020   38.858    9.90   11.29   94.02
   94.35  113.71 0.39993D-09  1  0  0.02869  260.95  260.97 0.39828D+14  2.273    4.721    4.167    6.967   38.808    9.91   11.30   94.35
   94.67  114.09 0.39866D-09  1  0  0.02884  260.89  260.93 0.39845D+14  2.274    4.704    4.151    6.914   38.759    9.92   11.31   94.67
   94.99  114.48 0.39739D-09  1  0  0.02899  260.82  260.88 0.39863D+14  2.275    4.687    4.134    6.861   38.709    9.92   11.32   94.99
   95.31  114.87 0.39613D-09  1  0  0.02914  260.76  260.84 0.39881D+14  2.275    4.671    4.118    6.807   38.659    9.93   11.33   95.31
   95.63  115.26 0.39488D-09  1  0  0.02929  260.70  260.79 0.39901D+14  2.276    4.654    4.101    6.753   38.609    9.94   11.34   95.63
   95.96  115.65 0.39364D-09  1  0  0.02944  260.63  260.75 0.39921D+14  2.276    4.638    4.085    6.699   38.558    9.94   11.36   95.96
   96.28  116.03 0.39240D-09  1  0  0.02960  260.57  260.71 0.39942D+14  2.277    4.621    4.069    6.644   38.508    9.95   11.37   96.28
   96.60  116.42 0.39118D-09  1  0  0.02975  260.50  260.66 0.39963D+14  2.277    4.605    4.053    6.590   38.457    9.96   11.38   96.60
   96.92  116.81 0.38996D-09  1  0  0.02991  260.44  260.61 0.39986D+14  2.278    4.589    4.037    6.535   38.406    9.96   11.39   96.92
   97.24  117.20 0.38875D-09  1  0  0.03007  260.37  260.57 0.40009D+14  2.279    4.573    4.021    6.480   38.355    9.97   11.40   97.24
   97.57  117.59 0.38755D-09  1  0  0.03023  260.31  260.52 0.40033D+14  2.279    4.557    4.005    6.424   38.304    9.98   11.41   97.57
   97.89  117.97 0.38635D-09  1  0  0.03040  260.24  260.48 0.40058D+14  2.280    4.541    3.989    6.369   38.252    9.99   11.42   97.89
   98.21  118.36 0.38517D-09  1  0  0.03056  260.18  260.43 0.40084D+14  2.280    4.525    3.974    6.313   38.201    9.99   11.43   98.21
   98.53  118.75 0.38399D-09  1  0  0.03073  260.11  260.38 0.40111D+14  2.281    4.510    3.958    6.256   38.149   10.00   11.45   98.53
   98.85  119.14 0.38282D-09  1  0  0.03090  260.04  260.34 0.40139D+14  2.282    4.494    3.943    6.200   38.097   10.01   11.46   98.85
   99.18  119.53 0.38166D-09  1  0  0.03106  259.97  260.29 0.40168D+14  2.282    4.478    3.927    6.143   38.045   10.01   11.47   99.18
   99.50  119.91 0.38050D-09  1  0  0.03124  259.91  260.24 0.40197D+14  2.283    4.463    3.912    6.086   37.992   10.02   11.48   99.50
   99.82  120.30 0.37936D-09  1  0  0.03141  259.84  260.20 0.40228D+14  2.283    4.448    3.897    6.029   37.940   10.03   11.49   99.82
  100.14  120.69 0.37822D-09  1  0  0.03159  259.77  260.15 0.40259D+14  2.284    4.432    3.882    5.971   37.887   10.04   11.51  100.14
  100.46  121.08 0.37708D-09  1  0  0.03176  259.70  260.10 0.40292D+14  2.285    4.417    3.867    5.913   37.834   10.04   11.52  100.46
  100.79  121.47 0.37596D-09  1  0  0.03194  259.63  260.05 0.40325D+14  2.285    4.402    3.852    5.855   37.781   10.05   11.53  100.79
  101.11  121.86 0.37484D-09  1  0  0.03212  259.56  260.00 0.40360D+14  2.286    4.387    3.837    5.796   37.727   10.06   11.54  101.11
  101.43  122.24 0.37373D-09  1  0  0.03231  259.49  259.95 0.40396D+14  2.286    4.372    3.823    5.737   37.673   10.07   11.56  101.43
  101.75  122.63 0.37262D-09  1  0  0.03249  259.42  259.90 0.40433D+14  2.287    4.358    3.808    5.678   37.619   10.08   11.57  101.75
  102.07  123.02 0.37153D-09  1  0  0.03268  259.35  259.85 0.40470D+14  2.288    4.343    3.794    5.618   37.565   10.08   11.58  102.07
  102.40  123.41 0.37044D-09  1  0  0.03287  259.28  259.81 0.40509D+14  2.288    4.328    3.779    5.558   37.510   10.09   11.59  102.40
  102.72  123.80 0.36935D-09  1  0  0.03306  259.21  259.75 0.40549D+14  2.289    4.314    3.765    5.498   37.456   10.10   11.61  102.72
  103.04  124.18 0.36828D-09  1  0  0.03325  259.13  259.70 0.40591D+14  2.290    4.299    3.750    5.437   37.401   10.11   11.62  103.04
  103.36  124.57 0.36721D-09  1  0  0.03345  259.06  259.65 0.40633D+14  2.290    4.285    3.736    5.376   37.345   10.12   11.63  103.36
  103.68  124.96 0.36614D-09  1  0  0.03365  258.99  259.60 0.40677D+14  2.291    4.270    3.722    5.314   37.290   10.12   11.65  103.68
  104.01  125.35 0.36509D-09  1  0  0.03385  258.92  259.55 0.40722D+14  2.292    4.256    3.708    5.253   37.234   10.13   11.66  104.01
  104.33  125.74 0.36404D-09  1  0  0.03405  258.84  259.50 0.40768D+14  2.292    4.242    3.694    5.190   37.177   10.14   11.67  104.33
  104.65  126.12 0.36299D-09  1  0  0.03425  258.77  259.45 0.40815D+14  2.293    4.228    3.680    5.128   37.121   10.15   11.69  104.65
  104.97  126.51 0.36196D-09  1  0  0.03446  258.69  259.40 0.40864D+14  2.294    4.214    3.666    5.065   37.064   10.16   11.70  104.97
  105.29  126.90 0.36092D-09  1  0  0.03467  258.62  259.34 0.40914D+14  2.294    4.200    3.652    5.001   37.007   10.17   11.71  105.29
  105.62  127.29 0.35990D-09  1  0  0.03488  258.54  259.29 0.40965D+14  2.295    4.186    3.639    4.937   36.950   10.17   11.73  105.62
  105.94  127.68 0.35888D-09  1  0  0.03510  258.46  259.24 0.41018D+14  2.296    4.172    3.625    4.873   36.892   10.18   11.74  105.94
  106.26  128.06 0.35787D-09  1  0  0.03531  258.39  259.18 0.41072D+14  2.296    4.159    3.612    4.808   36.834   10.19   11.76  106.26
  106.58  128.45 0.35686D-09  1  0  0.03553  258.31  259.13 0.41128D+14  2.297    4.145    3.598    4.743   36.775   10.20   11.77  106.58
  106.90  128.84 0.35586D-09  1  0  0.03576  258.23  259.07 0.41185D+14  2.298    4.131    3.585    4.678   36.717   10.21   11.79  106.90
  107.23  129.23 0.35487D-09  1  0  0.03598  258.15  259.02 0.41243D+14  2.298    4.118    3.571    4.612   36.657   10.22   11.80  107.23
  107.55  129.62 0.35388D-09  1  0  0.03621  258.07  258.96 0.41304D+14  2.299    4.104    3.558    4.545   36.598   10.23   11.82  107.55
  107.87  130.00 0.35290D-09  1  0  0.03644  257.99  258.91 0.41365D+14  2.300    4.091    3.545    4.478   36.538   10.24   11.83  107.87
  108.19  130.39 0.35192D-09  1  0  0.03667  257.91  258.85 0.41429D+14  2.301    4.077    3.532    4.410   36.478   10.25   11.85  108.19
  108.51  130.78 0.35095D-09  1  0  0.03691  257.83  258.80 0.41494D+14  2.301    4.064    3.519    4.342   36.417   10.26   11.86  108.51
  108.84  131.17 0.34999D-09  1  0  0.03715  257.75  258.74 0.41560D+14  2.302    4.051    3.506    4.274   36.356   10.27   11.88  108.84
  109.16  131.56 0.34903D-09  1  0  0.03739  257.67  258.68 0.41629D+14  2.303    4.038    3.493    4.205   36.295   10.28   11.89  109.16
  109.48  131.95 0.34808D-09  1  0  0.03764  257.58  258.62 0.41699D+14  2.303    4.025    3.480    4.135   36.233   10.29   11.91  109.48
  109.80  132.33 0.34713D-09  1  0  0.03789  257.50  258.57 0.41771D+14  2.304    4.012    3.467    4.065   36.171   10.30   11.93  109.80
  110.12  132.72 0.34619D-09  1  0  0.03814  257.42  258.51 0.41845D+14  2.305    3.999    3.454    3.994   36.108   10.31   11.94  110.12
  110.45  133.11 0.34525D-09  1  0  0.03839  257.33  258.45 0.41920D+14  2.306    3.986    3.442    3.923   36.045   10.32   11.96  110.45
  110.77  133.50 0.34432D-09  1  0  0.03865  257.25  258.39 0.41998D+14  2.306    3.973    3.429    3.851   35.982   10.33   11.98  110.77
  111.09  133.89 0.34340D-09  1  0  0.03891  257.16  258.33 0.42078D+14  2.307    3.960    3.416    3.779   35.918   10.34   11.99  111.09
  111.41  134.27 0.34248D-09  1  0  0.03918  257.07  258.27 0.42159D+14  2.308    3.947    3.404    3.706   35.853   10.35   12.01  111.41
  111.73  134.66 0.34156D-09  1  0  0.03945  256.99  258.21 0.42243D+14  2.309    3.935    3.391    3.632   35.788   10.36   12.03  111.73
  112.06  135.05 0.34065D-09  1  0  0.03972  256.90  258.15 0.42329D+14  2.310    3.922    3.379    3.558   35.723   10.37   12.04  112.06
  112.38  135.44 0.33975D-09  1  0  0.04000  256.81  258.09 0.42417D+14  2.310    3.909    3.367    3.483   35.657   10.38   12.06  112.38
  112.70  135.83 0.33885D-09  1  0  0.04028  256.72  258.02 0.42507D+14  2.311    3.897    3.354    3.407   35.590   10.39   12.08  112.70
  113.02  136.21 0.33795D-09  1  0  0.04056  256.63  257.96 0.42600D+14  2.312    3.884    3.342    3.331   35.524   10.40   12.10  113.02
  113.34  136.60 0.33706D-09  1  0  0.04085  256.54  257.90 0.42695D+14  2.313    3.872    3.330    3.254   35.456   10.41   12.12  113.34
  113.67  136.99 0.33618D-09  1  0  0.04114  256.44  257.84 0.42792D+14  2.314    3.860    3.318    3.176   35.388   10.42   12.14  113.67
  113.99  137.38 0.33530D-09  1  0  0.04143  256.35  257.77 0.42892D+14  2.315    3.847    3.306    3.098   35.320   10.44   12.15  113.99
  114.31  137.77 0.33443D-09  1  0  0.04173  256.26  257.71 0.42994D+14  2.315    3.835    3.294    3.019   35.250   10.45   12.17  114.31
  114.63  138.15 0.33356D-09  1  0  0.04204  256.16  257.64 0.43099D+14  2.316    3.823    3.282    2.939   35.181   10.46   12.19  114.63
  114.95  138.54 0.33270D-09  1  0  0.04235  256.07  257.58 0.43207D+14  2.317    3.810    3.270    2.858   35.110   10.47   12.21  114.95
  115.28  138.93 0.33184D-09  1  0  0.04266  255.97  257.51 0.43318D+14  2.318    3.798    3.258    2.777   35.040   10.48   12.23  115.28
  115.60  139.32 0.33098D-09  1  0  0.04298  255.87  257.44 0.43431D+14  2.319    3.786    3.246    2.695   34.968   10.50   12.25  115.60
  115.92  139.71 0.33013D-09  1  0  0.04330  255.77  257.38 0.43547D+14  2.320    3.774    3.234    2.612   34.896   10.51   12.27  115.92
  116.24  140.09 0.32929D-09  1  0  0.04362  255.68  257.31 0.43667D+14  2.321    3.762    3.223    2.528   34.823   10.52   12.29  116.24
  116.56  140.48 0.32845D-09  1  0  0.04396  255.58  257.24 0.43789D+14  2.321    3.750    3.211    2.444   34.750   10.54   12.32  116.56
  116.89  140.87 0.32761D-09  1  0  0.04429  255.47  257.17 0.43915D+14  2.322    3.738    3.199    2.358   34.676   10.55   12.34  116.89
  117.21  141.26 0.32678D-09  1  0  0.04463  255.37  257.10 0.44043D+14  2.323    3.726    3.188    2.272   34.601   10.56   12.36  117.21
  117.53  141.65 0.32595D-09  1  0  0.04498  255.27  257.03 0.44176D+14  2.324    3.715    3.176    2.184   34.525   10.58   12.38  117.53
  117.85  142.04 0.32513D-09  1  0  0.04533  255.16  256.96 0.44311D+14  2.325    3.703    3.165    2.096   34.449   10.59   12.40  117.85
  118.17  142.42 0.32431D-09  1  0  0.04569  255.06  256.88 0.44450D+14  2.326    3.691    3.153    2.007   34.372   10.60   12.43  118.17
  118.50  142.81 0.32350D-09  1  0  0.04605  254.95  256.81 0.44593D+14  2.327    3.679    3.142    1.917   34.295   10.62   12.45  118.50
  118.82  143.20 0.32269D-09  1  0  0.04642  254.84  256.74 0.44740D+14  2.328    3.667    3.130    1.826   34.216   10.63   12.47  118.82
  119.14  143.59 0.32189D-09  1  0  0.04679  254.74  256.66 0.44891D+14  2.329    3.656    3.119    1.734   34.137   10.65   12.50  119.14
  119.46  143.98 0.32109D-09  1  0  0.04717  254.63  256.59 0.45045D+14  2.330    3.644    3.108    1.641   34.057   10.66   12.52  119.46
  119.78  144.36 0.32029D-09  1  0  0.04756  254.51  256.51 0.45204D+14  2.331    3.633    3.096    1.547   33.976   10.68   12.55  119.78
  120.11  144.75 0.31950D-09  1  0  0.04795  254.40  256.44 0.45367D+14  2.332    3.621    3.085    1.451   33.894   10.69   12.57  120.11
  120.43  145.14 0.31872D-09  1  0  0.04835  254.29  256.36 0.45535D+14  2.333    3.609    3.074    1.355   33.812   10.71   12.60  120.43
  120.75  145.53 0.31793D-09  1  0  0.04875  254.17  256.28 0.45707D+14  2.334    3.598    3.063    1.258   33.728   10.73   12.62  120.75
  121.07  145.92 0.31716D-09  1  0  0.04917  254.06  256.20 0.45884D+14  2.335    3.586    3.052    1.159   33.644   10.74   12.65  121.07
  121.39  146.30 0.31638D-09  1  0  0.04958  253.94  256.12 0.46066D+14  2.336    3.575    3.041    1.059   33.558   10.76   12.68  121.39
  121.72  146.69 0.31561D-09  1  0  0.05001  253.82  256.04 0.46253D+14  2.337    3.564    3.030    0.958   33.472   10.78   12.70  121.72
  122.04  147.08 0.31484D-09  1  0  0.05044  253.70  255.96 0.46445D+14  2.339    3.552    3.019    0.856   33.385   10.79   12.73  122.04
  122.36  147.47 0.31408D-09  1  0  0.05088  253.58  255.88 0.46642D+14  2.340    3.541    3.007    0.752   33.297   10.81   12.76  122.36
  122.68  147.86 0.31332D-09  1  0  0.05133  253.45  255.80 0.46845D+14  2.341    3.529    2.997    0.647   33.207   10.83   12.79  122.68
  123.00  148.24 0.31257D-09  1  0  0.05179  253.33  255.71 0.47054D+14  2.342    3.518    2.986    0.541   33.117   10.85   12.82  123.00
  123.33  148.63 0.31182D-09  1  0  0.05225  253.20  255.63 0.47269D+14  2.343    3.507    2.975    0.434   33.025   10.87   12.85  123.33
  123.65  149.02 0.31107D-09  1  0  0.05272  253.07  255.54 0.47490D+14  2.344    3.496    2.964    0.325   32.933   10.88   12.88  123.65
  123.97  149.41 0.31033D-09  1  0  0.05320  252.94  255.45 0.47718D+14  2.345    3.484    2.953    0.214   32.839   10.90   12.91  123.97
  124.29  149.80 0.30959D-09  1  0  0.05369  252.81  255.36 0.47952D+14  2.347    3.473    2.942    0.102   32.744   10.92   12.94  124.29
  124.61  150.18 0.30886D-09  1  0  0.05418  252.67  256.73 0.41048D+14  2.348    3.462    2.931    0.000   32.658   10.30   13.08  124.61
  124.94  150.57 0.30813D-09  1  0  0.05469  252.54  256.67 0.41139D+14  2.349    3.451    2.920    0.000   32.658   10.31   13.08  124.94
  125.26  150.96 0.30740D-09  1  0  0.05521  252.40  256.60 0.41234D+14  2.350    3.439    2.910    0.000   32.658   10.32   13.07  125.26
  125.58  151.35 0.30668D-09  1  0  0.05573  252.26  256.53 0.41332D+14  2.352    3.428    2.899    0.000   32.658   10.33   13.06  125.58
  125.90  151.74 0.30596D-09  1  0  0.05627  252.12  256.47 0.41435D+14  2.353    3.417    2.888    0.000   32.658   10.34   13.05  125.90
  126.22  152.13 0.30524D-09  1  0  0.05681  251.97  256.40 0.41542D+14  2.354    3.406    2.877    0.000   32.658   10.35   13.05  126.22
  126.55  152.51 0.30453D-09  1  0  0.05737  251.83  256.33 0.41654D+14  2.356    3.395    2.867    0.000   32.658   10.36   13.04  126.55
  126.87  152.90 0.30382D-09  1  0  0.05793  251.68  256.26 0.41770D+14  2.357    3.383    2.856    0.000   32.658   10.37   13.03  126.87
  127.19  153.29 0.30312D-09  1  0  0.05851  251.53  256.19 0.41891D+14  2.358    3.372    2.845    0.000   32.658   10.37   13.02  127.19
  127.51  153.68 0.30242D-09  1  0  0.05910  251.38  256.11 0.42017D+14  2.360    3.361    2.834    0.000   32.658   10.38   13.02  127.51
  127.83  154.07 0.30172D-09  1  0  0.05970  251.22  256.04 0.42148D+14  2.361    3.350    2.824    0.000   32.658   10.39   13.01  127.83
  128.16  154.45 0.30102D-09  1  0  0.06031  251.06  255.97 0.42284D+14  2.363    3.339    2.813    0.000   32.658   10.41   13.00  128.16
  128.48  154.84 0.30033D-09  1  0  0.06093  250.90  255.89 0.42426D+14  2.364    3.328    2.802    0.000   32.658   10.42   12.99  128.48
  128.80  155.23 0.29964D-09  1  0  0.06157  250.74  255.81 0.42573D+14  2.366    3.316    2.792    0.000   32.658   10.43   12.98  128.80
  129.12  155.62 0.29896D-09  1  0  0.06222  250.57  255.74 0.42727D+14  2.367    3.305    2.781    0.000   32.658   10.44   12.98  129.12
  129.44  156.01 0.29828D-09  1  0  0.06289  250.40  255.66 0.42886D+14  2.369    3.294    2.770    0.000   32.658   10.45   12.97  129.44
  129.77  156.39 0.29760D-09  1  0  0.06356  250.23  255.58 0.43053D+14  2.370    3.283    2.760    0.000   32.658   10.46   12.96  129.77
  130.09  156.78 0.29693D-09  1  0  0.06426  250.05  255.49 0.43225D+14  2.372    3.272    2.749    0.000   32.658   10.47   12.95  130.09
  130.41  157.17 0.29626D-09  1  0  0.06496  249.88  255.41 0.43405D+14  2.374    3.260    2.738    0.000   32.658   10.49   12.94  130.41
  130.73  157.56 0.29559D-09  1  0  0.06569  249.69  255.33 0.43592D+14  2.375    3.249    2.728    0.000   32.658   10.50   12.93  130.73
  131.05  157.95 0.29493D-09  1  0  0.06643  249.51  255.24 0.43786D+14  2.377    3.238    2.717    0.000   32.658   10.51   12.92  131.05
  131.38  158.33 0.29427D-09  1  0  0.06718  249.32  255.15 0.43989D+14  2.379    3.227    2.706    0.000   32.658   10.53   12.92  131.38
  131.70  158.72 0.29361D-09  1  0  0.06795  249.13  255.06 0.44199D+14  2.381    3.215    2.696    0.000   32.658   10.54   12.91  131.70
  132.02  159.11 0.29296D-09  1  0  0.06874  248.93  254.97 0.44418D+14  2.382    3.204    2.685    0.000   32.658   10.56   12.90  132.02
  132.34  159.50 0.29231D-09  1  0  0.06955  248.73  254.88 0.44646D+14  2.384    3.193    2.674    0.000   32.658   10.57   12.89  132.34
  132.66  159.89 0.29166D-09  1  0  0.07038  248.53  254.79 0.44883D+14  2.386    3.181    2.664    0.000   32.658   10.59   12.88  132.66
  132.99  160.27 0.29101D-09  1  0  0.07123  248.32  254.69 0.45130D+14  2.388    3.170    2.653    0.000   32.658   10.60   12.87  132.99
  133.31  160.66 0.29037D-09  1  0  0.07209  248.11  254.59 0.45388D+14  2.390    3.158    2.642    0.000   32.658   10.62   12.86  133.31
  133.63  161.05 0.28973D-09  1  0  0.07298  247.89  254.49 0.45656D+14  2.392    3.147    2.631    0.000   32.658   10.64   12.85  133.63
  133.95  161.44 0.28910D-09  1  0  0.07389  247.67  254.39 0.45935D+14  2.394    3.135    2.620    0.000   32.658   10.65   12.84  133.95
  134.27  161.83 0.28847D-09  1  0  0.07482  247.44  254.29 0.46226D+14  2.396    3.124    2.609    0.000   32.658   10.67   12.83  134.27
  134.60  162.22 0.28784D-09  1  0  0.07578  247.21  254.19 0.46529D+14  2.399    3.112    2.598    0.000   32.658   10.69   12.82  134.60
  134.92  162.60 0.28721D-09  1  0  0.07676  246.97  254.08 0.46845D+14  2.401    3.100    2.587    0.000   32.658   10.71   12.81  134.92
  135.24  162.99 0.28659D-09  1  0  0.07776  246.72  253.97 0.47174D+14  2.403    3.088    2.576    0.000   32.658   10.73   12.80  135.24
  135.56  163.38 0.28597D-09  1  0  0.07879  246.47  253.86 0.47518D+14  2.406    3.076    2.565    0.000   32.658   10.75   12.79  135.56
  135.88  163.77 0.28535D-09  1  0  0.07985  246.22  253.74 0.47877D+14  2.408    3.064    2.554    0.000   32.658   10.77   12.78  135.88
  136.21  164.16 0.28474D-09  1  0  0.08094  245.96  253.63 0.48252D+14  2.410    3.052    2.543    0.000   32.658   10.79   12.77  136.21
  136.53  164.54 0.28413D-09  1  0  0.08205  245.69  253.51 0.48643D+14  2.413    3.040    2.532    0.000   32.658   10.81   12.76  136.53
  136.85  -98.73 0.28352D-09  1  0  0.08320  245.41  253.39 0.49016D+14  2.416    3.028    2.520   -0.062   32.606   11.13   12.77 -300.69
  137.17  111.49 0.28291D-09  1  0  0.08438  245.13  253.27 0.49443D+14  2.418    3.016    2.509   -0.252   32.448   11.16   12.83   47.85
  137.49  135.52 0.28231D-09  1  0  0.08559  244.84  253.14 0.49889D+14  2.421    3.003    2.498   -0.446   32.286   11.19   12.89   87.39
  137.82  145.01 0.28171D-09  1  0  0.08684  244.54  253.01 0.50356D+14  2.424    2.991    2.486   -0.645   32.121   11.22   12.95  102.83
  138.14  150.22 0.28111D-09  1  0  0.08812  244.23  252.88 0.50845D+14  2.427    2.978    2.474   -0.849   31.952   11.25   13.01  111.15
  138.46  153.59 0.28052D-09  1  0  0.08944  243.91  252.75 0.51357D+14  2.430    2.965    2.463   -1.058   31.779   11.29   13.07  116.42
  138.78  156.01 0.27993D-09  1  0  0.09080  243.59  252.61 0.51893D+14  2.433    2.953    2.451   -1.272   31.601   11.32   13.14  120.11
  139.10  157.86 0.27934D-09  1  0  0.09220  243.25  252.46 0.52456D+14  2.436    2.939    2.439   -1.492   31.420   11.36   13.21  122.86
  139.43  159.36 0.27875D-09  1  0  0.09365  242.91  252.32 0.53046D+14  2.440    2.926    2.427   -1.717   31.234   11.40   13.28  125.03
  139.75  160.62 0.27817D-09  1  0  0.09514  242.55  252.17 0.53666D+14  2.443    2.913    2.415   -1.948   31.043   11.43   13.35  126.79
  140.07  161.70 0.27759D-09  1  0  0.09667  242.18  252.02 0.54317D+14  2.447    2.899    2.402   -2.185   30.848   11.47   13.43  128.27
  140.39  162.66 0.27701D-09  1  0  0.09826  241.80  251.86 0.55002D+14  2.451    2.886    2.390   -2.428   30.647   11.52   13.51  129.54
  140.71  163.52 0.27644D-09  1  0  0.09990  241.41  251.70 0.55722D+14  2.454    2.872    2.377   -2.677   30.442   11.56   13.60  130.65
  141.04  164.31 0.27586D-09  1  0  0.10160  241.00  251.53 0.56481D+14  2.458    2.858    2.364   -2.933   30.231   11.60   13.68  131.64
  141.36  165.05 0.27529D-09  1  0  0.10335  240.58  251.36 0.57280D+14  2.463    2.843    2.352   -3.196   30.014   11.65   13.78  132.53
  141.68  165.73 0.27473D-09  1  0  0.10516  240.14  251.18 0.58123D+14  2.467    2.829    2.338   -3.466   29.792   11.70   13.87  133.35
  142.00  166.38 0.27416D-09  1  0  0.10704  239.69  251.00 0.59012D+14  2.471    2.814    2.325   -3.744   29.564   11.75   13.97  134.10
  142.32  167.00 0.27360D-09  1  0  0.10898  239.22  250.82 0.59952D+14  2.476    2.799    2.311   -4.029   29.330   11.80   14.07  134.80
  142.65  167.58 0.27304D-09  1  0  0.11100  238.74  250.63 0.60946D+14  2.481    2.783    2.298   -4.322   29.089   11.85   14.18  135.46
  142.97  168.15 0.27248D-09  1  0  0.11309  238.23  250.43 0.61998D+14  2.486    2.767    2.284   -4.624   28.842   11.91   14.30  136.07
  143.29  168.70 0.27193D-09  1  0  0.11526  237.70  250.23 0.63113D+14  2.491    2.751    2.269   -4.934   28.588   11.96   14.42  136.66
  143.61  169.23 0.27138D-09  1  0  0.11751  237.15  250.02 0.64295D+14  2.497    2.735    2.255   -5.253   28.326   12.02   14.54  137.21
  143.93  169.74 0.27083D-09  1  0  0.11985  236.58  249.81 0.65550D+14  2.503    2.718    2.240   -5.582   28.058   12.09   14.68  137.75
  144.26  170.24 0.27028D-09  1  0  0.12229  235.99  249.59 0.66885D+14  2.509    2.701    2.224   -5.920   27.781   12.15   14.81  138.26
  144.58  170.73 0.26974D-09  1  0  0.12483  235.36  249.36 0.68305D+14  2.515    2.683    2.209   -6.268   27.497   12.22   14.96  138.75
  144.90  171.21 0.26919D-09  1  0  0.12747  234.71  249.12 0.69817D+14  2.522    2.665    2.193   -6.626   27.205   12.29   15.11  139.22
  145.22  171.68 0.26865D-09  1  0  0.13022  234.03  248.88 0.71431D+14  2.529    2.646    2.176   -6.995   26.904   12.36   15.28  139.68
  145.54  172.14 0.26812D-09  1  0  0.13310  233.31  248.63 0.73155D+14  2.537    2.626    2.159   -7.375   26.594   12.43   15.45  140.13
  145.87  172.60 0.26758D-09  1  0  0.13610  232.56  248.36 0.74998D+14  2.544    2.606    2.142   -7.766   26.275   12.51   15.63  140.56
  146.19  173.04 0.26705D-09  1  0  0.13925  231.77  248.10 0.76973D+14  2.553    2.586    2.124   -8.170   25.946   12.59   15.82  140.97
  146.51  173.48 0.26652D-09  1  0  0.14253  230.94  247.82 0.79090D+14  2.562    2.564    2.106   -8.585   25.608   12.67   16.03  141.38
  146.83  173.92 0.26599D-09  1  0  0.14598  230.07  247.53 0.81363D+14  2.571    2.542    2.086   -9.014   25.260   12.76   16.24  141.78
  147.15  174.34 0.26546D-09  1  0  0.14960  229.14  247.23 0.83807D+14  2.581    2.519    2.067   -9.455   24.901   12.85   16.47  142.16
  147.48  174.76 0.26494D-09  1  0  0.15339  228.16  246.92 0.86438D+14  2.592    2.495    2.046   -9.909   24.532   12.94   16.72  142.54
  147.80  175.18 0.26442D-09  1  0  0.15738  227.13  246.60 0.89275D+14  2.603    2.470    2.025  -10.378   24.152   13.03   16.98  142.90
  148.12  175.58 0.26390D-09  1  0  0.16159  226.03  246.27 0.92338D+14  2.615    2.444    2.002  -10.860   23.761   13.13   17.26  143.26
  148.44  175.99 0.26339D-09  1  0  0.16602  224.86  245.93 0.95649D+14  2.628    2.417    1.979  -11.356   23.358   13.23   17.56  143.60
  148.76  176.38 0.26287D-09  1  0  0.17070  223.61  245.57 0.99231D+14  2.643    2.388    1.954  -11.867   22.944   13.33   17.88  143.94
  149.09  176.77 0.26236D-09  1  0  0.17565  222.28  245.20 0.10311D+15  2.658    2.358    1.929  -12.393   22.519   13.43   18.22  144.26
  149.41  177.15 0.26185D-09  1  0  0.18090  220.85  244.82 0.10732D+15  2.674    2.326    1.902  -12.933   22.082   13.54   18.59  144.57
  149.73  177.53 0.26134D-09  1  0  0.18646  219.33  244.43 0.11188D+15  2.692    2.292    1.873  -13.488   21.633   13.64   18.99  144.87
  150.05  177.90 0.26084D-09  1  0  0.19237  217.68  244.03 0.11682D+15  2.712    2.256    1.843  -14.057   21.173   13.74   19.41  145.16
  150.37  178.26 0.26033D-09  1  0  0.19867  215.91  243.61 0.12218D+15  2.733    2.218    1.811  -14.640   20.703   13.84   19.87  145.44
  150.70  178.61 0.25983D-09  1  0  0.20539  214.00  243.18 0.12798D+15  2.757    2.177    1.777  -15.236   20.222   13.93   20.37  145.70
  151.02  178.95 0.25933D-09  1  0  0.21258  211.92  242.75 0.13424D+15  2.783    2.133    1.740  -15.844   19.731   14.01   20.90  145.94
  151.34  179.28 0.25884D-09  1  0  0.22029  209.66  242.30 0.14097D+15  2.812    2.086    1.701  -16.462   19.233   14.08   21.48  146.17
  151.66  182.78 0.25834D-09  0  0  0.22857  207.19  241.85 0.14816D+15  2.844    2.035    1.659  -16.634   19.099  151.66  151.66  151.66
  151.98  183.17 0.25785D-09  0  0  0.23749  204.48  241.40 0.15576D+15  2.880    1.980    1.613  -16.695   19.055  151.98  151.98  151.98
  152.31  183.56 0.25736D-09  0  0  0.24714  201.50  240.95 0.16369D+15  2.921    1.920    1.564  -16.761   19.008  152.31  152.31  152.31
  152.63  183.94 0.25687D-09  0  0  0.25760  198.21  240.52 0.17177D+15  2.968    1.854    1.509  -16.832   18.956  152.63  152.63  152.63
  152.95  184.33 0.25639D-09  0  0  0.26897  194.55  240.11 0.17970D+15  3.022    1.782    1.450  -16.910   18.899  152.95  152.95  152.95
  153.27  184.72 0.25590D-09  0  0  0.28139  190.46  239.74 0.18702D+15  3.085    1.702    1.384  -16.996   18.836  153.27  153.27  153.27
  153.59  185.11 0.25542D-09  0  0  0.29501  185.87  239.45 0.19296D+15  3.158    1.612    1.311  -17.090   18.765  153.59  153.59  153.59
  153.92  185.50 0.25494D-09  0  0  0.31000  180.68  239.26 0.19641D+15  3.246    1.512    1.229  -17.196   18.685  153.92  153.92  153.92
  154.24  185.89 0.25446D-09  0  0  0.32100  176.79  239.22 0.19617D+15  3.315    1.436    1.167  -17.277   18.626  154.24  154.24  154.24
  154.56  186.27 0.25399D-09  0  0  0.32100  176.79  239.22 0.19508D+15  3.315    1.434    1.164  -17.285   18.626  154.56  154.56  154.56
  154.88  186.66 0.25351D-09  0  0  0.32100  176.80  239.22 0.19399D+15  3.315    1.431    1.161  -17.294   18.626  154.88  154.88  154.88
  155.20  187.05 0.25304D-09  0  0  0.32100  176.81  239.22 0.19291D+15  3.315    1.429    1.159  -17.302   18.625  155.20  155.20  155.20
  155.53  187.44 0.25257D-09  0  0  0.32100  176.81  239.22 0.19184D+15  3.315    1.426    1.156  -17.310   18.625  155.53  155.53  155.53
  155.85  187.83 0.25210D-09  0  0  0.32100  176.82  239.21 0.19078D+15  3.315    1.424    1.154  -17.318   18.625  155.85  155.85  155.85
  156.17  188.21 0.25163D-09  0  0  0.32100  176.82  239.21 0.18972D+15  3.315    1.421    1.151  -17.326   18.625  156.17  156.17  156.17
  156.49  188.60 0.25117D-09  0  0  0.32100  176.83  239.21 0.18866D+15  3.315    1.419    1.148  -17.334   18.625  156.49  156.49  156.49
  156.81  188.99 0.25071D-09  0  0  0.32100  176.83  239.21 0.18762D+15  3.315    1.416    1.146  -17.342   18.625  156.81  156.81  156.81
  157.14  189.38 0.25025D-09  0  0  0.32100  176.84  239.20 0.18658D+15  3.315    1.414    1.143  -17.350   18.625  157.14  157.14  157.14
  157.46  189.77 0.24979D-09  0  0  0.32100  176.85  239.20 0.18554D+15  3.315    1.411    1.141  -17.358   18.625  157.46  157.46  157.46
  157.78  190.15 0.24933D-09  0  0  0.32100  176.85  239.20 0.18452D+15  3.315    1.409    1.138  -17.366   18.625  157.78  157.78  157.78
  158.10  190.54 0.24888D-09  0  0  0.32100  176.86  239.19 0.18350D+15  3.315    1.406    1.136  -17.374   18.625  158.10  158.10  158.10
  158.42  190.93 0.24843D-09  0  0  0.32100  176.86  239.19 0.18248D+15  3.314    1.404    1.133  -17.382   18.625  158.42  158.42  158.42
  158.75  191.32 0.24797D-09  0  0  0.32100  176.87  239.19 0.18147D+15  3.314    1.402    1.131  -17.390   18.625  158.75  158.75  158.75
  159.07  191.71 0.24753D-09  0  0  0.32100  176.88  239.18 0.18047D+15  3.314    1.399    1.129  -17.398   18.625  159.07  159.07  159.07
  159.39  192.09 0.24708D-09  0  0  0.32100  176.88  239.18 0.17947D+15  3.314    1.397    1.126  -17.406   18.625  159.39  159.39  159.39
  159.71  192.48 0.24663D-09  0  0  0.32100  176.89  239.17 0.17848D+15  3.314    1.394    1.124  -17.414   18.625  159.71  159.71  159.71
  160.03  192.87 0.24619D-09  0  0  0.32100  176.89  239.17 0.17750D+15  3.314    1.392    1.121  -17.421   18.625  160.03  160.03  160.03
  160.36  193.26 0.24575D-09  0  0  0.32100  176.90  239.16 0.17652D+15  3.314    1.390    1.119  -17.429   18.625  160.36  160.36  160.36
  160.68  193.65 0.24531D-09  0  0  0.32100  176.90  239.16 0.17555D+15  3.314    1.387    1.116  -17.437   18.625  160.68  160.68  160.68
  161.00  194.03 0.24487D-09  0  0  0.32100  176.91  239.16 0.17458D+15  3.314    1.385    1.114  -17.445   18.625  161.00  161.00  161.00
