R_tot = 1561.0 R_core =  1400.0  Tsurf =   100.00  g =  1.310
     Pint       etaref      pCLA   zbot_avg zbot_min zbot_max
 0.00000D+00 0.10000D+15   0.0150  143.980  143.463  144.470
 0.15000D+11 0.10000D+15   0.0150  143.671  143.156  144.122
 0.30000D+11 0.10000D+15   0.0150  143.218  142.679  143.681
 0.45000D+11 0.10000D+15   0.0150  142.744  142.180  143.283
 0.60000D+11 0.10000D+15   0.0150  142.250  141.631  142.871
 0.75000D+11 0.10000D+15   0.0150  141.734  141.020  142.445
 0.90000D+11 0.10000D+15   0.0150  141.197  140.379  142.003
 0.10500D+12 0.10000D+15   0.0150  140.637  139.707  141.545
 0.12000D+12 0.10000D+15   0.0150  140.052  139.005  141.070
 0.13500D+12 0.10000D+15   0.0150  139.443  138.270  140.578
 0.15000D+12 0.10000D+15   0.0150  138.807  137.500  140.066
 0.16500D+12 0.10000D+15   0.0150  138.143  136.693  139.534
 0.18000D+12 0.10000D+15   0.0150  137.449  135.848  138.981
 0.19500D+12 0.10000D+15   0.0150  136.724  134.964  138.404
 0.21000D+12 0.10000D+15   0.0150  135.966  134.038  137.802
 0.22500D+12 0.10000D+15   0.0150  135.172  133.066  137.174
 0.24000D+12 0.10000D+15   0.0150  134.341  132.048  136.519
 0.25500D+12 0.10000D+15   0.0150  133.470  130.982  135.833
 0.27000D+12 0.10000D+15   0.0150  132.556  129.865  135.115
 0.28500D+12 0.10000D+15   0.0150  131.599  128.697  134.361
 0.30000D+12 0.10000D+15   0.0150  130.594  127.469  133.569
 0.31500D+12 0.10000D+15   0.0150  129.540  126.183  132.736
 0.33000D+12 0.10000D+15   0.0150  128.432  124.837  131.861
 0.34500D+12 0.10000D+15   0.0150  127.269  123.430  130.941
 0.36000D+12 0.10000D+15   0.0150  126.048  121.959  129.970
 0.37500D+12 0.10000D+15   0.0150  124.766  120.413  128.945
 0.39000D+12 0.10000D+15   0.0150  123.419  118.799  127.861
 0.40500D+12 0.10000D+15   0.0150  122.004  117.113  126.720
 0.42000D+12 0.10000D+15   0.0150  120.520  115.353  125.517
 0.43500D+12 0.10000D+15   0.0150  118.962  113.518  124.246
 0.45000D+12 0.10000D+15   0.0150  117.330  111.600  122.903
 0.46500D+12 0.10000D+15   0.0150  115.620  109.600  121.485
 0.48000D+12 0.10000D+15   0.0150  113.830  107.520  119.993
 0.49500D+12 0.10000D+15   0.0150  111.960  105.359  118.426
 0.51000D+12 0.10000D+15   0.0150  110.008  103.117  116.777
 0.52500D+12 0.10000D+15   0.0150  107.975  100.796  115.046
 0.54000D+12 0.10000D+15   0.0150  105.860   98.395  113.231
 0.55500D+12 0.10000D+15   0.0150  103.666   95.910  111.333
 0.57000D+12 0.10000D+15   0.0150  101.394   93.351  109.355
 0.58500D+12 0.10000D+15   0.0150   99.047   90.722  107.304
 0.60000D+12 0.10000D+15   0.0150   96.631   88.028  105.177
 0.61500D+12 0.10000D+15   0.0150   94.149   85.275  102.978
 0.63000D+12 0.10000D+15   0.0150   91.609   82.469  100.711
 0.64500D+12 0.10000D+15   0.0150   89.016   79.619   98.385
 0.66000D+12 0.10000D+15   0.0150   86.379   76.732   96.004
 0.67500D+12 0.10000D+15   0.0150   83.706   73.818   93.578
 0.69000D+12 0.10000D+15   0.0150   81.006   70.886   91.114
 0.70500D+12 0.10000D+15   0.0150   78.289   67.945   88.621
 0.72000D+12 0.10000D+15   0.0150   75.563   65.007   86.110
 0.73500D+12 0.10000D+15   0.0150   72.839   62.081   83.588
 0.75000D+12 0.10000D+15   0.0150   70.125   59.177   81.065
 0.76500D+12 0.10000D+15   0.0150   67.433   56.306   78.551
 0.78000D+12 0.10000D+15   0.0150   64.769   53.475   76.054
 0.79500D+12 0.10000D+15   0.0150   62.143   50.696   73.582
 0.81000D+12 0.10000D+15   0.0150   59.562   47.975   71.143
 0.82500D+12 0.10000D+15   0.0150   57.035   45.322   68.743
 0.84000D+12 0.10000D+15   0.0150   54.566   42.742   66.390
 0.85500D+12 0.10000D+15   0.0150   52.161   40.243   64.088
 0.87000D+12 0.10000D+15   0.0150   49.826   37.831   61.841
 0.88500D+12 0.10000D+15   0.0150   47.564   35.509   59.653
 0.90000D+12 0.10000D+15   0.0150   45.378   33.272   57.528
 0.91500D+12 0.10000D+15   0.0150   43.271   31.129   55.465
 0.93000D+12 0.10000D+15   0.0150   41.243   29.087   53.469
 0.94500D+12 0.10000D+15   0.0150   39.297   27.147   51.549
 0.96000D+12 0.10000D+15   0.0150   37.431   25.310   49.696
 0.97500D+12 0.10000D+15   0.0150   35.646   23.577   47.907
 0.99000D+12 0.10000D+15   0.0150   33.941   21.942   46.180
 0.10050D+13 0.10000D+15   0.0150   32.313   20.395   44.516
 0.10200D+13 0.10000D+15   0.0150   30.762   18.949   42.910
 0.10350D+13 0.10000D+15   0.0150   29.288   17.604   41.361
 0.10500D+13 0.10000D+15   0.0150   27.971   16.879   39.882
 0.10650D+13 0.10000D+15   0.0150   26.880   16.508   38.567
 0.10800D+13 0.10000D+15   0.0150   25.906   16.217   37.313
 0.10950D+13 0.10000D+15   0.0150   25.007   15.969   36.096
 0.11100D+13 0.10000D+15   0.0150   24.170   15.748   34.913
 0.11250D+13 0.10000D+15   0.0150   23.389   15.547   33.779
 0.11400D+13 0.10000D+15   0.0150   22.658   15.363   32.681
 0.11550D+13 0.10000D+15   0.0150   21.973   15.193   31.614
 0.11700D+13 0.10000D+15   0.0150   21.331   15.029   30.575
 0.11850D+13 0.10000D+15   0.0150   20.728   14.872   29.565
 0.12000D+13 0.10000D+15   0.0150   20.163   14.721   28.607
