R_tot = 1561.0 R_core =  1400.0  Tsurf =   100.00  g =  1.310
   zbot    P(MPa) Hint     conv melt pCLA   Tbot     Tm     etam        k   Fcond_bot Fcond_top   Fbot     Ftop    dlid z_topTBL z_botTBL
    0.00   -0.00 0.11024D-05  0  0  0.00367  273.21  261.55 0.32290D+15  2.167    0.000    0.000    0.000    0.000    0.00    0.00    0.00
    0.32    0.39 0.11026D-06  0  0  0.00368  273.18  265.31 0.21773D+15  2.167 1398.674 1398.097 1382.340 1414.428    0.32    0.32    0.32
    0.64    0.77 0.55143D-07  0  0  0.00369  273.15  265.92 0.20397D+15  2.168  699.359  698.782  683.021  715.115    0.64    0.64    0.64
    0.97    1.16 0.36770D-07  0  0  0.00370  273.12  266.31 0.19550D+15  2.168  466.254  465.677  449.912  482.013    0.97    0.97    0.97
    1.29    1.55 0.27583D-07  0  0  0.00371  273.09  266.60 0.18931D+15  2.168  349.701  349.125  333.355  365.462    1.29    1.29    1.29
    1.61    1.94 0.22071D-07  0  0  0.00372  273.06  266.83 0.18441D+15  2.168  279.770  279.193  263.419  295.533    1.61    1.61    1.61
    1.93    2.33 0.18396D-07  0  0  0.00372  273.03  267.02 0.18036D+15  2.169  233.149  232.572  216.793  248.914    1.93    1.93    1.93
    2.25    2.71 0.15771D-07  0  0  0.00373  273.00  267.18 0.17690D+15  2.169  199.848  199.271  183.488  215.616    2.25    2.25    2.25
    2.58    3.10 0.13803D-07  0  0  0.00374  272.97  267.32 0.17387D+15  2.169  174.872  174.296  158.508  190.642    2.58    2.58    2.58
    2.90    3.49 0.12272D-07  0  0  0.00375  272.94  267.45 0.17119D+15  2.169  155.447  154.870  139.078  171.219    2.90    2.90    2.90
    3.22    3.88 0.11047D-07  0  0  0.00376  272.91  267.56 0.16877D+15  2.170  139.906  139.330  123.533  155.681    3.22    3.22    3.22
    3.54    4.27 0.10045D-07  0  0  0.00377  272.88  267.66 0.16657D+15  2.170  127.191  126.615  110.813  142.968    3.54    3.54    3.54
    3.86    4.65 0.92095D-08  0  0  0.00378  272.85  267.76 0.16455D+15  2.170  116.596  116.019  100.213  132.375    3.86    3.86    3.86
    4.19    5.04 0.85028D-08  0  0  0.00378  272.82  267.84 0.16269D+15  2.170  107.630  107.053   91.243  123.412    4.19    4.19    4.19
    4.51    5.43 0.78971D-08  0  0  0.00379  272.79  267.92 0.16096D+15  2.171   99.945   99.369   83.553  115.729    4.51    4.51    4.51
    4.83    5.82 0.73721D-08  0  0  0.00380  272.76  267.99 0.15935D+15  2.171   93.285   92.708   76.888  109.071    4.83    4.83    4.83
    5.15    6.21 0.69128D-08  0  0  0.00381  272.73  268.05 0.15783D+15  2.171   87.457   86.881   71.056  103.245    5.15    5.15    5.15
    5.47    6.59 0.65075D-08  0  0  0.00382  272.70  268.12 0.15640D+15  2.172   82.315   81.739   65.909   98.106    5.47    5.47    5.47
    5.80    6.98 0.61473D-08  0  0  0.00383  272.67  268.17 0.15505D+15  2.172   77.744   77.168   61.334   93.537    5.80    5.80    5.80
    6.12    7.37 0.58249D-08  0  0  0.00384  272.64  268.23 0.15377D+15  2.172   73.654   73.078   57.240   89.450    6.12    6.12    6.12
    6.44    7.76 0.55348D-08  0  0  0.00385  272.60  268.28 0.15256D+15  2.172   69.974   69.398   53.555   85.771    6.44    6.44    6.44
    6.76    8.15 0.52723D-08  0  0  0.00385  272.57  268.32 0.15140D+15  2.173   66.644   66.067   50.220   82.443    6.76    6.76    6.76
    7.08    8.54 0.50337D-08  0  0  0.00386  272.54  268.37 0.15029D+15  2.173   63.616   63.040   47.188   79.418    7.08    7.08    7.08
    7.41    8.92 0.48159D-08  0  0  0.00387  272.51  268.41 0.14923D+15  2.173   60.852   60.276   44.419   76.656    7.41    7.41    7.41
    7.73    9.31 0.46162D-08  0  0  0.00388  272.48  268.45 0.14821D+15  2.173   58.318   57.742   41.881   74.125    7.73    7.73    7.73
    8.05    9.70 0.44324D-08  0  1  0.00389  272.45  268.48 0.14724D+15  2.174   55.987   55.411   39.545   71.796    8.05    8.05    8.05
    8.37   10.09 0.42628D-08  0  1  0.00390  272.42  268.52 0.14630D+15  2.174   53.835   53.259   37.389   69.646    8.37    8.37    8.37
    8.69   10.48 0.41058D-08  0  1  0.00391  272.39  268.55 0.14539D+15  2.174   51.842   51.267   35.392   67.656    8.69    8.69    8.69
    9.02   10.86 0.39600D-08  0  1  0.00392  272.36  268.58 0.14452D+15  2.174   49.992   49.416   33.537   65.808    9.02    9.02    9.02
    9.34   11.25 0.38242D-08  0  1  0.00393  272.33  268.61 0.14367D+15  2.175   48.270   47.694   31.810   64.088    9.34    9.34    9.34
    9.66   11.64 0.36975D-08  0  1  0.00394  272.29  268.64 0.14286D+15  2.175   46.662   46.086   30.198   62.483    9.66    9.66    9.66
    9.98   12.03 0.35790D-08  0  1  0.00395  272.26  268.66 0.14207D+15  2.175   45.158   44.582   28.689   60.981    9.98    9.98    9.98
   10.30   12.42 0.34679D-08  0  1  0.00395  272.23  268.69 0.14130D+15  2.175   43.748   43.172   27.274   59.573   10.30   10.30   10.30
   10.63   12.80 0.33635D-08  0  1  0.00396  272.20  268.71 0.14055D+15  2.176   42.423   41.848   25.945   58.251   10.63   10.63   10.63
   10.95   13.19 0.32652D-08  0  1  0.00397  272.17  268.73 0.13983D+15  2.176   41.177   40.601   24.694   57.007   10.95   10.95   10.95
   11.27   13.58 0.31726D-08  0  1  0.00398  272.14  268.75 0.13913D+15  2.176   40.001   39.426   23.514   55.833   11.27   11.27   11.27
   11.59   13.97 0.30851D-08  0  1  0.00399  272.11  268.77 0.13845D+15  2.177   38.891   38.316   22.399   54.726   11.59   11.59   11.59
   11.91   14.36 0.30023D-08  0  1  0.00400  272.08  268.79 0.13778D+15  2.177   37.841   37.266   21.345   53.678   11.91   11.91   11.91
   12.24   14.74 0.29239D-08  0  1  0.00401  272.04  268.81 0.13713D+15  2.177   36.846   36.271   20.345   52.685   12.24   12.24   12.24
   12.56   15.13 0.28495D-08  0  1  0.00402  272.01  268.82 0.13650D+15  2.177   35.902   35.327   19.397   51.744   12.56   12.56   12.56
   12.88   15.52 0.27789D-08  0  1  0.00403  271.98  268.84 0.13588D+15  2.178   35.005   34.430   18.496   50.849   12.88   12.88   12.88
   13.20   15.91 0.27117D-08  0  1  0.00404  271.95  268.85 0.13528D+15  2.178   34.153   33.577   17.638   49.999   13.20   13.20   13.20
   13.52   16.30 0.26476D-08  0  1  0.00405  271.92  268.87 0.13469D+15  2.178   33.340   32.765   16.821   49.189   13.52   13.52   13.52
   13.85   16.68 0.25866D-08  0  1  0.00406  271.89  268.88 0.13411D+15  2.178   32.566   31.990   16.042   48.416   13.85   13.85   13.85
   14.17   17.07 0.25283D-08  0  1  0.00407  271.85  268.89 0.13355D+15  2.179   31.826   31.251   15.298   47.679   14.17   14.17   14.17
   14.49   17.46 0.24727D-08  0  1  0.00408  271.82  268.90 0.13300D+15  2.179   31.120   30.545   14.587   46.975   14.49   14.49   14.49
   14.81   17.85 0.24194D-08  0  1  0.00409  271.79  268.91 0.13246D+15  2.179   30.444   29.869   13.907   46.302   14.81   14.81   14.81
   15.13   18.24 0.23684D-08  0  1  0.00410  271.76  268.92 0.13193D+15  2.180   29.797   29.222   13.255   45.657   15.13   15.13   15.13
   15.46   18.63 0.23196D-08  0  1  0.00411  271.73  268.93 0.13142D+15  2.180   29.177   28.602   12.630   45.039   15.46   15.46   15.46
   15.78   19.01 0.22727D-08  0  1  0.00412  271.70  268.94 0.13091D+15  2.180   28.582   28.007   12.031   44.447   15.78   15.78   15.78
   16.10   19.40 0.22277D-08  0  1  0.00413  271.66  268.95 0.13041D+15  2.180   28.011   27.436   11.455   43.878   16.10   16.10   16.10
   16.42   19.79 0.21845D-08  0  1  0.00414  271.63  268.95 0.12992D+15  2.181   27.462   26.888   10.902   43.332   16.42   16.42   16.42
   16.74   19.79 0.21429D-08  1  0  0.00415  271.60  268.96 0.12944D+15  2.181   26.935   26.360   10.602   43.034   10.03   14.43   16.10
   17.07   20.18 0.21029D-08  1  0  0.00416  271.57  268.97 0.12897D+15  2.181   26.427   25.853   10.493   42.923   10.05   14.36   16.42
   17.39   20.57 0.20644D-08  1  0  0.00417  271.54  268.97 0.12851D+15  2.181   25.938   25.364   10.387   42.814   10.08   14.29   16.75
   17.71   20.96 0.20273D-08  1  0  0.00418  271.50  268.98 0.12806D+15  2.182   25.467   24.893   10.282   42.708   10.10   14.23   17.07
   18.03   21.35 0.19915D-08  1  0  0.00419  271.47  268.98 0.12761D+15  2.182   25.013   24.439   10.179   42.603   10.12   14.18   17.40
   18.35   21.74 0.19570D-08  1  0  0.00420  271.44  268.98 0.12717D+15  2.182   24.575   24.000   10.079   42.501   10.14   14.12   17.72
   18.68   22.13 0.19236D-08  1  0  0.00421  271.41  268.99 0.12674D+15  2.183   24.152   23.577    9.980   42.401   10.16   14.07   18.05
   19.00   22.52 0.18914D-08  1  0  0.00422  271.38  268.99 0.12632D+15  2.183   23.743   23.168    9.884   42.302   10.18   14.02   18.37
   19.32   22.91 0.18603D-08  1  0  0.00423  271.34  268.99 0.12590D+15  2.183   23.348   22.773    9.789   42.206   10.20   13.98   18.70
   19.64   23.30 0.18302D-08  1  0  0.00424  271.31  268.99 0.12549D+15  2.183   22.965   22.391    9.696   42.111   10.22   13.94   19.02
   19.96   23.69 0.18010D-08  1  0  0.00425  271.28  269.00 0.12508D+15  2.184   22.595   22.021    9.604   42.018   10.23   13.90   19.35
   20.29   24.08 0.17728D-08  1  0  0.00426  271.25  269.00 0.12469D+15  2.184   22.237   21.663    9.514   41.926   10.25   13.86   19.67
   20.61   24.47 0.17454D-08  1  0  0.00428  271.21  269.00 0.12429D+15  2.184   21.890   21.316    9.426   41.837   10.27   13.83   20.00
   20.93   24.86 0.17190D-08  1  0  0.00429  271.18  269.00 0.12391D+15  2.184   21.554   20.980    9.339   41.748   10.29   13.79   20.32
   21.25   25.25 0.16933D-08  1  0  0.00430  271.15  269.00 0.12353D+15  2.185   21.228   20.654    9.254   41.661   10.31   13.76   20.65
   21.57   25.64 0.16683D-08  1  0  0.00431  271.12  269.00 0.12315D+15  2.185   20.911   20.337    9.170   41.576   10.32   13.73   20.97
   21.90   26.03 0.16441D-08  1  0  0.00432  271.08  269.00 0.12278D+15  2.185   20.604   20.030    9.088   41.492   10.34   13.71   21.30
   22.22   26.42 0.16206D-08  1  0  0.00433  271.05  268.99 0.12241D+15  2.186   20.306   19.732    9.006   41.409   10.36   13.68   21.62
   22.54   26.81 0.15978D-08  1  0  0.00434  271.02  268.99 0.12205D+15  2.186   20.016   19.442    8.926   41.328   10.37   13.65   21.95
   22.86   27.20 0.15756D-08  1  0  0.00435  270.99  268.99 0.12170D+15  2.186   19.735   19.161    8.847   41.248   10.39   13.63   22.28
   23.18   27.59 0.15541D-08  1  0  0.00436  270.95  268.99 0.12135D+15  2.186   19.461   18.887    8.770   41.169   10.40   13.61   22.60
   23.51   27.98 0.15331D-08  1  0  0.00437  270.92  268.99 0.12100D+15  2.187   19.195   18.621    8.693   41.091   10.42   13.59   22.93
   23.83   28.37 0.15127D-08  1  0  0.00439  270.89  268.98 0.12066D+15  2.187   18.936   18.362    8.618   41.015   10.44   13.57   23.25
   24.15   28.76 0.14928D-08  1  0  0.00440  270.86  268.98 0.12032D+15  2.187   18.684   18.110    8.544   40.939   10.45   13.55   23.58
   24.47   29.15 0.14735D-08  1  0  0.00441  270.82  268.98 0.11999D+15  2.188   18.438   17.864    8.471   40.865   10.46   13.53   23.90
   24.79   29.54 0.14547D-08  1  0  0.00442  270.79  268.97 0.11966D+15  2.188   18.199   17.625    8.398   40.791   10.48   13.51   24.23
   25.12   29.93 0.14363D-08  1  0  0.00443  270.76  268.97 0.11933D+15  2.188   17.966   17.392    8.327   40.719   10.49   13.50   24.56
   25.44   30.32 0.14184D-08  1  0  0.00444  270.72  268.96 0.11901D+15  2.188   17.739   17.165    8.257   40.648   10.51   13.48   24.88
   25.76   30.71 0.14010D-08  1  0  0.00445  270.69  268.96 0.11869D+15  2.189   17.517   16.944    8.188   40.577   10.52   13.47   25.21
   26.08   31.10 0.13840D-08  1  0  0.00447  270.66  268.95 0.11838D+15  2.189   17.301   16.728    8.119   40.508   10.54   13.45   25.54
   26.40   31.50 0.13674D-08  1  0  0.00448  270.63  268.95 0.11807D+15  2.189   17.091   16.517    8.052   40.439   10.55   13.44   25.86
   26.73   31.89 0.13512D-08  1  0  0.00449  270.59  268.94 0.11776D+15  2.190   16.885   16.312    7.985   40.372   10.56   13.43   26.19
   27.05   32.28 0.13354D-08  1  0  0.00450  270.56  268.94 0.11746D+15  2.190   16.684   16.111    7.919   40.305   10.58   13.42   26.51
   27.37   32.67 0.13200D-08  1  0  0.00451  270.53  268.93 0.11716D+15  2.190   16.488   15.915    7.854   40.239   10.59   13.41   26.84
   27.69   33.06 0.13049D-08  1  0  0.00453  270.49  268.92 0.11686D+15  2.190   16.297   15.724    7.790   40.174   10.60   13.40   27.17
   28.01   33.45 0.12901D-08  1  0  0.00454  270.46  268.92 0.11657D+15  2.191   16.110   15.537    7.727   40.110   10.61   13.39   27.49
   28.34   33.84 0.12757D-08  1  0  0.00455  270.43  268.91 0.11628D+15  2.191   15.927   15.354    7.664   40.046   10.63   13.38   27.82
   28.66   34.23 0.12617D-08  1  0  0.00456  270.39  268.90 0.11599D+15  2.191   15.748   15.175    7.602   39.983   10.64   13.37   28.15
   28.98   34.62 0.12479D-08  1  0  0.00457  270.36  268.90 0.11571D+15  2.192   15.573   15.000    7.541   39.921   10.65   13.36   28.47
   29.30   35.01 0.12345D-08  1  0  0.00459  270.33  268.89 0.11542D+15  2.192   15.402   14.830    7.480   39.860   10.66   13.35   28.80
   29.62   35.40 0.12213D-08  1  0  0.00460  270.29  268.88 0.11515D+15  2.192   15.235   14.662    7.421   39.799   10.68   13.35   29.13
   29.95   35.80 0.12084D-08  1  0  0.00461  270.26  268.87 0.11487D+15  2.192   15.072   14.499    7.361   39.739   10.69   13.34   29.46
   30.27   36.19 0.11958D-08  1  0  0.00462  270.23  268.86 0.11460D+15  2.193   14.911   14.339    7.303   39.680   10.70   13.33   29.78
   30.59   36.58 0.11835D-08  1  0  0.00464  270.19  268.86 0.11433D+15  2.193   14.755   14.182    7.245   39.621   10.71   13.33   30.11
   30.91   36.97 0.11714D-08  1  0  0.00465  270.16  268.85 0.11406D+15  2.193   14.601   14.029    7.188   39.563   10.72   13.32   30.44
   31.23   37.36 0.11595D-08  1  0  0.00466  270.13  268.84 0.11379D+15  2.194   14.451   13.878    7.131   39.506   10.73   13.31   30.76
   31.56   37.75 0.11480D-08  1  0  0.00467  270.09  268.83 0.11353D+15  2.194   14.304   13.731    7.075   39.449   10.74   13.31   31.09
   31.88   38.14 0.11366D-08  1  0  0.00469  270.06  268.82 0.11327D+15  2.194   14.159   13.587    7.019   39.393   10.76   13.30   31.42
   32.20   38.53 0.11255D-08  1  0  0.00470  270.02  268.81 0.11301D+15  2.194   14.018   13.446    6.964   39.338   10.77   13.30   31.75
   32.52   38.93 0.11145D-08  1  0  0.00471  269.99  268.80 0.11276D+15  2.195   13.879   13.307    6.910   39.283   10.78   13.30   32.07
   32.84   39.32 0.11039D-08  1  0  0.00472  269.96  268.79 0.11251D+15  2.195   13.743   13.171    6.856   39.228   10.79   13.29   32.40
   33.17   39.71 0.10934D-08  1  0  0.00474  269.92  268.78 0.11225D+15  2.195   13.610   13.038    6.803   39.174   10.80   13.29   32.73
   33.49   40.10 0.10831D-08  1  0  0.00475  269.89  268.77 0.11201D+15  2.196   13.479   12.907    6.750   39.121   10.81   13.28   33.06
   33.81   40.49 0.10730D-08  1  0  0.00476  269.86  268.76 0.11176D+15  2.196   13.351   12.779    6.697   39.068   10.82   13.28   33.38
   34.13   40.88 0.10631D-08  1  0  0.00478  269.82  268.75 0.11152D+15  2.196   13.225   12.653    6.646   39.016   10.83   13.28   33.71
   34.45   41.27 0.10534D-08  1  0  0.00479  269.79  268.74 0.11127D+15  2.197   13.102   12.530    6.594   38.964   10.84   13.28   34.04
   34.78   41.67 0.10438D-08  1  0  0.00480  269.75  268.73 0.11103D+15  2.197   12.981   12.409    6.543   38.913   10.85   13.27   34.37
   35.10   42.06 0.10345D-08  1  0  0.00482  269.72  268.72 0.11080D+15  2.197   12.862   12.290    6.493   38.862   10.86   13.27   34.70
   35.42   42.45 0.10253D-08  1  0  0.00483  269.69  268.70 0.11056D+15  2.197   12.745   12.173    6.443   38.811   10.87   13.27   35.02
   35.74   42.84 0.10162D-08  1  0  0.00484  269.65  268.69 0.11033D+15  2.198   12.630   12.058    6.393   38.761   10.88   13.27   35.35
   36.06   43.23 0.10074D-08  1  0  0.00486  269.62  268.68 0.11009D+15  2.198   12.518   11.946    6.344   38.712   10.89   13.27   35.68
   36.39   43.62 0.99868D-09  1  0  0.00487  269.58  268.67 0.10986D+15  2.198   12.407   11.835    6.295   38.663   10.90   13.26   36.01
   36.71   44.02 0.99012D-09  1  0  0.00488  269.55  268.66 0.10964D+15  2.199   12.298   11.727    6.247   38.614   10.90   13.26   36.34
   37.03   44.41 0.98172D-09  1  0  0.00490  269.51  268.64 0.10941D+15  2.199   12.191   11.620    6.199   38.566   10.91   13.26   36.67
   37.35   44.80 0.97346D-09  1  0  0.00491  269.48  268.63 0.10919D+15  2.199   12.086   11.515    6.152   38.518   10.92   13.26   36.99
   37.67   45.19 0.96534D-09  1  0  0.00493  269.44  268.62 0.10896D+15  2.199   11.983   11.412    6.104   38.471   10.93   13.26   37.32
   38.00   45.58 0.95735D-09  1  0  0.00494  269.41  268.61 0.10874D+15  2.200   11.882   11.310    6.058   38.424   10.94   13.26   37.65
   38.32   45.98 0.94951D-09  1  0  0.00495  269.38  268.59 0.10852D+15  2.200   11.782   11.211    6.011   38.377   10.95   13.26   37.98
   38.64   46.37 0.94179D-09  1  0  0.00497  269.34  268.58 0.10831D+15  2.200   11.684   11.113    5.965   38.331   10.96   13.26   38.31
   38.96   46.76 0.93420D-09  1  0  0.00498  269.31  268.57 0.10809D+15  2.201   11.587   11.016    5.920   38.285   10.97   13.26   38.64
   39.28   47.15 0.92674D-09  1  0  0.00500  269.27  268.55 0.10787D+15  2.201   11.492   10.921    5.874   38.240   10.97   13.26   38.97
   39.61   47.55 0.91939D-09  1  0  0.00501  269.24  268.54 0.10766D+15  2.201   11.399   10.828    5.829   38.195   10.98   13.26   39.30
   39.93   47.94 0.91217D-09  1  0  0.00503  269.20  268.53 0.10745D+15  2.202   11.307   10.736    5.785   38.150   10.99   13.26   39.62
   40.25   48.33 0.90506D-09  1  0  0.00504  269.17  268.51 0.10724D+15  2.202   11.217   10.646    5.741   38.106   11.00   13.26   39.95
   40.57   48.72 0.89806D-09  1  0  0.00506  269.13  268.50 0.10703D+15  2.202   11.128   10.557    5.697   38.062   11.01   13.26   40.28
   40.89   49.12 0.89118D-09  1  0  0.00507  269.10  268.49 0.10683D+15  2.203   11.040   10.469    5.653   38.018   11.02   13.26   40.61
   41.22   49.51 0.88440D-09  1  0  0.00508  269.06  268.47 0.10662D+15  2.203   10.954   10.383    5.610   37.975   11.02   13.26   40.94
   41.54   49.90 0.87773D-09  1  0  0.00510  269.03  268.46 0.10642D+15  2.203   10.869   10.298    5.567   37.932   11.03   13.26   41.27
   41.86   50.29 0.87115D-09  1  0  0.00511  268.99  268.44 0.10622D+15  2.203   10.786   10.215    5.524   37.889   11.04   13.26   41.60
   42.18   50.69 0.86468D-09  1  0  0.00513  268.96  268.43 0.10602D+15  2.204   10.703   10.133    5.481   37.847   11.05   13.27   41.93
   42.50   51.08 0.85831D-09  1  0  0.00514  268.92  268.41 0.10582D+15  2.204   10.622   10.052    5.439   37.805   11.05   13.27   42.26
   42.83   51.47 0.85204D-09  1  0  0.00516  268.89  268.40 0.10562D+15  2.204   10.543    9.972    5.397   37.763   11.06   13.27   42.59
   43.15   51.86 0.84585D-09  1  0  0.00518  268.85  268.38 0.10542D+15  2.205   10.464    9.893    5.356   37.721   11.07   13.27   42.92
   43.47   52.26 0.83976D-09  1  0  0.00519  268.82  268.37 0.10523D+15  2.205   10.386    9.816    5.314   37.680   11.08   13.27   43.25
   43.79   52.65 0.83376D-09  1  0  0.00521  268.78  268.35 0.10503D+15  2.205   10.310    9.740    5.273   37.639   11.08   13.27   43.58
   44.11   53.04 0.82785D-09  1  0  0.00522  268.75  268.34 0.10484D+15  2.206   10.235    9.665    5.233   37.599   11.09   13.27   43.91
   44.44   53.44 0.82202D-09  1  0  0.00524  268.71  268.32 0.10465D+15  2.206   10.161    9.590    5.192   37.558   11.10   13.27   44.24
   44.76   53.83 0.81628D-09  1  0  0.00525  268.68  268.31 0.10446D+15  2.206   10.088    9.517    5.152   37.518   11.11   13.28   44.57
   45.08   54.22 0.81062D-09  1  0  0.00527  268.64  268.29 0.10427D+15  2.206   10.016    9.445    5.112   37.479   11.11   13.28   44.90
   45.40   54.62 0.80503D-09  1  0  0.00528  268.60  268.27 0.10408D+15  2.207    9.945    9.374    5.072   37.439   11.12   13.28   45.23
   45.72   55.01 0.79953D-09  1  0  0.00530  268.57  268.26 0.10390D+15  2.207    9.875    9.305    5.033   37.400   11.13   13.28   45.56
   46.05   55.40 0.79411D-09  1  0  0.00532  268.53  268.24 0.10371D+15  2.207    9.806    9.236    4.993   37.361   11.13   13.28   45.89
   46.37   55.80 0.78876D-09  1  0  0.00533  268.50  268.23 0.10353D+15  2.208    9.737    9.168    4.954   37.322   11.14   13.29   46.23
   46.69   56.19 0.78348D-09  1  0  0.00535  268.46  268.21 0.10335D+15  2.208    9.670    9.100    4.915   37.283   11.15   13.29   46.56
   47.01   56.58 0.77827D-09  1  0  0.00537  268.43  268.19 0.10317D+15  2.208    9.604    9.034    4.877   37.245   11.15   13.29   46.89
   47.33   56.98 0.77314D-09  1  0  0.00538  268.39  268.18 0.10299D+15  2.209    9.539    8.969    4.839   37.207   11.16   13.29   47.22
   47.66   57.37 0.76808D-09  1  0  0.00540  268.35  268.16 0.10281D+15  2.209    9.474    8.905    4.800   37.169   11.17   13.30   47.55
   47.98   57.77 0.76308D-09  1  0  0.00541  268.32  268.14 0.10263D+15  2.209    9.411    8.841    4.762   37.132   11.17   13.30   47.88
   48.30   58.16 0.75815D-09  1  0  0.00543  268.28  268.12 0.10245D+15  2.210    9.348    8.778    4.725   37.094   11.18   13.30   48.21
   48.62   58.55 0.75329D-09  1  0  0.00545  268.25  268.11 0.10228D+15  2.210    9.286    8.717    4.687   37.057   11.19   13.30   48.55
   48.94   58.95 0.74849D-09  1  0  0.00547  268.21  268.09 0.10210D+15  2.210    9.225    8.655    4.650   37.020   11.19   13.31   48.88
   49.27   59.34 0.74375D-09  1  0  0.00548  268.17  268.07 0.10193D+15  2.211    9.165    8.595    4.613   36.984   11.20   13.31   49.21
   49.59   59.74 0.73908D-09  1  0  0.00550  268.14  268.06 0.10175D+15  2.211    9.105    8.536    4.576   36.947   11.21   13.31   49.54
   49.91   60.13 0.73446D-09  1  0  0.00552  268.10  268.04 0.10158D+15  2.211    9.046    8.477    4.539   36.911   11.21   13.31   49.87
   50.23   60.52 0.72990D-09  1  0  0.00553  268.07  268.02 0.10141D+15  2.211    8.988    8.419    4.503   36.875   11.22   13.32   50.21
   50.55   60.92 0.72541D-09  1  0  0.00555  268.03  268.00 0.10124D+15  2.212    8.931    8.362    4.466   36.839   11.22   13.32   50.54
   50.88   61.31 0.72097D-09  1  0  0.00557  267.99  267.98 0.10107D+15  2.212    8.874    8.305    4.430   36.804   11.23   13.32   50.87
   51.20   61.70 0.71658D-09  1  0  0.00559  267.96  267.97 0.10091D+15  2.212    8.819    8.250    4.394   36.768   11.24   13.32   51.20
   51.52   62.09 0.71225D-09  1  0  0.00560  267.92  267.95 0.10074D+15  2.213    8.763    8.195    4.358   36.733   11.24   13.33   51.52
   51.84   62.48 0.70797D-09  1  0  0.00562  267.88  267.93 0.10057D+15  2.213    8.709    8.140    4.323   36.698   11.25   13.33   51.84
   52.16   62.87 0.70375D-09  1  0  0.00564  267.85  267.91 0.10041D+15  2.213    8.655    8.086    4.287   36.663   11.25   13.33   52.16
   52.49   63.26 0.69958D-09  1  0  0.00566  267.81  267.89 0.10025D+15  2.214    8.602    8.033    4.252   36.628   11.26   13.34   52.49
   52.81   63.64 0.69546D-09  1  0  0.00568  267.77  267.87 0.10008D+15  2.214    8.550    7.981    4.217   36.594   11.27   13.34   52.81
   53.13   64.03 0.69139D-09  1  0  0.00569  267.74  267.86 0.99920D+14  2.214    8.498    7.929    4.182   36.559   11.27   13.34   53.13
   53.45   64.42 0.68737D-09  1  0  0.00571  267.70  267.84 0.99759D+14  2.215    8.446    7.878    4.147   36.525   11.28   13.35   53.45
   53.77   64.81 0.68339D-09  1  0  0.00573  267.66  267.82 0.99599D+14  2.215    8.396    7.827    4.112   36.491   11.28   13.35   53.77
   54.10   65.20 0.67947D-09  1  0  0.00575  267.63  267.80 0.99440D+14  2.215    8.346    7.777    4.078   36.458   11.29   13.35   54.10
   54.42   65.58 0.67559D-09  1  0  0.00577  267.59  267.78 0.99282D+14  2.216    8.296    7.728    4.043   36.424   11.29   13.36   54.42
   54.74   65.97 0.67175D-09  1  0  0.00579  267.55  267.76 0.99124D+14  2.216    8.247    7.679    4.009   36.390   11.30   13.36   54.74
   55.06   66.36 0.66796D-09  1  0  0.00581  267.51  267.74 0.98968D+14  2.216    8.199    7.631    3.975   36.357   11.30   13.36   55.06
   55.38   66.75 0.66422D-09  1  0  0.00583  267.48  267.72 0.98812D+14  2.217    8.151    7.583    3.941   36.324   11.31   13.37   55.38
   55.71   67.14 0.66052D-09  1  0  0.00584  267.44  267.70 0.98657D+14  2.217    8.104    7.536    3.907   36.291   11.32   13.37   55.71
   56.03   67.52 0.65686D-09  1  0  0.00586  267.40  267.68 0.98503D+14  2.217    8.058    7.490    3.874   36.258   11.32   13.37   56.03
   56.35   67.91 0.65324D-09  1  0  0.00588  267.37  267.66 0.98350D+14  2.218    8.011    7.444    3.840   36.226   11.33   13.38   56.35
   56.67   68.30 0.64967D-09  1  0  0.00590  267.33  267.64 0.98197D+14  2.218    7.966    7.398    3.807   36.193   11.33   13.38   56.67
   56.99   68.69 0.64613D-09  1  0  0.00592  267.29  267.62 0.98046D+14  2.218    7.921    7.353    3.774   36.161   11.34   13.38   56.99
   57.32   69.08 0.64264D-09  1  0  0.00594  267.25  267.60 0.97895D+14  2.219    7.876    7.308    3.741   36.129   11.34   13.39   57.32
   57.64   69.47 0.63918D-09  1  0  0.00596  267.22  267.58 0.97745D+14  2.219    7.832    7.264    3.708   36.097   11.35   13.39   57.64
   57.96   69.85 0.63576D-09  1  0  0.00598  267.18  267.56 0.97596D+14  2.219    7.789    7.221    3.675   36.065   11.35   13.39   57.96
   58.28   70.24 0.63238D-09  1  0  0.00600  267.14  267.54 0.97448D+14  2.220    7.745    7.178    3.642   36.033   11.36   13.40   58.28
   58.60   70.63 0.62904D-09  1  0  0.00602  267.10  267.52 0.97300D+14  2.220    7.703    7.135    3.610   36.001   11.36   13.40   58.60
   58.93   71.02 0.62573D-09  1  0  0.00604  267.07  267.50 0.97153D+14  2.220    7.661    7.093    3.577   35.970   11.37   13.40   58.93
   59.25   71.41 0.62246D-09  1  0  0.00606  267.03  267.48 0.97007D+14  2.221    7.619    7.052    3.545   35.938   11.37   13.41   59.25
   59.57   71.79 0.61922D-09  1  0  0.00608  266.99  267.46 0.96862D+14  2.221    7.578    7.010    3.513   35.907   11.38   13.41   59.57
   59.89   72.18 0.61602D-09  1  0  0.00610  266.95  267.44 0.96717D+14  2.221    7.537    6.970    3.480   35.876   11.38   13.42   59.89
   60.21   72.57 0.61286D-09  1  0  0.00613  266.91  267.42 0.96574D+14  2.222    7.496    6.929    3.448   35.845   11.39   13.42   60.21
   60.54   72.96 0.60972D-09  1  0  0.00615  266.88  267.40 0.96430D+14  2.222    7.456    6.889    3.417   35.814   11.39   13.42   60.54
   60.86   73.35 0.60663D-09  1  0  0.00617  266.84  267.37 0.96288D+14  2.222    7.417    6.850    3.385   35.784   11.40   13.43   60.86
   61.18   73.73 0.60356D-09  1  0  0.00619  266.80  267.35 0.96147D+14  2.223    7.378    6.811    3.353   35.753   11.40   13.43   61.18
   61.50   74.12 0.60052D-09  1  0  0.00621  266.76  267.33 0.96006D+14  2.223    7.339    6.772    3.322   35.723   11.41   13.43   61.50
   61.82   74.51 0.59752D-09  1  0  0.00623  266.72  267.31 0.95865D+14  2.223    7.301    6.734    3.290   35.692   11.41   13.44   61.82
   62.15   74.90 0.59455D-09  1  0  0.00625  266.68  267.29 0.95726D+14  2.224    7.263    6.696    3.259   35.662   11.41   13.44   62.15
   62.47   75.29 0.59161D-09  1  0  0.00628  266.65  267.27 0.95587D+14  2.224    7.225    6.658    3.228   35.632   11.42   13.45   62.47
   62.79   75.67 0.58870D-09  1  0  0.00630  266.61  267.24 0.95449D+14  2.224    7.188    6.621    3.196   35.602   11.42   13.45   62.79
   63.11   76.06 0.58582D-09  1  0  0.00632  266.57  267.22 0.95312D+14  2.225    7.151    6.585    3.165   35.572   11.43   13.45   63.11
   63.43   76.45 0.58296D-09  1  0  0.00634  266.53  267.20 0.95175D+14  2.225    7.115    6.548    3.134   35.542   11.43   13.46   63.43
   63.76   76.84 0.58014D-09  1  0  0.00637  266.49  267.18 0.95039D+14  2.225    7.079    6.512    3.103   35.513   11.44   13.46   63.76
   64.08   77.23 0.57735D-09  1  0  0.00639  266.45  267.16 0.94904D+14  2.226    7.043    6.477    3.073   35.483   11.44   13.47   64.08
   64.40   77.61 0.57458D-09  1  0  0.00641  266.41  267.13 0.94769D+14  2.226    7.008    6.441    3.042   35.454   11.45   13.47   64.40
   64.72   78.00 0.57184D-09  1  0  0.00643  266.38  267.11 0.94635D+14  2.226    6.973    6.407    3.011   35.424   11.45   13.47   64.72
   65.04   78.39 0.56913D-09  1  0  0.00646  266.34  267.09 0.94502D+14  2.227    6.938    6.372    2.981   35.395   11.45   13.48   65.04
   65.37   78.78 0.56644D-09  1  0  0.00648  266.30  267.07 0.94369D+14  2.227    6.904    6.338    2.950   35.366   11.46   13.48   65.37
   65.69   79.17 0.56379D-09  1  0  0.00650  266.26  267.04 0.94237D+14  2.227    6.870    6.304    2.920   35.337   11.46   13.49   65.69
   66.01   79.56 0.56115D-09  1  0  0.00653  266.22  267.02 0.94106D+14  2.228    6.836    6.270    2.890   35.308   11.47   13.49   66.01
   66.33   79.94 0.55855D-09  1  0  0.00655  266.18  267.00 0.93975D+14  2.228    6.803    6.237    2.860   35.279   11.47   13.49   66.33
   66.65   80.33 0.55596D-09  1  0  0.00657  266.14  266.98 0.93845D+14  2.228    6.770    6.204    2.830   35.251   11.48   13.50   66.65
   66.98   80.72 0.55341D-09  1  0  0.00660  266.10  266.95 0.93715D+14  2.229    6.737    6.171    2.799   35.222   11.48   13.50   66.98
   67.30   81.11 0.55087D-09  1  0  0.00662  266.06  266.93 0.93586D+14  2.229    6.705    6.139    2.770   35.193   11.48   13.51   67.30
   67.62   81.50 0.54837D-09  1  0  0.00665  266.02  266.91 0.93458D+14  2.229    6.673    6.107    2.740   35.165   11.49   13.51   67.62
   67.94   81.88 0.54588D-09  1  0  0.00667  265.98  266.88 0.93331D+14  2.230    6.641    6.075    2.710   35.137   11.49   13.51   67.94
   68.26   82.27 0.54342D-09  1  0  0.00670  265.94  266.86 0.93204D+14  2.230    6.609    6.044    2.680   35.108   11.50   13.52   68.26
   68.59   82.66 0.54098D-09  1  0  0.00672  265.91  266.84 0.93077D+14  2.230    6.578    6.013    2.650   35.080   11.50   13.52   68.59
   68.91   83.05 0.53857D-09  1  0  0.00675  265.87  266.81 0.92951D+14  2.231    6.547    5.982    2.621   35.052   11.50   13.53   68.91
   69.23   83.44 0.53617D-09  1  0  0.00677  265.83  266.79 0.92826D+14  2.231    6.517    5.952    2.591   35.024   11.51   13.53   69.23
   69.55   83.82 0.53380D-09  1  0  0.00680  265.79  266.77 0.92702D+14  2.231    6.486    5.921    2.562   34.996   11.51   13.54   69.55
   69.87   84.21 0.53145D-09  1  0  0.00682  265.75  266.74 0.92578D+14  2.232    6.456    5.891    2.532   34.968   11.52   13.54   69.87
   70.20   84.60 0.52913D-09  1  0  0.00685  265.71  266.72 0.92454D+14  2.232    6.427    5.862    2.503   34.941   11.52   13.54   70.20
   70.52   84.99 0.52682D-09  1  0  0.00687  265.67  266.69 0.92332D+14  2.233    6.397    5.832    2.474   34.913   11.52   13.55   70.52
   70.84   85.38 0.52454D-09  1  0  0.00690  265.63  266.67 0.92209D+14  2.233    6.368    5.803    2.445   34.885   11.53   13.55   70.84
   71.16   85.76 0.52227D-09  1  0  0.00693  265.59  266.65 0.92088D+14  2.233    6.339    5.774    2.416   34.858   11.53   13.56   71.16
   71.48   86.15 0.52003D-09  1  0  0.00695  265.55  266.62 0.91967D+14  2.234    6.310    5.745    2.386   34.831   11.53   13.56   71.48
   71.81   86.54 0.51781D-09  1  0  0.00698  265.51  266.60 0.91846D+14  2.234    6.282    5.717    2.357   34.803   11.54   13.57   71.81
   72.13   86.93 0.51560D-09  1  0  0.00701  265.47  266.57 0.91726D+14  2.234    6.253    5.689    2.328   34.776   11.54   13.57   72.13
   72.45   87.32 0.51342D-09  1  0  0.00703  265.43  266.55 0.91607D+14  2.235    6.226    5.661    2.300   34.749   11.55   13.57   72.45
   72.77   87.70 0.51125D-09  1  0  0.00706  265.38  266.52 0.91488D+14  2.235    6.198    5.633    2.271   34.722   11.55   13.58   72.77
   73.09   88.09 0.50911D-09  1  0  0.00709  265.34  266.50 0.91370D+14  2.235    6.170    5.606    2.242   34.694   11.55   13.58   73.09
   73.42   88.48 0.50698D-09  1  0  0.00712  265.30  266.47 0.91253D+14  2.236    6.143    5.579    2.213   34.667   11.56   13.59   73.42
   73.74   88.87 0.50487D-09  1  0  0.00714  265.26  266.45 0.91136D+14  2.236    6.116    5.552    2.184   34.640   11.56   13.59   73.74
   74.06   89.26 0.50278D-09  1  0  0.00717  265.22  266.42 0.91019D+14  2.236    6.089    5.525    2.156   34.614   11.56   13.60   74.06
   74.38   89.65 0.50071D-09  1  0  0.00720  265.18  266.40 0.90903D+14  2.237    6.063    5.499    2.127   34.587   11.57   13.60   74.38
   74.70   90.03 0.49866D-09  1  0  0.00723  265.14  266.37 0.90788D+14  2.237    6.036    5.472    2.099   34.560   11.57   13.61   74.70
   75.03   90.42 0.49662D-09  1  0  0.00726  265.10  266.35 0.90673D+14  2.238    6.010    5.446    2.070   34.533   11.57   13.61   75.03
   75.35   90.81 0.49460D-09  1  0  0.00729  265.06  266.32 0.90559D+14  2.238    5.984    5.421    2.042   34.507   11.58   13.61   75.35
   75.67   91.20 0.49260D-09  1  0  0.00732  265.02  266.30 0.90445D+14  2.238    5.959    5.395    2.013   34.480   11.58   13.62   75.67
   75.99   91.59 0.49062D-09  1  0  0.00735  264.98  266.27 0.90332D+14  2.239    5.933    5.370    1.985   34.454   11.59   13.62   75.99
   76.31   91.97 0.48865D-09  1  0  0.00738  264.93  266.24 0.90219D+14  2.239    5.908    5.345    1.956   34.427   11.59   13.63   76.31
   76.64   92.36 0.48670D-09  1  0  0.00741  264.89  266.22 0.90107D+14  2.239    5.883    5.320    1.928   34.401   11.59   13.63   76.64
   76.96   92.75 0.48476D-09  1  0  0.00744  264.85  266.19 0.89996D+14  2.240    5.858    5.295    1.900   34.375   11.60   13.64   76.96
   77.28   93.14 0.48284D-09  1  0  0.00747  264.81  266.17 0.89885D+14  2.240    5.834    5.270    1.871   34.348   11.60   13.64   77.28
   77.60   93.53 0.48094D-09  1  0  0.00750  264.77  266.14 0.89774D+14  2.240    5.809    5.246    1.843   34.322   11.60   13.65   77.60
   77.92   93.91 0.47905D-09  1  0  0.00753  264.73  266.11 0.89664D+14  2.241    5.785    5.222    1.815   34.296   11.61   13.65   77.92
   78.25   94.30 0.47718D-09  1  0  0.00756  264.69  266.09 0.89555D+14  2.241    5.761    5.198    1.787   34.270   11.61   13.65   78.25
   78.57   94.69 0.47533D-09  1  0  0.00759  264.64  266.06 0.89446D+14  2.242    5.737    5.174    1.759   34.244   11.61   13.66   78.57
   78.89   95.08 0.47349D-09  1  0  0.00762  264.60  266.04 0.89338D+14  2.242    5.714    5.151    1.731   34.218   11.62   13.66   78.89
   79.21   95.47 0.47166D-09  1  0  0.00765  264.56  266.01 0.89230D+14  2.242    5.690    5.127    1.703   34.192   11.62   13.67   79.21
   79.53   95.85 0.46985D-09  1  0  0.00769  264.52  265.98 0.89123D+14  2.243    5.667    5.104    1.675   34.166   11.62   13.67   79.53
   79.86   96.24 0.46805D-09  1  0  0.00772  264.48  265.96 0.89016D+14  2.243    5.644    5.081    1.647   34.140   11.63   13.68   79.86
   80.18   96.63 0.46627D-09  1  0  0.00775  264.43  265.93 0.88910D+14  2.243    5.621    5.058    1.619   34.114   11.63   13.68   80.18
   80.50   97.02 0.46450D-09  1  0  0.00778  264.39  265.90 0.88804D+14  2.244    5.598    5.036    1.591   34.089   11.63   13.69   80.50
   80.82   97.41 0.46275D-09  1  0  0.00782  264.35  265.87 0.88699D+14  2.244    5.576    5.013    1.563   34.063   11.64   13.69   80.82
   81.14   97.79 0.46101D-09  1  0  0.00785  264.31  265.85 0.88594D+14  2.245    5.553    4.991    1.535   34.037   11.64   13.70   81.14
   81.47   98.18 0.45929D-09  1  0  0.00788  264.26  265.82 0.88490D+14  2.245    5.531    4.969    1.507   34.011   11.64   13.70   81.47
   81.79   98.57 0.45757D-09  1  0  0.00792  264.22  265.79 0.88387D+14  2.245    5.509    4.947    1.479   33.986   11.65   13.71   81.79
   82.11   98.96 0.45587D-09  1  0  0.00795  264.18  265.77 0.88284D+14  2.246    5.487    4.925    1.451   33.960   11.65   13.71   82.11
   82.43   99.35 0.45419D-09  1  0  0.00799  264.13  265.74 0.88181D+14  2.246    5.466    4.904    1.424   33.935   11.65   13.72   82.43
   82.75   99.74 0.45252D-09  1  0  0.00802  264.09  265.71 0.88079D+14  2.246    5.444    4.882    1.396   33.909   11.66   13.72   82.75
   83.08  100.12 0.45086D-09  1  0  0.00806  264.05  265.68 0.87977D+14  2.247    5.423    4.861    1.368   33.884   11.66   13.73   83.08
   83.40  100.51 0.44921D-09  1  0  0.00809  264.01  265.66 0.87876D+14  2.247    5.402    4.840    1.340   33.858   11.66   13.73   83.40
   83.72  100.90 0.44758D-09  1  0  0.00813  263.96  265.63 0.87776D+14  2.248    5.381    4.819    1.312   33.833   11.66   13.73   83.72
   84.04  101.29 0.44596D-09  1  0  0.00816  263.92  265.60 0.87676D+14  2.248    5.360    4.798    1.285   33.808   11.67   13.74   84.04
   84.36  101.68 0.44435D-09  1  0  0.00820  263.88  265.57 0.87577D+14  2.248    5.339    4.778    1.257   33.782   11.67   13.74   84.36
   84.69  102.06 0.44275D-09  1  0  0.00824  263.83  265.54 0.87478D+14  2.249    5.318    4.757    1.229   33.757   11.67   13.75   84.69
   85.01  102.45 0.44117D-09  1  0  0.00827  263.79  265.51 0.87379D+14  2.249    5.298    4.737    1.202   33.732   11.68   13.75   85.01
   85.33  102.84 0.43959D-09  1  0  0.00831  263.75  265.49 0.87281D+14  2.250    5.278    4.717    1.174   33.707   11.68   13.76   85.33
   85.65  103.23 0.43803D-09  1  0  0.00835  263.70  265.46 0.87184D+14  2.250    5.258    4.697    1.146   33.681   11.68   13.76   85.65
   85.97  103.62 0.43648D-09  1  0  0.00839  263.66  265.43 0.87087D+14  2.250    5.238    4.677    1.119   33.656   11.69   13.77   85.97
   86.30  104.00 0.43495D-09  1  0  0.00842  263.61  265.40 0.86991D+14  2.251    5.218    4.657    1.091   33.631   11.69   13.77   86.30
   86.62  104.39 0.43342D-09  1  0  0.00846  263.57  265.37 0.86895D+14  2.251    5.198    4.637    1.063   33.606   11.69   13.78   86.62
   86.94  104.78 0.43191D-09  1  0  0.00850  263.53  265.34 0.86800D+14  2.251    5.179    4.618    1.035   33.581   11.70   13.78   86.94
   87.26  105.17 0.43040D-09  1  0  0.00854  263.48  265.31 0.86705D+14  2.252    5.159    4.599    1.008   33.556   11.70   13.79   87.26
   87.58  105.56 0.42891D-09  1  0  0.00858  263.44  265.29 0.86611D+14  2.252    5.140    4.580    0.980   33.531   11.70   13.79   87.58
   87.91  105.94 0.42743D-09  1  0  0.00862  263.39  265.26 0.86517D+14  2.253    5.121    4.561    0.952   33.506   11.70   13.80   87.91
   88.23  106.33 0.42596D-09  1  0  0.00866  263.35  265.23 0.86424D+14  2.253    5.102    4.542    0.925   33.481   11.71   13.80   88.23
   88.55  106.72 0.42450D-09  1  0  0.00870  263.30  265.20 0.86331D+14  2.253    5.083    4.523    0.897   33.456   11.71   13.81   88.55
   88.87  107.11 0.42305D-09  1  0  0.00874  263.26  265.17 0.86239D+14  2.254    5.065    4.504    0.869   33.431   11.71   13.81   88.87
   89.19  107.50 0.42161D-09  1  0  0.00878  263.21  265.14 0.86148D+14  2.254    5.046    4.486    0.842   33.406   11.72   13.82   89.19
   89.52  107.88 0.42018D-09  1  0  0.00882  263.17  265.11 0.86057D+14  2.255    5.028    4.467    0.814   33.381   11.72   13.82   89.52
   89.84  108.27 0.41876D-09  1  0  0.00887  263.12  265.08 0.85966D+14  2.255    5.009    4.449    0.786   33.356   11.72   13.83   89.84
   90.16  108.66 0.41736D-09  1  0  0.00891  263.08  265.05 0.85876D+14  2.255    4.991    4.431    0.759   33.331   11.72   13.83   90.16
   90.48  109.05 0.41596D-09  1  0  0.00895  263.03  265.02 0.85786D+14  2.256    4.973    4.413    0.731   33.306   11.73   13.84   90.48
   90.80  109.44 0.41457D-09  1  0  0.00899  262.99  264.99 0.85698D+14  2.256    4.955    4.395    0.703   33.281   11.73   13.84   90.80
   91.13  109.83 0.41319D-09  1  0  0.00904  262.94  264.96 0.85609D+14  2.257    4.937    4.378    0.675   33.256   11.73   13.85   91.13
   91.45  110.21 0.41183D-09  1  0  0.00908  262.90  264.93 0.85521D+14  2.257    4.920    4.360    0.648   33.232   11.74   13.85   91.45
   91.77  110.60 0.41047D-09  1  0  0.00913  262.85  264.90 0.85434D+14  2.257    4.902    4.343    0.620   33.207   11.74   13.86   91.77
   92.09  110.99 0.40912D-09  1  0  0.00917  262.81  264.87 0.85347D+14  2.258    4.885    4.325    0.592   33.182   11.74   13.87   92.09
   92.41  111.38 0.40778D-09  1  0  0.00922  262.76  264.84 0.85261D+14  2.258    4.867    4.308    0.564   33.157   11.75   13.87   92.41
   92.74  111.77 0.40645D-09  1  0  0.00926  262.71  264.81 0.85175D+14  2.259    4.850    4.291    0.536   33.132   11.75   13.88   92.74
   93.06  112.15 0.40513D-09  1  0  0.00931  262.67  264.78 0.85090D+14  2.259    4.833    4.274    0.509   33.107   11.75   13.88   93.06
   93.38  112.54 0.40381D-09  1  0  0.00936  262.62  264.74 0.85005D+14  2.260    4.816    4.257    0.481   33.082   11.75   13.89   93.38
   93.70  112.93 0.40251D-09  1  0  0.00940  262.57  264.71 0.84921D+14  2.260    4.799    4.240    0.453   33.058   11.76   13.89   93.70
   94.02  113.32 0.40122D-09  1  0  0.00945  262.53  264.68 0.84838D+14  2.260    4.782    4.224    0.425   33.033   11.76   13.90   94.02
   94.35  113.71 0.39993D-09  1  0  0.00950  262.48  264.65 0.84755D+14  2.261    4.766    4.207    0.397   33.008   11.76   13.90   94.35
   94.67  114.09 0.39866D-09  1  0  0.00955  262.43  264.62 0.84672D+14  2.261    4.749    4.191    0.369   32.983   11.77   13.91   94.67
   94.99  114.48 0.39739D-09  1  0  0.00960  262.39  264.59 0.84590D+14  2.262    4.733    4.174    0.341   32.958   11.77   13.91   94.99
   95.31  114.87 0.39613D-09  1  0  0.00964  262.34  264.56 0.84509D+14  2.262    4.716    4.158    0.313   32.933   11.77   13.92   95.31
   95.63  115.26 0.39488D-09  1  0  0.00969  262.29  264.52 0.84428D+14  2.262    4.700    4.142    0.285   32.909   11.77   13.92   95.63
   95.96  115.65 0.39364D-09  1  0  0.00975  262.25  264.49 0.84348D+14  2.263    4.684    4.126    0.257   32.884   11.78   13.93   95.96
   96.28  116.03 0.39240D-09  1  0  0.00980  262.20  264.46 0.84269D+14  2.263    4.668    4.110    0.229   32.859   11.78   13.94   96.28
   96.60  116.42 0.39118D-09  1  0  0.00985  262.15  264.43 0.84190D+14  2.264    4.652    4.094    0.200   32.834   11.78   13.94   96.60
   96.92  116.81 0.38996D-09  1  0  0.00990  262.10  264.40 0.84111D+14  2.264    4.636    4.079    0.172   32.809   11.79   13.95   96.92
   97.24  117.20 0.38875D-09  1  0  0.00995  262.06  264.36 0.84033D+14  2.265    4.621    4.063    0.144   32.784   11.79   13.95   97.24
   97.57  117.59 0.38755D-09  1  0  0.01000  262.01  264.33 0.83956D+14  2.265    4.605    4.047    0.116   32.759   11.79   13.96   97.57
   97.89  117.97 0.38635D-09  1  0  0.01006  261.96  264.30 0.83880D+14  2.265    4.590    4.032    0.087   32.734   11.79   13.96   97.89
   98.21  118.36 0.38517D-09  1  0  0.01011  261.91  264.27 0.83803D+14  2.266    4.574    4.017    0.059   32.709   11.80   13.97   98.21
   98.53  118.75 0.38399D-09  1  0  0.01017  261.86  264.23 0.83728D+14  2.266    4.559    4.002    0.031   32.684   11.80   13.97   98.53
   98.85  119.14 0.38282D-09  1  0  0.01022  261.82  264.20 0.83653D+14  2.267    4.544    3.986    0.002   32.660   11.80   13.98   98.85
   99.18  119.53 0.38166D-09  1  0  0.01028  261.77  264.54 0.80432D+14  2.267    4.529    3.971    0.000   32.658   11.64   14.00   99.18
   99.50  119.91 0.38050D-09  1  0  0.01033  261.72  264.52 0.80220D+14  2.268    4.514    3.957    0.000   32.658   11.63   14.00   99.50
   99.82  120.30 0.37936D-09  1  0  0.01039  261.67  264.51 0.80008D+14  2.268    4.499    3.942    0.000   32.658   11.63   13.99   99.82
  100.14  120.69 0.37822D-09  1  0  0.01045  261.62  264.49 0.79798D+14  2.268    4.484    3.927    0.000   32.658   11.62   13.99  100.14
  100.46  121.08 0.37708D-09  1  0  0.01051  261.57  264.48 0.79589D+14  2.269    4.469    3.912    0.000   32.658   11.62   13.98  100.46
  100.79  121.47 0.37596D-09  1  0  0.01057  261.52  264.46 0.79381D+14  2.269    4.454    3.898    0.000   32.658   11.61   13.98  100.79
  101.11  121.86 0.37484D-09  1  0  0.01063  261.47  264.44 0.79174D+14  2.270    4.440    3.883    0.000   32.658   11.61   13.97  101.11
  101.43  122.24 0.37373D-09  1  0  0.01069  261.42  264.43 0.78968D+14  2.270    4.425    3.869    0.000   32.658   11.60   13.97  101.43
  101.75  122.63 0.37262D-09  1  0  0.01075  261.37  264.41 0.78763D+14  2.271    4.411    3.855    0.000   32.658   11.60   13.96  101.75
  102.07  123.02 0.37153D-09  1  0  0.01081  261.32  264.39 0.78559D+14  2.271    4.397    3.841    0.000   32.658   11.59   13.96  102.07
  102.40  123.41 0.37044D-09  1  0  0.01087  261.27  264.37 0.78356D+14  2.272    4.382    3.826    0.000   32.658   11.59   13.95  102.40
  102.72  123.80 0.36935D-09  1  0  0.01093  261.22  264.36 0.78154D+14  2.272    4.368    3.812    0.000   32.658   11.58   13.95  102.72
  103.04  124.18 0.36828D-09  1  0  0.01100  261.17  264.34 0.77953D+14  2.272    4.354    3.798    0.000   32.658   11.58   13.94  103.04
  103.36  124.57 0.36721D-09  1  0  0.01106  261.12  264.32 0.77753D+14  2.273    4.340    3.785    0.000   32.658   11.57   13.94  103.36
  103.68  124.96 0.36614D-09  1  0  0.01112  261.07  264.30 0.77554D+14  2.273    4.326    3.771    0.000   32.658   11.57   13.93  103.68
  104.01  125.35 0.36509D-09  1  0  0.01119  261.02  264.29 0.77356D+14  2.274    4.313    3.757    0.000   32.658   11.56   13.93  104.01
  104.33  125.74 0.36404D-09  1  0  0.01126  260.97  264.27 0.77160D+14  2.274    4.299    3.744    0.000   32.658   11.56   13.92  104.33
  104.65  126.12 0.36299D-09  1  0  0.01132  260.92  264.25 0.76964D+14  2.275    4.285    3.730    0.000   32.658   11.55   13.92  104.65
  104.97  126.51 0.36196D-09  1  0  0.01139  260.87  264.23 0.76769D+14  2.275    4.272    3.717    0.000   32.658   11.55   13.91  104.97
  105.29  126.90 0.36092D-09  1  0  0.01146  260.82  264.21 0.76576D+14  2.276    4.258    3.703    0.000   32.658   11.54   13.91  105.29
  105.62  127.29 0.35990D-09  1  0  0.01153  260.77  264.19 0.76383D+14  2.276    4.245    3.690    0.000   32.658   11.54   13.90  105.62
  105.94  127.68 0.35888D-09  1  0  0.01160  260.71  264.18 0.76191D+14  2.277    4.232    3.677    0.000   32.658   11.53   13.90  105.94
  106.26  128.06 0.35787D-09  1  0  0.01167  260.66  264.16 0.76001D+14  2.277    4.218    3.664    0.000   32.658   11.53   13.90  106.26
  106.58  128.45 0.35686D-09  1  0  0.01174  260.61  264.14 0.75811D+14  2.278    4.205    3.650    0.000   32.658   11.52   13.89  106.58
  106.90  128.84 0.35586D-09  1  0  0.01182  260.56  264.12 0.75623D+14  2.278    4.192    3.637    0.000   32.658   11.52   13.89  106.90
  107.23  129.23 0.35487D-09  1  0  0.01189  260.50  264.10 0.75436D+14  2.278    4.179    3.625    0.000   32.658   11.51   13.88  107.23
  107.55  129.62 0.35388D-09  1  0  0.01197  260.45  264.08 0.75249D+14  2.279    4.166    3.612    0.000   32.658   11.51   13.88  107.55
  107.87  130.00 0.35290D-09  1  0  0.01204  260.40  264.06 0.75064D+14  2.279    4.153    3.599    0.000   32.658   11.51   13.87  107.87
  108.19  130.39 0.35192D-09  1  0  0.01212  260.35  264.04 0.74880D+14  2.280    4.140    3.586    0.000   32.658   11.50   13.87  108.19
  108.51  130.78 0.35095D-09  1  0  0.01219  260.29  264.02 0.74696D+14  2.280    4.128    3.574    0.000   32.658   11.50   13.86  108.51
  108.84  131.17 0.34999D-09  1  0  0.01227  260.24  264.00 0.74514D+14  2.281    4.115    3.561    0.000   32.658   11.49   13.86  108.84
  109.16  131.56 0.34903D-09  1  0  0.01235  260.18  263.98 0.74333D+14  2.281    4.102    3.549    0.000   32.658   11.49   13.85  109.16
  109.48  131.95 0.34808D-09  1  0  0.01243  260.13  263.96 0.74153D+14  2.282    4.090    3.536    0.000   32.658   11.48   13.85  109.48
  109.80  132.33 0.34713D-09  1  0  0.01251  260.08  263.94 0.73974D+14  2.282    4.077    3.524    0.000   32.658   11.48   13.84  109.80
  110.12  132.72 0.34619D-09  1  0  0.01260  260.02  263.92 0.73796D+14  2.283    4.065    3.512    0.000   32.658   11.47   13.84  110.12
  110.45  133.11 0.34525D-09  1  0  0.01268  259.97  263.90 0.73619D+14  2.283    4.053    3.499    0.000   32.658   11.47   13.83  110.45
  110.77  133.50 0.34432D-09  1  0  0.01276  259.91  263.88 0.73443D+14  2.284    4.040    3.487    0.000   32.658   11.46   13.83  110.77
  111.09  133.89 0.34340D-09  1  0  0.01285  259.86  263.86 0.73268D+14  2.284    4.028    3.475    0.000   32.658   11.46   13.82  111.09
  111.41  134.27 0.34248D-09  1  0  0.01294  259.80  263.84 0.73095D+14  2.285    4.016    3.463    0.000   32.658   11.45   13.82  111.41
  111.73  134.66 0.34156D-09  1  0  0.01303  259.75  263.82 0.72922D+14  2.285    4.004    3.451    0.000   32.658   11.45   13.82  111.73
  112.06  135.05 0.34065D-09  1  0  0.01311  259.69  263.79 0.72751D+14  2.286    3.992    3.439    0.000   32.658   11.45   13.81  112.06
  112.38  135.44 0.33975D-09  1  0  0.01320  259.63  263.77 0.72580D+14  2.286    3.980    3.427    0.000   32.658   11.44   13.81  112.38
  112.70  135.83 0.33885D-09  1  0  0.01330  259.58  263.75 0.72411D+14  2.287    3.968    3.416    0.000   32.658   11.44   13.80  112.70
  113.02  136.21 0.33795D-09  1  0  0.01339  259.52  263.73 0.72243D+14  2.287    3.956    3.404    0.000   32.658   11.43   13.80  113.02
  113.34  136.60 0.33706D-09  1  0  0.01348  259.47  263.71 0.72076D+14  2.288    3.944    3.392    0.000   32.658   11.43   13.79  113.34
  113.67  136.99 0.33618D-09  1  0  0.01358  259.41  263.68 0.71910D+14  2.288    3.933    3.381    0.000   32.658   11.42   13.79  113.67
  113.99  137.38 0.33530D-09  1  0  0.01367  259.35  263.66 0.71745D+14  2.289    3.921    3.369    0.000   32.658   11.42   13.78  113.99
  114.31  137.77 0.33443D-09  1  0  0.01377  259.29  263.64 0.71581D+14  2.289    3.909    3.358    0.000   32.658   11.41   13.78  114.31
  114.63  138.15 0.33356D-09  1  0  0.01387  259.24  263.62 0.71418D+14  2.290    3.898    3.346    0.000   32.658   11.41   13.77  114.63
  114.95  138.54 0.33270D-09  1  0  0.01397  259.18  263.59 0.71257D+14  2.290    3.886    3.335    0.000   32.658   11.40   13.77  114.95
  115.28  138.93 0.33184D-09  1  0  0.01407  259.12  263.57 0.71097D+14  2.291    3.875    3.324    0.000   32.658   11.40   13.76  115.28
  115.60  139.32 0.33098D-09  1  0  0.01418  259.06  263.55 0.70937D+14  2.291    3.864    3.313    0.000   32.658   11.40   13.76  115.60
  115.92  139.71 0.33013D-09  1  0  0.01428  259.00  263.52 0.70779D+14  2.292    3.852    3.301    0.000   32.658   11.39   13.76  115.92
  116.24  140.09 0.32929D-09  1  0  0.01439  258.94  263.50 0.70623D+14  2.293    3.841    3.290    0.000   32.658   11.39   13.75  116.24
  116.56  140.48 0.32845D-09  1  0  0.01450  258.88  263.48 0.70467D+14  2.293    3.830    3.279    0.000   32.658   11.38   13.75  116.56
  116.89  140.87 0.32761D-09  1  0  0.01461  258.82  263.45 0.70313D+14  2.294    3.819    3.268    0.000   32.658   11.38   13.74  116.89
  117.21  141.26 0.32678D-09  1  0  0.01472  258.76  263.43 0.70159D+14  2.294    3.808    3.257    0.000   32.658   11.37   13.74  117.21
  117.53  141.65 0.32595D-09  1  0  0.01483  258.70  263.40 0.70007D+14  2.295    3.797    3.246    0.000   32.658   11.37   13.73  117.53
  117.85  142.04 0.32513D-09  1  0  0.01495  258.64  263.38 0.69856D+14  2.295    3.786    3.236    0.000   32.658   11.37   13.73  117.85
  118.17  142.42 0.32431D-09  1  0  0.01506  258.58  263.35 0.69707D+14  2.296    3.775    3.225    0.000   32.658   11.36   13.72  118.17
  118.50  142.81 0.32350D-09  1  0  0.01518  258.52  263.33 0.69559D+14  2.296    3.764    3.214    0.000   32.658   11.36   13.72  118.50
  118.82  143.20 0.32269D-09  1  0  0.01530  258.46  263.30 0.69412D+14  2.297    3.753    3.203    0.000   32.658   11.35   13.71  118.82
  119.14  143.59 0.32189D-09  1  0  0.01542  258.40  263.28 0.69266D+14  2.298    3.742    3.193    0.000   32.658   11.35   13.71  119.14
  119.46  143.98 0.32109D-09  1  0  0.01555  258.33  263.25 0.69121D+14  2.298    3.732    3.182    0.000   32.658   11.35   13.71  119.46
  119.78  144.36 0.32029D-09  1  0  0.01567  258.27  263.23 0.68978D+14  2.299    3.721    3.172    0.000   32.658   11.34   13.70  119.78
  120.11  144.75 0.31950D-09  1  0  0.01580  258.21  263.20 0.68836D+14  2.299    3.710    3.161    0.000   32.658   11.34   13.70  120.11
  120.43  145.14 0.31872D-09  1  0  0.01593  258.14  263.17 0.68696D+14  2.300    3.700    3.151    0.000   32.658   11.33   13.69  120.43
  120.75  145.53 0.31793D-09  1  0  0.01606  258.08  263.15 0.68557D+14  2.300    3.689    3.140    0.000   32.658   11.33   13.69  120.75
  121.07  145.92 0.31716D-09  1  0  0.01620  258.02  263.12 0.68419D+14  2.301    3.679    3.130    0.000   32.658   11.33   13.68  121.07
  121.39  146.30 0.31638D-09  1  0  0.01633  257.95  263.09 0.68282D+14  2.302    3.668    3.120    0.000   32.658   11.32   13.68  121.39
  121.72  146.69 0.31561D-09  1  0  0.01647  257.89  263.07 0.68147D+14  2.302    3.658    3.110    0.000   32.658   11.32   13.67  121.72
  122.04  147.08 0.31484D-09  1  0  0.01661  257.82  263.04 0.68014D+14  2.303    3.647    3.099    0.000   32.658   11.31   13.67  122.04
  122.36  147.47 0.31408D-09  1  0  0.01675  257.75  263.01 0.67882D+14  2.303    3.637    3.089    0.000   32.658   11.31   13.66  122.36
  122.68  147.86 0.31332D-09  1  0  0.01690  257.69  262.98 0.67751D+14  2.304    3.627    3.079    0.000   32.658   11.31   13.66  122.68
  123.00  148.24 0.31257D-09  1  0  0.01705  257.62  262.95 0.67622D+14  2.305    3.617    3.069    0.000   32.658   11.30   13.65  123.00
  123.33  148.63 0.31182D-09  1  0  0.01720  257.55  262.93 0.67494D+14  2.305    3.607    3.059    0.000   32.658   11.30   13.65  123.33
  123.65  149.02 0.31107D-09  1  0  0.01735  257.49  262.90 0.67368D+14  2.306    3.596    3.049    0.000   32.658   11.30   13.64  123.65
  123.97  149.41 0.31033D-09  1  0  0.01751  257.42  262.87 0.67243D+14  2.306    3.586    3.039    0.000   32.658   11.29   13.64  123.97
  124.29  149.80 0.30959D-09  1  0  0.01767  257.35  262.84 0.67120D+14  2.307    3.576    3.029    0.000   32.658   11.29   13.64  124.29
  124.61  150.18 0.30886D-09  1  0  0.01783  257.28  262.81 0.66999D+14  2.308    3.566    3.020    0.000   32.658   11.29   13.63  124.61
  124.94  150.57 0.30813D-09  1  0  0.01799  257.21  262.78 0.66879D+14  2.308    3.556    3.010    0.000   32.658   11.28   13.63  124.94
  125.26  150.96 0.30740D-09  1  0  0.01816  257.14  262.75 0.66761D+14  2.309    3.546    3.000    0.000   32.658   11.28   13.62  125.26
  125.58  151.35 0.30668D-09  1  0  0.01833  257.07  262.72 0.66645D+14  2.310    3.536    2.990    0.000   32.658   11.28   13.62  125.58
  125.90  151.74 0.30596D-09  1  0  0.01850  257.00  262.69 0.66530D+14  2.310    3.527    2.981    0.000   32.658   11.27   13.61  125.90
  126.22  152.13 0.30524D-09  1  0  0.01868  256.92  262.66 0.66417D+14  2.311    3.517    2.971    0.000   32.658   11.27   13.61  126.22
  126.55  152.51 0.30453D-09  1  0  0.01886  256.85  262.63 0.66306D+14  2.311    3.507    2.961    0.000   32.658   11.27   13.60  126.55
  126.87  152.90 0.30382D-09  1  0  0.01904  256.78  262.59 0.66197D+14  2.312    3.497    2.952    0.000   32.658   11.26   13.60  126.87
  127.19  153.29 0.30312D-09  1  0  0.01923  256.70  262.56 0.66090D+14  2.313    3.487    2.942    0.000   32.658   11.26   13.59  127.19
  127.51  153.68 0.30242D-09  1  0  0.01942  256.63  262.53 0.65984D+14  2.314    3.478    2.933    0.000   32.658   11.26   13.59  127.51
  127.83  154.07 0.30172D-09  1  0  0.01962  256.56  262.50 0.65881D+14  2.314    3.468    2.923    0.000   32.658   11.25   13.58  127.83
  128.16  154.45 0.30102D-09  1  0  0.01981  256.48  262.46 0.65779D+14  2.315    3.459    2.914    0.000   32.658   11.25   13.58  128.16
  128.48  154.84 0.30033D-09  1  0  0.02002  256.40  262.43 0.65680D+14  2.316    3.449    2.905    0.000   32.658   11.25   13.57  128.48
  128.80  155.23 0.29964D-09  1  0  0.02022  256.33  262.40 0.65582D+14  2.316    3.439    2.895    0.000   32.658   11.25   13.57  128.80
  129.12  155.62 0.29896D-09  1  0  0.02043  256.25  262.36 0.65487D+14  2.317    3.430    2.886    0.000   32.658   11.24   13.56  129.12
  129.44  156.01 0.29828D-09  1  0  0.02065  256.17  262.33 0.65394D+14  2.318    3.420    2.877    0.000   32.658   11.24   13.56  129.44
  129.77  156.39 0.29760D-09  1  0  0.02087  256.09  262.29 0.65303D+14  2.318    3.411    2.867    0.000   32.658   11.24   13.55  129.77
  130.09  156.78 0.29693D-09  1  0  0.02109  256.01  262.26 0.65215D+14  2.319    3.402    2.858    0.000   32.658   11.24   13.55  130.09
  130.41  157.17 0.29626D-09  1  0  0.02132  255.93  262.22 0.65129D+14  2.320    3.392    2.849    0.000   32.658   11.23   13.54  130.41
  130.73  157.56 0.29559D-09  1  0  0.02155  255.85  262.19 0.65045D+14  2.321    3.383    2.840    0.000   32.658   11.23   13.54  130.73
  131.05  157.95 0.29493D-09  1  0  0.02179  255.76  262.15 0.64964D+14  2.321    3.373    2.831    0.000   32.658   11.23   13.53  131.05
  131.38  158.33 0.29427D-09  1  0  0.02204  255.68  262.11 0.64885D+14  2.322    3.364    2.822    0.000   32.658   11.23   13.53  131.38
  131.70  158.72 0.29361D-09  1  0  0.02229  255.59  262.08 0.64809D+14  2.323    3.355    2.813    0.000   32.658   11.23   13.52  131.70
  132.02  159.11 0.29296D-09  1  0  0.02254  255.51  262.04 0.64736D+14  2.324    3.346    2.804    0.000   32.658   11.22   13.52  132.02
  132.34  159.50 0.29231D-09  1  0  0.02280  255.42  262.00 0.64665D+14  2.324    3.336    2.795    0.000   32.658   11.22   13.51  132.34
  132.66  159.89 0.29166D-09  1  0  0.02307  255.33  261.96 0.64598D+14  2.325    3.327    2.786    0.000   32.658   11.22   13.51  132.66
  132.99  160.27 0.29101D-09  1  0  0.02334  255.25  261.92 0.64533D+14  2.326    3.318    2.777    0.000   32.658   11.22   13.50  132.99
  133.31  160.66 0.29037D-09  1  0  0.02362  255.16  261.88 0.64472D+14  2.327    3.309    2.768    0.000   32.658   11.22   13.50  133.31
  133.63  161.05 0.28973D-09  1  0  0.02391  255.06  261.84 0.64413D+14  2.328    3.299    2.759    0.000   32.658   11.22   13.49  133.63
  133.95  161.44 0.28910D-09  1  0  0.02420  254.97  261.80 0.64358D+14  2.329    3.290    2.750    0.000   32.658   11.22   13.49  133.95
  134.27  161.83 0.28847D-09  1  0  0.02450  254.88  261.76 0.64306D+14  2.329    3.281    2.741    0.000   32.658   11.22   13.48  134.27
  134.60  162.22 0.28784D-09  1  0  0.02480  254.78  261.72 0.64258D+14  2.330    3.272    2.732    0.000   32.658   11.21   13.48  134.60
  134.92  162.60 0.28721D-09  1  0  0.02512  254.69  261.68 0.64214D+14  2.331    3.263    2.723    0.000   32.658   11.21   13.47  134.92
  135.24  162.99 0.28659D-09  1  0  0.02544  254.59  261.63 0.64173D+14  2.332    3.254    2.715    0.000   32.658   11.21   13.47  135.24
  135.56  163.38 0.28597D-09  1  0  0.02577  254.49  261.59 0.64136D+14  2.333    3.245    2.706    0.000   32.658   11.21   13.46  135.56
  135.88  163.77 0.28535D-09  1  0  0.02611  254.39  261.54 0.64103D+14  2.334    3.236    2.697    0.000   32.658   11.21   13.46  135.88
  136.21  164.16 0.28474D-09  1  0  0.02646  254.29  261.50 0.64074D+14  2.335    3.227    2.688    0.000   32.658   11.21   13.45  136.21
  136.53  164.54 0.28413D-09  1  0  0.02682  254.19  261.45 0.64050D+14  2.336    3.218    2.679    0.000   32.658   11.21   13.44  136.53
  136.85  164.93 0.28352D-09  1  0  0.02719  254.08  261.41 0.64030D+14  2.337    3.209    2.671    0.000   32.658   11.21   13.44  136.85
  137.17  165.32 0.28291D-09  1  0  0.02756  253.97  261.36 0.64015D+14  2.338    3.200    2.662    0.000   32.658   11.21   13.43  137.17
  137.49  165.71 0.28231D-09  1  0  0.02795  253.86  261.31 0.64005D+14  2.339    3.191    2.653    0.000   32.658   11.21   13.43  137.49
  137.82  166.10 0.28171D-09  1  0  0.02835  253.75  261.26 0.63999D+14  2.340    3.182    2.645    0.000   32.658   11.22   13.42  137.82
  138.14  166.48 0.28111D-09  1  0  0.02876  253.64  261.21 0.64000D+14  2.341    3.173    2.636    0.000   32.658   11.22   13.42  138.14
  138.46  166.87 0.28052D-09  1  0  0.02918  253.53  261.16 0.64005D+14  2.342    3.164    2.627    0.000   32.658   11.22   13.41  138.46
  138.78  167.26 0.27993D-09  1  0  0.02962  253.41  261.11 0.64017D+14  2.343    3.155    2.619    0.000   32.658   11.22   13.40  138.78
  139.10  167.65 0.27934D-09  1  0  0.03006  253.29  261.05 0.64035D+14  2.344    3.145    2.610    0.000   32.658   11.22   13.40  139.10
  139.43  168.04 0.27875D-09  1  0  0.03052  253.17  261.00 0.64059D+14  2.345    3.136    2.601    0.000   32.658   11.22   13.39  139.43
  139.75  168.42 0.27817D-09  1  0  0.03100  253.05  260.95 0.64090D+14  2.346    3.127    2.592    0.000   32.658   11.23   13.39  139.75
  140.07  168.81 0.27759D-09  1  0  0.03149  252.92  260.89 0.64128D+14  2.347    3.118    2.584    0.000   32.658   11.23   13.38  140.07
  140.39  169.20 0.27701D-09  1  0  0.03199  252.79  260.83 0.64173D+14  2.348    3.109    2.575    0.000   32.658   11.23   13.37  140.39
  140.71  169.59 0.27644D-09  1  0  0.03252  252.66  260.77 0.64226D+14  2.350    3.100    2.566    0.000   32.658   11.23   13.37  140.71
  141.04  169.98 0.27586D-09  1  0  0.03305  252.52  260.71 0.64287D+14  2.351    3.091    2.558    0.000   32.658   11.24   13.36  141.04
  141.36  170.36 0.27529D-09  1  0  0.03361  252.39  260.65 0.64356D+14  2.352    3.082    2.549    0.000   32.658   11.24   13.35  141.36
  141.68  170.75 0.27473D-09  1  0  0.03419  252.24  260.59 0.64435D+14  2.353    3.073    2.540    0.000   32.658   11.25   13.35  141.68
  142.00  171.14 0.27416D-09  1  0  0.03478  252.10  260.53 0.64523D+14  2.355    3.064    2.532    0.000   32.658   11.25   13.34  142.00
  142.32 ******* 0.27360D-09  1  0  0.03540  251.95  260.46 0.64617D+14  2.356    3.054    2.523   -0.024   32.637   11.57   13.35 *******
  142.65   18.47 0.27304D-09  1  0  0.03603  251.80  260.40 0.64726D+14  2.358    3.045    2.514   -0.104   32.572   11.58   13.37 -111.99
  142.97   92.03 0.27248D-09  1  0  0.03669  251.64  260.33 0.64846D+14  2.359    3.036    2.505   -0.185   32.505   11.59   13.39    9.75
  143.29  118.60 0.27193D-09  1  0  0.03738  251.48  260.26 0.64978D+14  2.360    3.026    2.496   -0.270   32.435   11.60   13.42   53.52
  143.61  132.45 0.27138D-09  1  0  0.03809  251.32  260.19 0.65123D+14  2.362    3.017    2.487   -0.358   32.362   11.61   13.44   76.18
  143.93  141.03 0.27083D-09  1  0  0.03883  251.15  260.11 0.65282D+14  2.364    3.008    2.479   -0.449   32.287   11.62   13.47   90.10
  144.26  146.94 0.27028D-09  1  0  0.03959  250.97  260.03 0.65455D+14  2.365    2.998    2.470   -0.544   32.209   11.63   13.49   99.58
  144.58  151.29 0.26974D-09  1  0  0.04039  250.79  259.96 0.65644D+14  2.367    2.988    2.461   -0.643   32.129   11.65   13.52  106.49
  144.90  154.67 0.26919D-09  1  0  0.04122  250.60  259.88 0.65849D+14  2.369    2.979    2.451   -0.745   32.045   11.66   13.55  111.77
  145.22  157.39 0.26865D-09  1  0  0.04208  250.41  259.79 0.66072D+14  2.370    2.969    2.442   -0.851   31.957   11.67   13.58  115.97
  145.54  159.66 0.26812D-09  1  0  0.04298  250.21  259.71 0.66314D+14  2.372    2.959    2.433   -0.962   31.867   11.69   13.62  119.40
  145.87  161.58 0.26758D-09  1  0  0.04392  250.00  259.62 0.66577D+14  2.374    2.949    2.424   -1.077   31.772   11.71   13.65  122.27
  146.19  163.25 0.26705D-09  1  0  0.04490  249.79  259.53 0.66861D+14  2.376    2.939    2.415   -1.198   31.674   11.72   13.69  124.73
  146.51  164.73 0.26652D-09  1  0  0.04593  249.57  259.43 0.67170D+14  2.378    2.929    2.405   -1.323   31.571   11.74   13.73  126.86
  146.83  166.05 0.26599D-09  1  0  0.04700  249.34  259.33 0.67504D+14  2.380    2.919    2.396   -1.454   31.464   11.76   13.77  128.73
  147.15  167.25 0.26546D-09  1  0  0.04813  249.09  259.23 0.67865D+14  2.383    2.908    2.386   -1.591   31.352   11.78   13.81  130.40
  147.48  168.35 0.26494D-09  1  0  0.04930  248.84  259.13 0.68257D+14  2.385    2.898    2.376   -1.735   31.235   11.80   13.86  131.90
  147.80  169.37 0.26442D-09  1  0  0.05054  248.58  259.02 0.68682D+14  2.387    2.887    2.366   -1.885   31.112   11.82   13.91  133.26
  148.12  170.31 0.26390D-09  1  0  0.05184  248.31  258.90 0.69142D+14  2.390    2.876    2.356   -2.043   30.984   11.85   13.96  134.51
  148.44  171.20 0.26339D-09  1  0  0.05321  248.02  258.78 0.69642D+14  2.393    2.865    2.346   -2.209   30.849   11.87   14.01  135.66
  148.76  172.04 0.26287D-09  1  0  0.05465  247.72  258.66 0.70185D+14  2.395    2.854    2.336   -2.383   30.707   11.90   14.07  136.73
  149.09  172.83 0.26236D-09  1  0  0.05617  247.40  258.53 0.70774D+14  2.398    2.842    2.325   -2.566   30.558   11.93   14.13  137.72
  149.41  173.59 0.26185D-09  1  0  0.05777  247.07  258.39 0.71416D+14  2.401    2.830    2.314   -2.759   30.401   11.96   14.20  138.66
  149.73  174.31 0.26134D-09  1  0  0.05947  246.72  258.25 0.72116D+14  2.405    2.818    2.303   -2.963   30.236   12.00   14.27  139.54
  150.05  175.01 0.26084D-09  1  0  0.06128  246.35  258.10 0.72879D+14  2.408    2.805    2.292   -3.179   30.061   12.03   14.35  140.37
  150.37  175.68 0.26033D-09  1  0  0.06319  245.95  257.94 0.73714D+14  2.412    2.793    2.280   -3.406   29.876   12.07   14.43  141.16
  150.70  176.33 0.25983D-09  1  0  0.06523  245.53  257.78 0.74628D+14  2.416    2.779    2.269   -3.648   29.680   12.12   14.52  141.92
  151.02  176.96 0.25933D-09  1  0  0.06740  245.09  257.60 0.75631D+14  2.420    2.765    2.256   -3.905   29.472   12.16   14.61  142.64
  151.34  177.57 0.25884D-09  1  0  0.06972  244.61  257.41 0.76735D+14  2.425    2.751    2.244   -4.177   29.251   12.21   14.71  143.33
  151.66  178.16 0.25834D-09  1  0  0.07220  244.10  257.22 0.77954D+14  2.430    2.736    2.230   -4.468   29.016   12.26   14.82  143.99
  151.98  178.74 0.25785D-09  1  0  0.07487  243.55  257.01 0.79302D+14  2.435    2.721    2.217   -4.778   28.765   12.32   14.95  144.62
  152.31  179.30 0.25736D-09  1  0  0.07774  242.96  256.78 0.80799D+14  2.441    2.704    2.202   -5.109   28.497   12.38   15.08  145.24
  152.63  179.85 0.25687D-09  1  0  0.08083  242.32  256.54 0.82466D+14  2.447    2.687    2.187   -5.465   28.209   12.45   15.22  145.83
  152.95  180.39 0.25639D-09  1  0  0.08419  241.62  256.29 0.84332D+14  2.454    2.669    2.172   -5.846   27.901   12.52   15.38  146.40
  153.27  180.91 0.25590D-09  1  0  0.08783  240.86  256.01 0.86427D+14  2.461    2.650    2.155   -6.257   27.569   12.60   15.56  146.95
  153.59  181.43 0.25542D-09  1  0  0.09179  240.03  255.71 0.88793D+14  2.469    2.629    2.137   -6.700   27.211   12.69   15.76  147.48
  153.92  181.93 0.25494D-09  1  0  0.09613  239.11  255.39 0.91479D+14  2.478    2.607    2.118   -7.179   26.825   12.78   15.98  148.00
  154.24  182.42 0.25446D-09  1  0  0.10090  238.10  255.04 0.94544D+14  2.489    2.583    2.098   -7.698   26.406   12.89   16.22  148.49
  154.56  182.91 0.25399D-09  1  0  0.10617  236.96  254.66 0.98067D+14  2.500    2.557    2.076   -8.263   25.950   13.01   16.50  148.97
  154.88  183.38 0.25351D-09  1  0  0.11201  235.68  254.24 0.10214D+15  2.513    2.529    2.052   -8.878   25.454   13.13   16.81  149.43
  155.20  183.83 0.25304D-09  1  0  0.11853  234.24  253.78 0.10690D+15  2.528    2.497    2.025   -9.550   24.912   13.27   17.18  149.86
  155.53  184.28 0.25257D-09  1  0  0.12585  232.60  253.27 0.11249D+15  2.545    2.462    1.996  -10.287   24.319   13.43   17.59  150.28
  155.85  184.71 0.25210D-09  1  0  0.13413  230.70  252.71 0.11913D+15  2.565    2.422    1.963  -11.096   23.667   13.60   18.08  150.67
  156.17  185.12 0.25163D-09  1  0  0.14357  228.49  252.09 0.12709D+15  2.589    2.377    1.925  -11.986   22.950   13.78   18.65  151.03
  156.49  185.51 0.25117D-09  1  0  0.15444  225.88  251.39 0.13673D+15  2.618    2.324    1.882  -12.966   22.161   13.98   19.34  151.36
  156.81  185.87 0.25071D-09  1  0  0.16708  222.76  250.62 0.14851D+15  2.653    2.263    1.831  -14.047   21.291   14.19   20.16  151.64
  157.14  186.20 0.25025D-09  1  0  0.18196  218.97  249.76 0.16301D+15  2.697    2.189    1.770  -15.235   20.335   14.39   21.15  151.86
  157.46  186.48 0.24979D-09  1  0  0.19975  214.26  248.81 0.18086D+15  2.754    2.098    1.696  -16.534   19.291   14.56   22.38  152.00
  157.78  190.15 0.24933D-09  0  0  0.22138  208.26  247.80 0.20248D+15  2.831    1.985    1.604  -16.790   19.090  157.78  157.78  157.78
  158.10  190.54 0.24888D-09  0  0  0.24825  200.41  246.77 0.22711D+15  2.937    1.837    1.484  -16.943   18.973  158.10  158.10  158.10
  158.42  190.93 0.24843D-09  0  0  0.28253  189.73  245.93 0.24965D+15  3.097    1.639    1.323  -17.147   18.815  158.42  158.42  158.42
  158.75  191.32 0.24797D-09  0  0  0.32100  176.87  245.75 0.25341D+15  3.314    1.402    1.131  -17.390   18.625  158.75  158.75  158.75
  159.07  191.71 0.24753D-09  0  0  0.32100  176.88  245.75 0.25202D+15  3.314    1.399    1.129  -17.398   18.625  159.07  159.07  159.07
  159.39  192.09 0.24708D-09  0  0  0.32100  176.88  245.74 0.25063D+15  3.314    1.397    1.126  -17.406   18.625  159.39  159.39  159.39
  159.71  192.48 0.24663D-09  0  0  0.32100  176.89  245.74 0.24925D+15  3.314    1.394    1.124  -17.414   18.625  159.71  159.71  159.71
  160.03  192.87 0.24619D-09  0  0  0.32100  176.89  245.73 0.24788D+15  3.314    1.392    1.121  -17.421   18.625  160.03  160.03  160.03
  160.36  193.26 0.24575D-09  0  0  0.32100  176.90  245.73 0.24652D+15  3.314    1.390    1.119  -17.429   18.625  160.36  160.36  160.36
  160.68  193.65 0.24531D-09  0  0  0.32100  176.90  245.72 0.24516D+15  3.314    1.387    1.116  -17.437   18.625  160.68  160.68  160.68
  161.00  194.03 0.24487D-09  0  0  0.32100  176.91  245.72 0.24381D+15  3.314    1.385    1.114  -17.445   18.625  161.00  161.00  161.00
